[(0.00010230234323742134, array([[-1.75945064e-09],
       [ 2.14873081e-08],
       [-1.96656415e-10]]), 2.3197887584210624), (0.00010258666447890947, array([[-2.53139568e-07],
       [ 1.20912892e-08],
       [-1.30577416e-09]]), 2.3306819226738953), (0.00010195324112532743, array([[-5.41734727e-07],
       [ 2.71601208e-08],
       [ 2.18825505e-09]]), 2.3301270669543026), (9.930785399480977e-05, array([[-9.08527337e-07],
       [-8.72561216e-09],
       [-8.10406247e-09]]), 2.2925930054748442), (9.75885445843058e-05, array([[-9.45127759e-07],
       [ 3.67691545e-08],
       [ 7.00866213e-09]]), 2.2851857973054805), (9.493007428836446e-05, array([[-1.47179191e-06],
       [ 4.88741533e-08],
       [ 1.03250385e-09]]), 2.264502506160844), (9.174137565451752e-05, array([[-1.58955257e-06],
       [-7.44069644e-09],
       [ 2.81000006e-10]]), 2.239330419233976), (8.831216136393174e-05, array([[-1.79644331e-06],
       [ 1.96514098e-08],
       [-1.52463846e-08]]), 2.2160849802160234), (8.506333186316685e-05, array([[-1.92255722e-06],
       [-2.49426921e-08],
       [-7.71171311e-09]]), 2.2052913107648044), (8.022468457140775e-05, array([[-1.90719367e-06],
       [ 1.35227168e-08],
       [ 2.25284327e-08]]), 2.1601249011834947), (7.590417187059952e-05, array([[-2.18793198e-06],
       [-6.71347472e-09],
       [-1.15422411e-08]]), 2.1347843844939165), (7.1438141685751e-05, array([[-2.20623592e-06],
       [-1.87874147e-08],
       [-4.53033451e-10]]), 2.1116982474888073), (6.752492353664462e-05, array([[-2.33074322e-06],
       [ 1.19818036e-08],
       [-2.04719477e-09]]), 2.112311997331), (6.228384705575743e-05, array([[-2.37260921e-06],
       [-2.63410917e-08],
       [ 3.96354079e-09]]), 2.077778032756992), (5.7322234014152e-05, array([[-2.26541279e-06],
       [ 6.94732928e-09],
       [-1.18558873e-08]]), 2.0571890254063967), (5.2654916705971746e-05, array([[-2.26746920e-06],
       [ 3.79008357e-10],
       [-2.02505154e-09]]), 2.053598288604041), (4.7837289195487174e-05, array([[-2.13011773e-06],
       [-1.48298556e-08],
       [-7.88206505e-10]]), 2.051953673688852), (4.296771520566051e-05, array([[-2.05808373e-06],
       [ 1.04214080e-08],
       [-5.60805383e-10]]), 2.0566688484178406), (3.8516350434559404e-05, array([[-1.81508775e-06],
       [ 4.03410650e-09],
       [-6.34037749e-09]]), 2.03442354434745), (3.5764225825538084e-05, array([[-1.43391350e-06],
       [ 1.21214204e-08],
       [-2.90938659e-09]]), 2.0562817687146997), (3.245602704757605e-05, array([[-1.06662765e-06],
       [-1.03570839e-08],
       [ 6.47965689e-09]]), 2.0563934438835836), (2.894686876570081e-05, array([[-7.37858870e-07],
       [-8.10816431e-09],
       [ 1.07496775e-09]]), 2.051550820164945), (2.606034969686537e-05, array([[-4.78863123e-07],
       [-6.19912566e-09],
       [ 1.31186688e-10]]), 2.1050874167190385), (2.3334670626913797e-05, array([[-2.66504462e-07],
       [-7.38079141e-09],
       [ 5.95598344e-10]]), 2.201425437807684), (1.9664049290422686e-05, array([[-8.33682217e-08],
       [ 2.69547409e-09],
       [ 6.19048328e-10]]), 2.240350515614161), (1.7958211770083948e-05, array([[-1.62332586e-08],
       [-1.15610984e-08],
       [ 7.42005871e-10]]), 2.2870259766211696), (2.1009254938540197e-05, array([[-1.15075102e-07],
       [-2.03561322e-08],
       [-3.10940382e-09]]), 2.1673794085398628), (2.3461051069738903e-05, array([[-2.44316842e-07],
       [-7.03103585e-09],
       [ 2.59463334e-09]]), 2.0408833367454906), (2.662532632424846e-05, array([[-4.53504996e-07],
       [ 3.22841467e-08],
       [-2.42606204e-09]]), 2.0092468723529584), (2.9137301301954153e-05, array([[-6.54551004e-07],
       [-3.13012182e-08],
       [-1.47722568e-09]]), 1.9484755760760109), (3.1952523954082746e-05, array([[-8.92171233e-07],
       [ 1.33066870e-08],
       [ 1.56982790e-09]]), 1.9252936646247973), (3.489676154948687e-05, array([[-1.21084514e-06],
       [ 1.76203825e-08],
       [ 6.15009862e-09]]), 1.9203968357643522), (3.813816835127321e-05, array([[-1.51724042e-06],
       [-7.29635942e-09],
       [-5.55427766e-09]]), 1.938513069033602), (4.3504306325140196e-05, array([[-1.72917092e-06],
       [ 2.17526861e-08],
       [-1.05897274e-08]]), 1.9673095663451536), (4.8855477788616206e-05, array([[-1.87296757e-06],
       [ 4.43418616e-08],
       [-3.72520761e-09]]), 1.9949958897135116), (5.4291202460324404e-05, array([[-1.89324592e-06],
       [-6.57014691e-09],
       [ 1.28083648e-09]]), 2.0283788280916144), (5.972959116739551e-05, array([[-2.04106438e-06],
       [-2.46633508e-08],
       [ 7.08156431e-09]]), 2.0642798735593937), (6.525100076056807e-05, array([[-2.00903234e-06],
       [ 4.63228532e-08],
       [ 1.63534161e-09]]), 2.1057307141811825), (6.956638739237189e-05, array([[-1.96231902e-06],
       [-3.38004744e-08],
       [-1.13868599e-09]]), 2.1135111265769915), (7.440413221799052e-05, array([[-1.84394921e-06],
       [ 1.21981649e-09],
       [-1.28077459e-08]]), 2.1435763357892648), (7.886563169272291e-05, array([[-1.81759034e-06],
       [ 1.32407323e-08],
       [-6.00547399e-09]]), 2.1686810992068493), (8.350409305516102e-05, array([[-1.58933952e-06],
       [ 5.51198979e-09],
       [-2.98972752e-09]]), 2.204745248289075), (8.74760388968965e-05, array([[-1.62759186e-06],
       [ 5.23989586e-08],
       [-1.76138888e-08]]), 2.229756573341679), (9.084642193849063e-05, array([[-1.43852069e-06],
       [ 6.37527231e-08],
       [-5.15366373e-09]]), 2.2470203322977524), (9.47149491272608e-05, array([[-1.23435857e-06],
       [-2.63860641e-09],
       [-8.97575423e-09]]), 2.2841893132015185), (9.688929877102164e-05, array([[-9.67619105e-07],
       [ 9.72749894e-09],
       [ 1.61392031e-08]]), 2.2886759425958654), (9.954433730661558e-05, array([[-7.66090872e-07],
       [-9.96617450e-09],
       [ 1.53366097e-09]]), 2.3132357008479514), (0.00010105295555353783, array([[-6.13242449e-07],
       [-5.53774034e-09],
       [-4.55904381e-10]]), 2.3199883270793458), (0.0001017203775779638, array([[-2.51382300e-07],
       [ 1.94863612e-08],
       [-3.83487816e-11]]), 2.31671530279929), (0.00010267434884352419, array([[-9.80804998e-08],
       [-1.78837717e-08],
       [ 1.27281309e-09]]), 2.3292737570087447), (0.00010212615735477173, array([[ 4.51393927e-08],
       [-1.38684364e-08],
       [-5.28487521e-09]]), 2.3168374663193076), (0.00010160455662331355, array([[2.15224320e-07],
       [5.31076480e-08],
       [5.65423791e-09]]), 2.3140774421816626), (0.00010055193843606969, array([[7.44124819e-07],
       [5.94128244e-09],
       [2.96731177e-10]]), 2.3084859038416874), (0.00010003046410199563, array([[ 9.77851285e-07],
       [-2.75585573e-08],
       [ 6.68212576e-09]]), 2.3245324344305773), (9.735422068730066e-05, array([[1.12900364e-06],
       [2.56924027e-08],
       [4.33910994e-09]]), 2.299658121417161), (9.458252020129899e-05, array([[1.19039630e-06],
       [4.68395807e-08],
       [1.11316574e-08]]), 2.2809955962621324), (9.102032645887882e-05, array([[ 1.57585094e-06],
       [-1.75384289e-08],
       [-1.73718180e-09]]), 2.251321734431733), (8.745554524236268e-05, array([[ 1.59511252e-06],
       [-3.64660455e-09],
       [ 4.60326340e-09]]), 2.22923419188174), (8.311882298416556e-05, array([[1.57700576e-06],
       [3.06569244e-08],
       [1.15653011e-08]]), 2.1945730240632018), (7.834935989763827e-05, array([[ 1.82818388e-06],
       [-7.06975193e-10],
       [ 1.05948685e-08]]), 2.1544844350830377), (7.458260373813758e-05, array([[ 1.91216566e-06],
       [-3.42871596e-08],
       [-1.61190350e-08]]), 2.1487180841813927), (6.947157728087592e-05, array([[ 1.99797725e-06],
       [-5.33128077e-08],
       [-2.13535859e-08]]), 2.1106306805301287), (6.471061015391183e-05, array([[ 1.93221017e-06],
       [-3.27732755e-08],
       [-7.84023927e-09]]), 2.0882916391504938), (5.918767548867663e-05, array([[ 1.98046371e-06],
       [-2.14130062e-08],
       [-7.64850038e-09]]), 2.045551039042335), (5.4111529137509807e-05, array([[ 1.84830758e-06],
       [-3.46852847e-08],
       [-1.17690131e-08]]), 2.021666035825937), (4.887996766101497e-05, array([[1.75645234e-06],
       [7.71921994e-09],
       [1.83604080e-09]]), 1.9959959248577066), (4.309535317001191e-05, array([[1.72424513e-06],
       [1.85233551e-08],
       [4.00454519e-09]]), 1.9488162832145624), (3.83279723737209e-05, array([[1.57636198e-06],
       [7.39525267e-09],
       [3.09191994e-09]]), 1.948160558516609), (3.506910271780297e-05, array([[ 1.25369804e-06],
       [-2.17676494e-09],
       [-1.55228422e-09]]), 1.9298809087731559), (3.1947760139868474e-05, array([[ 9.56164489e-07],
       [-3.06603278e-08],
       [ 4.24130527e-09]]), 1.9250066218440953), (2.940315583578199e-05, array([[ 6.85988808e-07],
       [-9.05837045e-09],
       [ 3.81028013e-09]]), 1.9662538548735005), (2.6337235643895204e-05, array([[ 4.22117901e-07],
       [-1.84429927e-08],
       [ 6.22250666e-10]]), 1.9875064703235323), (2.382746236086768e-05, array([[ 2.55806589e-07],
       [ 2.57040364e-09],
       [-1.04627753e-10]]), 2.072757556542261), (2.087321244755962e-05, array([[ 1.17755634e-07],
       [-1.70698482e-08],
       [-5.01577182e-10]]), 2.1533448464147233), (1.8289025325702192e-05, array([[ 1.08443697e-08],
       [ 4.30466142e-09],
       [-5.31859605e-10]]), 2.32915596176689), (1.9387585640044552e-05, array([[ 9.28323675e-08],
       [-1.09897508e-09],
       [-7.12210197e-10]]), 2.20885265510102), (2.3094378256509976e-05, array([[ 2.73771724e-07],
       [-9.80899033e-09],
       [-1.14941514e-09]]), 2.1787559197683826), (2.6162102249753577e-05, array([[ 5.02738579e-07],
       [-6.27024307e-09],
       [-2.95198573e-10]]), 2.113306723873228), (2.9689376990061913e-05, array([[ 7.26135195e-07],
       [-2.31410211e-08],
       [ 2.34213494e-09]]), 2.1041745899065685), (3.2522503124809736e-05, array([[ 1.06131688e-06],
       [-3.19740673e-08],
       [-5.70340106e-09]]), 2.060605326292915), (3.554976112374905e-05, array([[1.35879921e-06],
       [1.27774995e-10],
       [2.35767458e-09]]), 2.0439510151154807), (3.879598164789771e-05, array([[1.77663275e-06],
       [1.37011811e-08],
       [1.85787640e-08]]), 2.049193591813822), (4.259928439970574e-05, array([[ 1.96779271e-06],
       [-5.47007737e-08],
       [ 1.26017545e-10]]), 2.039033743600706), (4.731536164581418e-05, array([[ 2.16677484e-06],
       [-1.64743421e-08],
       [ 8.78230686e-09]]), 2.029565884352079), (5.181674432008469e-05, array([[ 2.17575600e-06],
       [-4.86152138e-08],
       [ 3.95369024e-09]]), 2.0209086655850848), (5.790807429618726e-05, array([[2.28253302e-06],
       [8.20841518e-09],
       [7.12884111e-09]]), 2.0782137502722544), (6.218029206036696e-05, array([[ 2.35705111e-06],
       [-9.57053338e-09],
       [ 1.27282882e-08]]), 2.074323456574312), (6.706814305766828e-05, array([[ 2.27862918e-06],
       [ 5.79414708e-08],
       [-1.91170613e-09]]), 2.098023008386574), (7.138229002667112e-05, array([[ 2.15516701e-06],
       [-1.85599111e-08],
       [ 2.11723897e-09]]), 2.1100472827826273), (7.681255597367311e-05, array([[2.15346552e-06],
       [4.64644162e-08],
       [1.46854546e-08]]), 2.1603324426648167), (8.071344405143259e-05, array([[2.13004454e-06],
       [1.69041794e-09],
       [1.34089338e-08]]), 2.1732852087513166), (8.533267106995052e-05, array([[ 1.98014483e-06],
       [-3.67677854e-08],
       [-9.46631778e-09]]), 2.212274007061299), (8.854969923523182e-05, array([[ 1.81066551e-06],
       [ 7.89822993e-08],
       [-1.06676306e-08]]), 2.2220457006954084), (9.177391150842227e-05, array([[ 1.45265352e-06],
       [-3.89681963e-08],
       [ 9.37859959e-10]]), 2.2401245922757993), (9.491209451956714e-05, array([[ 1.34223986e-06],
       [ 8.95648494e-09],
       [-7.21404809e-09]]), 2.2640736090825806), (9.726763388084277e-05, array([[1.05618169e-06],
       [2.21787668e-08],
       [1.00362086e-08]]), 2.2776711798380234), (9.951700404261426e-05, array([[8.15573672e-07],
       [9.14239771e-09],
       [6.76794948e-09]]), 2.2974213842727216), (0.00010083408855869471, array([[ 5.49899160e-07],
       [ 2.80040585e-08],
       [-3.31169312e-09]]), 2.304548991566227), (0.00010231544931286164, array([[ 2.13682327e-07],
       [ 1.02500013e-07],
       [-4.50101894e-09]]), 2.324520144358229), (0.00010260957998206214, array([[ 1.67231398e-07],
       [-4.69623296e-08],
       [ 1.26773276e-09]]), 2.3267556012502393)]