[(0.00010247518155507888, array([[ 1.29443306e-07],
       [-7.33957231e-08],
       [ 6.25361842e-09]]), 2.3237080077132886), (0.00010145133943071993, array([[-2.83712740e-07],
       [-1.02228688e-08],
       [-5.36952360e-09]]), 2.304888301450171), (0.00010066679264853374, array([[-5.15618171e-07],
       [-3.14941479e-09],
       [ 5.55029328e-09]]), 2.3007254669371506), (9.964196060935179e-05, array([[-8.82717552e-07],
       [-5.47109302e-08],
       [-5.52048277e-09]]), 2.300306096199994), (9.678595504446361e-05, array([[-1.09202120e-06],
       [ 1.30713020e-08],
       [ 3.83116748e-09]]), 2.26639192938455), (9.477958476884105e-05, array([[-1.24088894e-06],
       [ 5.70891220e-08],
       [ 1.31673327e-09]]), 2.2609126649364866), (9.141466952370398e-05, array([[-1.46365672e-06],
       [-7.44555680e-09],
       [-2.32212167e-09]]), 2.2313557952253267), (8.826908739293747e-05, array([[-1.71868758e-06],
       [-2.98654296e-08],
       [-1.09452040e-09]]), 2.2150040919364877), (8.443060406737808e-05, array([[-1.86734876e-06],
       [ 9.23389744e-08],
       [ 4.80271926e-09]]), 2.1888876609245074), (8.083986244695529e-05, array([[-2.13740475e-06],
       [-1.89741288e-08],
       [ 8.60050219e-09]]), 2.1766891426601265), (7.605428368163984e-05, array([[-2.14389193e-06],
       [ 2.54131655e-08],
       [ 1.35141028e-08]]), 2.1390062387377555), (7.171725190144356e-05, array([[-2.26300463e-06],
       [-4.25277402e-08],
       [ 3.06784854e-09]]), 2.119948693810982), (6.658191193009857e-05, array([[-2.24493873e-06],
       [-2.40735124e-08],
       [ 1.24343797e-08]]), 2.082812745413319), (6.223648658618762e-05, array([[-2.24353553e-06],
       [ 4.13144087e-08],
       [ 9.04201776e-10]]), 2.076198095936373), (5.747198799555011e-05, array([[-2.23478492e-06],
       [-2.45026297e-09],
       [-6.13730988e-09]]), 2.062563418996274), (5.220553136366119e-05, array([[-2.18257425e-06],
       [-2.77297818e-08],
       [ 1.42980417e-08]]), 2.0360717777361956), (4.688976844727431e-05, array([[-2.10658457e-06],
       [-4.10541956e-08],
       [ 1.54239488e-09]]), 2.01131030294419), (4.230622684007345e-05, array([[-2.01918303e-06],
       [-3.94770934e-08],
       [ 8.02879865e-09]]), 2.025006412829119), (3.84600975781711e-05, array([[-1.78246404e-06],
       [-1.58222244e-08],
       [ 8.97728500e-09]]), 2.0314522832029756), (3.5355115369670966e-05, array([[-1.37751771e-06],
       [ 4.62895283e-09],
       [-1.20798946e-09]]), 2.032759761670739), (3.237887064466535e-05, array([[-1.06673141e-06],
       [-8.45967051e-09],
       [-3.50178019e-09]]), 2.0515048627622217), (2.9317774498283246e-05, array([[-7.50314548e-07],
       [-5.63052132e-09],
       [-4.25457072e-09]]), 2.0778380143358395), (2.6400411384257868e-05, array([[-4.75325778e-07],
       [-1.18082913e-08],
       [ 9.51232734e-10]]), 2.13255671729885), (2.2918321300781174e-05, array([[-2.73569683e-07],
       [ 1.40222238e-08],
       [ 9.98358643e-11]]), 2.162146460520329), (1.9547544539566854e-05, array([[-1.04993158e-07],
       [-2.71107885e-08],
       [-1.14827360e-09]]), 2.227076978979034), (1.804299338460524e-05, array([[-2.17341275e-08],
       [ 1.46809169e-08],
       [-9.51007970e-10]]), 2.297823140460895), (2.0476184036698135e-05, array([[-1.04179241e-07],
       [ 3.62238953e-08],
       [-8.49792940e-10]]), 2.112386173447798), (2.3692139382571778e-05, array([[-2.56158444e-07],
       [-7.65157996e-09],
       [-1.53893435e-09]]), 2.06098577314424), (2.5941424642183e-05, array([[-4.39739209e-07],
       [-2.14214130e-08],
       [ 1.64653040e-09]]), 1.9576370892857928), (2.9385472824577553e-05, array([[-6.97882574e-07],
       [-2.55295809e-08],
       [ 7.26019171e-09]]), 1.9650713529291288), (3.192878269253737e-05, array([[-9.32190073e-07],
       [ 4.69289152e-08],
       [-1.33263513e-09]]), 1.923863139120484), (3.5048449873193914e-05, array([[-1.22550732e-06],
       [-1.74219310e-08],
       [ 3.30824854e-09]]), 1.9287443661349373), (3.804250128051493e-05, array([[-1.54432414e-06],
       [-1.74285670e-09],
       [-5.96091067e-10]]), 1.9336504373195418), (4.375598284820582e-05, array([[-1.74133115e-06],
       [-8.80520863e-09],
       [-4.67759882e-09]]), 1.9786906380889726), (4.872381811484593e-05, array([[-1.78156643e-06],
       [ 4.53992734e-09],
       [ 2.26329460e-09]]), 1.989619614218895), (5.469516328226888e-05, array([[-1.92329741e-06],
       [-6.51207666e-09],
       [ 2.47294805e-09]]), 2.0434712471480805), (5.958725698733226e-05, array([[-1.95084765e-06],
       [ 2.23355970e-08],
       [-7.17619654e-09]]), 2.0593607442387074), (6.459114779447285e-05, array([[-1.93702006e-06],
       [-6.04107414e-08],
       [ 6.21367423e-09]]), 2.0844364406627), (6.924643563428693e-05, array([[-1.87598385e-06],
       [-7.77033105e-09],
       [ 2.63817033e-09]]), 2.103790604554389), (7.387178823891783e-05, array([[-1.90970362e-06],
       [ 4.85224553e-08],
       [ 4.87646801e-11]]), 2.1282395537850496), (7.93554266535399e-05, array([[-1.91327759e-06],
       [ 2.11977848e-08],
       [-1.46838491e-08]]), 2.18214969194125), (8.301728991969349e-05, array([[-1.81040117e-06],
       [-3.77635809e-08],
       [ 1.17129748e-08]]), 2.1918922627585897), (8.772270707822366e-05, array([[-1.65370543e-06],
       [-7.72001342e-08],
       [ 1.88827224e-08]]), 2.2360441236890005), (9.050514298570192e-05, array([[-1.41704202e-06],
       [ 1.52421325e-08],
       [ 4.94394432e-09]]), 2.2385790450182075), (9.408702277156362e-05, array([[-1.25844114e-06],
       [-1.25783566e-08],
       [-6.40467005e-09]]), 2.2690459521547433), (9.664888034581747e-05, array([[-9.68848992e-07],
       [-3.50769317e-08],
       [ 5.80360068e-09]]), 2.2829968854357765), (9.909360419203886e-05, array([[-8.20250982e-07],
       [ 5.90017260e-08],
       [-5.86361298e-09]]), 2.3027614542920505), (0.00010086358873233667, array([[-5.61650635e-07],
       [ 1.33879125e-08],
       [-2.11715044e-09]]), 2.3156408162884317), (0.00010255601575945571, array([[-2.01922893e-07],
       [ 2.63174926e-08],
       [-2.32503001e-10]]), 2.335747239258451), (0.00010171562222195042, array([[-1.68821902e-07],
       [ 1.65956587e-08],
       [ 2.20473439e-09]]), 2.3075240523850438), (0.00010226151721385409, array([[ 2.05078606e-07],
       [-4.89573954e-08],
       [-4.19406631e-09]]), 2.319908244669151), (0.00010231195780876136, array([[ 4.17397849e-07],
       [ 1.10777005e-07],
       [-6.01424815e-10]]), 2.33018873856659), (0.00010039226055443691, array([[ 5.76683588e-07],
       [-1.59525797e-11],
       [-2.26217050e-09]]), 2.3048199960070126), (9.897294883498087e-05, array([[ 8.74041141e-07],
       [-9.21494170e-08],
       [-4.90799339e-09]]), 2.2999576355415625), (9.725238105414608e-05, array([[ 1.19098828e-06],
       [ 1.10761080e-08],
       [-1.41784363e-08]]), 2.2972525108764708), (9.427973046641417e-05, array([[ 1.19546038e-06],
       [-1.97343084e-08],
       [-6.94689208e-09]]), 2.2736933796327206), (9.090177789431293e-05, array([[1.48775883e-06],
       [8.74853162e-09],
       [1.12884101e-08]]), 2.2483895217010588), (8.758985149748312e-05, array([[1.49846139e-06],
       [6.13562115e-08],
       [7.50170874e-09]]), 2.232657646566842), (8.314897924917875e-05, array([[1.76091252e-06],
       [3.74450535e-08],
       [9.53706342e-09]]), 2.1953692351177914), (7.913191366997987e-05, array([[ 1.90597671e-06],
       [ 2.12204921e-08],
       [-7.81033897e-10]]), 2.176003435676383), (7.427830556524145e-05, array([[ 1.98016985e-06],
       [-1.38404304e-08],
       [-2.01954724e-09]]), 2.1399512812767774), (6.952478488465714e-05, array([[ 1.96707624e-06],
       [-3.63712602e-08],
       [ 1.43056523e-08]]), 2.1122471919924224), (6.480128474774775e-05, array([[ 1.98327836e-06],
       [-1.65767301e-08],
       [-1.07896190e-08]]), 2.091217820741744), (5.905217544529452e-05, array([[ 1.87821026e-06],
       [-2.42600257e-08],
       [-1.15405348e-09]]), 2.0408681003690026), (5.3810315545733844e-05, array([[1.95582028e-06],
       [2.94203983e-08],
       [5.93847973e-09]]), 2.0104123659014537), (4.863972560998485e-05, array([[1.83385989e-06],
       [1.42475253e-08],
       [7.80458552e-10]]), 1.986185726983578), (4.2832519048705064e-05, array([[ 1.72783091e-06],
       [-3.00691319e-08],
       [ 2.34482220e-09]]), 1.936930653379566), (3.797142884417254e-05, array([[ 1.59721615e-06],
       [-4.42253233e-09],
       [-2.27803805e-09]]), 1.9300379186104957), (3.5010517391199266e-05, array([[ 1.24831641e-06],
       [-6.80353418e-09],
       [-2.91764449e-09]]), 1.9266569111631648), (3.2275138270181375e-05, array([[9.51755624e-07],
       [2.59075405e-08],
       [6.99812909e-10]]), 1.9447327330312396), (2.874442749310745e-05, array([[6.50442375e-07],
       [1.08604979e-08],
       [5.40591542e-09]]), 1.9222032383229453), (2.657853066522038e-05, array([[4.37311073e-07],
       [6.00174881e-09],
       [9.46580593e-10]]), 2.0057154966095467), (2.346042074216311e-05, array([[ 2.39558666e-07],
       [ 4.05083736e-08],
       [-1.78747998e-09]]), 2.0408285043749244), (2.075241404856471e-05, array([[ 1.18770542e-07],
       [-3.61407565e-08],
       [ 1.45186936e-09]]), 2.1408829117420254), (1.792363714772442e-05, array([[ 1.39128585e-08],
       [-1.17774164e-08],
       [ 3.18010392e-10]]), 2.282622806612905), (1.9234083671260705e-05, array([[ 9.26046281e-08],
       [-1.72573229e-08],
       [-8.13213457e-10]]), 2.191363977675858), (2.3208460116507502e-05, array([[ 2.66393839e-07],
       [-1.36596801e-08],
       [ 2.77154568e-10]]), 2.1895185618731867), (2.5992020820392314e-05, array([[ 4.50003931e-07],
       [-9.03140821e-09],
       [ 8.13747953e-10]]), 2.0995679874045825), (2.9284403822622883e-05, array([[7.65304721e-07],
       [1.62213923e-08],
       [2.03234075e-09]]), 2.075472935142832), (3.257770334044783e-05, array([[ 1.04034756e-06],
       [-3.52911171e-09],
       [ 3.28956412e-09]]), 2.0641027772092815), (3.5593992824300734e-05, array([[1.40857433e-06],
       [2.34372389e-10],
       [2.97441068e-10]]), 2.046494138511674), (3.9018202744502405e-05, array([[1.81045760e-06],
       [1.52781316e-09],
       [1.20944945e-09]]), 2.0609312519473137), (4.2602394057596466e-05, array([[2.03332485e-06],
       [6.46319430e-09],
       [3.46729169e-09]]), 2.0391825887622996), (4.777006722879454e-05, array([[2.14423184e-06],
       [3.12603642e-08],
       [1.22345122e-08]]), 2.049070225152631), (5.24811471943584e-05, array([[ 2.21181946e-06],
       [-2.18026154e-08],
       [ 2.85962088e-09]]), 2.0468210910698894), (5.7820384816977375e-05, array([[ 2.28108583e-06],
       [ 4.31166665e-08],
       [-3.05740995e-09]]), 2.07506673694703), (6.220523256259061e-05, array([[2.19620791e-06],
       [1.63557495e-08],
       [1.99283054e-09]]), 2.0751554672816765), (6.684461145584936e-05, array([[ 2.29624534e-06],
       [-3.39484450e-08],
       [ 8.88522405e-09]]), 2.091030501626481), (7.231281482179818e-05, array([[ 2.21288483e-06],
       [ 1.41603073e-08],
       [-1.12883214e-09]]), 2.1375534235184603), (7.634762712015509e-05, array([[ 2.18715638e-06],
       [-1.98182755e-08],
       [ 1.11123032e-08]]), 2.1472564439162505), (8.048213585123893e-05, array([[ 2.04605660e-06],
       [-2.23577196e-08],
       [-7.58704701e-09]]), 2.1670570184411195), (8.457227080694336e-05, array([[ 1.89915627e-06],
       [ 8.78946586e-08],
       [-1.01585246e-08]]), 2.192560411837796), (8.816378981956507e-05, array([[ 1.90058476e-06],
       [-5.87698049e-09],
       [ 4.30535649e-09]]), 2.212361778950376), (9.179887114867688e-05, array([[ 1.56797350e-06],
       [-9.24855263e-09],
       [-5.58482624e-09]]), 2.240733836264965), (9.485699287691204e-05, array([[ 1.28140299e-06],
       [ 6.01579729e-08],
       [-1.59568827e-08]]), 2.2627591909825058), (9.723823974531421e-05, array([[ 1.15125724e-06],
       [-1.65889174e-09],
       [ 3.05536974e-09]]), 2.2769828709661155), (9.91431753434748e-05, array([[ 9.09319577e-07],
       [-8.32452283e-08],
       [ 4.01617908e-09]]), 2.2887912807469957), (0.00010112182740872077, array([[ 6.27406613e-07],
       [-4.96933685e-08],
       [-1.75822468e-09]]), 2.3111252227410244), (0.00010232020271457703, array([[ 3.56576479e-07],
       [ 3.68530826e-08],
       [-3.01508060e-10]]), 2.3246281376096474), (0.00010357036469857994, array([[-8.48351130e-10],
       [-5.16137717e-08],
       [ 2.46580083e-09]]), 2.348542175380493)]