[(0.00010281087568118661, array([[-1.16625342e-08],
       [-8.02381299e-08],
       [-3.90293542e-09]]), 2.331320144790202), (0.00010269466102068939, array([[-2.90261159e-07],
       [-7.78427558e-08],
       [-4.67215591e-09]]), 2.3331355124159567), (0.00010158006635860428, array([[-5.77287605e-07],
       [ 1.43764116e-08],
       [ 1.63647331e-09]]), 2.32159820985228), (9.980640817534133e-05, array([[-7.60497066e-07],
       [ 1.84909851e-08],
       [ 1.73676528e-09]]), 2.3041024861569723), (9.758083114780252e-05, array([[-9.10275738e-07],
       [-4.47142604e-08],
       [-9.54979790e-09]]), 2.285005175331654), (9.441451132789063e-05, array([[-1.24659250e-06],
       [ 4.98812964e-08],
       [ 1.07666414e-08]]), 2.2522040472706695), (9.069673062214712e-05, array([[-1.46926602e-06],
       [ 9.95475440e-09],
       [ 8.72266000e-10]]), 2.213831505776452), (8.805929811092332e-05, array([[-1.56079242e-06],
       [-7.57615235e-09],
       [ 1.26112260e-08]]), 2.209739688147683), (8.431976030849572e-05, array([[-1.78596204e-06],
       [ 2.76881924e-08],
       [-3.27355018e-09]]), 2.186014004638518), (8.039022816651825e-05, array([[-2.06200978e-06],
       [ 2.53268345e-08],
       [ 2.55415785e-09]]), 2.164582317799591), (7.654587276000182e-05, array([[-2.20641027e-06],
       [ 2.83527392e-08],
       [-1.34383239e-09]]), 2.152832049127519), (7.178791783965588e-05, array([[-2.16631662e-06],
       [ 2.36659701e-09],
       [ 6.23061269e-09]]), 2.1220375658667043), (6.695444414627996e-05, array([[-2.27865920e-06],
       [-2.99436255e-08],
       [-1.36326002e-08]]), 2.0944662835207), (6.223721477953324e-05, array([[-2.24813465e-06],
       [-5.76904490e-08],
       [ 9.09406330e-09]]), 2.076222388336548), (5.7168201551243006e-05, array([[-2.26215497e-06],
       [ 1.61124349e-08],
       [-4.92062334e-09]]), 2.0516610850233605), (5.237488184737365e-05, array([[-2.22030288e-06],
       [-2.58046535e-08],
       [-4.77232016e-09]]), 2.042676628437379), (4.75517327846222e-05, array([[-2.18298866e-06],
       [ 6.82277518e-09],
       [ 1.45086651e-08]]), 2.039704891699444), (4.289150689825437e-05, array([[-2.02379691e-06],
       [ 3.53242637e-08],
       [-8.02446852e-09]]), 2.053021103801152), (3.885068189629532e-05, array([[-1.81513478e-06],
       [ 1.39844455e-08],
       [-1.12998055e-08]]), 2.0520828446107826), (3.5751304422319374e-05, array([[-1.39337682e-06],
       [-1.76114345e-08],
       [ 1.18544690e-09]]), 2.055538846276103), (3.244708323873465e-05, array([[-1.06790051e-06],
       [ 1.02024236e-08],
       [-4.13950082e-09]]), 2.0558267697851846), (2.9539943079447946e-05, array([[-7.76164647e-07],
       [-7.25635766e-09],
       [ 3.68930700e-09]]), 2.0935837635079704), (2.6313086761788472e-05, array([[-4.89913129e-07],
       [ 1.67648656e-08],
       [ 2.63439990e-09]]), 2.1255028609205464), (2.2810361201723794e-05, array([[-2.54049948e-07],
       [-2.93171094e-08],
       [ 1.83978163e-09]]), 2.1519613538979527), (1.939706375807333e-05, array([[-1.00325086e-07],
       [-3.01149064e-08],
       [-8.10172319e-10]]), 2.209932509321239), (1.782189828650366e-05, array([[-8.17952777e-09],
       [-4.37609197e-09],
       [-5.07915079e-10]]), 2.2696660923574603), (2.074515738067161e-05, array([[-1.22805716e-07],
       [-1.17889712e-08],
       [ 9.76240687e-10]]), 2.1401342915452566), (2.3352171448092688e-05, array([[-2.57892911e-07],
       [ 2.70572764e-08],
       [ 9.93014773e-10]]), 2.0314118682734095), (2.623527043539046e-05, array([[-4.39150898e-07],
       [-1.21638345e-08],
       [ 4.99725709e-09]]), 1.979811793691893), (2.9098313733548514e-05, array([[-6.88157328e-07],
       [-8.31441646e-09],
       [-2.60020715e-09]]), 1.9458683914221637), (3.178809393565158e-05, array([[-9.16141519e-07],
       [-5.30236755e-08],
       [-2.02860235e-09]]), 1.9153859630230528), (3.4957638617485056e-05, array([[-1.26526846e-06],
       [ 1.74065650e-09],
       [ 8.07803356e-09]]), 1.923746949745231), (3.799708462425467e-05, array([[-1.59733292e-06],
       [ 5.36276761e-09],
       [ 5.72289910e-09]]), 1.9313419682577495), (4.372942011177119e-05, array([[-1.79467075e-06],
       [-5.15243527e-09],
       [-1.11266477e-09]]), 1.9774894437725847), (4.926490104557034e-05, array([[-1.84090573e-06],
       [-8.92802280e-09],
       [ 1.64758051e-08]]), 2.0117145413724042), (5.4365611478917995e-05, array([[-1.95075970e-06],
       [-5.89321602e-08],
       [-3.68749875e-09]]), 2.0311588305799475), (5.943745225783378e-05, array([[-1.93749696e-06],
       [-2.06690412e-08],
       [-2.07732166e-09]]), 2.054183429577352), (6.4981046092007e-05, array([[-1.99740799e-06],
       [ 4.30962783e-08],
       [-9.57967898e-09]]), 2.097018942248189), (6.991113753354312e-05, array([[-1.92216831e-06],
       [ 3.28558387e-08],
       [-6.45912764e-09]]), 2.123985053520254), (7.476452962120799e-05, array([[-1.90159976e-06],
       [ 2.76312079e-08],
       [-2.20521081e-08]]), 2.15395935245766), (7.917346618910378e-05, array([[-1.88170444e-06],
       [ 4.15001571e-09],
       [ 5.31244336e-09]]), 2.177146064739442), (8.273674133848131e-05, array([[-1.61936532e-06],
       [-7.44853537e-09],
       [ 9.07045131e-10]]), 2.1844849833222013), (8.702056056899406e-05, array([[-1.49554593e-06],
       [-5.60175732e-08],
       [ 8.87406443e-09]]), 2.2181464706385587), (9.147385733362015e-05, array([[-1.53931241e-06],
       [-2.84337182e-08],
       [ 1.51526955e-09]]), 2.262539491555492), (9.402602985812639e-05, array([[-1.20375874e-06],
       [ 2.95993986e-08],
       [-6.08789042e-09]]), 2.2675750189774773), (9.724730984566926e-05, array([[-1.07160410e-06],
       [-5.58164149e-08],
       [-1.58154354e-09]]), 2.2971327210442816), (9.931537385889822e-05, array([[-9.21226067e-07],
       [ 4.27830204e-08],
       [-4.96101157e-09]]), 2.3079149921488957), (0.00010111373055116028, array([[-5.76938112e-07],
       [ 1.79908551e-08],
       [-4.88126597e-09]]), 2.321383608239506), (0.00010160825877796831, array([[-3.96021015e-07],
       [ 7.80976899e-08],
       [-7.15084906e-09]]), 2.3141617599805766), (0.00010252320484397515, array([[-6.65963343e-08],
       [ 5.55285051e-09],
       [ 3.85748682e-10]]), 2.3258448991134246), (0.00010279016561609524, array([[-7.05531517e-08],
       [ 1.28972701e-08],
       [-1.82325292e-09]]), 2.3319011802357696), (0.00010264852349878256, array([[ 3.68136064e-07],
       [-2.20302545e-08],
       [ 6.39945789e-10]]), 2.337854133672616), (0.00010088977473788255, array([[ 6.00131310e-07],
       [-3.11177510e-08],
       [ 1.00929453e-10]]), 2.316241998380202), (9.880172211642455e-05, array([[ 7.47579301e-07],
       [-8.31395211e-09],
       [ 4.23032549e-09]]), 2.2959786271014995), (9.648817999485239e-05, array([[ 9.97699333e-07],
       [ 5.16383703e-08],
       [-4.98563856e-09]]), 2.2792008931860055), (9.408757189250919e-05, array([[ 1.35253510e-06],
       [-1.42615000e-08],
       [ 4.33935437e-09]]), 2.2690591950082424), (9.143194055924496e-05, array([[ 1.39693349e-06],
       [-2.38245641e-08],
       [-5.67546801e-09]]), 2.261502710554375), (8.756315456589803e-05, array([[ 1.57159911e-06],
       [ 2.86480789e-08],
       [-7.55118216e-09]]), 2.231977144117936), (8.36387443691438e-05, array([[1.75808064e-06],
       [4.33667863e-08],
       [3.68096365e-09]]), 2.208300425452466), (7.918618909840182e-05, array([[1.81342275e-06],
       [5.56326263e-08],
       [8.24621648e-09]]), 2.1774959247777024), (7.43462916741708e-05, array([[1.88397019e-06],
       [1.41205898e-09],
       [2.60500579e-09]]), 2.1419099549407132), (6.915929510193911e-05, array([[ 1.98008422e-06],
       [-4.05701661e-08],
       [ 1.06641562e-09]]), 2.101143169613513), (6.494831938751572e-05, array([[ 2.00832959e-06],
       [-1.24495998e-08],
       [-1.26577318e-08]]), 2.09596281090893), (5.919838532767747e-05, array([[ 1.98529203e-06],
       [ 3.44235976e-08],
       [-3.06352712e-09]]), 2.045921175597205), (5.411470934685793e-05, array([[ 1.85330208e-06],
       [ 1.27133809e-08],
       [-3.52367339e-09]]), 2.0217848519327517), (4.917109927845955e-05, array([[ 1.80535915e-06],
       [ 7.72418751e-09],
       [-2.33247558e-09]]), 2.00788417990007), (4.3205731721861546e-05, array([[ 1.71941827e-06],
       [-2.69193245e-08],
       [ 7.67396077e-09]]), 1.9538077150822535), (3.795018592215447e-05, array([[ 1.54718101e-06],
       [-2.69794650e-08],
       [-4.84263651e-09]]), 1.9289581687500092), (3.5203840505012135e-05, array([[ 1.24896881e-06],
       [-3.61103284e-09],
       [ 3.15237608e-09]]), 1.9372956374965489), (3.191344683213992e-05, array([[ 9.54357250e-07],
       [-5.05599155e-09],
       [-7.96310606e-09]]), 1.9229390795717838), (2.9286518149793868e-05, array([[ 6.63949200e-07],
       [-1.37598023e-08],
       [ 9.21013894e-11]]), 1.958454035664347), (2.6467406716291772e-05, array([[4.56955975e-07],
       [6.81169119e-10],
       [5.71830240e-09]]), 1.997329667113629), (2.3709799990635534e-05, array([[ 2.52455578e-07],
       [ 1.40335608e-08],
       [-2.37859313e-09]]), 2.062522074335818), (2.081822837681252e-05, array([[ 1.21890837e-07],
       [-1.77115759e-08],
       [-1.10087263e-10]]), 2.1476725204286953), (1.7606229736476788e-05, array([[9.18107865e-09],
       [1.88315235e-08],
       [7.15115428e-11]]), 2.242200129567482), (1.967384201230158e-05, array([[ 1.00505550e-07],
       [-1.19763472e-08],
       [ 1.74928840e-09]]), 2.241466213057072), (2.3065411756070754e-05, array([[ 2.48593957e-07],
       [-2.93121113e-08],
       [-5.34564532e-10]]), 2.1760231796354392), (2.6117569309159447e-05, array([[ 5.07309218e-07],
       [-2.48275432e-08],
       [ 1.77312589e-09]]), 2.1097094685038775), (2.9471038379471452e-05, array([[ 7.52305942e-07],
       [-4.59020135e-08],
       [-2.33187409e-09]]), 2.088700282158254), (3.259098122887163e-05, array([[ 1.06503571e-06],
       [-1.60599977e-08],
       [-1.40949384e-09]]), 2.064944055861881), (3.576664252959831e-05, array([[1.44708508e-06],
       [2.17980374e-08],
       [8.07761415e-10]]), 2.056420718304263), (3.880567778368131e-05, array([[ 1.77427427e-06],
       [ 7.98340199e-09],
       [-4.94650911e-09]]), 2.0497057391669538), (4.282677953674564e-05, array([[ 2.06885019e-06],
       [ 1.53338592e-08],
       [-5.59349247e-09]]), 2.04992289977941), (4.764133159976569e-05, array([[ 2.14654477e-06],
       [-1.04671747e-08],
       [ 1.77338961e-09]]), 2.0435481825920485), (5.2501647286241226e-05, array([[2.24438451e-06],
       [8.41637813e-09],
       [5.49905651e-09]]), 2.0476206166648474), (5.7330770109115646e-05, array([[ 2.27007790e-06],
       [-2.24431192e-08],
       [ 1.72502956e-09]]), 2.0574953700766803), (6.245493352740132e-05, array([[ 2.31882094e-06],
       [ 1.66840386e-08],
       [-1.28761078e-08]]), 2.083485446946829), (6.682190392285598e-05, array([[ 2.23275761e-06],
       [ 3.42345315e-08],
       [-4.77716735e-09]]), 2.0903201654741466), (7.131405880218129e-05, array([[ 2.22084998e-06],
       [-4.04315263e-08],
       [ 1.10840599e-08]]), 2.1080303804139597), (7.64272677373413e-05, array([[2.09388725e-06],
       [3.17229810e-08],
       [1.31743128e-08]]), 2.1494963148186086), (8.051604102633538e-05, array([[ 2.03516636e-06],
       [ 2.11709949e-08],
       [-1.61653633e-09]]), 2.1679699470913985), (8.445900276006057e-05, array([[ 1.75823931e-06],
       [ 5.33690169e-08],
       [-1.14166678e-08]]), 2.189623905189083), (8.872065724076388e-05, array([[1.73426874e-06],
       [7.18327996e-09],
       [5.00005942e-10]]), 2.226335681400852), (9.213933286233842e-05, array([[ 1.45394715e-06],
       [ 4.41471272e-08],
       [-3.31613026e-09]]), 2.2490442225715523), (9.498007214086631e-05, array([[ 1.45763743e-06],
       [-5.36907451e-09],
       [-3.39084352e-10]]), 2.2656951762724176), (9.705387432763082e-05, array([[1.16497754e-06],
       [2.44685301e-08],
       [4.60997818e-09]]), 2.2726656712804454), (9.953983778923471e-05, array([[ 8.67867055e-07],
       [-4.90284092e-08],
       [ 2.50532921e-09]]), 2.2979485176834746), (0.00010071943691485434, array([[ 6.16585606e-07],
       [ 5.99888649e-08],
       [-1.35104246e-09]]), 2.301928644281192), (0.00010207553091933039, array([[ 2.57295358e-07],
       [ 2.90239871e-08],
       [-2.11108554e-09]]), 2.3190694021437257), (0.00010192288635200282, array([[-1.95968072e-08],
       [-4.58894170e-08],
       [-5.27734170e-10]]), 2.3111842652174563)]