[(0.00010232713746983876, array([[-2.41569139e-08],
       [-2.68095060e-08],
       [-5.62951650e-10]]), 2.3203509877876187), (0.00010235919323740279, array([[-2.82610666e-07],
       [ 8.23353146e-08],
       [ 2.45092198e-10]]), 2.325513969185976), (0.0001008744224687252, array([[-4.97770812e-07],
       [-2.28654463e-08],
       [ 4.87763067e-10]]), 2.305470817438958), (9.951458372172247e-05, array([[-7.88343191e-07],
       [-3.34322660e-08],
       [-2.69888599e-10]]), 2.297365509429753), (9.780418272130551e-05, array([[-1.11020942e-06],
       [ 2.50139500e-08],
       [-7.70496953e-09]]), 2.2902352957904535), (9.521062878466563e-05, array([[-1.24634458e-06],
       [ 2.36913207e-08],
       [-2.12120656e-09]]), 2.2711949728501555), (9.206477220056813e-05, array([[-1.60982276e-06],
       [-1.14259498e-08],
       [-3.27801471e-09]]), 2.2472242590404936), (8.819360563224353e-05, array([[-1.68530832e-06],
       [-2.75326627e-08],
       [-4.93306486e-09]]), 2.213109970067307), (8.416566992724063e-05, array([[-1.71883593e-06],
       [-2.87267924e-08],
       [-9.97222739e-09]]), 2.1820191672460574), (8.007145482919088e-05, array([[-2.09783523e-06],
       [-1.27194277e-08],
       [ 2.90317579e-10]]), 2.15599904660977), (7.635118548084513e-05, array([[-2.15299965e-06],
       [ 1.54149310e-08],
       [ 1.83457558e-08]]), 2.147356521851998), (7.18620071125712e-05, array([[-2.23084547e-06],
       [-2.20831317e-08],
       [-1.27716466e-08]]), 2.124227631062706), (6.729864144243311e-05, array([[-2.22012682e-06],
       [-3.96614935e-08],
       [-6.99009807e-09]]), 2.105233449776262), (6.240414700391404e-05, array([[-2.33565245e-06],
       [-1.40269911e-08],
       [ 2.07295688e-09]]), 2.0817912175783766), (5.7616750228068294e-05, array([[-2.31107115e-06],
       [-1.08096732e-08],
       [-9.87619613e-09]]), 2.0677586679455078), (5.249836752801274e-05, array([[-2.17655385e-06],
       [ 1.72380377e-08],
       [-1.14351790e-09]]), 2.0474927025723666), (4.742599418531389e-05, array([[-2.12391801e-06],
       [ 5.05027585e-08],
       [ 2.06246338e-09]]), 2.0343114050467865), (4.238869679400302e-05, array([[-2.04717101e-06],
       [-2.61796102e-08],
       [ 8.43195204e-09]]), 2.0289538739488364), (3.869732687155838e-05, array([[-1.80634919e-06],
       [-1.28392749e-08],
       [-5.34136705e-09]]), 2.0439826723605874), (3.5720661788656716e-05, array([[-1.43478541e-06],
       [-2.22809555e-08],
       [-1.79668710e-09]]), 2.053777032969887), (3.246870877635463e-05, array([[-1.07313503e-06],
       [-1.00529305e-08],
       [-3.69617843e-10]]), 2.0571969502363228), (2.923868459055152e-05, array([[-7.39874615e-07],
       [ 2.68846776e-08],
       [ 2.92841552e-09]]), 2.0722326769714727), (2.609038328264272e-05, array([[-4.65815753e-07],
       [ 3.51012739e-08],
       [-1.37949553e-09]]), 2.107513451835001), (2.281895030089143e-05, array([[-2.66103904e-07],
       [ 4.64529128e-08],
       [-1.30394961e-09]]), 2.1527716615169377), (1.9534315309276823e-05, array([[-8.86209396e-08],
       [ 2.06755868e-08],
       [ 5.98425693e-10]]), 2.2255697556974137), (1.780387333342302e-05, array([[-2.19756196e-08],
       [ 3.52385844e-08],
       [ 4.11115845e-10]]), 2.267370566697635), (2.0858641197438605e-05, array([[-1.15475364e-07],
       [-4.81551900e-09],
       [-3.73474543e-09]]), 2.151841631400136), (2.3403220456051268e-05, array([[-2.49606542e-07],
       [-3.95616994e-09],
       [-9.58859995e-10]]), 2.0358526356282205), (2.6423408759263377e-05, array([[-4.35639501e-07],
       [ 5.16442893e-08],
       [ 1.88826022e-09]]), 1.9940094164442987), (2.914791988198165e-05, array([[-6.53767760e-07],
       [-5.83126347e-09],
       [ 2.27493908e-09]]), 1.9491856639328708), (3.179682551704574e-05, array([[-8.97323386e-07],
       [ 1.44561312e-08],
       [-9.05612736e-10]]), 1.9159120829115623), (3.4996368076382634e-05, array([[-1.26146633e-06],
       [-2.90551817e-09],
       [ 2.18448731e-09]]), 1.9258782629965283), (3.794031190737889e-05, array([[-1.54744597e-06],
       [ 1.74214652e-08],
       [-5.70203389e-09]]), 1.928456285531338), (4.354925452969609e-05, array([[-1.74155524e-06],
       [-2.21798616e-08],
       [ 3.03208612e-09]]), 1.969342170477535), (4.891956427233076e-05, array([[-1.79373617e-06],
       [ 2.97252304e-08],
       [-1.95379954e-09]]), 1.9976128382602014), (5.418115282718446e-05, array([[-1.88018598e-06],
       [ 1.96809124e-10],
       [ 2.82911569e-09]]), 2.0242672531810486), (5.952015409312618e-05, array([[-1.99428802e-06],
       [-2.41867989e-09],
       [-2.41469673e-10]]), 2.057041639900976), (6.448668302704544e-05, array([[-2.03520356e-06],
       [ 2.17985239e-08],
       [-6.67065985e-09]]), 2.081065233068063), (6.957225417219736e-05, array([[-1.92409169e-06],
       [ 3.62846091e-08],
       [-1.20241997e-08]]), 2.1136893664555174), (7.522353152777296e-05, array([[-1.92152284e-06],
       [ 2.63980077e-08],
       [ 8.11085489e-10]]), 2.1671831559705095), (7.916433742041901e-05, array([[-1.81970096e-06],
       [-1.09930241e-08],
       [-2.67267673e-09]]), 2.176895037927372), (8.304926207808719e-05, array([[-1.83497320e-06],
       [-3.05222565e-08],
       [ 1.03778111e-09]]), 2.1927364185564318), (8.71413250073669e-05, array([[-1.55103966e-06],
       [ 6.08282934e-08],
       [-6.46647551e-09]]), 2.2212247456002903), (9.124727069105497e-05, array([[-1.42730018e-06],
       [-3.98564366e-08],
       [ 1.17893453e-08]]), 2.2569350353534), (9.411095553126604e-05, array([[-1.33686750e-06],
       [ 2.47031328e-08],
       [ 4.20578044e-09]]), 2.269623125604673), (9.634223257611511e-05, array([[-1.11409405e-06],
       [ 2.55044036e-08],
       [ 3.82227475e-09]]), 2.2757533881427774), (9.950485147654891e-05, array([[-8.98813934e-07],
       [ 6.02357460e-08],
       [-1.23710538e-08]]), 2.312318119453979), (0.000100746038660104, array([[-5.43251152e-07],
       [-2.06218119e-08],
       [ 5.07996483e-09]]), 2.3129420847774793), (0.00010246034065091857, array([[-5.61055332e-07],
       [-3.32327434e-08],
       [-8.52246508e-10]]), 2.333568206961062), (0.00010269912588428291, array([[-3.02023133e-07],
       [ 4.49555201e-08],
       [ 1.57871632e-09]]), 2.3298358497949727), (0.00010294492219842335, array([[ 8.10945475e-08],
       [-2.09008353e-09],
       [ 5.84195010e-09]]), 2.3354119933064283), (0.00010228076892960214, array([[ 4.76563015e-07],
       [-2.58137594e-09],
       [-7.00038535e-09]]), 2.32947840150979), (0.00010070367206416951, array([[ 6.85191320e-07],
       [-4.65220071e-08],
       [-2.65948197e-09]]), 2.3119694263580626), (9.912079562511755e-05, array([[8.06933866e-07],
       [6.74996445e-08],
       [7.32479079e-09]]), 2.303393335476422), (9.66291646733104e-05, array([[ 1.08523917e-06],
       [ 2.26838012e-08],
       [-9.27247552e-09]]), 2.282531170584586), (9.443027639636142e-05, array([[ 1.16393280e-06],
       [-1.82783463e-08],
       [ 3.60654182e-09]]), 2.2773240145800027), (9.074808278418273e-05, array([[1.43279963e-06],
       [3.90743787e-08],
       [1.07762140e-08]]), 2.2445879846667096), (8.772983619050255e-05, array([[ 1.63613520e-06],
       [ 1.97502067e-08],
       [-1.98210695e-09]]), 2.236225844136867), (8.362067687587404e-05, array([[ 1.75859164e-06],
       [-1.51574853e-08],
       [-8.36299917e-09]]), 2.207823392309807), (7.91344218040499e-05, array([[ 1.85502849e-06],
       [-2.10035471e-08],
       [-1.49125364e-09]]), 2.176072405427024), (7.453098597647823e-05, array([[ 1.91056778e-06],
       [-3.43877393e-09],
       [-1.19613207e-09]]), 2.1472309811254062), (6.946143159709138e-05, array([[ 1.93980610e-06],
       [ 5.65560399e-09],
       [-7.99579045e-09]]), 2.110322442365562), (6.496561795238315e-05, array([[1.94797102e-06],
       [2.19106963e-08],
       [6.32079616e-09]]), 2.096521057049648), (5.935171250081855e-05, array([[ 2.01592765e-06],
       [-3.05102310e-08],
       [ 3.07661280e-09]]), 2.0512202273971387), (5.41558105894498e-05, array([[ 1.93269047e-06],
       [-2.37617633e-08],
       [-1.31382231e-08]]), 2.023320439403715), (4.8981957652919825e-05, array([[ 1.84570685e-06],
       [-2.01915142e-08],
       [ 1.63945735e-09]]), 2.000160649548814), (4.3397817966244825e-05, array([[ 1.71997953e-06],
       [ 2.61435927e-08],
       [-5.64255928e-09]]), 1.9624940530119808), (3.7866913107659924e-05, array([[ 1.61763610e-06],
       [-1.57733443e-08],
       [-1.28129514e-08]]), 1.9247255208235), (3.4970958444106706e-05, array([[ 1.22928694e-06],
       [-4.12729093e-08],
       [-7.22088356e-09]]), 1.9244799505098105), (3.215685687254352e-05, array([[ 9.65303683e-07],
       [-4.25283742e-09],
       [ 5.71261553e-09]]), 1.9376057083917348), (2.970685105053725e-05, array([[ 6.91121047e-07],
       [-1.00575773e-08],
       [ 7.39365413e-10]]), 1.9865626234306661), (2.6379576613542432e-05, array([[4.52573751e-07],
       [2.52834174e-08],
       [1.30262245e-09]]), 1.9907016785174168), (2.3314661247579073e-05, array([[2.57631489e-07],
       [1.49584028e-08],
       [1.49397705e-09]]), 2.0281488455316463), (2.0615673752535478e-05, array([[ 1.25481982e-07],
       [ 2.35973920e-08],
       [-1.13288542e-09]]), 2.1267763619001396), (1.781030644538508e-05, array([[ 1.75418916e-08],
       [-1.07457242e-08],
       [ 1.84097751e-09]]), 2.268189840596179), (1.9616652929902802e-05, array([[ 8.95536552e-08],
       [-1.66312722e-08],
       [ 1.19055717e-09]]), 2.2349505870866873), (2.2835501725525533e-05, array([[ 2.64534969e-07],
       [-1.33181489e-10],
       [-1.08175798e-09]]), 2.1543331460480086), (2.5931967770708755e-05, array([[ 4.84090296e-07],
       [ 7.54894616e-09],
       [-2.29916347e-10]]), 2.09471705790076), (2.93974562281366e-05, array([[ 7.52977185e-07],
       [-4.02112279e-09],
       [-2.53804211e-09]]), 2.083485295896963), (3.230350465807563e-05, array([[1.05351286e-06],
       [4.31135820e-08],
       [7.81146779e-09]]), 2.0467297212919573), (3.531532855586451e-05, array([[ 1.38165043e-06],
       [ 3.59341670e-08],
       [-1.45193941e-09]]), 2.030472199225952), (3.8336660636908074e-05, array([[1.78962234e-06],
       [1.71368770e-08],
       [2.63241299e-12]]), 2.0249323762877447), (4.2674214799441565e-05, array([[2.01534575e-06],
       [5.95968253e-09],
       [8.51219897e-09]]), 2.0426203205969125), (4.736077938864838e-05, array([[ 2.16217275e-06],
       [-1.48396628e-08],
       [ 1.35189717e-08]]), 2.0315140529424527), (5.284508821307396e-05, array([[ 2.26101601e-06],
       [-3.24262895e-08],
       [-5.74372557e-09]]), 2.0610151815735462), (5.745963317698169e-05, array([[ 2.22909449e-06],
       [-2.72601488e-09],
       [ 2.08634402e-09]]), 2.0621200273942715), (6.264025962007268e-05, array([[ 2.25940682e-06],
       [-1.04338845e-08],
       [ 5.67940677e-09]]), 2.089667892355259), (6.671098536169398e-05, array([[ 2.39727169e-06],
       [-2.87346492e-08],
       [ 1.57521331e-08]]), 2.086850415414496), (7.142904678562614e-05, array([[ 2.29353646e-06],
       [-5.35498422e-09],
       [ 1.42442861e-09]]), 2.11142940392427), (7.636775235127325e-05, array([[ 2.20072460e-06],
       [ 3.48543533e-08],
       [-1.00909297e-08]]), 2.1478224606195035), (8.086678392339658e-05, array([[ 2.13384955e-06],
       [-2.30172418e-11],
       [-1.85429330e-09]]), 2.17741402867181), (8.543534065354293e-05, array([[ 1.89152873e-06],
       [-9.28101016e-09],
       [ 8.12027295e-09]]), 2.2149357455050787), (8.884160721458143e-05, array([[ 1.74352664e-06],
       [ 2.26120684e-08],
       [-6.00105073e-09]]), 2.229370772108575), (9.215572740651729e-05, array([[ 1.57018876e-06],
       [-3.50468593e-08],
       [-6.66730784e-09]]), 2.249444399713298), (9.482453945706636e-05, array([[ 1.30527520e-06],
       [-2.63729269e-08],
       [ 8.22230819e-09]]), 2.2619850332550953), (9.74240114786318e-05, array([[1.16249809e-06],
       [2.63384863e-08],
       [2.46754527e-10]]), 2.2813330016943327), (9.925473294860079e-05, array([[ 7.48634566e-07],
       [ 3.74046695e-08],
       [-2.71850662e-09]]), 2.291366668039452), (0.00010080574784588183, array([[ 6.74961352e-07],
       [ 2.01465722e-08],
       [-2.66534401e-09]]), 2.3039012685385614), (0.00010219503804967912, array([[ 2.52465746e-07],
       [ 4.12193655e-08],
       [-1.95080028e-09]]), 2.321784502685782), (0.00010239977542859358, array([[ 1.05941672e-10],
       [ 2.88065436e-08],
       [-1.17491750e-09]]), 2.3219981125241755)]