[(0.00010277654739807573, array([[-9.24345210e-09],
       [-6.28841324e-09],
       [-5.69299485e-09]]), 2.3305417230773027), (0.00010165742909135752, array([[-1.99532939e-07],
       [ 8.15292023e-08],
       [-2.07490937e-09]]), 2.3095704835733337), (0.00010085705697726641, array([[-4.80571260e-07],
       [ 8.64704257e-08],
       [ 2.91474433e-09]]), 2.305073931560368), (9.965521133096749e-05, array([[-8.42767304e-07],
       [ 3.53481494e-08],
       [-3.12149669e-09]]), 2.3006119986082285), (9.680706006509732e-05, array([[-1.22881337e-06],
       [-8.77334489e-09],
       [ 1.68465170e-08]]), 2.2668861358880843), (9.479120305885263e-05, array([[-1.33639062e-06],
       [ 7.25034544e-09],
       [-1.40038723e-09]]), 2.2611898125848557), (9.193159133931128e-05, array([[-1.50139478e-06],
       [ 3.07351924e-09],
       [-1.36825036e-09]]), 2.243973425360003), (8.849870201312231e-05, array([[-1.71324662e-06],
       [ 7.88059855e-08],
       [ 1.39861103e-08]]), 2.2207659881823822), (8.513438230943327e-05, array([[-2.11282088e-06],
       [ 7.62282446e-08],
       [-1.60948183e-09]]), 2.2071333139916396), (8.066687303468022e-05, array([[-2.03094493e-06],
       [-3.26509584e-08],
       [ 1.91824748e-08]]), 2.1720312404309956), (7.649931840362163e-05, array([[-2.06383941e-06],
       [ 1.45007955e-08],
       [ 8.31609276e-09]]), 2.15152272039655), (7.247616989548867e-05, array([[-2.17058313e-06],
       [ 4.56850233e-09],
       [ 2.83825915e-09]]), 2.142382169265347), (6.693186557675474e-05, array([[-2.30579909e-06],
       [ 3.29212007e-08],
       [ 1.58619103e-08]]), 2.093759981598495), (6.196270065182572e-05, array([[-2.25702632e-06],
       [-4.46688035e-08],
       [-1.04573329e-09]]), 2.0670646459812705), (5.752790207655314e-05, array([[-2.24306349e-06],
       [-1.37937834e-08],
       [ 1.59856070e-09]]), 2.0645700720129154), (5.252819041255193e-05, array([[-2.28749556e-06],
       [-1.64443432e-08],
       [-4.03550091e-09]]), 2.048655827091068), (4.749895544364231e-05, array([[-2.14197589e-06],
       [ 6.86190829e-09],
       [-7.48339267e-09]]), 2.0374410372768272), (4.230268917558454e-05, array([[-2.04132200e-06],
       [-2.97958208e-08],
       [ 2.25771084e-09]]), 2.0248370809408476), (3.854614621780865e-05, array([[-1.79790700e-06],
       [ 2.81529640e-09],
       [-9.69404753e-09]]), 2.035997349816572), (3.569580223373156e-05, array([[-1.39674548e-06],
       [ 1.49399249e-08],
       [-2.46993723e-09]]), 2.052347720622395), (3.2102160306954646e-05, array([[-1.05554961e-06],
       [ 5.49516488e-09],
       [ 2.55372841e-09]]), 2.033972669943643), (2.945156247689011e-05, array([[-7.42915745e-07],
       [ 9.17628787e-09],
       [ 3.75235545e-09]]), 2.0873199669249343), (2.6540971094469703e-05, array([[-4.76175291e-07],
       [-1.97672777e-08],
       [-1.82780652e-10]]), 2.1439107659093413), (2.3083228630590103e-05, array([[-2.72477257e-07],
       [ 1.29630070e-08],
       [ 6.83229595e-11]]), 2.1777040484771786), (1.9601993027454924e-05, array([[-8.78039728e-08],
       [-5.03394814e-09],
       [-6.03492053e-10]]), 2.2332803654795885), (1.7792202200123824e-05, array([[-2.30374192e-08],
       [-2.66250826e-08],
       [ 3.40034918e-10]]), 2.2658842168665045), (2.0658376566738584e-05, array([[-1.20456978e-07],
       [ 9.19807878e-09],
       [-7.02458969e-10]]), 2.1311817156578683), (2.3588783742967903e-05, array([[-2.46195033e-07],
       [-1.12668336e-08],
       [ 2.24705344e-09]]), 2.051994837401455), (2.6433905991433957e-05, array([[-4.58786378e-07],
       [-7.56465173e-09],
       [-3.90841085e-11]]), 1.9948015769102494), (2.9437272878265688e-05, array([[-6.47871985e-07],
       [-3.11085295e-08],
       [-1.75562940e-10]]), 1.9685353367210656), (3.23690666250767e-05, array([[-9.26097512e-07],
       [ 7.91752195e-09],
       [-9.61156575e-09]]), 1.9503923693988872), (3.5097429903562435e-05, array([[-1.23495305e-06],
       [-3.75931086e-09],
       [ 7.14977362e-09]]), 1.9314397765730078), (3.803206699011357e-05, array([[-1.54896553e-06],
       [ 4.77018763e-10],
       [-4.04200619e-09]]), 1.9331200760257627), (4.3508485530813685e-05, array([[-1.68653109e-06],
       [-2.29005866e-08],
       [-5.81921998e-09]]), 1.9674985543326815), (4.8769640708320295e-05, array([[-1.86426876e-06],
       [-3.92742450e-09],
       [-6.94214786e-09]]), 1.9914907633668557), (5.4160539407911665e-05, array([[-1.93803489e-06],
       [ 2.10292689e-09],
       [ 2.95396288e-09]]), 2.0234971132443236), (5.955044515201716e-05, array([[-2.02685856e-06],
       [-4.05983874e-09],
       [ 4.97844379e-09]]), 2.0580885116775174), (6.451397556085378e-05, array([[-1.97276110e-06],
       [ 5.34344834e-08],
       [-1.55894716e-08]]), 2.081945996980312), (6.909873175859155e-05, array([[-1.89901416e-06],
       [ 1.56496636e-09],
       [ 2.98667854e-09]]), 2.099303181871938), (7.365612269334247e-05, array([[-1.88553842e-06],
       [ 1.84208093e-08],
       [-4.66942087e-10]]), 2.1220262488763115), (7.914292983439897e-05, array([[-1.83780337e-06],
       [ 5.28719418e-08],
       [ 1.49209840e-08]]), 2.1763063629090547), (8.4492378118043e-05, array([[-1.76111699e-06],
       [ 2.54205943e-09],
       [-5.25656556e-09]]), 2.230838781152246), (8.794879511740736e-05, array([[-1.67485887e-06],
       [ 4.38053667e-08],
       [ 2.23107817e-09]]), 2.241807088014786), (9.069421644224753e-05, array([[-1.41123862e-06],
       [ 5.80099151e-08],
       [-4.05494164e-09]]), 2.243255639782099), (9.438536692472633e-05, array([[-1.24536159e-06],
       [-7.74330375e-08],
       [ 1.78365506e-08]]), 2.2762409570889144), (9.668506035093216e-05, array([[-9.82517323e-07],
       [ 1.31160031e-08],
       [-9.94108080e-09]]), 2.283851513432462), (9.854154187521372e-05, array([[-8.03461670e-07],
       [ 3.36775107e-09],
       [ 1.30165772e-08]]), 2.2899324949064535), (0.00010067743799006708, array([[-7.54421602e-07],
       [ 2.27170746e-08],
       [-6.93345914e-09]]), 2.3113671407014387), (0.00010154243853884635, array([[-2.35583066e-07],
       [ 5.02519673e-08],
       [-7.78661119e-09]]), 2.3126626822260636), (0.00010272773452096454, array([[-2.45726497e-07],
       [-2.81268190e-08],
       [ 4.79798454e-10]]), 2.3304848662961426), (0.00010188518782604509, array([[-5.19764816e-08],
       [ 4.41436402e-08],
       [ 2.19298921e-09]]), 2.311370823425306), (0.00010211395923599623, array([[3.04082898e-07],
       [3.75475233e-08],
       [4.02776710e-09]]), 2.325679255468124), (0.00010110786388189913, array([[ 6.56224226e-07],
       [-4.06828806e-08],
       [-6.35305486e-09]]), 2.321248920400539), (9.892869876319668e-05, array([[6.41368385e-07],
       [9.45558203e-08],
       [4.64433705e-10]]), 2.298929341531217), (9.647773481399683e-05, array([[ 1.18570075e-06],
       [-9.76986097e-09],
       [-1.93481182e-09]]), 2.278954161767331), (9.463689618873827e-05, array([[ 1.16049907e-06],
       [-1.01791129e-08],
       [-8.04162547e-09]]), 2.2823069526060684), (9.104359755445956e-05, array([[1.46558155e-06],
       [4.98615679e-08],
       [4.83828109e-09]]), 2.2518973280963923), (8.691440271887823e-05, array([[ 1.69076181e-06],
       [-6.17168891e-08],
       [-1.29878842e-08]]), 2.2154405163327557), (8.381941978162265e-05, array([[1.85430100e-06],
       [2.29435606e-08],
       [1.38566404e-08]]), 2.2130707695466443), (7.921899296040055e-05, array([[1.88964608e-06],
       [2.67728683e-09],
       [1.16574086e-08]]), 2.178397979500028), (7.406703230716197e-05, array([[ 1.95460077e-06],
       [ 1.07557831e-08],
       [-3.28540785e-09]]), 2.133864517774484), (6.947555083257735e-05, array([[1.92140512e-06],
       [4.11928101e-08],
       [1.28546958e-08]]), 2.110751401844657), (6.494658831393604e-05, array([[ 2.02573670e-06],
       [-2.75695142e-08],
       [ 5.76090451e-10]]), 2.09590694701776), (5.9274517632579624e-05, array([[ 1.93233674e-06],
       [ 2.67788175e-09],
       [-2.04821591e-09]]), 2.0485523401785386), (5.414013391753106e-05, array([[1.92925152e-06],
       [1.36064817e-08],
       [4.25198560e-09]]), 2.022734741758905), (4.892899746443174e-05, array([[ 1.83435366e-06],
       [-6.09540881e-08],
       [-7.04554918e-09]]), 1.997998039271839), (4.373737561686912e-05, array([[ 1.77242478e-06],
       [-6.54479919e-08],
       [-1.68277056e-11]]), 1.9778491999118368), (3.81401221324864e-05, array([[ 1.56158623e-06],
       [-1.29371852e-08],
       [-3.80864075e-09]]), 1.9386123771697712), (3.519195503087945e-05, array([[1.25970840e-06],
       [1.22373575e-08],
       [4.72312774e-09]]), 1.936641570302273), (3.2464754099009866e-05, array([[ 9.38652906e-07],
       [ 1.97475087e-08],
       [-2.52923585e-09]]), 1.9561580011722073), (2.9084173865190167e-05, array([[ 7.10877372e-07],
       [ 1.00812630e-08],
       [-3.78574965e-09]]), 1.944922827251355), (2.6132011731091287e-05, array([[4.30543898e-07],
       [2.60284019e-11],
       [2.44129198e-10]]), 1.972019505021711), (2.32790032991091e-05, array([[ 2.52393534e-07],
       [-1.24580731e-08],
       [-1.36628786e-09]]), 2.025046950708666), (2.0901327985510928e-05, array([[ 1.21169188e-07],
       [-2.31126586e-08],
       [ 1.00662597e-09]]), 2.1562453318528765), (1.8058508309575945e-05, array([[ 1.77062016e-08],
       [-3.91919008e-09],
       [-2.10576937e-10]]), 2.299799007372791), (1.9514147974217474e-05, array([[ 9.54232335e-08],
       [-2.85341523e-08],
       [ 2.87753868e-10]]), 2.223272065184564), (2.3019884120528837e-05, array([[ 2.71294685e-07],
       [-1.81824496e-08],
       [-1.68341798e-09]]), 2.171728038872252), (2.6090980279505406e-05, array([[ 4.74976581e-07],
       [-4.15276997e-08],
       [ 3.36253258e-09]]), 2.1075616756922475), (2.92883452631588e-05, array([[ 7.79166053e-07],
       [ 1.87426268e-08],
       [-3.76611540e-09]]), 2.0757522767748937), (3.216457798307501e-05, array([[ 1.05393036e-06],
       [-1.02737714e-08],
       [-8.95858170e-10]]), 2.0379274146130455), (3.522314470773616e-05, array([[ 1.40126492e-06],
       [-1.97545202e-08],
       [ 4.80398297e-09]]), 2.0251720435004805), (3.878133703730478e-05, array([[1.77068629e-06],
       [6.01860499e-08],
       [5.60544413e-09]]), 2.048420067317033), (4.2643467953925255e-05, array([[2.03711911e-06],
       [5.24380459e-08],
       [8.80049852e-09]]), 2.0411486091256874), (4.7545238592242785e-05, array([[ 2.11583364e-06],
       [ 1.05021460e-08],
       [-1.61992327e-09]]), 2.039426326961879), (5.2373236922166e-05, array([[ 2.27148906e-06],
       [ 4.03916254e-08],
       [-7.02681836e-10]]), 2.042612474588079), (5.7069797403336976e-05, array([[2.24526839e-06],
       [1.45203027e-08],
       [5.98002675e-09]]), 2.048129542043426), (6.24003951091888e-05, array([[2.29803028e-06],
       [1.63463353e-08],
       [1.26733812e-09]]), 2.081666055039296), (6.698087302538333e-05, array([[ 2.27713119e-06],
       [ 2.42289755e-09],
       [-1.15234032e-09]]), 2.095293030675412), (7.15171926392176e-05, array([[ 2.21839158e-06],
       [ 6.25551168e-09],
       [-1.30969666e-08]]), 2.114034979043669), (7.592273851148452e-05, array([[2.18270605e-06],
       [1.24705113e-08],
       [1.81962503e-09]]), 2.1353065662667636), (8.09291908929707e-05, array([[ 2.17444781e-06],
       [-2.18364317e-08],
       [ 8.10958596e-09]]), 2.1790943948796), (8.455134464429905e-05, array([[ 1.89064277e-06],
       [ 1.66058430e-08],
       [-1.41414400e-08]]), 2.192017895060751), (8.788492735192804e-05, array([[1.59568148e-06],
       [2.18180509e-09],
       [8.35994452e-10]]), 2.205364068595063), (9.190832614318997e-05, array([[ 1.61207662e-06],
       [-2.59023472e-08],
       [ 3.13189742e-09]]), 2.243405541338075), (9.409141503498258e-05, array([[ 1.29839523e-06],
       [-4.61366927e-08],
       [ 8.57209220e-09]]), 2.2444967704091874), (9.751102084781674e-05, array([[ 1.09925201e-06],
       [-2.91220054e-08],
       [ 7.85830934e-09]]), 2.283370459835971), (9.903119211397664e-05, array([[8.35901970e-07],
       [2.85911282e-08],
       [4.62657711e-09]]), 2.286206067610768), (0.00010178710752513644, array([[ 5.16674991e-07],
       [-1.47983443e-08],
       [ 1.76503001e-09]]), 2.3263301067570326), (0.00010162866999646968, array([[ 2.73819037e-07],
       [-5.41111812e-08],
       [-5.12431916e-10]]), 2.308917101353452), (0.00010250478113006813, array([[6.69703502e-08],
       [2.26215045e-08],
       [4.66642681e-10]]), 2.3243792021272305)]