[(0.00010259974347097279, array([[-6.66593234e-08],
       [ 7.09826853e-10],
       [-3.92055027e-11]]), 2.326532550368656), (0.00010235395573870278, array([[-3.13052125e-07],
       [-3.10544247e-08],
       [-4.02486615e-09]]), 2.3253949776620564), (0.00010074663499090246, array([[-6.08689943e-07],
       [ 3.87815297e-08],
       [-2.52540294e-09]]), 2.3025502525054065), (9.929691707496591e-05, array([[-7.95401310e-07],
       [ 5.53064113e-08],
       [-4.64745215e-09]]), 2.292340518839328), (9.71912228163506e-05, array([[-1.04915751e-06],
       [ 2.84723509e-08],
       [ 3.53147521e-09]]), 2.2758818972938646), (9.48077225430581e-05, array([[-1.35092114e-06],
       [ 3.35247187e-08],
       [ 5.48669322e-09]]), 2.261583875411249), (9.162864191637688e-05, array([[-1.63841050e-06],
       [ 4.04161371e-08],
       [ 5.13824246e-09]]), 2.2365786827651113), (8.837246481007772e-05, array([[-1.69137054e-06],
       [-2.48609321e-09],
       [-1.79187431e-09]]), 2.2175982209656024), (8.416979367114202e-05, array([[-1.93784169e-06],
       [ 5.56193912e-08],
       [-6.44855090e-09]]), 2.1821260764911385), (8.136597943152897e-05, array([[-2.04810375e-06],
       [-3.21375204e-08],
       [ 1.77037877e-09]]), 2.1908553360878065), (7.636972344608128e-05, array([[-2.07592250e-06],
       [ 3.02280099e-08],
       [ 3.25179142e-09]]), 2.1478778971299453), (7.193080432766739e-05, array([[-2.32296021e-06],
       [ 4.61031508e-09],
       [ 6.94193375e-09]]), 2.126261264008952), (6.70471702427846e-05, array([[-2.27033297e-06],
       [-5.83783013e-08],
       [-4.82943901e-09]]), 2.0973669376177924), (6.258025584511602e-05, array([[-2.37695128e-06],
       [-1.63242839e-09],
       [ 1.12838174e-08]]), 2.087666177121197), (5.7555862106086335e-05, array([[-2.25888009e-06],
       [-2.36884386e-09],
       [-3.08765640e-09]]), 2.0655735057920586), (5.23359056640378e-05, array([[-2.29761946e-06],
       [-4.22395080e-08],
       [-5.52151428e-09]]), 2.0411565154374527), (4.76940745777985e-05, array([[-2.19595743e-06],
       [-3.99065593e-09],
       [ 4.43028600e-09]]), 2.045810563035334), (4.2844649749805085e-05, array([[-2.08410525e-06],
       [ 8.42857373e-09],
       [-2.56819944e-09]]), 2.0507782654961577), (3.857564877082154e-05, array([[-1.77762133e-06],
       [-3.03426428e-08],
       [-1.93977026e-09]]), 2.037555666941393), (3.5382394534288805e-05, array([[-1.40269030e-06],
       [ 2.23276878e-08],
       [-4.82789044e-09]]), 2.034328190668561), (3.255586341482471e-05, array([[-1.05174829e-06],
       [-5.63653509e-09],
       [ 4.03981627e-09]]), 2.0627190132692137), (2.928618068473889e-05, array([[-7.66004181e-07],
       [-9.53155844e-09],
       [-1.47878884e-09]]), 2.075598866654144), (2.6067995524643783e-05, array([[-4.96903843e-07],
       [ 3.92761082e-09],
       [ 7.47211658e-11]]), 2.1057050268445345), (2.341055069536537e-05, array([[-2.85559324e-07],
       [-1.31076125e-08],
       [ 1.19666134e-09]]), 2.208584069509955), (1.9750689409031116e-05, array([[-1.08267064e-07],
       [-3.61687515e-09],
       [ 2.94673875e-10]]), 2.250221536151716), (1.7840466829563052e-05, array([[-2.00903282e-08],
       [-4.78074665e-09],
       [ 3.00929315e-11]]), 2.2720308456451783), (2.0442730168767597e-05, array([[-1.09719947e-07],
       [ 1.18408698e-08],
       [ 3.20853739e-10]]), 2.108934969456949), (2.3450725075452564e-05, array([[-2.41885677e-07],
       [ 2.46277653e-09],
       [ 1.82610720e-09]]), 2.0399850756398106), (2.6059622262190037e-05, array([[-4.41959673e-07],
       [-2.32751332e-08],
       [ 2.01436278e-09]]), 1.966556724501772), (2.9034255523142962e-05, array([[-6.61590620e-07],
       [-4.75867203e-10],
       [ 1.72812305e-10]]), 1.9415846776653927), (3.2333582000719255e-05, array([[-9.62614763e-07],
       [-6.44046541e-09],
       [ 1.50979212e-09]]), 1.948254249650815), (3.503789483239056e-05, array([[-1.28638504e-06],
       [-3.99751339e-08],
       [ 6.70548493e-09]]), 1.928163513756089), (3.769683281732237e-05, array([[-1.55417386e-06],
       [ 1.48060825e-08],
       [-9.76714878e-09]]), 1.9160805627707764), (4.3448949738673246e-05, array([[-1.73920649e-06],
       [-2.14336210e-08],
       [ 9.88561983e-09]]), 1.9648062844561673), (4.89486986484133e-05, array([[-1.77373243e-06],
       [ 3.09449910e-08],
       [-8.32133228e-10]]), 1.998802530044314), (5.400665325845738e-05, array([[-1.90350460e-06],
       [-1.26202927e-08],
       [ 3.81365312e-09]]), 2.0177477580386123), (5.950507189253907e-05, array([[-1.97485642e-06],
       [-2.92996606e-08],
       [ 7.51649964e-09]]), 2.0565203926847735), (6.48673824511849e-05, array([[-2.02202500e-06],
       [-1.48029065e-08],
       [ 1.14455593e-08]]), 2.0933508756013186), (7.043535988761668e-05, array([[-2.00028894e-06],
       [-1.98862965e-09],
       [-4.53475969e-09]]), 2.1399115637167045), (7.419154845446504e-05, array([[-1.86311808e-06],
       [ 5.17638749e-08],
       [-3.91519113e-09]]), 2.1374518167433174), (7.91092931065758e-05, array([[-1.72078458e-06],
       [ 7.69215137e-09],
       [ 5.87523833e-09]]), 2.175381405683663), (8.354266530851953e-05, array([[-1.66917904e-06],
       [ 2.80562710e-08],
       [-1.04296485e-08]]), 2.2057636653414203), (8.719201358383743e-05, array([[-1.57673650e-06],
       [-4.00825427e-08],
       [ 9.54965639e-09]]), 2.2225167929769634), (9.129366719394374e-05, array([[-1.52293649e-06],
       [ 2.97289854e-08],
       [ 9.54552218e-09]]), 2.2580826191889987), (9.466721444163283e-05, array([[-1.21316286e-06],
       [-3.20859917e-08],
       [ 6.80632484e-09]]), 2.283038121549249), (9.727090732701408e-05, array([[-1.03576039e-06],
       [ 9.31237982e-09],
       [ 1.10361221e-09]]), 2.297690130258145), (9.897927195499811e-05, array([[-8.42743660e-07],
       [ 6.78296531e-08],
       [ 3.41295512e-09]]), 2.3001045737538255), (0.00010121064341071554, array([[-7.20217800e-07],
       [-4.66844825e-08],
       [ 1.64767750e-09]]), 2.3236085476455877), (0.00010182879968800874, array([[-4.81554696e-07],
       [ 1.97918311e-08],
       [ 2.46875477e-09]]), 2.319184652279539), (0.00010231886301303002, array([[3.10482548e-09],
       [6.94462793e-08],
       [2.44331709e-09]]), 2.321209193412433), (0.00010222504718359478, array([[7.69448057e-08],
       [3.01804814e-08],
       [1.29659993e-09]]), 2.3190808843268926), (0.000101928231228251, array([[ 4.98709377e-07],
       [-1.89234738e-08],
       [-2.28165449e-09]]), 2.321449238553647), (0.00010102511791450841, array([[6.11968263e-07],
       [6.59290546e-08],
       [4.80835192e-09]]), 2.3193492265478675), (9.946632156265453e-05, array([[ 7.56525952e-07],
       [-1.69930193e-08],
       [-6.53569805e-09]]), 2.3114227518742383), (9.691447904769896e-05, array([[ 1.11475391e-06],
       [ 1.21942501e-08],
       [-7.44879052e-09]]), 2.2892707398974275), (9.49933161913334e-05, array([[ 1.26999301e-06],
       [-1.17802570e-08],
       [ 1.30667376e-08]]), 2.290902541459156), (9.138375845071123e-05, array([[1.49002804e-06],
       [5.47601842e-08],
       [1.39295868e-08]]), 2.260310961058708), (8.75660647103719e-05, array([[1.51948707e-06],
       [5.89829065e-08],
       [1.40778055e-08]]), 2.2320513234458046), (8.305330355547449e-05, array([[1.62896626e-06],
       [3.17103144e-08],
       [1.15457731e-08]]), 2.192843125039188), (7.907198195158313e-05, array([[1.88563652e-06],
       [3.19608306e-08],
       [1.34137145e-08]]), 2.1743554074777833), (7.458257716483156e-05, array([[1.99538112e-06],
       [2.49505956e-08],
       [6.69893437e-09]]), 2.1487173186068445), (6.995095943833965e-05, array([[ 1.91250632e-06],
       [-9.62381568e-09],
       [-1.34460369e-08]]), 2.125194891231017), (6.411557962291954e-05, array([[ 1.95649119e-06],
       [-4.13264163e-09],
       [ 1.39093549e-09]]), 2.069089266000944), (5.946945260715489e-05, array([[2.01408718e-06],
       [3.77264273e-08],
       [7.78030755e-09]]), 2.055289375152389), (5.402659036166002e-05, array([[ 1.94405105e-06],
       [ 1.34204439e-08],
       [-2.31678335e-09]]), 2.018492630065701), (4.8762236800010974e-05, array([[1.78967304e-06],
       [3.56934810e-08],
       [1.08668289e-08]]), 1.9911884274300564), (4.3489509907088724e-05, array([[1.69243023e-06],
       [3.98488616e-08],
       [7.35066475e-09]]), 1.9666404570720937), (3.808781020127361e-05, array([[ 1.52380080e-06],
       [-1.27901582e-08],
       [ 1.04846682e-08]]), 1.935953430327113), (3.496214410048442e-05, array([[1.24957800e-06],
       [2.80665859e-08],
       [6.28581627e-09]]), 1.923994890095893), (3.184011562514045e-05, array([[ 9.02697503e-07],
       [-2.25339834e-08],
       [ 1.05467963e-09]]), 1.9185205206980542), (2.8982032869038334e-05, array([[6.68961331e-07],
       [1.89524630e-08],
       [2.48169367e-09]]), 1.9380924336519116), (2.6427758524552688e-05, array([[ 4.65900656e-07],
       [-2.01971023e-08],
       [-1.17653013e-09]]), 1.9943376660287955), (2.347226114356802e-05, array([[ 2.68925038e-07],
       [-1.53571274e-08],
       [-2.23567874e-09]]), 2.041858504175693), (2.062461077474762e-05, array([[ 1.11208669e-07],
       [-1.08431987e-08],
       [ 2.73284984e-09]]), 2.127698332620801), (1.8220521192413607e-05, array([[ 1.36656219e-08],
       [-1.14568664e-08],
       [-2.10692505e-09]]), 2.3204317784048305), (1.9813818906751266e-05, array([[ 9.43296159e-08],
       [ 6.57936003e-09],
       [-7.44552104e-10]]), 2.2574139613068263), (2.3209772661399195e-05, array([[ 2.67540523e-07],
       [ 1.48735307e-08],
       [-6.54473383e-10]]), 2.189642389192588), (2.617562581548528e-05, array([[ 4.88273378e-07],
       [-1.93596011e-08],
       [ 7.20009547e-10]]), 2.1143991224166903), (2.90371024302636e-05, array([[ 7.26105457e-07],
       [-2.92107134e-08],
       [ 1.16056682e-09]]), 2.057945948772417), (3.2532173276463015e-05, array([[ 1.05062907e-06],
       [-3.05067230e-08],
       [-8.84226555e-10]]), 2.0612180210146693), (3.5145769182919076e-05, array([[1.40207721e-06],
       [1.80875720e-08],
       [1.00174369e-08]]), 2.02072329961316), (3.8290931320753645e-05, array([[1.74818045e-06],
       [1.84526511e-08],
       [5.17905721e-09]]), 2.022516965782807), (4.2461462270932225e-05, array([[ 2.05169197e-06],
       [-1.92975306e-09],
       [-3.21736940e-09]]), 2.032436825949526), (4.7510876417853225e-05, array([[ 2.19451046e-06],
       [ 3.32926398e-08],
       [-6.01102587e-09]]), 2.037952380775538), (5.205195771956416e-05, array([[ 2.24521522e-06],
       [-3.49787689e-08],
       [ 3.84465424e-09]]), 2.030082240720054), (5.7342787053861714e-05, array([[ 2.25252914e-06],
       [-9.54756498e-09],
       [-3.31980876e-09]]), 2.057926636011717), (6.217893188549276e-05, array([[ 2.29891431e-06],
       [-2.97177767e-08],
       [ 3.62720120e-09]]), 2.074278081383024), (6.688121048216733e-05, array([[ 2.27420093e-06],
       [ 2.74455748e-09],
       [-8.07373897e-09]]), 2.0921753909256173), (7.13437238320222e-05, array([[ 2.16840178e-06],
       [-1.80218722e-08],
       [ 1.48292921e-09]]), 2.1089072732060807), (7.647418114197474e-05, array([[ 2.13040924e-06],
       [-2.26888568e-08],
       [-6.38252802e-10]]), 2.150815741684969), (8.050791501935673e-05, array([[ 1.97852159e-06],
       [-1.21837965e-08],
       [ 2.36831050e-09]]), 2.167751146729446), (8.455080344246498e-05, array([[ 2.00628499e-06],
       [ 4.03888327e-08],
       [-4.91098937e-09]]), 2.192003864247757), (8.802231534866132e-05, array([[ 1.83646944e-06],
       [-3.18063772e-08],
       [ 4.13401682e-09]]), 2.208811651253219), (9.160214202057073e-05, array([[ 1.70949671e-06],
       [-9.72279316e-09],
       [-1.01390127e-08]]), 2.235931842423315), (9.368113588260656e-05, array([[ 1.30465185e-06],
       [-2.48032145e-08],
       [ 1.35406020e-08]]), 2.2347097964102116), (9.754384426218476e-05, array([[ 1.03727797e-06],
       [-4.67678088e-08],
       [ 1.11337723e-08]]), 2.2841390705438402), (9.895442646707903e-05, array([[7.40774772e-07],
       [2.31888445e-08],
       [4.22912554e-09]]), 2.2844338776171407), (0.00010092004657539026, array([[ 4.43336462e-07],
       [-4.52446273e-08],
       [ 1.49285167e-09]]), 2.3065135500158975), (0.0001018972713472559, array([[ 1.16520206e-07],
       [-1.00930767e-08],
       [-3.80399018e-09]]), 2.3150194960054575), (0.00010259368235560023, array([[-1.82808945e-08],
       [-5.36463405e-09],
       [-3.62476018e-09]]), 2.3263951096526387)]