[(0.00010249852144774744, array([[ 1.68415328e-08],
       [-2.51796341e-08],
       [-5.15759825e-09]]), 2.3242372587443194), (0.00010209583340015582, array([[-2.21361603e-07],
       [ 4.08942235e-08],
       [-1.12600778e-09]]), 2.319530657271628), (0.00010045875380956209, array([[-3.74442281e-07],
       [ 5.43420881e-08],
       [ 1.38963450e-09]]), 2.295970768368326), (9.967303774115427e-05, array([[-8.22725331e-07],
       [ 2.31921160e-08],
       [-1.08178383e-09]]), 2.30102353406754), (9.715590443078626e-05, array([[-1.06678195e-06],
       [ 1.69098076e-09],
       [ 5.66652962e-09]]), 2.2750548629998377), (9.475568531143771e-05, array([[-1.33268662e-06],
       [-4.43763774e-08],
       [-4.84850035e-09]]), 2.26034255707982), (9.152765709043577e-05, array([[-1.63177537e-06],
       [-2.52741370e-08],
       [ 7.96947383e-10]]), 2.2341137274382743), (8.81846929091768e-05, array([[-1.86356662e-06],
       [-8.07654467e-09],
       [ 7.87008010e-09]]), 2.2128863162532), (8.465029112794299e-05, array([[-1.87988774e-06],
       [-2.70071555e-08],
       [-1.28490884e-08]]), 2.1945831110690017), (8.110532479418779e-05, array([[-2.03901342e-06],
       [ 2.27713701e-08],
       [ 6.77263514e-09]]), 2.183836965423744), (7.590678149771677e-05, array([[-2.08130577e-06],
       [ 2.96646707e-08],
       [ 4.05926868e-09]]), 2.134857779553529), (7.11803222746289e-05, array([[-2.18642031e-06],
       [-4.54438503e-09],
       [-2.54567727e-10]]), 2.10407715340954), (6.672025568563148e-05, array([[-2.25688138e-06],
       [-1.57386549e-08],
       [-1.02872727e-08]]), 2.0871404093226222), (6.196307810129209e-05, array([[-2.32592413e-06],
       [ 1.32876318e-08],
       [ 5.28172180e-09]]), 2.0670772376281707), (5.7388045447248267e-05, array([[-2.30756294e-06],
       [ 1.44290103e-10],
       [ 1.67209244e-09]]), 2.0595508760955807), (5.220910684223425e-05, array([[-2.17368298e-06],
       [ 3.73339181e-08],
       [ 4.46590431e-09]]), 2.036211225239638), (4.7068526505598374e-05, array([[-2.16424879e-06],
       [-1.70434150e-08],
       [ 5.99144391e-09]]), 2.018978029536736), (4.2865997577684863e-05, array([[-2.08313295e-06],
       [ 4.79926964e-09],
       [ 5.75067677e-09]]), 2.051800088797015), (3.8815497417929024e-05, array([[-1.79264098e-06],
       [ 2.20149825e-09],
       [ 2.32471018e-09]]), 2.050224409676622), (3.5499172488923766e-05, array([[-1.39729299e-06],
       [-2.54664218e-08],
       [ 3.30260542e-09]]), 2.0410423966540345), (3.285235303996311e-05, array([[-1.08446397e-06],
       [ 1.86633592e-09],
       [-3.15542574e-09]]), 2.081504409288892), (2.956586509793908e-05, array([[-7.53988876e-07],
       [-7.26349694e-09],
       [ 3.76862689e-09]]), 2.0954209341783554), (2.6034511095405888e-05, array([[-4.75319278e-07],
       [ 1.86266301e-08],
       [ 2.89321360e-09]]), 2.103000241549455), (2.267970666163613e-05, array([[-2.72209181e-07],
       [ 3.13104425e-09],
       [-1.03760697e-09]]), 2.1396352219926533), (1.989887709993175e-05, array([[-9.48768744e-08],
       [ 5.74061406e-09],
       [-3.91133762e-10]]), 2.2671047510386217), (1.784718929767113e-05, array([[-2.28405255e-08],
       [ 2.79173596e-09],
       [ 1.11522472e-10]]), 2.272886969817619), (2.0773180803906825e-05, array([[-1.24729226e-07],
       [-5.47109585e-10],
       [-8.92061976e-10]]), 2.1430252741457574), (2.3315545368997734e-05, array([[-2.53473662e-07],
       [-6.62992252e-09],
       [ 9.21430837e-10]]), 2.028225755498964), (2.6469520945164183e-05, array([[-4.43902463e-07],
       [-1.04917623e-08],
       [-2.29820055e-09]]), 1.9974892147449934), (2.934808065227974e-05, array([[-6.81788758e-07],
       [ 2.23121774e-08],
       [ 5.50248214e-10]]), 1.9625708559303272), (3.206534513573368e-05, array([[-9.26416582e-07],
       [ 4.36820515e-09],
       [ 6.92225446e-10]]), 1.9320916849182856), (3.488774093241303e-05, array([[-1.24823760e-06],
       [ 5.39900164e-09],
       [ 2.38041863e-09]]), 1.9199004239566069), (3.786935623613188e-05, array([[-1.55827419e-06],
       [-3.80074155e-08],
       [ 8.97639172e-09]]), 1.9248497018389208), (4.353583845675069e-05, array([[-1.77216976e-06],
       [-1.44248302e-08],
       [ 2.96718822e-09]]), 1.9687354818327139), (4.898497014629614e-05, array([[-1.85526234e-06],
       [ 4.74965109e-08],
       [-1.33126793e-08]]), 2.0002836636339416), (5.4164766644960905e-05, array([[-1.90567236e-06],
       [ 2.58266018e-08],
       [-4.03479285e-09]]), 2.023655047453614), (5.943509930708272e-05, array([[-1.94701875e-06],
       [ 2.69798479e-08],
       [-5.72564378e-09]]), 2.0541021106065713), (6.496547931685518e-05, array([[-1.98832846e-06],
       [-1.26974037e-08],
       [-4.15034194e-09]]), 2.0965165831092354), (6.931611758159386e-05, array([[-1.96620132e-06],
       [-4.45736783e-08],
       [-8.63967503e-09]]), 2.1059076265311676), (7.42501953156419e-05, array([[-1.83746169e-06],
       [-7.25110990e-09],
       [ 5.98533223e-09]]), 2.139141427522175), (7.907209965013648e-05, array([[-1.92328784e-06],
       [-1.82542325e-08],
       [-7.97367287e-09]]), 2.1743586440032847), (8.3943099049892e-05, array([[-1.80103069e-06],
       [ 4.78875939e-08],
       [-1.86714626e-08]]), 2.216336253537335), (8.726857001359926e-05, array([[-1.55102325e-06],
       [ 9.06953010e-09],
       [ 3.29923555e-09]]), 2.224468209669416), (9.106158663248326e-05, array([[-1.42764944e-06],
       [ 5.05183179e-08],
       [ 3.18161696e-09]]), 2.2523422748891884), (9.411303600501383e-05, array([[-1.15280214e-06],
       [-2.59737699e-08],
       [-1.12597700e-08]]), 2.269673299267277), (9.686799765441208e-05, array([[-1.13636499e-06],
       [-2.11823588e-08],
       [ 9.26269787e-09]]), 2.2881727770889095), (9.897488426131112e-05, array([[-8.30810075e-07],
       [-5.55831985e-08],
       [ 9.23542775e-09]]), 2.300002611452847), (0.00010059556586258812, array([[-5.62580478e-07],
       [-2.41962754e-08],
       [-1.32889186e-09]]), 2.309487508591483), (0.00010197359162012333, array([[-3.59431404e-07],
       [-1.41059084e-08],
       [-2.53227320e-09]]), 2.322482336507998), (0.00010226810718188978, array([[-1.92043330e-07],
       [-1.27827623e-08],
       [ 1.20434593e-09]]), 2.3200577449073116), (0.00010238747900558518, array([[6.76411263e-08],
       [4.69206135e-09],
       [1.06596864e-09]]), 2.3227658181446076), (0.00010183587609556181, array([[3.74126308e-07],
       [9.79807271e-09],
       [2.49736207e-09]]), 2.3193458198062173), (0.00010122360303703622, array([[6.94163100e-07],
       [3.74344151e-08],
       [2.41933135e-10]]), 2.3239060766156467), (9.888125831631843e-05, array([[ 7.39084296e-07],
       [-1.50795894e-09],
       [-4.38731840e-09]]), 2.2978269088027234), (9.725312929697434e-05, array([[1.13092549e-06],
       [2.93778513e-08],
       [7.10573631e-09]]), 2.2972701855359223), (9.49626155065019e-05, array([[ 1.22132955e-06],
       [-4.48386234e-09],
       [ 1.82523784e-10]]), 2.2901621496113407), (9.080148363490887e-05, array([[ 1.54805443e-06],
       [-2.07539515e-08],
       [-6.02785077e-09]]), 2.2459088159640044), (8.751264948178229e-05, array([[1.44394560e-06],
       [7.38823627e-08],
       [1.13962465e-08]]), 2.230689773945323), (8.378432213342144e-05, array([[ 1.87599320e-06],
       [-6.53033534e-08],
       [-8.46899842e-09]]), 2.2121440919399955), (7.886076928085423e-05, array([[1.83728674e-06],
       [1.55819700e-08],
       [7.19699852e-09]]), 2.168547390511566), (7.437679079851874e-05, array([[ 1.85894590e-06],
       [-3.92129689e-09],
       [ 1.02707245e-08]]), 2.1427886319612717), (6.95131639854363e-05, array([[ 1.99269282e-06],
       [-3.25277623e-08],
       [-7.16182906e-09]]), 2.1118941349957217), (6.467968279696341e-05, array([[2.00659950e-06],
       [1.26752094e-08],
       [8.49070078e-09]]), 2.0872935749878656), (5.969069715579498e-05, array([[ 1.95580417e-06],
       [ 3.92092538e-08],
       [-2.38118490e-09]]), 2.0629356801072065), (5.363307298889962e-05, array([[ 1.84442578e-06],
       [ 3.46201773e-08],
       [-1.39481575e-09]]), 2.003790389716968), (4.863277350599853e-05, array([[1.85066931e-06],
       [1.81335114e-08],
       [1.61319144e-08]]), 1.9859018403140507), (4.310410670697307e-05, array([[ 1.69299591e-06],
       [-2.65723604e-08],
       [-1.70329362e-09]]), 1.9492121271770961), (3.775160430539549e-05, array([[1.50632557e-06],
       [2.36096314e-08],
       [6.61567066e-09]]), 1.91886452566229), (3.544125423981354e-05, array([[ 1.24358718e-06],
       [-1.43022027e-08],
       [-9.92621138e-09]]), 1.950360706140041), (3.2455444805226845e-05, array([[ 9.47382037e-07],
       [-2.69528936e-08],
       [ 3.29884986e-09]]), 1.9555970713261537), (2.923118197044371e-05, array([[6.91992823e-07],
       [1.70356560e-08],
       [3.87795904e-09]]), 1.9547535833534149), (2.677608706019483e-05, array([[ 4.49751544e-07],
       [-7.26020162e-09],
       [ 6.10171931e-11]]), 2.0206238422907123), (2.372133596661742e-05, array([[ 2.65244342e-07],
       [ 4.00691443e-09],
       [-8.90988665e-10]]), 2.063525592084641), (2.0486111481421588e-05, array([[ 1.04732697e-07],
       [-4.89492010e-09],
       [-1.47637316e-09]]), 2.113410319203367), (1.7812059032209796e-05, array([[ 1.84327320e-08],
       [-2.90092279e-08],
       [-8.57122355e-10]]), 2.2684130371842204), (1.967610572026444e-05, array([[8.65067437e-08],
       [3.61369257e-08],
       [1.51073420e-10]]), 2.2417241202269986), (2.274935517445882e-05, array([[ 2.63911363e-07],
       [ 1.83656809e-08],
       [-1.70647101e-11]]), 2.146205960028124), (2.577920255700844e-05, array([[ 4.75757035e-07],
       [-4.53981344e-09],
       [ 1.77252874e-10]]), 2.08237708039418), (2.9244956915495044e-05, array([[ 7.52190885e-07],
       [ 2.81985413e-09],
       [-4.02338397e-09]]), 2.072677215325047), (3.276813465580904e-05, array([[1.05704791e-06],
       [3.86503797e-08],
       [1.42152212e-09]]), 2.076168385481202), (3.525484360285846e-05, array([[ 1.37780974e-06],
       [-2.47344555e-08],
       [ 7.27360062e-09]]), 2.0269945870792605), (3.832957807637673e-05, array([[ 1.78055550e-06],
       [ 2.65916834e-08],
       [-7.27101673e-09]]), 2.024558277295066), (4.233206855676371e-05, array([[ 2.02902848e-06],
       [-9.41852071e-09],
       [-8.42660397e-09]]), 2.0262433381217995), (4.7342961224039995e-05, array([[2.12041862e-06],
       [2.82652355e-10],
       [1.40931295e-08]]), 2.030749752771154), (5.2849223566825434e-05, array([[ 2.23657951e-06],
       [ 1.57795367e-08],
       [-1.64770208e-09]]), 2.0611764648101), (5.746978717376897e-05, array([[2.26955576e-06],
       [8.85184582e-09],
       [1.83974367e-08]]), 2.0624844355705068), (6.267140487996182e-05, array([[ 2.30932074e-06],
       [-1.04912451e-08],
       [ 2.35208753e-09]]), 2.0907068926720545), (6.672934895524667e-05, array([[2.29822539e-06],
       [3.06462761e-08],
       [2.60992551e-08]]), 2.0874248646244147), (7.138979788585247e-05, array([[ 2.27192871e-06],
       [-3.78120908e-09],
       [ 1.12425298e-08]]), 2.1102692137105814), (7.584333446376595e-05, array([[ 2.11272772e-06],
       [-7.71182378e-09],
       [-4.12829815e-11]]), 2.133073348816948), (8.054202991760514e-05, array([[2.13989205e-06],
       [5.76681315e-09],
       [1.51846375e-08]]), 2.1686697223723597), (8.431994914263478e-05, array([[ 1.84679690e-06],
       [-5.27143716e-08],
       [ 1.23648441e-08]]), 2.186018900217813), (8.81497255948871e-05, array([[ 1.69178652e-06],
       [ 8.07864917e-09],
       [-7.29522318e-09]]), 2.2120088545446555), (9.176124734524795e-05, array([[ 1.49385825e-06],
       [-3.73384168e-09],
       [ 4.01081725e-09]]), 2.239815470621278), (9.467410789047137e-05, array([[ 1.28365431e-06],
       [ 9.18334671e-10],
       [-8.20109122e-09]]), 2.258396574464625), (9.776621071504032e-05, array([[ 1.02644835e-06],
       [-8.79379690e-09],
       [ 5.24045370e-09]]), 2.289346122888224), (9.972855385050499e-05, array([[ 7.92750847e-07],
       [-7.56277802e-08],
       [-1.68139585e-09]]), 2.3023051632526315), (0.00010136736487599936, array([[ 6.26374936e-07],
       [-6.49927759e-08],
       [ 3.13727905e-09]]), 2.3167369472153254), (0.00010281043449967269, array([[ 3.27125075e-07],
       [-4.17291557e-08],
       [ 4.96722305e-09]]), 2.335765787568795), (0.00010252731751381718, array([[-9.19012773e-08],
       [ 6.47858160e-08],
       [-8.01514308e-10]]), 2.324890232940622)]