[(0.00010387153956004714, array([[ 1.30905297e-07],
       [-1.89997136e-07],
       [ 1.17803095e-09]]), 2.3553715600831406), (0.00010312492555871979, array([[ 9.38594137e-09],
       [-2.50773318e-07],
       [-4.90021979e-09]]), 2.3429107574329273), (0.00010196099716143206, array([[-1.92718731e-07],
       [ 1.49514690e-09],
       [ 5.71765467e-09]]), 2.3303043300747306), (9.945545085595912e-05, array([[-4.76702618e-07],
       [ 5.02809027e-08],
       [ 2.76046206e-08]]), 2.2960003848299424), (9.95559795369415e-05, array([[-1.28987782e-06],
       [-1.21822369e-07],
       [-1.58850962e-08]]), 2.3312563113195663), (9.367649168871061e-05, array([[-1.12886601e-06],
       [-1.51031449e-07],
       [ 5.42724965e-09]]), 2.2345990118269765), (9.046018680302312e-05, array([[-1.20814981e-06],
       [-6.45255410e-08],
       [-2.62538232e-08]]), 2.208057668553421), (8.819299243034179e-05, array([[-2.15687563e-06],
       [ 1.00539188e-07],
       [ 1.89474872e-08]]), 2.213094582520413), (8.557782142488887e-05, array([[-1.67013532e-06],
       [ 1.55019449e-07],
       [ 3.73217669e-08]]), 2.2186296004260875), (8.080952010175117e-05, array([[-1.98597072e-06],
       [-1.81818046e-07],
       [ 1.89155031e-09]]), 2.1758721465474475), (7.768096093195415e-05, array([[-2.23920417e-06],
       [ 2.99584684e-08],
       [ 3.93936125e-08]]), 2.1847560981592187), (7.209185560900789e-05, array([[-2.35362645e-06],
       [-1.32127135e-07],
       [-4.00977626e-08]]), 2.1310219100803263), (6.619083411464434e-05, array([[-2.40233713e-06],
       [ 3.24864967e-08],
       [ 2.01835530e-09]]), 2.0705790646002535), (6.22448689469775e-05, array([[-2.52979528e-06],
       [ 1.02343105e-08],
       [ 4.04736431e-08]]), 2.0764777299977735), (5.7680904388443424e-05, array([[-2.46984494e-06],
       [ 7.46202052e-08],
       [ 8.61364836e-09]]), 2.0700610421800025), (5.328645635952964e-05, array([[-2.40522172e-06],
       [-5.18847016e-08],
       [-7.61603366e-09]]), 2.078229013194761), (4.73448396778188e-05, array([[-2.12262935e-06],
       [ 4.76072796e-08],
       [-3.85795249e-08]]), 2.0308303279918043), (4.189121990516509e-05, array([[-2.15204631e-06],
       [-5.68855423e-08],
       [ 5.46822199e-09]]), 2.005141920830463), (3.8161059334938434e-05, array([[-1.82335522e-06],
       [ 7.23061599e-08],
       [ 1.62680217e-08]]), 2.0156571614993637), (3.414588540993989e-05, array([[-1.30514662e-06],
       [-5.68185317e-08],
       [-1.21957785e-08]]), 1.9632344898947434), (3.384298855190533e-05, array([[-1.11158624e-06],
       [ 3.73336968e-08],
       [ 1.19842905e-08]]), 2.144270451757678), (3.0613342308909645e-05, array([[-8.53011386e-07],
       [ 2.09406840e-08],
       [-6.26716447e-09]]), 2.1696587644827177), (2.602297859436722e-05, array([[-5.14065280e-07],
       [ 5.85191390e-08],
       [-3.44109494e-09]]), 2.102068676044687), (2.27231087726983e-05, array([[-2.51775155e-07],
       [ 7.12493598e-08],
       [-6.33932432e-09]]), 2.143729837805941), (1.981164495684061e-05, array([[-9.97185955e-08],
       [-9.19131839e-08],
       [-1.59732734e-09]]), 2.2571662803876382), (1.814369059495042e-05, array([[9.85700787e-09],
       [1.67271975e-08],
       [2.19725290e-09]]), 2.3106471977100895), (2.0928822230176008e-05, array([[-1.08208051e-07],
       [ 2.62967778e-08],
       [-7.18581424e-10]]), 2.1590817227632084), (2.2563494599325828e-05, array([[-2.16307868e-07],
       [-9.35149851e-08],
       [ 5.57387076e-09]]), 1.9628046505515504), (2.6551447390408497e-05, array([[-4.75203605e-07],
       [-1.08939088e-08],
       [ 1.61543153e-10]]), 2.0036716912286794), (2.9006259854688026e-05, array([[-6.38897268e-07],
       [-6.45990618e-10],
       [ 1.34770755e-08]]), 1.939712545594716), (3.194808119312502e-05, array([[-8.65945852e-07],
       [ 1.20526349e-08],
       [-3.20268901e-09]]), 1.9250259668511365), (3.398258237485726e-05, array([[-1.24575545e-06],
       [-1.63847129e-08],
       [-1.62344924e-08]]), 1.8700888210280628), (3.79495133662724e-05, array([[-1.57388235e-06],
       [ 1.02780588e-07],
       [ 8.00069557e-09]]), 1.928923983616756), (4.388479501754196e-05, array([[-1.71858175e-06],
       [-1.54743436e-07],
       [ 2.27450626e-08]]), 1.9845156571365745), (4.913335800959334e-05, array([[-1.75529673e-06],
       [-4.85574203e-08],
       [ 3.07373704e-08]]), 2.0063430287401864), (5.3556565621856346e-05, array([[-2.00554690e-06],
       [ 1.69853294e-08],
       [-1.33711288e-08]]), 2.0009319906307246), (6.046816121943077e-05, array([[-2.01766014e-06],
       [-3.38737375e-08],
       [ 2.76759941e-08]]), 2.0898051661962924), (6.552839279105333e-05, array([[-1.87024800e-06],
       [ 3.04969758e-08],
       [ 6.55163153e-08]]), 2.114682499006755), (6.937934027474103e-05, array([[-1.84736151e-06],
       [ 1.70827008e-08],
       [ 1.13598400e-08]]), 2.10782840854138), (7.40373473418057e-05, array([[-2.03085630e-06],
       [ 4.77080265e-08],
       [-1.16272983e-08]]), 2.1330092966010157), (7.779907073954586e-05, array([[-1.85177628e-06],
       [ 1.66844394e-07],
       [-9.04484694e-09]]), 2.1393523468636335), (8.319042648670332e-05, array([[-1.42403948e-06],
       [-3.01759834e-08],
       [-3.85067236e-09]]), 2.196463559918453), (8.754332154786686e-05, array([[-1.56703171e-06],
       [-1.74428318e-07],
       [ 1.17666417e-08]]), 2.231471602224616), (9.302821834502192e-05, array([[-1.41397206e-06],
       [ 4.22098978e-08],
       [ 7.72472825e-09]]), 2.300985483393404), (9.183328502697618e-05, array([[-9.06750829e-07],
       [-4.79316517e-09],
       [ 4.18860735e-09]]), 2.214693775245176), (9.704885137032287e-05, array([[-1.27811469e-06],
       [-1.72310156e-08],
       [ 1.24521800e-08]]), 2.292444823166075), (9.85815448937275e-05, array([[-5.87320178e-07],
       [ 3.05451030e-08],
       [ 2.81653106e-09]]), 2.290862094852282), (0.00010165774082159051, array([[-6.99583683e-07],
       [ 1.28353867e-07],
       [ 1.10730761e-08]]), 2.33387307448318), (0.00010214054956840713, array([[-6.89368713e-07],
       [-2.85029428e-08],
       [-7.77305825e-09]]), 2.3262848590990752), (0.00010244125220034289, array([[-9.59723205e-08],
       [-1.32981799e-07],
       [-3.02952451e-09]]), 2.323985718662999), (0.0001031405121082736, array([[-1.02183779e-07],
       [ 4.49310124e-08],
       [ 8.66952092e-09]]), 2.3398491526289016), (0.00010168868557993273, array([[ 4.67972735e-07],
       [-1.38400920e-07],
       [-6.78141456e-09]]), 2.315993507043483), (0.00010050238262696826, array([[ 6.09494123e-07],
       [-5.07054650e-08],
       [-1.12885751e-08]]), 2.307348194429583), (9.800641181652567e-05, array([[ 7.37493265e-07],
       [ 2.93534550e-08],
       [-2.32968586e-09]]), 2.2774970114842152), (9.666540120808826e-05, array([[1.07580224e-06],
       [1.37230435e-07],
       [1.39973503e-08]]), 2.2833871338998453), (9.234094001513534e-05, array([[1.23750865e-06],
       [2.51266175e-07],
       [3.40293455e-08]]), 2.226936616627992), (9.14394490492722e-05, array([[1.55582569e-06],
       [9.61590369e-08],
       [3.18245312e-08]]), 2.261688427607353), (8.698075151908131e-05, array([[2.23022319e-06],
       [5.60351390e-08],
       [2.14429788e-08]]), 2.2171317414413885), (8.35816254282481e-05, array([[1.86946344e-06],
       [7.87025840e-08],
       [2.56683148e-08]]), 2.2067923231676603), (7.919459129828245e-05, array([[2.01659444e-06],
       [9.60528230e-09],
       [3.16450049e-08]]), 2.1777269720879406), (7.473419839637461e-05, array([[2.37240611e-06],
       [6.44437351e-08],
       [5.59942911e-08]]), 2.153085512606966), (7.061571855778985e-05, array([[ 1.61779245e-06],
       [ 7.48548771e-08],
       [-1.72613146e-08]]), 2.145391078615696), (6.487457233784483e-05, array([[ 1.90428154e-06],
       [ 3.32916559e-08],
       [-1.73655216e-08]]), 2.093582902160219), (6.051186858560581e-05, array([[ 1.85637157e-06],
       [ 8.86753727e-08],
       [-5.16487682e-09]]), 2.0913157112135603), (5.381223230041145e-05, array([[1.98687474e-06],
       [1.42764867e-09],
       [2.51156116e-09]]), 2.010483977957008), (4.941370892613153e-05, array([[ 1.78685112e-06],
       [ 3.13356985e-08],
       [-3.75706143e-08]]), 2.017791057732779), (4.4047792828931216e-05, array([[1.90401289e-06],
       [1.04862102e-07],
       [1.95425892e-08]]), 1.9918865861485886), (3.770626267901187e-05, array([[ 1.58175032e-06],
       [ 5.69952016e-08],
       [-3.81712163e-08]]), 1.9165598702707063), (3.599295843180831e-05, array([[ 1.27359435e-06],
       [ 7.45567357e-09],
       [-8.95938404e-09]]), 1.9807214312486505), (3.219152276725616e-05, array([[ 9.39718884e-07],
       [ 9.58318406e-08],
       [-1.04489352e-08]]), 1.9396944957302469), (2.8973473507765185e-05, array([[5.88424938e-07],
       [1.46541295e-08],
       [1.59143614e-08]]), 1.9375200502930443), (2.619462426631382e-05, array([[4.45436374e-07],
       [4.29167057e-08],
       [2.68002211e-09]]), 1.9767444814983897), (2.379144967349047e-05, array([[2.95539424e-07],
       [2.98259904e-08],
       [1.31529029e-08]]), 2.069624802883395), (2.158650098636721e-05, array([[ 1.39400836e-07],
       [ 6.55738801e-08],
       [-5.21260841e-09]]), 2.226929887668284), (1.8552921356546353e-05, array([[ 3.48164581e-08],
       [-6.69764834e-09],
       [-1.98024476e-09]]), 2.3627638223598497), (1.8938771632962632e-05, array([[ 8.95680647e-08],
       [-4.53223047e-08],
       [-5.46871582e-10]]), 2.1577186959998005), (2.2283176883486577e-05, array([[ 2.45696550e-07],
       [ 4.85042969e-08],
       [-2.93180497e-09]]), 2.102226048560407), (2.5763156874577514e-05, array([[ 5.34002985e-07],
       [ 1.77662983e-08],
       [-7.58615973e-10]]), 2.0810809518091484), (2.9285352189600737e-05, array([[ 7.50137991e-07],
       [-4.58438475e-08],
       [-1.76205627e-08]]), 2.0755401487356724), (3.307591678414023e-05, array([[1.12879794e-06],
       [2.52472464e-08],
       [3.00951502e-09]]), 2.0956692673949684), (3.658898279250633e-05, array([[ 1.39263166e-06],
       [-1.53870627e-07],
       [ 2.14961687e-09]]), 2.1037015765156646), (3.868357036643249e-05, array([[1.79102413e-06],
       [5.56606456e-09],
       [2.48393440e-08]]), 2.043256057362014), (4.1805373152938464e-05, array([[ 1.91552165e-06],
       [-6.09855702e-08],
       [-1.31156105e-08]]), 2.0010328277544827), (4.8146317663718365e-05, array([[ 2.20263775e-06],
       [-4.73236242e-08],
       [ 3.96744637e-09]]), 2.0652092764064345), (5.38084160939795e-05, array([[ 2.49191057e-06],
       [-1.37654584e-08],
       [ 9.02116576e-09]]), 2.0985860032812145), (5.8044936933929755e-05, array([[ 2.60601276e-06],
       [ 9.71425541e-09],
       [-4.38844145e-08]]), 2.083125497366454), (6.0467239990902174e-05, array([[ 2.49369427e-06],
       [ 2.41043531e-08],
       [-4.92993633e-08]]), 2.0171763449690117), (6.811165053949543e-05, array([[ 2.36331839e-06],
       [-1.83073465e-08],
       [ 3.31337402e-09]]), 2.1306659683148728), (7.197187993922875e-05, array([[ 2.22809359e-06],
       [ 1.53869621e-07],
       [-3.62151929e-08]]), 2.127475451485024), (7.529743028875617e-05, array([[ 2.46728739e-06],
       [ 3.83249931e-09],
       [-1.55718728e-08]]), 2.1177199409670124), (8.124629418316662e-05, array([[ 1.81652927e-06],
       [ 1.71736527e-08],
       [-4.77558291e-08]]), 2.187632698483521), (8.461728434847908e-05, array([[ 1.92359778e-06],
       [-8.24123938e-08],
       [ 1.64869473e-08]]), 2.1937274008310697), (8.87455906110044e-05, array([[ 1.64190399e-06],
       [-1.11779550e-07],
       [ 9.35726343e-09]]), 2.2269613536349224), (9.064041474938077e-05, array([[ 1.58565663e-06],
       [-3.48257345e-08],
       [ 6.78740026e-09]]), 2.212456882319242), (9.557965896474486e-05, array([[ 1.00327928e-06],
       [-1.02988565e-07],
       [-1.70617077e-08]]), 2.2799979762598017), (9.775460580720452e-05, array([[9.69195613e-07],
       [4.48887080e-08],
       [6.11766947e-09]]), 2.2890743761306678), (0.00010105152538317672, array([[ 9.38604934e-07],
       [ 4.90513776e-08],
       [-1.60289376e-08]]), 2.3328469095520137), (0.00010062226604253776, array([[ 8.85117780e-07],
       [ 1.72718868e-07],
       [-9.27761993e-09]]), 2.2997078175845096), (0.00010169921357637309, array([[ 3.13501979e-07],
       [-1.20492073e-07],
       [ 2.61613276e-09]]), 2.31051979159859), (0.00010160779578792514, array([[-2.56004929e-07],
       [-1.13385404e-07],
       [-7.85693042e-09]]), 2.304039330650947)]