[(0.00010277344119258194, array([[-1.90579099e-07],
       [ 1.27022343e-09],
       [-1.56339110e-08]]), 2.330471287343791), (0.00010115484774792664, array([[-4.33006524e-07],
       [ 1.33430760e-07],
       [ 7.82626125e-09]]), 2.29815226213337), (9.988923000592107e-05, array([[-1.95592338e-07],
       [-1.15379559e-08],
       [ 1.62741680e-08]]), 2.2829543814885076), (9.89104372455981e-05, array([[-7.40143604e-07],
       [ 8.17622309e-08],
       [-1.91913162e-09]]), 2.283418354902404), (9.715332819104366e-05, array([[-1.56300700e-06],
       [ 1.22136733e-07],
       [ 1.96550740e-08]]), 2.2749945363857322), (9.5281025165163e-05, array([[-1.47028166e-06],
       [-6.27713750e-08],
       [-1.30315740e-08]]), 2.2728742381541798), (8.997612122147228e-05, array([[-1.59578239e-06],
       [ 1.04670432e-07],
       [ 2.52344918e-08]]), 2.1962420316727065), (9.031493290495594e-05, array([[-1.67842793e-06],
       [ 9.86970533e-08],
       [-6.20625196e-09]]), 2.266342066695627), (8.349025357645298e-05, array([[-1.79698234e-06],
       [-1.35690402e-08],
       [ 3.39066223e-08]]), 2.1645088043562466), (8.090916304488119e-05, array([[-2.24407997e-06],
       [-4.62040654e-08],
       [-9.44543749e-09]]), 2.1785551262790888), (7.482828379326215e-05, array([[-2.25395072e-06],
       [-1.07651676e-07],
       [-1.87320576e-08]]), 2.1045253221741462), (7.125438448421182e-05, array([[-2.24061570e-06],
       [-7.70480443e-08],
       [ 4.28823577e-08]]), 2.1062664186184445), (6.781499821711164e-05, array([[-2.45611751e-06],
       [ 3.23832186e-08],
       [ 1.62894169e-08]]), 2.121386102055309), (6.168602274492239e-05, array([[-2.35712600e-06],
       [-6.47012777e-09],
       [ 5.65796919e-08]]), 2.0578347203378167), (5.8066637709699706e-05, array([[-2.48262902e-06],
       [ 4.32751466e-10],
       [-2.33934892e-08]]), 2.083904298097525), (5.1764579191801034e-05, array([[-2.20200099e-06],
       [ 1.74230460e-08],
       [-1.45744384e-08]]), 2.0188741695708496), (4.622407385506767e-05, array([[-1.96821882e-06],
       [ 4.62813023e-08],
       [ 7.23645326e-09]]), 1.982755707000194), (4.2853345095025884e-05, array([[-1.96759875e-06],
       [-2.17844228e-07],
       [-4.08498057e-09]]), 2.051194472072567), (3.8307405171102714e-05, array([[-1.76615374e-06],
       [-6.93924409e-08],
       [ 6.50763324e-09]]), 2.0233871102445256), (3.516357451791137e-05, array([[-1.29534432e-06],
       [ 1.19669961e-08],
       [ 2.99506395e-09]]), 2.021747026113183), (3.156763454827834e-05, array([[-1.01293695e-06],
       [ 1.85965127e-08],
       [-1.42307368e-08]]), 2.000105454337815), (2.931363012691791e-05, array([[-7.97813555e-07],
       [-3.88183077e-08],
       [-1.80179810e-09]]), 2.0775442903913794), (2.6160636232725152e-05, array([[-4.37306270e-07],
       [ 9.55738215e-08],
       [-4.67354771e-09]]), 2.1131883028222735), (2.3697083416680054e-05, array([[-3.01375136e-07],
       [ 2.16441860e-08],
       [ 1.18436004e-08]]), 2.2356159668763946), (1.8506607311486272e-05, array([[-5.97293038e-08],
       [-1.61281677e-08],
       [-1.80277198e-09]]), 2.1084816570690075), (1.7809913975286267e-05, array([[ 3.10396074e-08],
       [ 3.18296765e-08],
       [-1.01956708e-09]]), 2.2681398584864607), (2.026493465476638e-05, array([[-9.62955845e-08],
       [-3.66975444e-08],
       [-7.69305710e-11]]), 2.0905930369560446), (2.4915005877179522e-05, array([[-2.32014449e-07],
       [ 5.47828053e-09],
       [ 2.84256527e-09]]), 2.167363268529705), (2.6358323630765667e-05, array([[-4.07033348e-07],
       [ 5.86327052e-08],
       [ 4.58713012e-09]]), 1.9890978488158633), (2.9105151627194202e-05, array([[-6.61333276e-07],
       [ 4.93480197e-08],
       [-3.32784670e-08]]), 1.9463256564455218), (3.337667933991705e-05, array([[-9.40101759e-07],
       [ 5.80422787e-08],
       [-3.41705189e-09]]), 2.011105894848874), (3.579507587632246e-05, array([[-1.30283643e-06],
       [ 1.55114382e-08],
       [-1.89942818e-08]]), 1.9698317951754274), (3.8112611067701766e-05, array([[-1.56430531e-06],
       [-1.20761242e-07],
       [ 5.61936334e-09]]), 1.9372140258347805), (4.407108783904624e-05, array([[-1.64438988e-06],
       [-3.58233015e-08],
       [ 4.82248764e-08]]), 1.9929400105131736), (4.757499337121544e-05, array([[-1.62218407e-06],
       [ 7.38551907e-08],
       [-2.36443466e-10]]), 1.9427077683976262), (5.4954144441132824e-05, array([[-1.93303159e-06],
       [-1.86258698e-08],
       [-2.77051428e-08]]), 2.053147067091434), (5.843647229924814e-05, array([[-2.12962872e-06],
       [ 3.79978420e-08],
       [-2.85352779e-08]]), 2.0195891398465933), (6.4332489249946e-05, array([[-1.97960628e-06],
       [ 1.42757750e-07],
       [-2.93422183e-08]]), 2.076089208660938), (6.898437219701248e-05, array([[-2.21441067e-06],
       [-4.89237856e-08],
       [-1.47254954e-08]]), 2.095828799847979), (7.442632788476603e-05, array([[-2.07404283e-06],
       [ 3.13821193e-08],
       [-4.90571082e-08]]), 2.144215790946374), (8.010524490235032e-05, array([[-2.17179444e-06],
       [-7.13091550e-08],
       [ 3.03559101e-08]]), 2.2027685170128763), (8.41782693274171e-05, array([[-1.62865179e-06],
       [-1.89830567e-07],
       [ 2.49803104e-08]]), 2.2225454168602607), (8.680182957113929e-05, array([[-1.63315443e-06],
       [-1.21663673e-07],
       [ 2.18021798e-08]]), 2.212571036652172), (9.009847533308484e-05, array([[-1.66672056e-06],
       [ 1.78493981e-08],
       [-6.83263981e-09]]), 2.2285204156917042), (9.642086516058196e-05, array([[-1.01751237e-06],
       [ 2.35060748e-08],
       [-3.33481841e-08]]), 2.325329969543906), (9.72884361603523e-05, array([[-8.33786284e-07],
       [-1.82696477e-07],
       [ 2.81384368e-08]]), 2.298104188566666), (0.00010057754702307015, array([[-8.34212987e-07],
       [-2.23215685e-07],
       [-4.39055781e-09]]), 2.3372456813976625), (0.00010071392751858694, array([[-5.91228781e-07],
       [-1.25221025e-07],
       [ 2.28297759e-08]]), 2.312204872559582), (0.00010194860716103721, array([[-4.15138038e-07],
       [-1.22545021e-08],
       [-1.01427613e-08]]), 2.3219133071741007), (0.00010106608276328093, array([[ 2.77331060e-07],
       [-2.65562663e-08],
       [ 3.88489179e-09]]), 2.29278857821587), (0.00010050048852830615, array([[-1.18367402e-08],
       [-1.71213174e-07],
       [ 5.69758046e-09]]), 2.2799574882359375), (0.00010259420060243435, array([[ 2.51388157e-07],
       [-7.74905830e-09],
       [ 2.14950637e-09]]), 2.3366169117092412), (0.0001006890935867158, array([[ 5.74868694e-07],
       [-5.01741261e-08],
       [-5.55681838e-09]]), 2.3116347315702264), (9.811876671575596e-05, array([[7.75727771e-07],
       [4.55043837e-08],
       [5.30216230e-09]]), 2.2801079421619104), (9.640689662610367e-05, array([[ 1.06963730e-06],
       [-2.76358837e-08],
       [-6.04666290e-09]]), 2.277280853584646), (9.491041591780692e-05, array([[ 1.37753981e-06],
       [-5.78900948e-08],
       [-9.58287932e-09]]), 2.2889032803013825), (9.018920376446666e-05, array([[1.87552135e-06],
       [3.38309774e-09],
       [1.13944281e-08]]), 2.230764517613192), (8.849253250057152e-05, array([[ 1.37063095e-06],
       [ 2.86874061e-08],
       [-1.13943780e-08]]), 2.2556669063098367), (8.426913319112732e-05, array([[1.99579435e-06],
       [7.50482039e-08],
       [3.31325829e-08]]), 2.224944480959118), (8.0724957411237e-05, array([[ 1.83686314e-06],
       [-1.90974457e-08],
       [-2.56624798e-08]]), 2.21980963842557), (7.484959078132321e-05, array([[ 1.78291082e-06],
       [-1.47873699e-07],
       [-3.07739243e-08]]), 2.1564099568055943), (7.047467133540944e-05, array([[2.03803648e-06],
       [5.95559093e-08],
       [5.42485469e-09]]), 2.1411058931252893), (6.432829689592721e-05, array([[ 2.13957554e-06],
       [-7.91573350e-08],
       [-1.91936868e-08]]), 2.0759539161976925), (6.0939408540508505e-05, array([[2.04732802e-06],
       [1.27153338e-07],
       [2.49324722e-08]]), 2.10609167245486), (5.331096175450601e-05, array([[1.96445507e-06],
       [5.31885539e-08],
       [2.63382800e-08]]), 1.9917559609600817), (4.9436072276098354e-05, array([[ 1.72532636e-06],
       [ 7.40886382e-08],
       [-7.72823994e-09]]), 2.018704257097179), (4.283256850381306e-05, array([[ 1.53111536e-06],
       [-6.15573949e-08],
       [ 3.94226660e-09]]), 1.936932889790517), (3.7615861047667376e-05, array([[ 1.56167769e-06],
       [-2.52449497e-08],
       [-3.58207315e-08]]), 1.9119648739350363), (3.473575631019459e-05, array([[1.24549632e-06],
       [1.41020871e-07],
       [1.76292631e-09]]), 1.911536588040794), (3.2263104759432004e-05, array([[9.67879726e-07],
       [7.42423955e-08],
       [1.51900862e-08]]), 1.9440076559749717), (2.969394867253415e-05, array([[ 6.53195881e-07],
       [ 3.16392430e-08],
       [-8.93403998e-10]]), 1.9856998129681662), (2.6339528293424807e-05, array([[ 3.94367978e-07],
       [-3.18618161e-08],
       [ 1.74568610e-08]]), 1.987679482246115), (2.2584930536725283e-05, array([[ 2.48425087e-07],
       [ 4.71238363e-09],
       [-7.77812826e-09]]), 1.9646693686886887), (2.062504963543695e-05, array([[1.08121200e-07],
       [2.62192116e-08],
       [5.75772997e-09]]), 2.12774360684038), (1.8622546650851188e-05, array([[ 1.10752455e-08],
       [-3.79482926e-08],
       [-1.24277072e-09]]), 2.3716307885557995), (1.9836713674588266e-05, array([[ 1.31390980e-07],
       [-8.72682473e-09],
       [-6.66387104e-10]]), 2.2600223917562694), (2.258279190290119e-05, array([[ 2.70243314e-07],
       [-1.67589787e-08],
       [-4.06140183e-10]]), 2.130492148212477), (2.5231233568407545e-05, array([[ 4.84351852e-07],
       [-6.33181005e-08],
       [-7.74588785e-09]]), 2.038113567583576), (2.9716023932592102e-05, array([[7.11317544e-07],
       [5.03799877e-08],
       [8.26315856e-09]]), 2.1060631381031), (3.375350106154025e-05, array([[ 1.11308094e-06],
       [-1.62712728e-07],
       [-1.68747899e-09]]), 2.138600580697163), (3.5530416718893334e-05, array([[ 1.45889816e-06],
       [-1.14813180e-08],
       [-1.59588738e-08]]), 2.0428387990360526), (3.7894570125024176e-05, array([[ 1.72384160e-06],
       [-1.36004407e-08],
       [-1.05371910e-08]]), 2.0015812712125807), (4.356648102949203e-05, array([[ 2.29222302e-06],
       [-2.80884526e-08],
       [ 3.32245103e-08]]), 2.085329041576293), (4.858042225271543e-05, array([[ 2.22342528e-06],
       [-1.06161294e-07],
       [ 1.23903704e-08]]), 2.0838299491313794), (5.243932029398701e-05, array([[ 2.06443291e-06],
       [-1.95246997e-07],
       [ 1.24261603e-08]]), 2.045189797044681), (5.9338749396196465e-05, array([[ 2.56469517e-06],
       [-9.38132089e-08],
       [ 3.27050339e-08]]), 2.129558035178082), (6.193383530194926e-05, array([[ 2.40665013e-06],
       [-2.28786391e-07],
       [ 3.88383994e-08]]), 2.0661017030559985), (6.736501264160062e-05, array([[ 2.21053605e-06],
       [ 1.20028464e-07],
       [-2.50298708e-08]]), 2.1073096710133394), (7.124694922785971e-05, array([[ 2.57952561e-06],
       [ 1.34149104e-07],
       [-3.18058308e-08]]), 2.106046633816687), (7.785169417564921e-05, array([[ 2.19013681e-06],
       [ 1.03857304e-08],
       [-1.06165518e-08]]), 2.1895579246408463), (8.001318965931396e-05, array([[ 2.09943591e-06],
       [-1.68778791e-07],
       [ 1.89046040e-08]]), 2.1544302022447823), (8.54301324725484e-05, array([[ 1.87912188e-06],
       [ 1.31928609e-07],
       [-3.77761997e-08]]), 2.214800721916882), (8.94263038440956e-05, array([[ 1.78414887e-06],
       [ 1.42340167e-07],
       [-4.75756091e-08]]), 2.2440430142849337), (9.185456298010231e-05, array([[ 1.23386675e-06],
       [-1.55791123e-07],
       [ 9.26275360e-09]]), 2.242093227393821), (9.537579665957998e-05, array([[ 1.43610939e-06],
       [ 6.43912074e-08],
       [-3.62675883e-09]]), 2.2751349578284112), (9.823111029723802e-05, array([[ 8.74893804e-07],
       [-2.69231375e-09],
       [ 7.10941785e-09]]), 2.300232461309776), (0.00010063594302502167, array([[ 7.41095381e-07],
       [-6.46293696e-08],
       [ 3.47879769e-09]]), 2.3232528928737874), (0.00010013265169746727, array([[ 4.57225505e-07],
       [ 1.99490302e-07],
       [-3.56956579e-08]]), 2.2885177502043526), (0.00010121549963167085, array([[ 4.93083542e-07],
       [ 8.01937588e-08],
       [-1.60507855e-08]]), 2.2995302214396474), (0.00010258663982243334, array([[ 2.83687577e-07],
       [-5.72494981e-08],
       [-1.71910655e-08]]), 2.3262354144906867)]