[(0.00010271866906675462, array([[-3.39964434e-07],
       [ 1.57422535e-07],
       [ 4.60217637e-09]]), 2.3292292848857037), (0.00010161701954657597, array([[-4.25736607e-07],
       [ 1.16892219e-07],
       [ 8.08595130e-09]]), 2.3086524130228954), (9.950787316938943e-05, array([[-2.87225920e-07],
       [ 3.41191403e-07],
       [ 5.15283340e-09]]), 2.274238524325339), (0.00010177881216655371, array([[-5.36574621e-07],
       [-1.23270035e-07],
       [-1.70790860e-08]]), 2.3496368463543087), (9.785322311647931e-05, array([[-9.27653660e-07],
       [-8.78305169e-09],
       [-2.53146879e-08]]), 2.291383652034752), (9.48196005460452e-05, array([[-1.27694705e-06],
       [ 2.07219970e-07],
       [ 5.64692960e-09]]), 2.261867218363776), (9.089381532596596e-05, array([[-1.58376871e-06],
       [ 5.59639713e-09],
       [ 9.44330980e-09]]), 2.218642178924512), (8.836393141405073e-05, array([[-1.75543649e-06],
       [-2.82615790e-08],
       [ 2.92277712e-08]]), 2.2173840858966205), (8.38528374469506e-05, array([[-1.52133712e-06],
       [-6.23533712e-08],
       [ 2.44692421e-08]]), 2.1739088953416092), (8.325265264144082e-05, array([[-2.13393971e-06],
       [ 1.78035660e-07],
       [ 2.61357324e-08]]), 2.2416557823955614), (7.503765865319804e-05, array([[-2.14296610e-06],
       [-4.93017633e-08],
       [ 1.25941381e-09]]), 2.110413933702097), (7.104859324603807e-05, array([[-2.55909714e-06],
       [-1.41693160e-07],
       [ 1.34744755e-08]]), 2.1001832677029055), (6.620291059387258e-05, array([[-2.37981976e-06],
       [-1.33972605e-08],
       [-5.01827776e-09]]), 2.0709568405476118), (6.282871546366207e-05, array([[-2.30004052e-06],
       [-7.76411949e-08],
       [-1.52457164e-08]]), 2.0959547456962886), (5.718779946174695e-05, array([[-2.35569774e-06],
       [-1.12178187e-09],
       [ 8.16683111e-09]]), 2.0523644178069302), (5.4018179615364096e-05, array([[-2.26795462e-06],
       [-2.30699711e-08],
       [ 3.05579670e-08]]), 2.10676700584423), (4.6919417114651456e-05, array([[-2.21781406e-06],
       [-1.41642646e-07],
       [ 6.16266075e-09]]), 2.01258206589246), (4.139254808732622e-05, array([[-1.92693413e-06],
       [-6.28913563e-08],
       [-6.67483496e-09]]), 1.9812727719026193), (3.95532766225067e-05, array([[-1.90238672e-06],
       [-1.18171464e-07],
       [ 2.22836409e-09]]), 2.089193714073022), (3.6336926942999204e-05, array([[-1.44445396e-06],
       [-1.60695121e-08],
       [ 4.06216360e-09]]), 2.0892095013742145), (3.224672113254121e-05, array([[-1.05943497e-06],
       [ 1.36013089e-07],
       [ 8.72974334e-09]]), 2.043131952857194), (2.9304814861886377e-05, array([[-7.40970781e-07],
       [ 8.01287870e-08],
       [-2.05692896e-09]]), 2.076919526298524), (2.6449661373747564e-05, array([[-5.20463753e-07],
       [-3.56341627e-09],
       [ 4.47318094e-09]]), 2.1365350036363036), (2.3098010096637032e-05, array([[-2.89696769e-07],
       [ 8.47737112e-09],
       [ 4.87252709e-09]]), 2.1790985526415643), (2.0280667772584254e-05, array([[-8.78562478e-08],
       [-1.72133766e-08],
       [ 2.49005691e-10]]), 2.3106026551427528), (1.7375880122216676e-05, array([[-2.92369154e-08],
       [ 4.33376402e-08],
       [ 2.18179939e-09]]), 2.2128644942457543), (2.0771167493219128e-05, array([[-1.21614704e-07],
       [-1.05747576e-08],
       [-4.25066421e-09]]), 2.142817574817996), (2.2741477114870044e-05, array([[-2.86953539e-07],
       [ 6.12644948e-08],
       [-2.96589083e-09]]), 1.9782873989214544), (2.615818320088455e-05, array([[-4.55599987e-07],
       [ 4.06855737e-08],
       [ 1.05780482e-08]]), 1.9739945021799283), (2.9873627170544563e-05, array([[-7.41321365e-07],
       [ 5.02763496e-08],
       [-1.63166752e-08]]), 1.9977153102611789), (3.1893571924614236e-05, array([[-9.81664579e-07],
       [ 7.71979178e-08],
       [-2.25892975e-10]]), 1.9217415205432973), (3.356360984734814e-05, array([[-1.22566223e-06],
       [-5.42148107e-08],
       [ 1.23079204e-08]]), 1.8470324260969821), (3.7499398832640146e-05, array([[-1.68328463e-06],
       [-5.60491462e-08],
       [ 1.85413899e-08]]), 1.9060452523160971), (4.210461996001911e-05, array([[-1.82077901e-06],
       [-2.74370084e-08],
       [-1.40084901e-08]]), 1.9040143064367265), (4.9343898468658805e-05, array([[-1.67711101e-06],
       [-1.76897242e-08],
       [-1.92162417e-08]]), 2.014940372773365), (5.365286166274885e-05, array([[-2.06267371e-06],
       [-7.39183116e-09],
       [ 3.40158609e-08]]), 2.0045297162607314), (6.0159139946314815e-05, array([[-2.05292752e-06],
       [-5.08862648e-08],
       [ 1.78224299e-08]]), 2.0791252606063284), (6.334267549676486e-05, array([[-2.16396270e-06],
       [-1.81803951e-08],
       [ 2.09154985e-08]]), 2.044146691349357), (6.856427108163868e-05, array([[-1.94989674e-06],
       [ 1.04906371e-07],
       [-7.65283571e-08]]), 2.0830656190229915), (7.502390526969005e-05, array([[-1.71080262e-06],
       [ 9.66215848e-08],
       [ 2.10969950e-08]]), 2.1614319414872205), (7.782879673968139e-05, array([[-1.73702147e-06],
       [ 2.82126777e-08],
       [ 3.21089082e-09]]), 2.1401697652151426), (8.341405582403253e-05, array([[-1.54505687e-06],
       [ 1.07093848e-07],
       [-8.97277892e-10]]), 2.2023680096384077), (8.603126654426145e-05, array([[-1.40059673e-06],
       [-1.45821363e-08],
       [ 6.41205232e-09]]), 2.1929294525564402), (9.095329715663373e-05, array([[-1.30022846e-06],
       [-2.57526640e-08],
       [-1.06542060e-08]]), 2.2496638132743487), (9.389406377362412e-05, array([[-1.38495854e-06],
       [-3.44916619e-08],
       [ 2.89771920e-08]]), 2.26439246413579), (9.624709325039398e-05, array([[-1.16999138e-06],
       [ 5.71704828e-08],
       [ 4.18785448e-09]]), 2.2735060492856003), (9.853389104898625e-05, array([[-1.07738198e-06],
       [ 1.72224162e-07],
       [-2.88895334e-08]]), 2.289754703131962), (0.00010036927840416958, array([[-2.94548575e-07],
       [ 2.08395420e-08],
       [ 2.78780042e-09]]), 2.304292368486775), (0.00010168760433264562, array([[-6.90289605e-07],
       [ 2.32918491e-07],
       [-7.53534078e-09]]), 2.315968881278265), (0.00010352021607626102, array([[-2.00902281e-07],
       [-5.45917190e-08],
       [ 1.40829507e-08]]), 2.348463129713023), (0.00010152666304950257, array([[-1.72270150e-07],
       [ 9.86547751e-08],
       [-9.08754924e-09]]), 2.3032373181959658), (0.00010091000374445835, array([[ 5.46152543e-07],
       [-6.36486055e-08],
       [-1.01228094e-08]]), 2.298258770236468), (0.000100968163243564, array([[ 7.80004676e-07],
       [-6.36023772e-08],
       [ 1.17078196e-09]]), 2.318041652998535), (0.00010016958825910836, array([[ 6.57272026e-07],
       [ 8.87963166e-08],
       [-1.07775380e-08]]), 2.327765435681992), (9.728520779295094e-05, array([[8.35533309e-07],
       [1.42672638e-07],
       [2.00723547e-08]]), 2.2980279295071093), (9.45511445444194e-05, array([[1.21669914e-06],
       [4.92492172e-08],
       [1.45112409e-08]]), 2.2802389264776965), (9.243337161962075e-05, array([[ 1.20186518e-06],
       [-2.03893774e-07],
       [-1.05397332e-08]]), 2.2862723812364236), (8.708059195240303e-05, array([[ 1.60202856e-06],
       [-7.13966662e-08],
       [ 3.46819755e-09]]), 2.219676665346171), (8.345052513698913e-05, array([[1.80338820e-06],
       [1.53890943e-07],
       [2.66621932e-08]]), 2.2033309030907837), (8.080150901471279e-05, array([[1.85781965e-06],
       [3.36025166e-08],
       [1.94543355e-08]]), 2.221914687380465), (7.260530681193222e-05, array([[ 2.10279606e-06],
       [-1.87336151e-07],
       [-4.89842632e-08]]), 2.0917523381469567), (7.079075697470241e-05, array([[ 2.26300121e-06],
       [-1.08130762e-08],
       [-3.54025452e-08]]), 2.1507089577753034), (6.531235559001915e-05, array([[1.83387661e-06],
       [1.33454463e-08],
       [4.17933312e-08]]), 2.1077107106154522), (5.848603308475637e-05, array([[1.81283024e-06],
       [1.27349293e-07],
       [3.91187948e-08]]), 2.021301981505858), (5.429997235075755e-05, array([[1.99975516e-06],
       [5.39897721e-08],
       [1.28219250e-08]]), 2.028706480810161), (4.80093141409307e-05, array([[1.74041681e-06],
       [6.56572678e-08],
       [1.28652582e-08]]), 1.9604431010485117), (4.284636788883034e-05, array([[1.83162945e-06],
       [8.77148988e-08],
       [6.16241130e-09]]), 1.9375569122022587), (3.724463845188643e-05, array([[ 1.39948829e-06],
       [-1.06210298e-08],
       [ 4.50371368e-09]]), 1.8930961163477855), (3.558843734220231e-05, array([[ 1.25910530e-06],
       [-2.79836790e-08],
       [-8.37847781e-09]]), 1.9584603105604836), (3.211068338567919e-05, array([[9.43580627e-07],
       [3.77324311e-08],
       [1.21636378e-09]]), 1.934823533128795), (2.9843379990112776e-05, array([[ 7.42295315e-07],
       [ 1.12202822e-08],
       [-2.88077261e-09]]), 1.9956926146207776), (2.723572195368518e-05, array([[ 4.32798378e-07],
       [-6.51739679e-08],
       [ 1.37554239e-09]]), 2.055309613308989), (2.3155224319942044e-05, array([[ 2.32143264e-07],
       [ 5.80179716e-08],
       [-8.61999618e-09]]), 2.0142793829952463), (2.006552755101368e-05, array([[ 9.10599264e-08],
       [-4.95239286e-08],
       [-6.04323545e-09]]), 2.070021586333233), (1.8096507409913895e-05, array([[ 6.25312663e-09],
       [ 3.27112274e-08],
       [-1.39245292e-09]]), 2.3046382937490604), (1.9731731975086844e-05, array([[ 1.27511725e-07],
       [-6.58459056e-08],
       [-3.64809996e-09]]), 2.2480616912344997), (2.34792529780216e-05, array([[2.69005598e-07],
       [4.86625780e-10],
       [1.19224706e-09]]), 2.2150655388691383), (2.5469658240903983e-05, array([[ 5.51749674e-07],
       [-1.97191091e-08],
       [-1.07143723e-09]]), 2.0573728938683646), (2.9979120759356303e-05, array([[ 8.02406487e-07],
       [ 1.74791154e-08],
       [-5.56881632e-09]]), 2.124709593963309), (3.3854519280850095e-05, array([[1.16644298e-06],
       [3.68971405e-08],
       [1.04342325e-08]]), 2.1450010314854575), (3.516107948573306e-05, array([[ 1.47463571e-06],
       [-5.77571405e-08],
       [-2.01442446e-08]]), 2.0216035730099193), (3.8067969768919044e-05, array([[ 1.72445789e-06],
       [-9.05448608e-08],
       [ 1.74418466e-09]]), 2.010740194997963), (4.182432737118737e-05, array([[ 2.04976807e-06],
       [-1.02062960e-07],
       [-1.25257366e-08]]), 2.0019400798630027), (4.728031135373121e-05, array([[1.97435792e-06],
       [2.71465000e-08],
       [3.91004604e-08]]), 2.0280624217434506), (5.251149620697678e-05, array([[2.36114121e-06],
       [6.82264327e-08],
       [1.53263816e-08]]), 2.048004735148598), (5.701221310653669e-05, array([[ 2.23911740e-06],
       [-5.24269128e-08],
       [ 6.32959208e-08]]), 2.0460629480690176), (6.130053253582911e-05, array([[ 2.13036183e-06],
       [ 1.27486794e-07],
       [-2.43476618e-08]]), 2.0449748356942137), (6.49639791566444e-05, array([[ 2.33261180e-06],
       [-2.53866489e-07],
       [-1.87982203e-09]]), 2.032200636146915), (7.135154191928972e-05, array([[ 2.68156701e-06],
       [ 8.33632228e-08],
       [-5.13360409e-08]]), 2.1091383744188494), (7.642146078438148e-05, array([[2.04653039e-06],
       [1.68604386e-08],
       [5.33205708e-08]]), 2.1493329958310667), (8.130661815428382e-05, array([[ 1.54395920e-06],
       [-5.91012884e-08],
       [-2.50325023e-08]]), 2.18925697800353), (8.47779144570116e-05, array([[ 2.12352723e-06],
       [ 5.50202539e-10],
       [-2.47573564e-08]]), 2.197891782531563), (8.920292366637421e-05, array([[ 2.04882182e-06],
       [-3.24775764e-09],
       [ 1.60631738e-08]]), 2.238437563698277), (9.096863359611546e-05, array([[ 1.86367640e-06],
       [-7.82278856e-08],
       [ 3.43355146e-08]]), 2.220468430461127), (9.503930993148181e-05, array([[ 1.12522884e-06],
       [ 6.52893916e-09],
       [-5.17203484e-09]]), 2.2671082598111574), (9.970205815773542e-05, array([[ 1.04237669e-06],
       [-1.86138740e-07],
       [ 4.54356669e-08]]), 2.3346769667966023), (9.849030991324524e-05, array([[ 6.66459826e-07],
       [ 1.12552522e-08],
       [-6.16881962e-09]]), 2.273719414236429), (0.00010181237797621372, array([[4.90111301e-07],
       [9.45290856e-08],
       [1.20493900e-08]]), 2.326907659382132), (0.00010220319357743053, array([[ 3.41882231e-07],
       [-1.37184228e-07],
       [ 8.95434092e-09]]), 2.321969789352393), (0.00010470406878287336, array([[ 3.41467693e-07],
       [ 2.55121676e-08],
       [-5.31702529e-09]]), 2.3742498366802582)]