[(0.00010168683799078427, array([[-2.41774171e-07],
       [ 1.95862468e-08],
       [ 1.94293488e-11]]), 2.3058316768263216), (0.00010119510436596656, array([[-5.50118698e-08],
       [-1.35813920e-07],
       [ 3.55051458e-09]]), 2.2990668583180707), (0.00010218436713947951, array([[-9.30655145e-07],
       [ 1.75986217e-07],
       [-4.26549696e-10]]), 2.3354094196829522), (9.920058694813967e-05, array([[-8.71753404e-07],
       [ 4.26823745e-08],
       [-1.32001404e-09]]), 2.290116668800338), (9.746162343411176e-05, array([[-1.35641650e-06],
       [ 2.41980885e-08],
       [ 3.88001674e-10]]), 2.2822137434539087), (9.530528719656102e-05, array([[-1.36331639e-06],
       [-2.67718393e-08],
       [-3.87727104e-08]]), 2.2734529950056546), (9.163999327536403e-05, array([[-1.31083488e-06],
       [ 1.91968696e-07],
       [ 1.65945813e-08]]), 2.236855759964992), (8.873024560783213e-05, array([[-2.04796588e-06],
       [-3.07288876e-07],
       [-3.06360437e-08]]), 2.2265762896694796), (8.440370003027764e-05, array([[-1.84829375e-06],
       [ 9.50369653e-08],
       [ 1.69262721e-08]]), 2.1881901660351994), (8.12195380184343e-05, array([[-2.24919730e-06],
       [ 1.03134226e-07],
       [-1.77537815e-08]]), 2.1869122636447016), (7.573892648664357e-05, array([[-2.51072383e-06],
       [ 8.03684672e-08],
       [-1.57806214e-08]]), 2.130136902588966), (7.297110501686191e-05, array([[-2.34361095e-06],
       [-1.88817747e-07],
       [-5.30737733e-08]]), 2.1570123598576787), (6.65660259604804e-05, array([[-2.35697631e-06],
       [ 2.31990944e-08],
       [ 4.16057758e-08]]), 2.082315801137692), (6.195913805284416e-05, array([[-2.25807962e-06],
       [ 1.71996594e-07],
       [ 6.10350926e-08]]), 2.066945798314446), (5.753898105846321e-05, array([[-2.27343461e-06],
       [-2.64918731e-08],
       [ 2.85114018e-08]]), 2.064967676195482), (5.1256543182086426e-05, array([[-2.30071943e-06],
       [-1.07787894e-07],
       [ 2.22232111e-08]]), 1.9990602196993685), (4.755042145071103e-05, array([[-2.05757044e-06],
       [ 1.00198679e-07],
       [-2.71130177e-08]]), 2.0396486427672467), (4.189217735278281e-05, array([[-1.82025073e-06],
       [-1.72759398e-07],
       [-6.12698327e-10]]), 2.0051877494876287), (3.810075226036537e-05, array([[-1.83303527e-06],
       [-2.70199805e-08],
       [ 6.35982431e-09]]), 2.0124717576119777), (3.514374485163143e-05, array([[-1.39188031e-06],
       [-4.98117637e-08],
       [ 1.66698081e-08]]), 2.020606909689301), (3.207707261332487e-05, array([[-1.05247671e-06],
       [ 4.45361285e-08],
       [-1.98851522e-08]]), 2.0323831294670223), (2.9283405903936162e-05, array([[-7.60912439e-07],
       [ 2.11498910e-08],
       [ 8.76977017e-09]]), 2.0754022096727724), (2.650828511570559e-05, array([[-5.34261174e-07],
       [ 1.77278070e-08],
       [-6.91832891e-09]]), 2.1412704773713958), (2.377937916762552e-05, array([[-2.76001685e-07],
       [ 1.92075213e-08],
       [ 9.43976148e-10]]), 2.243379863031238), (2.0657658742161607e-05, array([[-8.46971534e-08],
       [ 5.95661379e-08],
       [-5.68680779e-09]]), 2.353553722880661), (1.7516999794019024e-05, array([[-5.46252387e-09],
       [ 6.71567214e-08],
       [-1.90091127e-09]]), 2.23083645934764), (2.1262910068593822e-05, array([[-1.15986834e-07],
       [ 7.85366866e-08],
       [ 1.70367213e-09]]), 2.193547252537996), (2.454065875893625e-05, array([[-2.45615480e-07],
       [ 1.08381848e-08],
       [-6.24000762e-09]]), 2.134798708932168), (2.5638036892243466e-05, array([[-3.83161343e-07],
       [ 6.02804117e-08],
       [ 6.01198854e-09]]), 1.9347423130771328), (2.9211510899840478e-05, array([[-6.47543182e-07],
       [-1.43502130e-07],
       [ 1.93388381e-08]]), 1.9534381354940387), (3.160311222120083e-05, array([[-9.69041129e-07],
       [ 7.78432446e-08],
       [ 2.07927092e-08]]), 1.904239922622136), (3.481601531039669e-05, array([[-1.30317665e-06],
       [ 1.92182741e-08],
       [ 2.15807993e-08]]), 1.9159533053287625), (3.7806581894852585e-05, array([[-1.49951196e-06],
       [-9.71086593e-08],
       [ 2.37111956e-08]]), 1.921658964416791), (4.38280793634119e-05, array([[-1.77875398e-06],
       [-5.74744677e-08],
       [ 1.97146674e-08]]), 1.9819509168072451), (4.915390907053439e-05, array([[-1.78860272e-06],
       [ 3.42588215e-09],
       [ 3.22659128e-08]]), 2.0071822239330785), (5.355595973154219e-05, array([[-1.72678852e-06],
       [-1.76897236e-07],
       [-1.45191062e-08]]), 2.0009093539045204), (5.87008739970777e-05, array([[-1.96483448e-06],
       [-1.06738754e-07],
       [ 4.55205672e-09]]), 2.028726974087495), (6.373375346769745e-05, array([[-1.94065258e-06],
       [-1.81828492e-07],
       [ 1.88361646e-08]]), 2.05676726245836), (6.823386870262338e-05, array([[-1.88471370e-06],
       [ 1.10681136e-07],
       [-4.56427867e-08]]), 2.0730275944759113), (7.508914991342138e-05, array([[-1.69173491e-06],
       [-7.21000991e-08],
       [ 6.74780756e-09]]), 2.1633116337861606), (7.651310009726032e-05, array([[-1.64847293e-06],
       [-1.42708048e-07],
       [ 5.26768905e-08]]), 2.1039901724132277), (8.369075382108355e-05, array([[-1.59284717e-06],
       [ 5.26054685e-08],
       [-3.34546358e-08]]), 2.209673622715438), (8.668520026718886e-05, array([[-1.55941080e-06],
       [-2.25327956e-07],
       [ 2.13513499e-08]]), 2.209598165904855), (9.071978874559012e-05, array([[-1.48774778e-06],
       [ 6.21445693e-08],
       [ 7.13371980e-09]]), 2.243888152151088), (9.326482885856953e-05, array([[-1.73105159e-06],
       [ 1.03342711e-07],
       [-1.35562815e-08]]), 2.249217545269183), (9.62141193396235e-05, array([[-7.32407771e-07],
       [-5.42379788e-08],
       [-8.32507963e-09]]), 2.2727271542242167), (9.758711063916283e-05, array([[-1.12300032e-06],
       [-9.27317959e-08],
       [-8.91119721e-09]]), 2.2677531879867954), (0.00010111293966303293, array([[-2.39515042e-07],
       [ 2.35458812e-08],
       [ 9.25245659e-09]]), 2.32136545091582), (0.00010235996640010405, array([[-1.71432956e-07],
       [-6.82683079e-08],
       [ 6.60672514e-09]]), 2.3312821501413183), (0.0001029806329138297, array([[-1.06389785e-07],
       [-2.72452897e-07],
       [ 3.73518983e-09]]), 2.336222127806203), (0.00010238286964983421, array([[ 2.44740002e-07],
       [-1.46911513e-07],
       [-5.45778242e-09]]), 2.322661250143852), (0.00010173700399285094, array([[8.26876316e-07],
       [2.24652140e-07],
       [1.69301120e-08]]), 2.3170939749072477), (0.00010246102962354318, array([[ 9.84103945e-07],
       [-1.83531438e-07],
       [ 2.65376263e-09]]), 2.3523150946457316), (9.855358070614753e-05, array([[ 8.06680703e-07],
       [-1.62284854e-07],
       [-1.37189448e-08]]), 2.290212256209467), (9.814100608296583e-05, array([[9.61093461e-07],
       [9.75008851e-08],
       [5.09803415e-09]]), 2.3182432162613322), (9.501132025126285e-05, array([[ 1.70432012e-06],
       [-2.84445860e-07],
       [-5.43570344e-08]]), 2.2913367356562078), (9.23907811403394e-05, array([[ 1.34660311e-06],
       [-1.15958047e-07],
       [ 3.47205876e-08]]), 2.285218936633264), (8.625644587323519e-05, array([[1.40730719e-06],
       [1.67104174e-07],
       [1.03173657e-09]]), 2.198669253938526), (8.305175539384723e-05, array([[ 1.55462083e-06],
       [-2.46885357e-08],
       [ 3.32249497e-08]]), 2.1928022491747083), (7.910066232987206e-05, array([[ 1.79486071e-06],
       [ 2.15421761e-07],
       [-1.34119178e-08]]), 2.175144072869517), (7.420384154934046e-05, array([[2.15080877e-06],
       [1.61141154e-07],
       [1.00805982e-08]]), 2.137805979697484), (7.03752778600022e-05, array([[2.31726927e-06],
       [9.77375183e-08],
       [1.28158482e-08]]), 2.138086198930196), (6.531417938793736e-05, array([[1.93547878e-06],
       [1.64586691e-07],
       [5.39937267e-09]]), 2.107769566836017), (5.9046340361998856e-05, array([[ 1.98984982e-06],
       [ 1.23488824e-07],
       [-3.65387295e-09]]), 2.0406664374281998), (5.5795310680457845e-05, array([[ 2.27464750e-06],
       [-2.44898536e-08],
       [ 2.08114895e-08]]), 2.084573959726557), (4.841663151532828e-05, array([[1.77619291e-06],
       [1.44681884e-07],
       [5.40183614e-09]]), 1.977075759749506), (4.3799240472689726e-05, array([[ 1.49865213e-06],
       [-8.10426314e-08],
       [-7.92342828e-09]]), 1.9806467924482358), (3.828883079247045e-05, array([[ 1.61570701e-06],
       [-9.15939961e-09],
       [-1.42697407e-08]]), 1.9461710432861512), (3.500129639792056e-05, array([[ 1.16185886e-06],
       [-1.85674981e-08],
       [ 1.80377323e-08]]), 1.926149472491817), (3.24699674547541e-05, array([[ 1.00088726e-06],
       [-1.80977539e-08],
       [ 3.22292258e-09]]), 1.9564721309980775), (3.0093636556344895e-05, array([[ 6.75836606e-07],
       [-1.28234215e-07],
       [-1.69583536e-09]]), 2.0124278229368353), (2.8096682453634555e-05, array([[ 4.96873543e-07],
       [ 3.69667036e-08],
       [-2.33667679e-09]]), 2.1202809180988673), (2.3049328063252348e-05, array([[2.75199887e-07],
       [7.61834593e-08],
       [1.33937927e-08]]), 2.0050674382678215), (2.0753267421884986e-05, array([[ 1.25598546e-07],
       [-5.55878872e-08],
       [-1.08332514e-09]]), 2.1409709483605335), (1.7771103687934395e-05, array([[ 9.86504220e-09],
       [ 6.29308276e-08],
       [-3.41543833e-09]]), 2.263197265288973), (1.950914986908459e-05, array([[ 9.37355566e-08],
       [-1.66006733e-09],
       [ 7.58843072e-09]]), 2.22270262461583), (2.3631165074870705e-05, array([[ 3.17659097e-07],
       [ 2.50516873e-08],
       [-8.89450355e-10]]), 2.229397138387351), (2.642962274340495e-05, array([[4.27882475e-07],
       [5.77628555e-08],
       [4.63352188e-10]]), 2.1349163350814657), (2.822359501700705e-05, array([[ 7.64507476e-07],
       [-5.56219844e-08],
       [-1.83805960e-08]]), 2.0002902550120516), (3.330471380638797e-05, array([[ 1.05683633e-06],
       [-5.72522143e-08],
       [ 1.62328528e-09]]), 2.1101657027054475), (3.652256885847804e-05, array([[1.57205669e-06],
       [7.04345494e-08],
       [3.55964165e-08]]), 2.099883074686569), (3.736986759621482e-05, array([[1.66907240e-06],
       [4.65717071e-08],
       [1.27133674e-09]]), 1.973866621035585), (4.220177614566533e-05, array([[ 1.97617224e-06],
       [-1.00363655e-07],
       [-3.60693582e-08]]), 2.02000683376478), (4.765867646684828e-05, array([[2.12395840e-06],
       [4.22985228e-09],
       [5.84621050e-09]]), 2.044292180931593), (5.2495122417865434e-05, array([[2.14816306e-06],
       [9.19753484e-08],
       [4.60207051e-08]]), 2.047366139792256), (5.6880753456474774e-05, array([[ 2.22916949e-06],
       [-6.56548074e-08],
       [ 7.92724765e-09]]), 2.041345104215891), (6.366141971853048e-05, array([[ 2.37982378e-06],
       [-5.74364049e-08],
       [-3.10589117e-09]]), 2.1237336111700293), (6.52432348326492e-05, array([[ 2.29363667e-06],
       [-5.03057494e-08],
       [ 6.51644924e-09]]), 2.0409363011999466), (7.310367770726056e-05, array([[2.27615646e-06],
       [1.15203044e-07],
       [2.88428252e-08]]), 2.16093118405122), (7.693399429186362e-05, array([[ 2.08124244e-06],
       [-8.78429835e-08],
       [ 3.31293762e-08]]), 2.1637478626471895), (8.074237763456036e-05, array([[2.19856785e-06],
       [7.34469576e-09],
       [5.14661189e-08]]), 2.174064272623349), (8.365433676722051e-05, array([[ 1.89766033e-06],
       [ 8.21786368e-08],
       [-3.70288967e-08]]), 2.1687627082054917), (8.968611639017148e-05, array([[1.65515020e-06],
       [4.61378455e-08],
       [4.47973011e-09]]), 2.2505626903084623), (9.057607254687487e-05, array([[ 1.45104691e-06],
       [ 1.12597895e-07],
       [-1.93206421e-08]]), 2.2108863428512646), (9.531078239947455e-05, array([[1.42808886e-06],
       [8.19771630e-08],
       [2.21689894e-08]]), 2.273584079921187), (9.629347117522572e-05, array([[6.79399507e-07],
       [4.79663994e-08],
       [8.93088534e-09]]), 2.2548596624757815), (9.953500460727428e-05, array([[ 7.50595787e-07],
       [-9.98581962e-08],
       [-7.30379480e-09]]), 2.2978369402129024), (0.00010239322455759331, array([[1.07941690e-06],
       [1.20164643e-07],
       [1.09978263e-08]]), 2.3401828267635856), (0.00010307126853980537, array([[3.74580230e-07],
       [3.01477640e-07],
       [1.42480186e-09]]), 2.341691715517064), (0.00010254226942557828, array([[-3.28082169e-07],
       [ 1.31299308e-07],
       [-2.42638062e-09]]), 2.3252292796889438)]