[(0.00010344940475899175, array([[3.04895795e-07],
       [2.16190450e-07],
       [6.60701063e-09]]), 2.345799310464635), (0.00010102449889462835, array([[-5.53607996e-07],
       [ 1.67876609e-07],
       [ 1.23530210e-08]]), 2.2951908468503333), (9.970475327897772e-05, array([[-4.17234909e-07],
       [ 1.04837464e-07],
       [ 6.13741533e-09]]), 2.278738191694743), (9.914466450982344e-05, array([[-9.18627983e-07],
       [-4.02049148e-08],
       [ 1.41773806e-08]]), 2.288825659219771), (9.685821725141227e-05, array([[-1.06284944e-06],
       [-1.33094790e-07],
       [-2.88693777e-08]]), 2.268084060051161), (9.620822024253104e-05, array([[-1.28608122e-06],
       [-2.58125656e-08],
       [ 9.11145848e-10]]), 2.294991945236363), (8.808636832003612e-05, array([[-1.55819551e-06],
       [ 1.36149513e-07],
       [ 2.27482320e-08]]), 2.1501147403951286), (8.92632302410465e-05, array([[-2.03635269e-06],
       [ 1.18350432e-07],
       [ 6.40052310e-09]]), 2.2399508829543717), (8.555042548210057e-05, array([[-1.84686457e-06],
       [ 4.13288430e-08],
       [ 4.87828038e-09]]), 2.217919352740534), (7.992663387885634e-05, array([[-1.93344828e-06],
       [-9.22928462e-08],
       [-1.37094576e-08]]), 2.1520996066468463), (7.593267045686488e-05, array([[-2.13205060e-06],
       [ 8.43021612e-08],
       [ 6.75573139e-09]]), 2.1355858995548167), (7.222915443228551e-05, array([[-2.15362654e-06],
       [ 2.07767458e-08],
       [ 6.08544536e-08]]), 2.1350804378871246), (6.701362725714585e-05, array([[-2.31005624e-06],
       [-2.11290728e-08],
       [ 2.55717504e-08]]), 2.0963176472627634), (6.206017825669265e-05, array([[-2.22440796e-06],
       [-4.34499179e-08],
       [-9.19612561e-09]]), 2.070316481499667), (5.769661646393785e-05, array([[-2.23758182e-06],
       [-1.45427748e-07],
       [-2.90682435e-08]]), 2.0706249195275865), (5.2862732427442335e-05, array([[-2.21475574e-06],
       [ 8.93362460e-08],
       [-3.22982762e-08]]), 2.0617033248790033), (4.690001992071252e-05, array([[-2.04815330e-06],
       [-2.65980241e-07],
       [ 4.70087923e-08]]), 2.011750034144181), (4.2960695123627125e-05, array([[-1.98640056e-06],
       [-1.15487113e-07],
       [-1.38878730e-09]]), 2.0563328290609286), (3.7654924083848696e-05, array([[-1.85515781e-06],
       [ 5.81666710e-08],
       [ 1.29288445e-08]]), 1.988923230069628), (3.541478142754112e-05, array([[-1.35065351e-06],
       [ 8.05743366e-08],
       [-3.73771086e-08]]), 2.0361902910384924), (3.229348066874069e-05, array([[-1.06881537e-06],
       [-4.65177006e-08],
       [ 6.63993698e-09]]), 2.04609460763742), (2.9203146408530967e-05, array([[-7.52280162e-07],
       [ 1.42194251e-07],
       [ 8.72904484e-09]]), 2.0697139801458655), (2.538627315992585e-05, array([[-5.23769318e-07],
       [-7.50460579e-08],
       [-9.69134843e-09]]), 2.050637263427826), (2.3806888459758348e-05, array([[-2.82948629e-07],
       [ 2.80599893e-08],
       [-5.52366118e-09]]), 2.2459751280960654), (1.9901549464548776e-05, array([[-1.02749826e-07],
       [-1.66927532e-08],
       [-9.42257198e-10]]), 2.267409216988602), (1.75198146225161e-05, array([[-2.12976984e-08],
       [ 1.18770432e-07],
       [-2.22033569e-09]]), 2.231194935234603), (2.0847843358949535e-05, array([[-1.19373761e-07],
       [-8.45794562e-08],
       [-3.49421731e-09]]), 2.150727693144524), (2.32590165723474e-05, array([[-2.28599085e-07],
       [ 3.21217014e-08],
       [ 9.54156360e-09]]), 2.023308299806676), (2.6641889054399776e-05, array([[-3.83545610e-07],
       [-4.46537755e-08],
       [-5.23758085e-09]]), 2.010496758020044), (2.8963374559801995e-05, array([[-7.05261174e-07],
       [ 1.55477477e-08],
       [ 2.47292762e-08]]), 1.9368447113779403), (3.2815607738037836e-05, array([[-8.38268749e-07],
       [ 1.92547424e-08],
       [-1.41115443e-08]]), 1.9772986249740034), (3.451856035182136e-05, array([[-1.18089108e-06],
       [ 3.25660251e-08],
       [ 1.76706004e-10]]), 1.899584119883849), (3.858787214237946e-05, array([[-1.67797575e-06],
       [-3.46504872e-08],
       [ 3.02454535e-10]]), 1.9613709228304619), (4.362177716339382e-05, array([[-1.65679394e-06],
       [-4.09909861e-08],
       [ 5.56876158e-09]]), 1.9726217187131456), (4.8138024359220545e-05, array([[-1.71404931e-06],
       [-1.14609251e-07],
       [ 6.33636371e-08]]), 1.9656989365878437), (5.622040892929108e-05, array([[-2.02724070e-06],
       [-1.55838000e-08],
       [-7.63539697e-08]]), 2.100456096218602), (6.0074511560580085e-05, array([[-2.06461739e-06],
       [ 1.19403903e-08],
       [-1.64113698e-08]]), 2.0762004678865114), (6.495769418854587e-05, array([[-1.77316933e-06],
       [ 3.16641399e-07],
       [-3.11086706e-08]]), 2.0962653473641333), (6.913363231290768e-05, array([[-1.94262054e-06],
       [ 8.71131266e-08],
       [ 9.88473474e-09]]), 2.100363502993039), (7.63180094909954e-05, array([[-2.16562167e-06],
       [-2.34998858e-08],
       [ 2.83880154e-08]]), 2.1987149673372874), (7.747036553574772e-05, array([[-1.90637039e-06],
       [-3.43885134e-08],
       [-1.46400599e-08]]), 2.1303134696317185), (8.378993263306623e-05, array([[-1.78755337e-06],
       [ 3.65470639e-08],
       [ 1.07372514e-08]]), 2.2122922250671255), (8.544553515682739e-05, array([[-1.70090790e-06],
       [-1.39953793e-08],
       [ 7.78395592e-09]]), 2.1779992107689377), (9.142085719353772e-05, array([[-1.36299051e-06],
       [ 9.80469297e-09],
       [ 1.11783728e-08]]), 2.2612285715452307), (9.364729716684371e-05, array([[-1.36375954e-06],
       [ 4.64640952e-08],
       [ 2.71256990e-09]]), 2.2584413270528203), (9.644433784802773e-05, array([[-1.04907728e-06],
       [-1.21291750e-07],
       [-3.92859561e-08]]), 2.2781652734841185), (9.730530255868762e-05, array([[-2.69098944e-07],
       [ 7.44545947e-09],
       [-1.02942263e-08]]), 2.2612044627636347), (0.00010108355613712056, array([[-4.49960118e-07],
       [-1.01983637e-07],
       [ 2.03827077e-08]]), 2.3206908596903406), (0.00010162269317484468, array([[-4.66296135e-07],
       [-1.02353830e-07],
       [-1.92614843e-08]]), 2.314490508152048), (0.00010425847168017757, array([[-2.44606101e-07],
       [-2.72591969e-07],
       [-2.54213956e-09]]), 2.3652112213594396), (0.00010301407615082927, array([[ 8.00519142e-08],
       [-8.93262938e-08],
       [-3.60668565e-09]]), 2.336980822214007), (9.99871744048442e-05, array([[ 1.58376615e-07],
       [-1.28085807e-07],
       [ 1.91116783e-08]]), 2.277241026261642), (0.00010076071904813839, array([[8.30560150e-07],
       [1.40328671e-07],
       [1.52200075e-08]]), 2.313279119243124), (0.00010127668733217459, array([[ 1.05660211e-06],
       [-4.06837327e-08],
       [-2.22445401e-09]]), 2.3534924752051363), (9.754517362464757e-05, array([[ 8.88041594e-07],
       [-6.96200953e-08],
       [-3.74614376e-08]]), 2.3041687268133955), (9.405170079971196e-05, array([[1.05967882e-06],
       [1.69791974e-07],
       [2.59270716e-08]]), 2.268194111221836), (9.28805768567815e-05, array([[ 1.14777983e-06],
       [ 9.58181601e-09],
       [-1.19016879e-08]]), 2.297333678304245), (8.834918250639389e-05, array([[ 1.56250752e-06],
       [-1.01073380e-07],
       [-1.58252758e-08]]), 2.2520129275079066), (8.560513011201074e-05, array([[ 1.66185637e-06],
       [-4.40364854e-08],
       [-8.49803732e-09]]), 2.260218594541799), (7.956214771918973e-05, array([[ 1.97423285e-06],
       [-1.23803414e-08],
       [ 3.72626375e-09]]), 2.1878341968169517), (7.344978610027929e-05, array([[ 1.58821470e-06],
       [-1.08770139e-07],
       [-2.94933663e-09]]), 2.116081710247707), (6.925451051129072e-05, array([[ 1.82481710e-06],
       [-1.06295547e-07],
       [-1.60125454e-08]]), 2.1040359291002346), (6.506648577627511e-05, array([[ 1.78165774e-06],
       [-1.58387419e-07],
       [-4.07056387e-08]]), 2.0997761868157236), (5.9201609437321854e-05, array([[2.12139585e-06],
       [4.13495525e-08],
       [2.18876412e-08]]), 2.0460326021869233), (5.463771396319699e-05, array([[ 1.81765627e-06],
       [-1.58763998e-07],
       [-2.79925576e-09]]), 2.041324877622026), (4.991101777236731e-05, array([[ 1.90721792e-06],
       [ 5.90697507e-08],
       [-1.62261684e-08]]), 2.038098485867065), (4.2666845945632135e-05, array([[ 1.89833736e-06],
       [-1.16054402e-07],
       [-6.62830515e-09]]), 1.9294387449205386), (3.772138674408194e-05, array([[1.64036447e-06],
       [1.14060796e-09],
       [2.25184119e-08]]), 1.9173286066590198), (3.572724690264461e-05, array([[1.32417549e-06],
       [2.40874881e-08],
       [4.84779899e-09]]), 1.9660991122375164), (3.191633634401492e-05, array([[ 9.16322302e-07],
       [-7.65155475e-08],
       [ 1.76152502e-08]]), 1.923113186597407), (2.8703090282081987e-05, array([[ 6.95997178e-07],
       [-9.98492572e-09],
       [-5.75617959e-09]]), 1.9194389278869337), (2.669004842882665e-05, array([[ 4.68681576e-07],
       [ 1.98379712e-08],
       [-1.25777888e-09]]), 2.0141310448364105), (2.31436405458973e-05, array([[ 2.04524601e-07],
       [-5.02628110e-08],
       [ 3.56451330e-09]]), 2.013271707279684), (2.011062111891952e-05, array([[ 1.27788380e-07],
       [-1.13202205e-07],
       [-5.70300734e-09]]), 2.074673577601968), (1.8812657211684233e-05, array([[ 8.37894002e-09],
       [-6.28600347e-08],
       [ 3.20066715e-09]]), 2.3958418735247102), (2.006655630046017e-05, array([[ 8.46744369e-08],
       [ 3.32326917e-09],
       [-2.76111228e-09]]), 2.2862086587746817), (2.3162536068070098e-05, array([[ 2.31234869e-07],
       [ 4.64883731e-08],
       [-1.24353820e-08]]), 2.1851860229634408), (2.609538972756777e-05, array([[ 5.04963232e-07],
       [-4.86412852e-08],
       [-4.16890381e-10]]), 2.1079178594633303), (2.9000007311005137e-05, array([[7.85905480e-07],
       [1.57053864e-07],
       [1.20783907e-08]]), 2.05531690716675), (3.2287313156690416e-05, array([[ 1.10153487e-06],
       [ 8.73387441e-09],
       [-1.16262963e-08]]), 2.045703837956133), (3.6218076369916675e-05, array([[ 1.51414084e-06],
       [-1.03218033e-07],
       [-4.61026237e-09]]), 2.0823761291708576), (3.919116242943561e-05, array([[ 1.77131896e-06],
       [-1.92982406e-07],
       [-9.35291168e-09]]), 2.0700669372155445), (4.2709114800148405e-05, array([[ 2.05756292e-06],
       [-4.63108686e-08],
       [ 1.51485704e-08]]), 2.0442908246933014), (4.7461759061285085e-05, array([[ 2.14628120e-06],
       [-4.70139261e-08],
       [ 3.48171701e-08]]), 2.035845519330275), (5.168359943359102e-05, array([[ 2.14809712e-06],
       [ 1.11552442e-07],
       [-1.42202589e-08]]), 2.0157158720504063), (5.7502863713491834e-05, array([[ 2.06883165e-06],
       [-8.43258492e-08],
       [-2.48190859e-08]]), 2.063671491443093), (6.22332067992884e-05, array([[ 2.39677262e-06],
       [-1.07211265e-07],
       [ 4.38556194e-08]]), 2.076088682830192), (6.728268885748493e-05, array([[ 2.35218716e-06],
       [-1.36462804e-07],
       [-1.44277801e-08]]), 2.104734421642507), (7.128254999468131e-05, array([[ 2.38219595e-06],
       [-1.70425204e-07],
       [-1.88961100e-08]]), 2.107098985895456), (7.692317714364925e-05, array([[2.31688808e-06],
       [1.38832996e-07],
       [3.88210846e-08]]), 2.1634436332679114), (7.943334799971727e-05, array([[ 2.26252672e-06],
       [-9.83556418e-08],
       [ 5.49193694e-08]]), 2.1388174215360776), (8.481156967219203e-05, array([[ 1.85588913e-06],
       [-5.10565509e-08],
       [ 2.62717587e-08]]), 2.198764303651694), (8.676404348867455e-05, array([[1.44968513e-06],
       [3.00954615e-09],
       [3.41821339e-09]]), 2.1772368678159295), (9.236212800872498e-05, array([[ 1.43154968e-06],
       [ 1.17096729e-07],
       [-2.07155713e-08]]), 2.254482466166677), (9.50258462789887e-05, array([[ 1.08197477e-06],
       [-2.25135778e-07],
       [ 5.42199875e-09]]), 2.2667870920985935), (9.841664530412978e-05, array([[ 7.11878221e-07],
       [-1.16713607e-07],
       [-4.26701323e-09]]), 2.3045770487248056), (9.979673148307056e-05, array([[ 7.78668487e-07],
       [-8.17471676e-08],
       [-1.79632196e-08]]), 2.303879092778466), (0.00010213026289929176, array([[ 6.40412960e-07],
       [ 1.17989493e-07],
       [-1.95891741e-08]]), 2.3341728748403656), (0.00010136959702264322, array([[ 3.48468353e-07],
       [ 9.97464264e-08],
       [-1.63413333e-08]]), 2.3030311833365458), (0.00010251125188067893, array([[-3.98440465e-08],
       [ 1.32687536e-08],
       [-3.02152849e-11]]), 2.324525931655123)]