[(0.00010086408753457822, array([[-4.55809606e-07],
       [-7.31370533e-08],
       [ 4.93921572e-09]]), 2.287175141708029), (0.00010367019368617515, array([[-3.97851389e-07],
       [-1.20010458e-07],
       [ 6.32362565e-09]]), 2.3552987863655934), (0.00010295150071999884, array([[-2.58759057e-07],
       [-8.55940217e-09],
       [-9.26254188e-09]]), 2.3529421503760384), (9.894372570814003e-05, array([[-5.39979547e-07],
       [-2.12879889e-08],
       [-1.81311529e-09]]), 2.284186842925423), (9.838546704972599e-05, array([[-1.32066241e-06],
       [ 3.15668598e-09],
       [-4.29592430e-10]]), 2.303846961966653), (9.522255915077233e-05, array([[-1.30412641e-06],
       [-1.35239003e-08],
       [ 1.41843003e-08]]), 2.271479564894885), (9.229009609701733e-05, array([[-1.39757554e-06],
       [ 8.58678964e-08],
       [ 3.60299882e-09]]), 2.2527242273143417), (8.766448166397768e-05, array([[-1.70180785e-06],
       [ 3.59880389e-08],
       [ 4.03877600e-08]]), 2.1998322554169536), (8.447108509748632e-05, array([[-2.16252939e-06],
       [ 1.16306368e-07],
       [-1.09913018e-08]]), 2.189937143257178), (8.055325519554735e-05, array([[-1.84742686e-06],
       [ 3.32526971e-07],
       [ 7.52089375e-08]]), 2.16897197351283), (7.556571626553768e-05, array([[-1.95872963e-06],
       [-9.53293621e-08],
       [-1.96776512e-08]]), 2.125265411784983), (6.999638899633192e-05, array([[-2.09491369e-06],
       [ 4.29973446e-08],
       [-6.79274172e-08]]), 2.069080304808394), (6.766591162834808e-05, array([[-2.19486610e-06],
       [-4.48712574e-08],
       [ 6.05684703e-08]]), 2.116722381260193), (6.229176223532745e-05, array([[-2.29182109e-06],
       [ 3.31788327e-08],
       [ 2.75891361e-08]]), 2.078042081736195), (5.520355667121758e-05, array([[-2.32752713e-06],
       [-8.13600623e-08],
       [ 2.37203672e-08]]), 1.9811536116926565), (5.107748875407867e-05, array([[-2.17282613e-06],
       [-7.12496276e-09],
       [-1.20605818e-08]]), 1.9920769047512699), (4.7404419772358375e-05, array([[-1.99720346e-06],
       [ 1.61037994e-08],
       [-3.17437421e-08]]), 2.0333859827106497), (4.280708782388872e-05, array([[-1.97064413e-06],
       [-6.41018572e-08],
       [ 6.29292624e-10]]), 2.0489803471626136), (3.852797977798266e-05, array([[-1.67253716e-06],
       [ 3.44965212e-08],
       [-4.27991055e-09]]), 2.0350378032218925), (3.650097528814819e-05, array([[-1.46434093e-06],
       [ 3.89100272e-08],
       [ 2.87755377e-09]]), 2.0986415417310567), (3.206241958655865e-05, array([[-1.15542594e-06],
       [ 3.87520555e-08],
       [ 1.32824909e-09]]), 2.031454722914645), (3.0007436243982194e-05, array([[-7.76970974e-07],
       [ 9.79411301e-08],
       [-1.45852462e-08]]), 2.126716396708635), (2.5267625130576038e-05, array([[-4.63012765e-07],
       [ 8.49147968e-08],
       [ 4.80072355e-09]]), 2.0410531835321963), (2.2391119436454467e-05, array([[-2.43979455e-07],
       [-1.00477408e-07],
       [ 7.59409612e-09]]), 2.112409499860176), (1.9746087750234457e-05, array([[-8.57196101e-08],
       [ 1.09837638e-07],
       [-6.53543259e-10]]), 2.2496972632257535), (1.7963865066110122e-05, array([[-1.32471114e-08],
       [ 9.64188582e-09],
       [ 5.39252178e-10]]), 2.287745938888623), (2.0815976290188043e-05, array([[-1.28239816e-07],
       [-5.08407485e-08],
       [ 9.57626124e-10]]), 2.1474401882403167), (2.3542608018986148e-05, array([[-2.18145510e-07],
       [-2.10355308e-08],
       [ 2.05979012e-10]]), 2.0479779983708255), (2.729713797993361e-05, array([[-4.14393010e-07],
       [-9.37781805e-08],
       [ 3.85829226e-09]]), 2.0599442967359347), (2.9063109923407788e-05, array([[-6.58536257e-07],
       [ 7.97728020e-08],
       [ 3.79185922e-09]]), 1.9435142350254138), (3.205933040278469e-05, array([[-9.53937457e-07],
       [-1.72204746e-08],
       [ 1.65883221e-08]]), 1.9317292682510532), (3.5341750820701774e-05, array([[-1.37388046e-06],
       [-5.72927924e-08],
       [ 2.60853046e-08]]), 1.94488495301209), (3.739607463517219e-05, array([[-1.53111459e-06],
       [ 2.79142035e-08],
       [-9.16134176e-10]]), 1.9007934188957232), (4.3175176430211084e-05, array([[-1.70224858e-06],
       [ 1.32668028e-07],
       [-1.61845500e-08]]), 1.9524259733043874), (4.827762263864024e-05, array([[-1.71195858e-06],
       [ 6.56145953e-08],
       [-3.84610443e-08]]), 1.971399382193111), (5.428900845504709e-05, array([[-1.99733736e-06],
       [-1.14930205e-08],
       [ 1.06961479e-09]]), 2.0282968576497833), (6.026525147586755e-05, array([[-1.66808160e-06],
       [ 7.60881503e-08],
       [-2.39241439e-08]]), 2.0827925198412762), (6.457798433443462e-05, array([[-1.98008778e-06],
       [-4.26640986e-08],
       [-3.43200405e-08]]), 2.0840116394828816), (6.894762675619248e-05, array([[-1.94902785e-06],
       [ 1.30359217e-07],
       [-1.86392629e-08]]), 2.094712428839865), (7.221137341110265e-05, array([[-1.86989265e-06],
       [-8.13885261e-08],
       [-7.30654706e-09]]), 2.0804031524132767), (7.885531761471383e-05, array([[-1.94395149e-06],
       [ 4.62861444e-08],
       [-5.09525798e-09]]), 2.168397478248594), (8.312634319060426e-05, array([[-1.45906875e-06],
       [ 1.16454153e-07],
       [-2.87691599e-08]]), 2.1947715788741733), (8.736953448602419e-05, array([[-2.00620018e-06],
       [ 1.08837476e-08],
       [ 5.59650287e-09]]), 2.2270417852325344), (9.144172916977474e-05, array([[-1.43164493e-06],
       [ 7.88045177e-08],
       [-1.60486356e-08]]), 2.2617448247336234), (9.546071334051792e-05, array([[-7.56668164e-07],
       [ 1.62207187e-07],
       [ 1.19636676e-08]]), 2.3021745062654055), (9.798104795134997e-05, array([[-1.16183262e-06],
       [ 1.71692329e-08],
       [ 7.91493684e-10]]), 2.3144647563870695), (0.0001001433937518782, array([[-7.34194121e-07],
       [ 2.50921071e-07],
       [-2.33976955e-08]]), 2.327156721304757), (0.0001012852057338705, array([[-1.68276724e-07],
       [-1.34498280e-09],
       [-2.79979785e-09]]), 2.3253203602136803), (0.00010265085655701221, array([[-4.36924042e-07],
       [-1.64117336e-07],
       [-2.04695161e-09]]), 2.33790726984682), (0.00010178117331919674, array([[-1.88060837e-07],
       [ 1.67460190e-07],
       [-1.01297725e-08]]), 2.3090111467983885), (0.00010316717325598792, array([[ 2.79990583e-07],
       [-1.02235621e-07],
       [ 6.30428205e-09]]), 2.3404539883293682), (0.00010149954979906947, array([[6.86996234e-07],
       [1.23784240e-07],
       [1.06888919e-08]]), 2.31168587696713), (0.00010048046455580095, array([[3.87095143e-07],
       [7.24069814e-08],
       [1.94649564e-08]]), 2.306844996190781), (0.00010063364852195911, array([[ 3.44835441e-07],
       [ 1.51902311e-07],
       [-5.97418990e-09]]), 2.3385493817749246), (9.454966317769006e-05, array([[ 1.62657982e-06],
       [-6.50842719e-08],
       [-2.99706437e-08]]), 2.233410110715363), (9.223268466837213e-05, array([[1.48046873e-06],
       [1.66695173e-07],
       [2.56991818e-08]]), 2.224325880852363), (9.260534036848422e-05, array([[1.95372278e-06],
       [4.00347207e-09],
       [5.08832795e-09]]), 2.2905259034662553), (8.857168940709157e-05, array([[ 1.67362735e-06],
       [-4.61497479e-08],
       [ 1.85437057e-08]]), 2.257684608927196), (8.410226240170029e-05, array([[1.80821762e-06],
       [1.71600687e-07],
       [4.93577542e-08]]), 2.220538618125251), (7.955198849937537e-05, array([[ 1.66733523e-06],
       [-1.32731855e-07],
       [-1.86631113e-08]]), 2.1875548342160163), (7.464587339906125e-05, array([[ 2.14703512e-06],
       [-3.89746295e-08],
       [-2.27770963e-08]]), 2.1505408774038446), (7.131931112285908e-05, array([[ 2.29551657e-06],
       [-4.03978068e-08],
       [ 9.43595060e-09]]), 2.166767073123838), (6.514362557523114e-05, array([[ 1.98140238e-06],
       [-4.63784892e-08],
       [-1.29841370e-08]]), 2.1022655837913122), (6.0587631043328595e-05, array([[ 2.07151411e-06],
       [-4.89751647e-08],
       [ 1.85197640e-08]]), 2.0939340937203186), (5.4580172850622666e-05, array([[ 2.01282587e-06],
       [-1.33526040e-10],
       [ 5.92301325e-09]]), 2.0391750785901133), (4.9206639601979096e-05, array([[ 1.94119257e-06],
       [-6.50153558e-09],
       [-2.18689803e-08]]), 2.0093354562471637), (4.419523813227534e-05, array([[1.70002461e-06],
       [1.34235684e-07],
       [3.74627383e-08]]), 1.9985542147188187), (3.7764595727965594e-05, array([[ 1.42677848e-06],
       [-1.00577178e-07],
       [-2.67452961e-08]]), 1.9195248626298527), (3.4961446197623384e-05, array([[ 1.23655835e-06],
       [ 2.48096000e-08],
       [-4.42511170e-08]]), 1.9239564839405223), (3.285980153793676e-05, array([[ 1.01212107e-06],
       [-4.48161480e-08],
       [-3.41989494e-09]]), 1.979961514549904), (2.9595656074311883e-05, array([[ 6.30045936e-07],
       [-1.57915653e-08],
       [-8.99089666e-09]]), 1.9791267702227042), (2.6995474842048157e-05, array([[ 5.26200362e-07],
       [ 6.07336383e-08],
       [-4.05306015e-09]]), 2.037179666213884), (2.3943835897770013e-05, array([[ 2.31713368e-07],
       [ 4.77333702e-08],
       [-1.00297637e-08]]), 2.082880922780036), (2.0827572320626965e-05, array([[ 1.64800441e-07],
       [ 9.06909688e-09],
       [-1.08320323e-09]]), 2.1486364704344063), (1.7836690283634384e-05, array([[ 2.06586677e-08],
       [ 3.03482363e-08],
       [-2.26600189e-10]]), 2.2715498924884083), (1.8963827401124606e-05, array([[ 8.45607078e-08],
       [ 1.81218200e-08],
       [-1.35414115e-10]]), 2.160573332005423), (2.3039969412456607e-05, array([[ 2.71033662e-07],
       [-2.46446030e-08],
       [ 4.08078864e-09]]), 2.1736229133824834), (2.5121728216930942e-05, array([[ 5.02974071e-07],
       [-8.53831468e-09],
       [-8.80494786e-09]]), 2.029268009479476), (2.9881993489887726e-05, array([[ 8.30626450e-07],
       [-1.32546093e-07],
       [-5.35272266e-09]]), 2.1178258950405864), (3.187174641411696e-05, array([[ 1.13083288e-06],
       [-1.14395374e-07],
       [-2.02894321e-08]]), 2.019373790730345), (3.5775537593030444e-05, array([[ 1.54734096e-06],
       [-5.74721926e-09],
       [ 2.18014339e-08]]), 2.0569321443548727), (3.901452324871192e-05, array([[ 1.82319229e-06],
       [ 1.40254498e-08],
       [-2.67913009e-08]]), 2.0607369019431454), (4.2868195968845864e-05, array([[2.10765060e-06],
       [1.43862778e-07],
       [6.64279761e-09]]), 2.0519053157702407), (4.7437979090942714e-05, array([[ 2.26760385e-06],
       [ 1.09312656e-07],
       [-7.76595512e-09]]), 2.03482549084779), (5.162955892475017e-05, array([[ 2.13473931e-06],
       [-2.57751346e-08],
       [-2.03884502e-08]]), 2.0136082341807926), (5.60205589632505e-05, array([[ 2.11620394e-06],
       [ 2.10384907e-07],
       [-4.16785884e-08]]), 2.010474313821729), (6.254084621504837e-05, array([[ 2.46297971e-06],
       [ 4.69320028e-08],
       [-7.06997751e-08]]), 2.0863514788887603), (6.682062815748009e-05, array([[ 2.21262043e-06],
       [-1.04523585e-07],
       [ 4.71948440e-08]]), 2.0902802570319285), (7.096222952753712e-05, array([[ 2.18621100e-06],
       [ 7.31181546e-08],
       [-2.94181018e-08]]), 2.0976303721669707), (7.49952050102572e-05, array([[ 2.10237696e-06],
       [-2.94576456e-08],
       [ 1.43659342e-08]]), 2.109219936431836), (8.02228511115874e-05, array([[ 1.96444752e-06],
       [-1.03624385e-07],
       [ 1.56363253e-08]]), 2.1600755335576283), (8.442487287694374e-05, array([[ 1.46462803e-06],
       [-3.53305419e-08],
       [ 3.51278279e-08]]), 2.188739078166365), (8.979274023243965e-05, array([[ 1.80342687e-06],
       [ 2.10728071e-07],
       [-9.83986748e-09]]), 2.2532382843799255), (9.22035175946306e-05, array([[ 1.81322682e-06],
       [-9.92345269e-08],
       [-2.40335290e-08]]), 2.250610918323026), (9.357031589005068e-05, array([[ 1.41399954e-06],
       [ 1.63237852e-07],
       [-2.88871534e-08]]), 2.232066249012227), (9.799758391791114e-05, array([[ 8.01686109e-07],
       [ 2.81384551e-07],
       [-2.60191075e-08]]), 2.294764082130569), (9.955726828261053e-05, array([[6.53541667e-07],
       [4.72796383e-08],
       [1.11072013e-08]]), 2.2983509131193625), (0.00010123959134889297, array([[ 6.00428401e-07],
       [-5.03716111e-08],
       [-1.01913925e-08]]), 2.3138167011234443), (0.0001029200564491975, array([[ 4.40977455e-07],
       [ 5.70121408e-08],
       [-1.31180460e-08]]), 2.3382563051948777), (0.00010382869499998581, array([[ 1.04730922e-07],
       [-1.32794236e-07],
       [-3.46223927e-09]]), 2.3544000248705097)]