[(2.0045244619700447e-05, Vec([[ 4.29881693e-09],
     [-9.78657216e-10],
     [ 2.85389073e-10]]), 2.1535748874316076), (2.182386229472166e-05, Vec([[-4.69695820e-07],
     [-1.05823944e-09],
     [-2.50942432e-10]]), 2.000619062336366), (1.5491672808418758e-05, Vec([[ 2.13849041e-07],
     [-5.79890307e-10],
     [ 1.03939638e-10]]), 2.092060752815441), (1.9097401059591577e-05, Vec([[-1.78721558e-07],
     [-1.78116141e-09],
     [ 9.38789923e-11]]), 1.9598275262235194), (2.2247928676340393e-05, Vec([[-3.83135428e-07],
     [-1.98833265e-09],
     [-3.52626749e-10]]), 2.068238179974576), (2.223001267015887e-05, Vec([[3.92345639e-07],
     [4.91271214e-10],
     [3.81880667e-11]]), 2.0665726510816915), (1.9118215626376064e-05, Vec([[1.85613717e-07],
     [9.67656182e-10],
     [7.20669653e-10]]), 1.9619635739927075), (1.5455524980933752e-05, Vec([[-2.10699147e-07],
     [-3.67125739e-10],
     [ 7.57918574e-11]]), 2.0871791979235907), (2.1844418826209648e-05, Vec([[ 4.78952852e-07],
     [-8.38343854e-10],
     [-3.04804503e-10]]), 2.002503503696699), (2.002889799491783e-05, Vec([[ 4.95814379e-09],
     [-1.70581641e-10],
     [-6.60962058e-11]]), 2.1518186763554152)]