[(2.0024186926128646e-05, Vec([[ 4.74093675e-09],
     [ 1.93240336e-09],
     [-1.37059363e-10]]), 2.1513125393822907), (2.1836971747920523e-05, Vec([[-4.67028738e-07],
     [-6.11392125e-10],
     [-5.83457990e-10]]), 2.001820821292332), (1.547737545668804e-05, Vec([[ 2.14275977e-07],
     [ 1.60599830e-09],
     [-4.08806657e-11]]), 2.0901299782118894), (1.9094746595143283e-05, Vec([[-1.78574813e-07],
     [-3.31035543e-10],
     [-1.54841198e-10]]), 1.95955511782214), (2.2228396649801713e-05, Vec([[-3.81442093e-07],
     [-5.83997458e-10],
     [ 6.97921639e-10]]), 2.0664224206916666), (2.2232924035849654e-05, Vec([[ 3.91802416e-07],
     [-1.59944484e-10],
     [ 5.34998862e-10]]), 2.0668433008920695), (1.9098152274008933e-05, Vec([[ 1.84038160e-07],
     [-1.83794657e-10],
     [ 3.48754277e-10]]), 1.9599046179015236), (1.5476127959209715e-05, Vec([[-2.10062452e-07],
     [-1.20922155e-10],
     [-1.21285757e-11]]), 2.089961510897489), (2.1837297417970976e-05, Vec([[ 4.79086114e-07],
     [-3.96872435e-10],
     [-7.47108054e-10]]), 2.001850675847963), (2.002569033349338e-05, Vec([[ 4.53370458e-09],
     [-1.87893233e-09],
     [-2.21473380e-11]]), 2.1514740590049097)]