[(2.0040481825810175e-05, Vec([[ 5.61015956e-09],
     [-1.29123583e-09],
     [-1.08023949e-11]]), 2.1530631933360405), (2.1805020334609263e-05, Vec([[-4.68736879e-07],
     [-1.43907905e-09],
     [ 2.13174957e-10]]), 1.9988917977457274), (1.547929184842242e-05, Vec([[ 2.14276377e-07],
     [-1.09668460e-10],
     [ 6.82183893e-11]]), 2.0903887758242643), (1.9078276984888404e-05, Vec([[-1.78396656e-07],
     [ 6.58740770e-10],
     [-1.10105562e-11]]), 1.9578649613750418), (2.2220495535508312e-05, Vec([[-3.82062801e-07],
     [ 5.42050775e-10],
     [ 4.76310539e-10]]), 2.0656879079878694), (2.2245780881816916e-05, Vec([[ 3.92501378e-07],
     [-8.17116144e-10],
     [-2.84939727e-10]]), 2.0680385141674438), (1.911961333762746e-05, Vec([[ 1.86107973e-07],
     [-1.87267398e-09],
     [ 1.75157350e-10]]), 1.9621070109439265), (1.5474597089046498e-05, Vec([[-2.08983234e-07],
     [ 2.08990056e-09],
     [ 7.47466435e-11]]), 2.089754775742046), (2.183883470598051e-05, Vec([[ 4.80067204e-07],
     [ 2.32696995e-09],
     [-2.50003080e-10]]), 2.0019916008434855), (2.003704971999525e-05, Vec([[ 5.73911542e-09],
     [-2.63128974e-09],
     [-5.28248932e-11]]), 2.1526944626453326)]