[(2.004028281039018e-05, Vec([[ 6.02647568e-09],
     [-5.46083740e-10],
     [ 6.61295924e-11]]), 2.1530418119750823), (2.1825155496623555e-05, Vec([[-4.68045232e-07],
     [-3.88921685e-10],
     [ 2.28506193e-10]]), 2.0007376116720175), (1.5469815627837822e-05, Vec([[ 2.15578368e-07],
     [ 3.75133925e-10],
     [-5.11255969e-11]]), 2.089109067079107), (1.907192237989134e-05, Vec([[-1.77548221e-07],
     [ 8.50180987e-10],
     [-2.06744687e-10]]), 1.9572128344310318), (2.2194966598013786e-05, Vec([[-3.81193171e-07],
     [-1.43576263e-09],
     [ 1.40255046e-10]]), 2.063314656797231), (2.225809226419519e-05, Vec([[3.92926590e-07],
     [1.09687425e-09],
     [3.11553931e-10]]), 2.0691830194134577), (1.909245292345698e-05, Vec([[1.85232412e-07],
     [8.74983525e-10],
     [1.22672008e-11]]), 1.9593197349607265), (1.5476046014860178e-05, Vec([[-2.09669517e-07],
     [-1.06936490e-09],
     [-1.61141228e-11]]), 2.089950444787347), (2.1842598676257743e-05, Vec([[ 4.79385997e-07],
     [-7.09500876e-10],
     [-4.61395170e-10]]), 2.0023366484150387), (2.0043640726559107e-05, Vec([[ 6.47311800e-09],
     [-9.48644531e-10],
     [-2.94382617e-10]]), 2.1534025720492393)]