[(2.0046192299510287e-05, Vec([[ 6.11808645e-09],
     [-2.68244920e-10],
     [ 9.53098730e-11]]), 2.153676702075356), (2.1822518954344072e-05, Vec([[-4.66865730e-07],
     [-9.60901578e-10],
     [-4.64199199e-10]]), 2.000495916747821), (1.548197512770932e-05, Vec([[ 2.14666261e-07],
     [ 3.27186228e-10],
     [-4.29204573e-11]]), 2.0907511371621514), (1.908278848499505e-05, Vec([[-1.76975644e-07],
     [-9.02664321e-11],
     [-3.45296266e-10]]), 1.958327943854489), (2.2255877204752714e-05, Vec([[-3.81143877e-07],
     [-1.47783745e-09],
     [-3.03771957e-10]]), 2.0689771004456063), (2.2235406807122544e-05, Vec([[3.93642123e-07],
     [1.02536212e-09],
     [1.90504105e-10]]), 2.0670741072027803), (1.909427735894314e-05, Vec([[ 1.88357163e-07],
     [-2.35492958e-10],
     [-9.51056765e-11]]), 1.9595069635199656), (1.546762098732186e-05, Vec([[-2.08267600e-07],
     [ 1.12520408e-09],
     [ 6.81700459e-11]]), 2.0888126935791798), (2.1848754387587207e-05, Vec([[ 4.80206284e-07],
     [-1.42473907e-09],
     [ 4.94394566e-10]]), 2.0029009496950616), (2.004781757947715e-05, Vec([[ 6.25154155e-09],
     [-3.67654424e-09],
     [-4.18664917e-11]]), 2.1538513151662952)]