[(2.0029142763095454e-05, Vec([[ 6.35175080e-09],
     [ 7.69434343e-10],
     [-4.61232718e-11]]), 2.1518449731959164), (2.1807259840550596e-05, Vec([[-4.67120445e-07],
     [-1.54481634e-09],
     [-3.93910962e-10]]), 1.9990970958829655), (1.5492857626705598e-05, Vec([[ 2.14921049e-07],
     [-5.57692444e-10],
     [ 9.40427845e-11]]), 2.092220755667798), (1.908046876576075e-05, Vec([[-1.78967904e-07],
     [ 3.48946991e-10],
     [ 3.74173025e-11]]), 1.9580898879224642), (2.2213208292147374e-05, Vec([[-3.81258556e-07],
     [ 1.18416038e-09],
     [-2.83797677e-10]]), 2.0650104626775607), (2.224317826234712e-05, Vec([[ 3.94044113e-07],
     [-9.73106271e-10],
     [ 1.83827789e-11]]), 2.06779656638733), (1.9090619914064826e-05, Vec([[ 1.85885122e-07],
     [-1.82012990e-09],
     [ 3.58450915e-11]]), 1.959131626523806), (1.549433003220158e-05, Vec([[-2.09990285e-07],
     [-1.85133911e-09],
     [ 1.47885883e-10]]), 2.0924195955083045), (2.182138521512363e-05, Vec([[ 4.79826941e-07],
     [ 3.17139563e-10],
     [-7.03123496e-11]]), 2.0003919855432746), (2.0044677470333125e-05, Vec([[ 6.94800212e-09],
     [ 1.15581798e-09],
     [-3.42284075e-11]]), 2.153513955342324)]