[(2.0036970529624456e-05, Vec([[ 1.10570154e-09],
     [-2.96591821e-09],
     [ 3.59099882e-11]]), 2.152685954772413), (2.1817749207469692e-05, Vec([[-4.71314439e-07],
     [-5.86534577e-10],
     [-3.23578934e-10]]), 2.0000586684555377), (1.5463909056771164e-05, Vec([[ 2.12282019e-07],
     [-4.32126737e-10],
     [-7.49280568e-11]]), 2.0883114188415606), (1.91182876325987e-05, Vec([[-1.82161915e-07],
     [-1.14457113e-09],
     [-5.32924262e-11]]), 1.9619709634682059), (2.2216638573344822e-05, Vec([[-3.87515949e-07],
     [ 2.59625742e-10],
     [ 7.28724569e-11]]), 2.065329352523165), (2.2239005319826084e-05, Vec([[3.87779215e-07],
     [9.24055167e-10],
     [1.87763110e-10]]), 2.067408636384029), (1.910509097177025e-05, Vec([[1.81914157e-07],
     [5.00047178e-10],
     [4.48573722e-11]]), 1.9606166860424366), (1.5470217495357586e-05, Vec([[-2.10622506e-07],
     [-1.10959229e-09],
     [-8.50808285e-11]]), 2.0891633369617955), (2.181754057558063e-05, Vec([[4.75482622e-07],
     [1.69587087e-09],
     [2.08891813e-10]]), 2.0000395429254803), (2.0032788591319226e-05, Vec([[ 1.01046013e-09],
     [-1.46159844e-10],
     [ 6.69480861e-11]]), 2.152236665303225)]