[(2.00543231595684e-05, Vec([[ 6.83564134e-09],
     [-1.35454156e-09],
     [-1.35658261e-10]]), 2.154550246717319), (2.1799296041213786e-05, Vec([[-4.69749194e-07],
     [-8.15183450e-10],
     [-7.00973406e-11]]), 1.9983670450538922), (1.5483019202714526e-05, Vec([[ 2.15817999e-07],
     [ 8.25225298e-10],
     [-2.02770883e-11]]), 2.0908921334488926), (1.9064940534746147e-05, Vec([[-1.77001848e-07],
     [ 6.21037963e-10],
     [-2.55125363e-11]]), 1.9564963383875817), (2.2222243000165507e-05, Vec([[-3.79484680e-07],
     [ 2.06314777e-09],
     [-5.20614548e-10]]), 2.0658503578579106), (2.222184395909223e-05, Vec([[3.93640995e-07],
     [1.29540575e-09],
     [1.35042094e-10]]), 2.0658132617311153), (1.909055371537501e-05, Vec([[ 1.86894062e-07],
     [-2.69803496e-10],
     [ 5.17108852e-10]]), 1.95912483303321), (1.5467628456001292e-05, Vec([[-2.08501151e-07],
     [ 2.98251638e-10],
     [-1.22406152e-10]]), 2.088813702181112), (2.1842423520847595e-05, Vec([[4.81466571e-07],
     [3.23637313e-10],
     [8.80802355e-10]]), 2.0023205917130817), (2.0038230815855565e-05, Vec([[7.44932234e-09],
     [7.72551536e-10],
     [1.31402434e-10]]), 2.152821354505855)]