[(2.0046884603928554e-05, Vec([[8.47245750e-09],
     [6.56220405e-10],
     [1.21668771e-10]]), 2.1537510802851467), (2.184194398617286e-05, Vec([[-4.67394811e-07],
     [-2.95688021e-09],
     [-4.28560175e-10]]), 2.002276632206815), (1.5485068459742004e-05, Vec([[2.17547098e-07],
     [3.02320104e-11],
     [2.21832521e-10]]), 2.091168873750126), (1.9087079330672445e-05, Vec([[-1.78735258e-07],
     [-2.40063897e-09],
     [ 2.98814745e-10]]), 1.9587682821729386), (2.221650137703838e-05, Vec([[-3.79438009e-07],
     [ 2.40582674e-09],
     [-1.39231231e-10]]), 2.065316598318346), (2.22448709304388e-05, Vec([[ 3.95437157e-07],
     [-1.36374409e-09],
     [-1.75745706e-12]]), 2.0679539221944325), (1.9103761353593882e-05, Vec([[ 1.88624162e-07],
     [ 2.95837425e-10],
     [-3.56699562e-11]]), 1.9604802369888046), (1.549272683906118e-05, Vec([[-2.07834646e-07],
     [-5.66451224e-11],
     [ 1.08852996e-10]]), 2.092203093553371), (2.1854641477920957e-05, Vec([[ 4.81254626e-07],
     [-8.39278743e-11],
     [ 2.01838646e-10]]), 2.003440626173237), (2.0044405546555163e-05, Vec([[ 8.29736947e-09],
     [-4.49032093e-10],
     [ 1.09711536e-10]]), 2.1534847410208915)]