[(2.0038164492402277e-05, Vec([[ 9.47666907e-10],
     [-1.80677653e-09],
     [-6.90444570e-11]]), 2.1528142289992247), (2.181319245524783e-05, Vec([[-4.73210246e-07],
     [-9.19786112e-10],
     [ 1.23423183e-11]]), 1.999640945632955), (1.5470799333091968e-05, Vec([[2.1302074e-07],
     [7.7908288e-11],
     [7.3532371e-11]]), 2.089241910780364), (1.9103442009836603e-05, Vec([[-1.80824454e-07],
     [ 5.19313012e-10],
     [ 5.82401715e-10]]), 1.9604474650590609), (2.2234364032767974e-05, Vec([[-3.85871312e-07],
     [ 8.76800207e-10],
     [ 1.06544007e-10]]), 2.066977167583609), (2.2220728522787328e-05, Vec([[ 3.87664281e-07],
     [-2.92785500e-10],
     [-4.58217057e-11]]), 2.0657095672260355), (1.907525806649525e-05, Vec([[1.83397735e-07],
     [2.52229686e-11],
     [1.05923546e-10]]), 1.957555151713094), (1.548173076732901e-05, Vec([[-2.12659406e-07],
     [ 2.20327556e-10],
     [ 8.07559357e-11]]), 2.090718137707059), (2.1831338486084188e-05, Vec([[ 4.74631045e-07],
     [-1.35779761e-09],
     [ 3.47561043e-10]]), 2.0013044135703293), (2.0042789336801646e-05, Vec([[ 9.97675526e-10],
     [ 1.68177659e-09],
     [-3.95638777e-12]]), 2.153311102394672)]