[(2.0029355623470576e-05, Vec([[ 8.89764268e-10],
     [ 9.85438819e-11],
     [-7.92188813e-11]]), 2.1518678419993207), (2.1809591567828923e-05, Vec([[-4.73374996e-07],
     [ 2.03556148e-09],
     [-1.43988690e-10]]), 1.9993108480583686), (1.5475769396858487e-05, Vec([[2.13242017e-07],
     [3.82181652e-10],
     [1.58867928e-11]]), 2.089913089127177), (1.9068083386248347e-05, Vec([[-1.82460956e-07],
     [ 3.21173573e-10],
     [-5.12426950e-11]]), 1.9568188664041228), (2.2227903497070696e-05, Vec([[-3.86802496e-07],
     [ 2.95366034e-09],
     [-4.78635653e-10]]), 2.066376575645969), (2.2227765957285116e-05, Vec([[3.88735407e-07],
     [3.48445574e-09],
     [4.16249864e-10]]), 2.066363789510238), (1.9071687058644038e-05, Vec([[ 1.84467619e-07],
     [ 1.28091755e-09],
     [-2.86400368e-10]]), 1.9571886851210523), (1.5486518782950244e-05, Vec([[-2.11227527e-07],
     [-3.92555690e-10],
     [ 1.22143696e-11]]), 2.0913647315054775), (2.180680216967008e-05, Vec([[ 4.75274966e-07],
     [ 4.60248406e-10],
     [-1.90021673e-10]]), 1.999055140656366), (2.001989538134175e-05, Vec([[ 1.02215491e-09],
     [-3.11012733e-09],
     [-1.06859706e-10]]), 2.15085147426402)]