[(2.0033960663901025e-05, Vec([[ 1.91239064e-09],
     [-1.59191366e-09],
     [-1.34337940e-10]]), 2.1523625877415036), (2.183919075519323e-05, Vec([[-4.72429525e-07],
     [-1.05620445e-09],
     [ 2.75138447e-10]]), 2.002024240292566), (1.5472869457107213e-05, Vec([[ 2.13904775e-07],
     [ 6.59938479e-10],
     [-5.15336746e-12]]), 2.0895214690475252), (1.9088297981257474e-05, Vec([[-1.81563619e-07],
     [ 1.62837082e-10],
     [-1.15117132e-10]]), 1.958893343428862), (2.2249593474987127e-05, Vec([[-3.84998516e-07],
     [ 2.46887197e-09],
     [ 1.54765888e-10]]), 2.0683929449494753), (2.2215909817203045e-05, Vec([[ 3.88862156e-07],
     [-2.11332903e-09],
     [ 9.29790638e-11]]), 2.065261605035377), (1.908411746971058e-05, Vec([[ 1.82414682e-07],
     [-6.83739277e-11],
     [-3.46011681e-11]]), 1.9584643279006362), (1.548218098983955e-05, Vec([[-2.10899401e-07],
     [ 1.24158376e-10],
     [ 9.69585185e-11]]), 2.090778937651389), (2.1827575225008504e-05, Vec([[ 4.74709408e-07],
     [ 1.36711151e-09],
     [-3.22132824e-10]]), 2.000959431012115), (2.0042034198011558e-05, Vec([[ 1.47244155e-09],
     [-7.99024071e-10],
     [-1.51314058e-10]]), 2.15322997353016)]