[(2.0040099506874398e-05, Vec([[ 1.21670687e-10],
     [ 2.57300334e-09],
     [-2.59531314e-10]]), 2.1530221186335514), (2.1827016293363525e-05, Vec([[-4.73378809e-07],
     [-1.13837492e-09],
     [-5.77458527e-10]]), 2.0009081930924295), (1.5474029529776635e-05, Vec([[ 2.13177748e-07],
     [-9.17983979e-11],
     [-2.94082674e-11]]), 2.0896781301474676), (1.908956029440304e-05, Vec([[-1.82058109e-07],
     [ 1.65944353e-10],
     [-2.04210641e-10]]), 1.9590228854561604), (2.2230136597873385e-05, Vec([[-3.86138581e-07],
     [-6.07977928e-10],
     [ 2.30720574e-10]]), 2.0665841717960216), (2.222766390337416e-05, Vec([[3.85840437e-07],
     [2.73046630e-09],
     [7.51196690e-11]]), 2.066354302254227), (1.910338205412255e-05, Vec([[ 1.81790771e-07],
     [-4.83629341e-10],
     [ 1.49600410e-10]]), 1.9604413122397104), (1.5470096173825298e-05, Vec([[-2.14440820e-07],
     [-1.39052757e-09],
     [ 2.01496869e-11]]), 2.0891469531910234), (2.183379345117876e-05, Vec([[ 4.73099944e-07],
     [-6.92438015e-10],
     [ 7.71585590e-10]]), 2.0015294631009413), (2.003545124552539e-05, Vec([[ 5.64487765e-12],
     [-4.19598784e-10],
     [-1.41976446e-10]]), 2.1525227294217277)]