[(2.0035973158388292e-05, Vec([[ 3.19035501e-09],
     [-1.46734506e-09],
     [ 1.78059364e-10]]), 2.152578801495494), (2.182564927427657e-05, Vec([[-4.70767085e-07],
     [ 6.68388373e-10],
     [ 2.13034481e-10]]), 2.0007828768488145), (1.5479073424608206e-05, Vec([[ 2.14473237e-07],
     [-1.68793799e-10],
     [-3.52252222e-12]]), 2.0903592789523096), (1.908403937574085e-05, Vec([[-1.81145196e-07],
     [ 7.71576455e-10],
     [ 7.84706501e-11]]), 1.9584563136838846), (2.222234741215755e-05, Vec([[-3.83026153e-07],
     [-1.97532863e-10],
     [-8.77428667e-11]]), 2.065860064328636), (2.224830619968724e-05, Vec([[ 3.90968926e-07],
     [-1.11489139e-09],
     [-3.00481383e-10]]), 2.0682732757451148), (1.9104360666268195e-05, Vec([[ 1.84253146e-07],
     [-1.76785030e-09],
     [-1.94301176e-11]]), 1.9605417400945029), (1.5494449943555095e-05, Vec([[-2.12323418e-07],
     [-6.31742435e-10],
     [ 8.08525403e-11]]), 2.092435788842595), (2.1834880127377044e-05, Vec([[4.76555978e-07],
     [1.62805612e-09],
     [2.16488749e-10]]), 2.0016290799830276), (2.0048701828899787e-05, Vec([[ 3.71673825e-09],
     [-1.63798502e-09],
     [ 7.51347530e-11]]), 2.153946315121993)]