[(2.0030457170555342e-05, Vec([[ 4.43356414e-09],
     [-1.40795478e-09],
     [-1.14367956e-11]]), 2.1519861874814574), (2.1803948202853645e-05, Vec([[-4.68952161e-07],
     [ 2.01226753e-09],
     [ 4.33512511e-10]]), 1.9987935141697655), (1.5501069262744723e-05, Vec([[ 2.13310413e-07],
     [-6.98914292e-10],
     [ 2.25346278e-11]]), 2.093329689589028), (1.9100689437367548e-05, Vec([[-1.80606613e-07],
     [ 1.33689764e-09],
     [ 4.40618335e-11]]), 1.9601649885442747), (2.222487927313988e-05, Vec([[-3.82323488e-07],
     [ 3.38209909e-10],
     [-2.78513620e-10]]), 2.066095434174801), (2.2261371174676568e-05, Vec([[3.91526547e-07],
     [1.02608928e-09],
     [5.14441791e-10]]), 2.0694878373560606), (1.9098517914382387e-05, Vec([[ 1.85841018e-07],
     [-1.22503784e-09],
     [-6.09676289e-10]]), 1.9599421409166373), (1.547715244109718e-05, Vec([[-2.10827134e-07],
     [ 2.07414399e-11],
     [-9.77023369e-11]]), 2.0900998612470763), (2.182323040503664e-05, Vec([[ 4.76428230e-07],
     [-7.42208246e-11],
     [ 2.60372362e-10]]), 2.0005611362675486), (2.00272791196713e-05, Vec([[ 3.80382669e-09],
     [-3.80110615e-10],
     [ 1.73824383e-10]]), 2.151644751360088)]