[(2.0035813091773205e-05, Vec([[4.27274233e-10],
     [2.07028726e-09],
     [1.08860807e-10]]), 2.152561604626655), (2.1821487104094534e-05, Vec([[-4.72852553e-07],
     [-1.47429078e-09],
     [ 3.42738572e-10]]), 2.0004013258247832), (1.549270973350175e-05, Vec([[ 2.11800500e-07],
     [-1.27920904e-09],
     [-4.07527824e-11]]), 2.0922007835465677), (1.909639952993979e-05, Vec([[-1.82340627e-07],
     [-4.92169340e-10],
     [ 2.96049516e-10]]), 1.9597247465115695), (2.224495515273039e-05, Vec([[-3.87611053e-07],
     [ 1.31171091e-09],
     [ 2.80939629e-11]]), 2.067961751766417), (2.2242153689515248e-05, Vec([[3.87260838e-07],
     [1.18278567e-09],
     [1.13844219e-10]]), 2.067701318839575), (1.9081980175363606e-05, Vec([[ 1.82702145e-07],
     [-5.45016196e-10],
     [-2.13632541e-10]]), 1.9582449929094627), (1.547280318593136e-05, Vec([[-2.13939345e-07],
     [-1.02814708e-09],
     [-1.34404116e-10]]), 2.0895125195087814), (2.1820399634664866e-05, Vec([[ 4.73011451e-07],
     [ 6.26779798e-10],
     [-6.11081196e-10]]), 2.0003016362262453), (2.0028753934187425e-05, Vec([[ 8.58520757e-10],
     [ 5.04351019e-10],
     [-1.72348151e-10]]), 2.151803199090001)]