[(2.0048084003500043e-05, Vec([[-5.16383509e-09],
     [ 4.37247170e-10],
     [ 1.68503584e-10]]), 2.1538799386176923), (2.1832582330403862e-05, Vec([[-4.76833158e-07],
     [-1.19038605e-09],
     [-5.29004804e-10]]), 2.001418438238508), (1.548329053834721e-05, Vec([[2.11454760e-07],
     [9.64089519e-10],
     [1.74836619e-11]]), 2.090928775755698), (1.909897173574489e-05, Vec([[-1.85143996e-07],
     [-1.30091346e-10],
     [-5.97522814e-11]]), 1.959988713306015), (2.2238825161277695e-05, Vec([[-3.90918753e-07],
     [-7.10032671e-11],
     [-8.37239806e-11]]), 2.067391888272614), (2.222268621742415e-05, Vec([[3.82212178e-07],
     [2.78056857e-11],
     [5.27780093e-10]]), 2.065891560743343), (1.9088587056723974e-05, Vec([[ 1.79899787e-07],
     [-2.29670645e-09],
     [-2.91478478e-10]]), 1.9589230091438257), (1.547880004927276e-05, Vec([[-2.14469965e-07],
     [-1.13997330e-10],
     [ 1.34449241e-11]]), 2.090322361195453), (2.1825483521047198e-05, Vec([[ 4.69111963e-07],
     [ 1.24244501e-09],
     [-2.55814463e-10]]), 2.0007676820558005), (2.0037639466486536e-05, Vec([[-4.32231878e-09],
     [-1.71777560e-09],
     [ 1.46855644e-10]]), 2.1527578224724477)]