[(2.0046300295774715e-05, Vec([[-4.78076836e-09],
     [-1.22888180e-09],
     [-2.99236769e-11]]), 2.1536883047296222), (2.1818337784035236e-05, Vec([[-4.79551796e-07],
     [-6.79396861e-10],
     [ 4.78636175e-10]]), 2.000112623959873), (1.5454839459858124e-05, Vec([[ 2.10529097e-07],
     [-5.10001473e-10],
     [-7.55773822e-11]]), 2.0870866222698625), (1.909006015201995e-05, Vec([[-1.84907306e-07],
     [ 1.63215377e-10],
     [ 5.34999088e-11]]), 1.9590741822118685), (2.2268407087330314e-05, Vec([[-3.92200488e-07],
     [-5.55903417e-10],
     [-3.49374532e-11]]), 2.070141918164802), (2.2228097456579656e-05, Vec([[ 3.82185256e-07],
     [-2.41486748e-09],
     [-1.15568908e-10]]), 2.0663946067385544), (1.91006226520334e-05, Vec([[1.79442237e-07],
     [5.24294185e-11],
     [1.83094336e-10]]), 1.960158134850632), (1.5468249794570653e-05, Vec([[-2.16787527e-07],
     [ 1.61629335e-09],
     [-4.39564733e-11]]), 2.088897610358831), (2.181483684845868e-05, Vec([[4.69699400e-07],
     [1.47671745e-09],
     [1.07518250e-10]]), 1.999791689087948), (2.0034566271733333e-05, Vec([[-4.95130460e-09],
     [ 1.12516657e-09],
     [-1.67614798e-10]]), 2.1524276516428946)]