[(2.005898253108137e-05, Vec([[-5.57247042e-09],
     [-1.10659048e-09],
     [-7.77412403e-11]]), 2.1550508295573847), (2.183265702821127e-05, Vec([[-4.79791196e-07],
     [-9.55470084e-10],
     [ 2.15544577e-10]]), 2.0014252858741557), (1.5487568769804366e-05, Vec([[ 2.10467203e-07],
     [-4.24532407e-10],
     [-3.32590817e-11]]), 2.091506526153196), (1.9083651183461733e-05, Vec([[-1.87318020e-07],
     [ 6.06105356e-10],
     [ 1.70444362e-10]]), 1.9584164763305345), (2.2258096331551994e-05, Vec([[-3.90540708e-07],
     [ 2.32183161e-09],
     [ 1.54529747e-10]]), 2.069183397527877), (2.221979561540236e-05, Vec([[ 3.81636174e-07],
     [-4.53326957e-10],
     [ 3.23834285e-12]]), 2.0656228411896462), (1.9074996555827393e-05, Vec([[ 1.79786747e-07],
     [-6.96316234e-10],
     [ 3.62812445e-10]]), 1.9575283147731528), (1.5493535225770102e-05, Vec([[-2.15173485e-07],
     [ 1.46055908e-09],
     [ 4.34844673e-11]]), 2.0923122614997736), (2.1808741381101037e-05, Vec([[ 4.67867355e-07],
     [ 3.17428640e-10],
     [-7.66753404e-11]]), 1.999232910443505), (2.004459163730598e-05, Vec([[-4.87865202e-09],
     [-1.97011534e-09],
     [ 1.15526352e-10]]), 2.153504733810969)]