[(2.003713252890995e-05, Vec([[-8.93847486e-10],
     [-4.52508590e-09],
     [-6.21564066e-12]]), 2.15270335927905), (2.1820936946556786e-05, Vec([[-4.74549416e-07],
     [-7.08049016e-10],
     [ 3.30690075e-10]]), 2.000350892237802), (1.5473567366609636e-05, Vec([[2.10691172e-07],
     [1.95823531e-11],
     [3.55394935e-12]]), 2.089615717686591), (1.9095257572771013e-05, Vec([[-1.82745871e-07],
     [-7.08167458e-10],
     [ 3.43942769e-10]]), 1.9596075557437704), (2.2233596009846703e-05, Vec([[-3.87114237e-07],
     [ 1.68442062e-10],
     [ 3.93592869e-11]]), 2.0669057697311626), (2.2219590876321682e-05, Vec([[ 3.86579515e-07],
     [-1.31614692e-09],
     [-2.88693000e-10]]), 2.065603807993804), (1.9105155796891326e-05, Vec([[ 1.82320865e-07],
     [-2.13597593e-11],
     [ 2.28598606e-10]]), 1.960623338573652), (1.5466962673349057e-05, Vec([[-2.13495804e-07],
     [-1.10659529e-09],
     [ 2.54479108e-11]]), 2.0887237920872264), (2.183006075196037e-05, Vec([[ 4.73853014e-07],
     [-9.61886383e-10],
     [-6.85581764e-10]]), 2.0011872821840426), (2.0019830108062352e-05, Vec([[-1.79750156e-10],
     [ 1.55126502e-09],
     [-1.09303693e-11]]), 2.1508444615835565)]