[(2.0038702843887992e-05, Vec([[-5.06497865e-09],
     [ 3.83505843e-09],
     [-1.99962110e-10]]), 2.15287206716794), (2.182571763440928e-05, Vec([[-4.78467903e-07],
     [-4.37718918e-10],
     [-3.31737237e-11]]), 2.0007891435023866), (1.5466306399552652e-05, Vec([[ 2.10078504e-07],
     [-1.87228186e-10],
     [ 1.20203773e-10]]), 2.0886351661092846), (1.9094571603095155e-05, Vec([[-1.87749285e-07],
     [ 3.30652162e-11],
     [-1.87508720e-10]]), 1.9595371596595752), (2.223716167854895e-05, Vec([[-3.92371928e-07],
     [-2.52772486e-09],
     [ 3.09605214e-10]]), 2.067237245629635), (2.2244188326481382e-05, Vec([[ 3.81319577e-07],
     [-1.12486594e-09],
     [ 4.44509478e-10]]), 2.067890465160429), (1.909404707054165e-05, Vec([[1.79325466e-07],
     [4.15382934e-11],
     [1.22212861e-10]]), 1.9594833306943888), (1.5480069425281497e-05, Vec([[-2.13636074e-07],
     [ 3.70241523e-11],
     [-3.47153655e-11]]), 2.0904937830787635), (2.1827341406207043e-05, Vec([[ 4.70211195e-07],
     [ 1.06359067e-09],
     [-1.25222891e-10]]), 2.0009379965682466), (2.003899311728743e-05, Vec([[-5.39000585e-09],
     [-3.10887732e-09],
     [-9.46084189e-11]]), 2.1529032528938004)]