[(2.004964490906026e-05, Vec([[-5.10831403e-09],
     [ 1.26017536e-09],
     [-7.52136791e-11]]), 2.1540476355991913), (2.181879870656484e-05, Vec([[-4.77636662e-07],
     [ 5.51115661e-10],
     [-5.41552291e-10]]), 2.000154877268959), (1.5470747800548453e-05, Vec([[ 2.10010191e-07],
     [-5.45715334e-10],
     [-1.17063603e-11]]), 2.089234951608613), (1.9098871470212423e-05, Vec([[-1.85671288e-07],
     [-1.99006078e-09],
     [ 4.95170373e-10]]), 1.9599784237828572), (2.22271882779741e-05, Vec([[-3.92391345e-07],
     [ 5.28893298e-10],
     [-2.02882463e-10]]), 2.0663100866049375), (2.221537367482067e-05, Vec([[3.81735585e-07],
     [4.56902201e-10],
     [1.68641956e-10]]), 2.0652117635350176), (1.908521447879929e-05, Vec([[ 1.77765464e-07],
     [ 2.06502367e-10],
     [-3.88264602e-11]]), 1.95857690597353), (1.5490265208086465e-05, Vec([[-2.15334192e-07],
     [ 6.16194712e-12],
     [ 1.13964387e-10]]), 2.0918706645372276), (2.1809236347376638e-05, Vec([[ 4.67358635e-07],
     [-1.48510825e-09],
     [-3.56971136e-10]]), 1.9992782845827293), (2.0055836856741778e-05, Vec([[-6.00807656e-09],
     [-2.31710205e-09],
     [-7.15542220e-12]]), 2.154712871832732)]