[(2.001582215214696e-05, Vec([[-6.19157586e-09],
     [-2.55412135e-09],
     [-1.20759992e-10]]), 2.150413864034209), (2.183404362809655e-05, Vec([[-4.80372101e-07],
     [-1.19849122e-09],
     [-2.02271776e-11]]), 2.001552397112527), (1.547512635842431e-05, Vec([[ 2.09277796e-07],
     [-1.39833356e-09],
     [ 2.39631725e-11]]), 2.089826250508305), (1.9100529986762993e-05, Vec([[-1.86577918e-07],
     [ 2.39620987e-10],
     [ 4.76691534e-11]]), 1.960148625287154), (2.2238674084045204e-05, Vec([[-3.91640451e-07],
     [ 4.31891944e-09],
     [-3.22115237e-10]]), 2.067377843652779), (2.2223512032705468e-05, Vec([[ 3.81113187e-07],
     [-1.24851695e-09],
     [-9.80486049e-11]]), 2.065968331157312), (1.908455251925113e-05, Vec([[ 1.76483123e-07],
     [-1.30757085e-10],
     [-3.47320623e-10]]), 1.9585089738743044), (1.5491982615845432e-05, Vec([[-2.15512193e-07],
     [ 1.54903614e-09],
     [-2.97923892e-11]]), 2.092102590515368), (2.180764981970483e-05, Vec([[ 4.68264168e-07],
     [-8.46855121e-10],
     [ 5.02769567e-10]]), 1.9991328457295932), (2.0017331648410823e-05, Vec([[-5.82937910e-09],
     [-2.02558033e-09],
     [ 1.89586550e-11]]), 2.1505760378219674)]