[(2.004988454259073e-05, Vec([[-5.55695888e-09],
     [-1.28765705e-09],
     [ 9.98900688e-11]]), 2.1540733807952814), (2.1849816433327926e-05, Vec([[-4.81107849e-07],
     [ 2.02725191e-10],
     [-4.56008375e-10]]), 2.002998308674205), (1.5489499549352202e-05, Vec([[ 2.09306469e-07],
     [ 2.53989819e-10],
     [-1.05351346e-10]]), 2.0917672667565075), (1.909800703252542e-05, Vec([[-1.85779645e-07],
     [ 8.52713897e-10],
     [-9.16500685e-11]]), 1.9598897128232657), (2.220706306336643e-05, Vec([[-3.91371554e-07],
     [-1.30399482e-10],
     [-2.27988975e-10]]), 2.0644391826732815), (2.222966372500621e-05, Vec([[ 3.82641017e-07],
     [-2.51518856e-09],
     [ 8.22387470e-11]]), 2.06654021203094), (1.9082096115869798e-05, Vec([[1.77537523e-07],
     [1.52494646e-09],
     [2.08776754e-10]]), 1.9582568910412936), (1.5483269662304687e-05, Vec([[-2.16618183e-07],
     [-8.30323921e-10],
     [-2.50957567e-10]]), 2.09092595656698), (2.181340794894435e-05, Vec([[4.67957017e-07],
     [6.72530800e-11],
     [8.21114863e-11]]), 1.9996607001929512), (2.0021619351354335e-05, Vec([[-5.55835420e-09],
     [ 2.14652046e-09],
     [-2.33238083e-11]]), 2.1510366901891054)]