[(2.0028589235886915e-05, Vec([[-6.20882273e-09],
     [ 6.61234549e-10],
     [-1.83641986e-10]]), 2.1517855046127967), (2.1829000005066423e-05, Vec([[-4.80961500e-07],
     [-2.73009939e-09],
     [-7.28254814e-10]]), 2.0010900422717084), (1.548500235408052e-05, Vec([[ 2.09400581e-07],
     [ 6.14842385e-10],
     [-1.13708965e-10]]), 2.091159946563138), (1.9094225821032806e-05, Vec([[-1.87284740e-07],
     [-6.27360072e-11],
     [-2.92541758e-10]]), 1.9595016745586575), (2.2253166397092626e-05, Vec([[-3.94784185e-07],
     [ 6.65425717e-10],
     [-3.64335059e-10]]), 2.0687250951473732), (2.2230717000997924e-05, Vec([[3.80363856e-07],
     [1.54425020e-09],
     [2.34284422e-11]]), 2.0666381279156862), (1.908290080518788e-05, Vec([[ 1.78362354e-07],
     [-6.05086988e-10],
     [ 1.05414161e-10]]), 1.9583394704598605), (1.5480921288014167e-05, Vec([[-2.16433668e-07],
     [-3.40143373e-10],
     [-2.99913876e-11]]), 2.0906088222105508), (2.181247969716107e-05, Vec([[ 4.68544494e-07],
     [ 6.50803081e-10],
     [-8.10514554e-11]]), 1.999575606262867), (2.004439824925362e-05, Vec([[-7.32020777e-09],
     [-1.19592951e-09],
     [-1.45574809e-10]]), 2.153483957030192)]