[(2.0031112229945764e-05, Vec([[-2.35524306e-10],
     [ 1.81003256e-09],
     [ 4.41641129e-11]]), 2.15205656424561), (2.180137504054884e-05, Vec([[-4.75022524e-07],
     [-1.66403541e-09],
     [-7.46969293e-10]]), 1.9985576293622116), (1.546801176847631e-05, Vec([[ 2.11902130e-07],
     [-2.91115664e-10],
     [-1.39996714e-11]]), 2.0888654663123924), (1.907999235239196e-05, Vec([[-1.83367109e-07],
     [ 9.70914676e-11],
     [ 1.51067596e-10]]), 1.9580409970796158), (2.2218809580911583e-05, Vec([[-3.87332940e-07],
     [-1.57304802e-09],
     [ 4.79885022e-10]]), 2.0655311762886), (2.2201282138097908e-05, Vec([[3.85147655e-07],
     [5.34402467e-10],
     [1.63404780e-10]]), 2.0639017694817046), (1.910177198234167e-05, Vec([[1.81016099e-07],
     [4.87475222e-10],
     [1.26829369e-10]]), 1.9602760822701706), (1.5478552688108902e-05, Vec([[-2.13081456e-07],
     [ 6.89522112e-11],
     [ 1.22146678e-10]]), 2.090288956501908), (2.1815651953033453e-05, Vec([[ 4.71709340e-07],
     [ 1.74086114e-09],
     [-5.71180464e-10]]), 1.9998664106806732), (2.0035933393751447e-05, Vec([[-3.58669135e-10],
     [-9.94171186e-10],
     [ 4.91181228e-11]]), 2.152574529353899)]