[(2.001723845355863e-05, Vec([[-7.23014605e-09],
     [-2.67515364e-10],
     [ 7.91903348e-11]]), 2.1505660253677856), (2.1819185046310275e-05, Vec([[-4.81354632e-07],
     [-1.57401650e-09],
     [-3.58208641e-10]]), 2.0001902934867126), (1.5471865437937366e-05, Vec([[ 2.07718447e-07],
     [ 1.18903988e-09],
     [-1.08668107e-11]]), 2.089385882069522), (1.9095251210149168e-05, Vec([[-1.86420291e-07],
     [-1.06481368e-09],
     [-2.89603367e-10]]), 1.9596069027941156), (2.2241464024803752e-05, Vec([[-3.93971656e-07],
     [ 1.94106152e-09],
     [-1.36595541e-10]]), 2.067637205415424), (2.222274252545867e-05, Vec([[ 3.79318921e-07],
     [-7.78106734e-10],
     [ 1.91226705e-11]]), 2.065896795317246), (1.9095360189675967e-05, Vec([[ 1.78049370e-07],
     [ 1.81723198e-09],
     [-1.42302985e-10]]), 1.9596180865712025), (1.5487148251832444e-05, Vec([[-2.15442319e-07],
     [-4.66189173e-10],
     [-3.13504900e-11]]), 2.09144973763489), (2.181124362520666e-05, Vec([[ 4.67803697e-07],
     [ 9.40140519e-10],
     [-3.43877102e-10]]), 1.999462294096532), (2.0042121018392622e-05, Vec([[-7.29167936e-09],
     [-1.27334233e-09],
     [ 6.56821730e-11]]), 2.153239301138574)]