[(2.004070389924729e-05, Vec([[-7.46197091e-09],
     [-6.95266251e-10],
     [-7.00128158e-11]]), 2.1530870519512093), (2.183890766738986e-05, Vec([[-4.82606185e-07],
     [-9.65892356e-10],
     [-1.07268335e-10]]), 2.0019982893014863), (1.5480448361221286e-05, Vec([[ 2.09211117e-07],
     [-4.31961703e-10],
     [-1.71591099e-11]]), 2.0905449561842913), (1.910095083457779e-05, Vec([[-1.87802460e-07],
     [ 1.39881685e-10],
     [-8.67583230e-11]]), 1.9601918138408856), (2.2237948900677987e-05, Vec([[-3.93978377e-07],
     [ 1.16352122e-09],
     [ 2.90123482e-10]]), 2.0673104283014725), (2.2213819643046135e-05, Vec([[ 3.79123407e-07],
     [-5.75664678e-10],
     [-8.50397909e-11]]), 2.0650672958007066), (1.9094907441075112e-05, Vec([[ 1.75183841e-07],
     [ 2.28209059e-10],
     [-2.59907437e-11]]), 1.9595716242715604), (1.5487517210126872e-05, Vec([[-2.16587153e-07],
     [ 2.18955496e-10],
     [ 1.77341701e-10]]), 2.091499563317161), (2.180353605065481e-05, Vec([[ 4.67187837e-07],
     [-7.88307978e-10],
     [-6.56425320e-11]]), 1.9987557316941227), (2.0025201995607028e-05, Vec([[-7.89629567e-09],
     [-1.49315676e-09],
     [-6.41149922e-11]]), 2.1514215940822514)]