[(2.003294287817579e-05, Vec([[-7.64098834e-09],
     [ 1.65414966e-09],
     [-1.12868409e-11]]), 2.152253241219661), (2.182784461159577e-05, Vec([[-4.82404585e-07],
     [ 9.39270405e-10],
     [ 3.42607096e-10]]), 2.000984125996639), (1.5473502892042895e-05, Vec([[ 2.08499432e-07],
     [-5.72447967e-10],
     [-2.40317149e-11]]), 2.089607010769507), (1.9108707154959255e-05, Vec([[-1.87615890e-07],
     [-3.88465342e-10],
     [ 3.05905845e-10]]), 1.9609877886511944), (2.2259508622883717e-05, Vec([[-3.94764714e-07],
     [-1.55774587e-09],
     [ 3.41456477e-10]]), 2.0693146886200053), (2.2219588467492205e-05, Vec([[3.79739020e-07],
     [1.40993349e-10],
     [2.89927279e-10]]), 2.065603584061358), (1.9081356257832553e-05, Vec([[1.77110931e-07],
     [7.99171350e-10],
     [5.98047939e-12]]), 1.9581809647860735), (1.5475367616970397e-05, Vec([[-2.17941895e-07],
     [-8.00560696e-10],
     [ 1.82176089e-10]]), 2.0898588310786432), (2.181344340788063e-05, Vec([[ 4.66827812e-07],
     [ 1.99571338e-09],
     [-2.65748259e-10]]), 1.999663950755244), (2.0033383660901737e-05, Vec([[-7.76079789e-09],
     [ 4.29986900e-10],
     [ 9.27763731e-11]]), 2.152300597020372)]