[(2.0015060681214215e-05, Vec([[-8.73521332e-09],
     [ 1.69761345e-09],
     [-1.96497080e-10]]), 2.150332054871518), (2.184483545659993e-05, Vec([[-4.84034538e-07],
     [-8.09766105e-10],
     [-1.67795621e-10]]), 2.002541696693406), (1.546559478457819e-05, Vec([[ 2.07779283e-07],
     [-6.33000310e-10],
     [-2.06634363e-11]]), 2.0885390666255423), (1.9125721479147087e-05, Vec([[-1.89011770e-07],
     [-1.22198998e-09],
     [ 2.65997636e-11]]), 1.9627338451318304), (2.2234576353768176e-05, Vec([[-3.94671960e-07],
     [ 3.04579721e-09],
     [-6.08855093e-10]]), 2.0669969056187947), (2.2220439924880654e-05, Vec([[3.78209142e-07],
     [3.92743083e-09],
     [5.31411601e-10]]), 2.0656827382471263), (1.9073931464488286e-05, Vec([[ 1.76178817e-07],
     [ 9.87043611e-11],
     [-2.35298008e-11]]), 1.9574190121870154), (1.5472064496450685e-05, Vec([[-2.16574873e-07],
     [-1.02154144e-10],
     [-1.14361223e-11]]), 2.089412763769672), (2.181226975954258e-05, Vec([[ 4.65761837e-07],
     [-3.10294007e-09],
     [ 1.40284441e-10]]), 1.9995563610350615), (2.0033284402571656e-05, Vec([[-8.16240237e-09],
     [ 1.19066681e-10],
     [-3.62703000e-11]]), 2.1522899331321987)]