[(2.0039475384989937e-05, Vec([[-1.81504084e-09],
     [-6.05415620e-11],
     [-5.19897052e-11]]), 2.152955065662008), (2.181577469804683e-05, Vec([[-4.74554642e-07],
     [ 3.23972299e-09],
     [ 1.11227198e-09]]), 1.999877662860066), (1.5482141204903136e-05, Vec([[2.11146599e-07],
     [1.48293499e-10],
     [9.51209032e-11]]), 2.090773564925984), (1.909386401249772e-05, Vec([[-1.82327622e-07],
     [-2.03822538e-09],
     [ 2.54787035e-10]]), 1.9594645447772765), (2.2245404434421162e-05, Vec([[-3.87838263e-07],
     [-7.99590718e-10],
     [-2.01679453e-10]]), 2.0680035184207397), (2.2239020724859154e-05, Vec([[ 3.86690736e-07],
     [-4.97445781e-10],
     [-1.36125780e-10]]), 2.0674100684848784), (1.9095789563759096e-05, Vec([[1.83112348e-07],
     [9.80720751e-10],
     [2.72437570e-10]]), 1.9596621501139087), (1.5474353106231464e-05, Vec([[-2.13443018e-07],
     [-5.17672151e-10],
     [ 9.74705516e-11]]), 2.089721827274956), (2.1820602422402518e-05, Vec([[ 4.73083719e-07],
     [-2.13607344e-10],
     [-2.37712173e-10]]), 2.0003202260160853), (2.003021028903944e-05, Vec([[-1.21440943e-09],
     [ 4.75714925e-10],
     [-1.82816834e-10]]), 2.151959663592979)]