[(2.003912855381035e-05, Vec([[-1.93262234e-09],
     [-3.69742250e-10],
     [ 1.61093659e-10]]), 2.1529178036114462), (2.182596324285987e-05, Vec([[-4.74194214e-07],
     [-4.34179145e-11],
     [ 2.31820040e-10]]), 2.000811658717223), (1.548336453745519e-05, Vec([[ 2.09249383e-07],
     [-4.03682181e-10],
     [ 4.84697895e-11]]), 2.090938768906952), (1.908967881479531e-05, Vec([[-1.81256125e-07],
     [ 3.78747537e-10],
     [-1.89762396e-10]]), 1.959035048342957), (2.223258883690959e-05, Vec([[-3.88717881e-07],
     [-1.55452416e-11],
     [ 1.28190298e-10]]), 2.0668121397329426), (2.2229400335975714e-05, Vec([[ 3.85247659e-07],
     [-1.99367699e-09],
     [ 2.16201965e-11]]), 2.066515726549304), (1.9110335022091637e-05, Vec([[ 1.82801093e-07],
     [-5.58324918e-10],
     [-4.19747662e-10]]), 1.9611548448283724), (1.5467273744963756e-05, Vec([[-2.12315296e-07],
     [-8.95428911e-11],
     [ 9.76579186e-11]]), 2.088765800508426), (2.1830892123640335e-05, Vec([[ 4.72552359e-07],
     [ 2.20125621e-10],
     [-4.64613892e-10]]), 2.0012634950013877), (2.004379754402789e-05, Vec([[-1.53581838e-09],
     [-3.20593473e-10],
     [ 7.09467414e-12]]), 2.153419419843771)]