[(2.0017899129847533e-05, Vec([[-2.67631155e-09],
     [-1.12756995e-09],
     [-1.61257539e-10]]), 2.1506370055873587), (2.180986126354475e-05, Vec([[-4.73981212e-07],
     [-1.45591493e-09],
     [-4.80507124e-10]]), 1.9993355713810703), (1.548310232675559e-05, Vec([[2.12653248e-07],
     [5.38006230e-10],
     [8.41310442e-11]]), 2.090903358869547), (1.909956431917152e-05, Vec([[-1.84113996e-07],
     [ 4.22504022e-10],
     [ 3.52498523e-11]]), 1.960049525837912), (2.2234340902086285e-05, Vec([[-3.87792618e-07],
     [ 1.76641192e-10],
     [-7.20354012e-11]]), 2.066975017281903), (2.225075588888976e-05, Vec([[ 3.85982914e-07],
     [-4.43445302e-10],
     [ 3.87911503e-10]]), 2.0685010066413896), (1.90827977571318e-05, Vec([[ 1.80317373e-07],
     [-1.81528730e-11],
     [-1.09064087e-10]]), 1.958328895386519), (1.5499540840829006e-05, Vec([[-2.12705085e-07],
     [ 9.86549901e-11],
     [ 1.60440169e-11]]), 2.093123285055243), (2.181192062854428e-05, Vec([[4.70246857e-07],
     [3.59300297e-10],
     [3.82751254e-10]]), 1.9995243557868148), (2.0026463511316867e-05, Vec([[-2.43599294e-09],
     [ 1.28138065e-09],
     [-1.23791391e-11]]), 2.151557125905602)]