[(2.004085142200183e-05, Vec([[-3.36638887e-09],
     [ 2.10692286e-09],
     [ 1.87293623e-10]]), 2.153102901161609), (2.181961042225754e-05, Vec([[-4.77107997e-07],
     [-1.28091769e-09],
     [ 3.34967202e-11]]), 2.000229288198889), (1.5488419021287745e-05, Vec([[2.13248263e-07],
     [8.68190285e-10],
     [1.12690447e-11]]), 2.0916213476950913), (1.908569374160818e-05, Vec([[-1.82543803e-07],
     [-1.32456218e-09],
     [ 2.99021340e-10]]), 1.958626089233716), (2.2234624115690184e-05, Vec([[-3.90499365e-07],
     [-7.34774314e-10],
     [ 3.45863037e-10]]), 2.0670013457189085), (2.2242714515331912e-05, Vec([[ 3.84937775e-07],
     [-2.11568922e-09],
     [ 8.04680561e-11]]), 2.0677534549904597), (1.9098775528985065e-05, Vec([[ 1.80464677e-07],
     [ 8.39054933e-10],
     [-1.32284606e-11]]), 1.9599685780317144), (1.5485082225976982e-05, Vec([[-2.15359704e-07],
     [ 4.25141256e-10],
     [ 7.41841227e-11]]), 2.0911707328004883), (2.183622388023903e-05, Vec([[ 4.71793463e-07],
     [ 8.80989498e-10],
     [-3.64643991e-10]]), 2.001752263384501), (2.0020155928571116e-05, Vec([[-2.75613436e-09],
     [ 8.98989638e-10],
     [-9.34013417e-11]]), 2.1508794663379907)]