[(2.005458751127523e-05, Vec([[-3.18039554e-09],
     [-1.94759380e-09],
     [-3.88198292e-11]]), 2.154578647527989), (2.1822408111697216e-05, Vec([[-4.77403503e-07],
     [-4.41427409e-10],
     [-1.05625057e-10]]), 2.000485755672333), (1.5490265412502786e-05, Vec([[2.11731519e-07],
     [2.23644921e-10],
     [9.09795491e-11]]), 2.091870692142466), (1.9088920726807328e-05, Vec([[-1.83790260e-07],
     [-2.22415541e-09],
     [ 2.98541330e-10]]), 1.958957251280335), (2.221879647085661e-05, Vec([[-3.89598299e-07],
     [-1.58800736e-09],
     [ 1.28189406e-10]]), 2.0655299575362105), (2.2218423932056875e-05, Vec([[3.84832934e-07],
     [7.86651818e-10],
     [6.83788943e-11]]), 2.0654953251450188), (1.909250181370353e-05, Vec([[1.77948157e-07],
     [5.56127183e-10],
     [1.11516816e-10]]), 1.9593247522115376), (1.5491628921718728e-05, Vec([[-2.15453725e-07],
     [ 1.16831261e-09],
     [ 1.46087150e-10]]), 2.0920548261706045), (2.1835633651456484e-05, Vec([[ 4.70996059e-07],
     [ 7.96998725e-10],
     [-2.73015363e-11]]), 2.001698156419494), (2.005512541572358e-05, Vec([[-2.83988280e-09],
     [ 4.48832458e-10],
     [ 4.19636767e-11]]), 2.1546364376689313)]