[(2.0040072082664078e-05, Vec([[-2.77561488e-10],
     [ 5.19661206e-10],
     [ 1.44079510e-10]]), 2.153019172294319), (2.1835487381126793e-05, Vec([[-4.74621073e-07],
     [ 1.53384422e-09],
     [ 4.19793804e-10]]), 2.0016847476467543), (1.550886110978027e-05, Vec([[ 2.13724030e-07],
     [-2.56086929e-10],
     [-1.02255264e-10]]), 2.094381933434906), (1.9088218464913065e-05, Vec([[-1.82695750e-07],
     [ 1.70951195e-09],
     [ 2.89886300e-11]]), 1.9588851832441294), (2.2247122834166316e-05, Vec([[-3.87464432e-07],
     [-1.79122176e-09],
     [-5.14947015e-12]]), 2.068163266324155), (2.2230426624917972e-05, Vec([[ 3.87804301e-07],
     [-1.94337047e-09],
     [-6.26248917e-10]]), 2.0666111336321356), (1.9090064637303544e-05, Vec([[ 1.82174039e-07],
     [-6.06524471e-11],
     [ 1.61288243e-10]]), 1.9590746425039365), (1.5487701385265537e-05, Vec([[-2.15229594e-07],
     [-7.97943011e-10],
     [-8.73586705e-11]]), 2.0915244351037012), (2.1820818930790816e-05, Vec([[ 4.74570215e-07],
     [-1.23717077e-09],
     [ 4.17574793e-10]]), 2.0003400735940677), (2.004727480262601e-05, Vec([[-8.34952358e-10],
     [-2.60156568e-09],
     [ 2.10345665e-11]]), 2.153793001555348)]