[(2.0047455781265543e-05, Vec([[-2.91921428e-09],
     [ 2.42479754e-10],
     [ 1.30664177e-10]]), 2.153812445122172), (2.1833354689576316e-05, Vec([[-4.75829757e-07],
     [-1.12781767e-09],
     [ 5.10570632e-10]]), 2.0014892413100505), (1.5482175019034813e-05, Vec([[ 2.08841727e-07],
     [-8.06031990e-10],
     [ 3.51763962e-11]]), 2.0907781313287637), (1.910265557962166e-05, Vec([[-1.8482663e-07],
     [ 1.6258390e-09],
     [-1.8729117e-10]]), 1.960366759439595), (2.2211355955950982e-05, Vec([[-3.89651368e-07],
     [-2.12383211e-09],
     [ 1.57398798e-10]]), 2.0648382636158296), (2.2222306864415854e-05, Vec([[ 3.82576183e-07],
     [-1.80797964e-09],
     [ 5.68506615e-11]]), 2.0658562948816592), (1.908229887234211e-05, Vec([[ 1.79630981e-07],
     [-4.22023559e-10],
     [ 1.15404858e-10]]), 1.958277698465001), (1.547688582691745e-05, Vec([[-2.14642734e-07],
     [-2.55253869e-10],
     [-2.41870640e-11]]), 2.090063856545166), (2.181272057436658e-05, Vec([[ 4.70491434e-07],
     [ 2.87527075e-10],
     [-1.86109034e-10]]), 1.9995976877589157), (2.004168857580766e-05, Vec([[-3.73937766e-09],
     [-2.56028231e-09],
     [ 1.23460387e-10]]), 2.153192841366748)]