[(0.00010226429928394005, array([[-2.19876390e-08],
       [ 1.65496723e-08],
       [ 3.41032511e-10]]), 2.3189260808633545), (0.00010225855264630133, array([[-2.97599340e-07],
       [ 2.80928540e-09],
       [-2.96965072e-09]]), 2.323227500398255), (0.0001015450818942997, array([[-3.91885126e-07],
       [ 6.55338748e-08],
       [ 7.56027432e-09]]), 2.320798644813452), (9.999399608459605e-05, array([[-7.85794187e-07],
       [ 1.43102101e-08],
       [ 1.04751707e-09]]), 2.308433087528053), (9.721726254914379e-05, array([[-9.81107465e-07],
       [-5.30022527e-08],
       [-1.20076638e-08]]), 2.276491657668897), (9.506326170012428e-05, array([[-1.40171209e-06],
       [-6.76875080e-08],
       [ 1.61317471e-09]]), 2.267679615522447), (9.162621083464958e-05, array([[-1.69034442e-06],
       [ 5.26486252e-08],
       [-4.44370388e-09]]), 2.2365193420889473), (8.943422426790404e-05, array([[-1.81165287e-06],
       [-4.51464773e-08],
       [ 4.62785085e-09]]), 2.2442417675706374), (8.469372097027598e-05, array([[-1.84107804e-06],
       [ 2.38920160e-08],
       [ 1.70789808e-08]]), 2.1957090422055687), (8.040791698047264e-05, array([[-2.10773884e-06],
       [-5.82118479e-08],
       [-7.93155216e-09]]), 2.1650586057114647), (7.693955552845042e-05, array([[-2.16464549e-06],
       [ 4.26178539e-09],
       [-1.32610646e-09]]), 2.1639042709279375), (7.185775927532757e-05, array([[-2.16224599e-06],
       [ 2.11392654e-08],
       [ 7.97456965e-09]]), 2.124102065779913), (6.708844399638274e-05, array([[-2.23107451e-06],
       [ 2.50244008e-08],
       [ 3.81009759e-09]]), 2.0986580615515047), (6.215310656594285e-05, array([[-2.33769460e-06],
       [-1.31133648e-08],
       [ 5.91805078e-09]]), 2.0734165533274154), (5.712728392326966e-05, array([[-2.36318431e-06],
       [ 2.18176510e-08],
       [ 4.28496258e-09]]), 2.050192626986787), (5.227243581336485e-05, array([[-2.20180963e-06],
       [-1.25861177e-08],
       [-8.78713873e-09]]), 2.038681123111836), (4.719132202149977e-05, array([[-2.13977035e-06],
       [ 5.57931652e-09],
       [ 1.16359041e-09]]), 2.0242452742783166), (4.252062765627793e-05, array([[-2.03456126e-06],
       [ 4.27445067e-08],
       [ 6.04527780e-09]]), 2.0352688035020363), (3.857399632558402e-05, array([[-1.78068415e-06],
       [ 1.29988480e-08],
       [-2.33928185e-09]]), 2.0374683852166444), (3.589954568015772e-05, array([[-1.41790260e-06],
       [-2.74910785e-08],
       [ 8.91242178e-09]]), 2.0640620503670095), (3.231388478716443e-05, array([[-1.06298124e-06],
       [-1.90080037e-08],
       [ 7.68461619e-09]]), 2.0473873997371212), (2.924579181482677e-05, array([[-7.61916258e-07],
       [ 1.16265987e-09],
       [-6.92367985e-09]]), 2.072736387127794), (2.6761916991039616e-05, array([[-4.95048085e-07],
       [-1.33645340e-08],
       [-1.99226749e-09]]), 2.1617582020356867), (2.267821344641093e-05, array([[-2.50063101e-07],
       [-1.24320216e-08],
       [ 2.40672022e-10]]), 2.1394943499814976), (1.9811079535930106e-05, array([[-9.28185810e-08],
       [-6.59353800e-09],
       [ 1.06273682e-09]]), 2.257101861253528), (1.814882905405212e-05, array([[-1.97957378e-08],
       [-1.08750157e-08],
       [-3.99334016e-10]]), 2.3113015941274972), (2.056017779652539e-05, array([[-1.10949650e-07],
       [ 8.11578285e-09],
       [-2.72718053e-10]]), 2.1210512282547387), (2.339000156554128e-05, array([[-2.46694029e-07],
       [-1.69795397e-08],
       [-2.08933681e-09]]), 2.0347027206780375), (2.6395786984423806e-05, array([[-4.62446948e-07],
       [ 4.00873362e-09],
       [ 2.00433801e-10]]), 1.9919249738339302), (2.9119011344565983e-05, array([[-6.95426110e-07],
       [-5.38925575e-09],
       [ 4.15777562e-09]]), 1.947252486302219), (3.216611935705631e-05, array([[-9.50414150e-07],
       [-4.43966284e-08],
       [-6.29764763e-10]]), 1.9381638177535128), (3.532309854663619e-05, array([[-1.26606302e-06],
       [ 1.02944933e-08],
       [-2.81323446e-09]]), 1.9438585033788038), (3.7614925205528994e-05, array([[-1.56713025e-06],
       [ 6.25914893e-08],
       [-2.11861522e-09]]), 1.9119173063067445), (4.3375510386757364e-05, array([[-1.73416282e-06],
       [-7.69250572e-09],
       [ 9.54886716e-09]]), 1.9614852812779875), (4.8931664835969836e-05, array([[-1.83869191e-06],
       [-1.12838573e-08],
       [-3.50514128e-09]]), 1.9981069604306492), (5.39999838464879e-05, array([[-1.85531100e-06],
       [ 2.20829933e-08],
       [-2.66294250e-09]]), 2.0174985814976316), (5.9690648907998806e-05, array([[-1.84785765e-06],
       [ 1.95859126e-08],
       [-3.33332470e-09]]), 2.0629340126430136), (6.483366513179583e-05, array([[-2.00409226e-06],
       [ 7.02094617e-09],
       [ 1.10785464e-08]]), 2.092262775890818), (6.948850604661609e-05, array([[-1.97135567e-06],
       [-1.66078810e-08],
       [-2.90820366e-09]]), 2.1111449969420106), (7.474960226678265e-05, array([[-1.94726141e-06],
       [ 3.21351918e-09],
       [ 3.34888082e-09]]), 2.153529296723546), (7.914218497381053e-05, array([[-1.92755956e-06],
       [-2.87013788e-09],
       [-2.85297096e-09]]), 2.1762858804118625), (8.35492033641396e-05, array([[-1.61530152e-06],
       [ 1.22629349e-08],
       [-1.48621422e-08]]), 2.205936288581), (8.744433333307756e-05, array([[-1.69822724e-06],
       [ 3.08588697e-08],
       [ 3.78970736e-09]]), 2.228948401295616), (9.062294470088975e-05, array([[-1.44660211e-06],
       [ 5.58443702e-08],
       [-1.76566162e-09]]), 2.241492784971398), (9.384845769784013e-05, array([[-1.28438080e-06],
       [ 6.06930855e-08],
       [-6.82901391e-09]]), 2.263292607018379), (9.684207619543388e-05, array([[-1.08556260e-06],
       [ 7.35850924e-09],
       [ 6.12995985e-09]]), 2.2875604719085345), (9.919656181752397e-05, array([[-9.38416594e-07],
       [ 2.92443939e-09],
       [ 3.82942580e-09]]), 2.30515400881992), (0.00010083635486913009, array([[-7.41817438e-07],
       [ 1.32957829e-08],
       [ 3.36768776e-09]]), 2.315015577329368), (0.00010200534827193305, array([[-3.89853689e-07],
       [ 1.10596742e-08],
       [-4.20152833e-09]]), 2.323205604775036), (0.00010256877775324515, array([[-8.86901082e-08],
       [-5.08726008e-08],
       [-1.91501468e-10]]), 2.326878767677373), (0.00010323777062489685, array([[2.39331666e-07],
       [6.84768527e-08],
       [2.88143077e-09]]), 2.3420555626326447), (0.00010209788548951569, array([[ 3.81803051e-07],
       [-4.59842648e-08],
       [-2.32580166e-10]]), 2.3253131705662446), (0.00010092445668818999, array([[5.80923097e-07],
       [1.06288830e-08],
       [2.86380601e-09]]), 2.3170382315970617), (9.866287596505106e-05, array([[ 9.07368231e-07],
       [-2.71027565e-08],
       [-4.99504944e-09]]), 2.292752086215571), (9.68927463942956e-05, array([[ 1.16260970e-06],
       [-5.89802332e-08],
       [-1.20627650e-08]]), 2.288757380820172), (9.373320860375338e-05, array([[ 1.24467827e-06],
       [-7.08066782e-08],
       [-4.00335326e-09]]), 2.2605132068128686), (9.12664433745179e-05, array([[ 1.49425544e-06],
       [-6.03557437e-09],
       [ 2.74499213e-09]]), 2.257409257767962), (8.729678128453339e-05, array([[1.51049450e-06],
       [5.70761555e-08],
       [1.71094143e-08]]), 2.225187312495754), (8.319483459223204e-05, array([[ 1.66306506e-06],
       [ 2.20967861e-08],
       [-1.55916008e-09]]), 2.1965799464255427), (7.921349950416336e-05, array([[ 1.86523727e-06],
       [-9.30698506e-09],
       [ 1.05084186e-08]]), 2.178246918074979), (7.478871901969417e-05, array([[ 1.98625291e-06],
       [-1.93875417e-08],
       [-3.41077098e-09]]), 2.1546562468454606), (6.933021713179639e-05, array([[ 2.03356644e-06],
       [ 1.10592043e-08],
       [-8.34874518e-11]]), 2.106335987947502), (6.465272003516217e-05, array([[ 2.12189368e-06],
       [ 1.28005368e-08],
       [-9.82419831e-10]]), 2.086423453227245), (5.9560536484929735e-05, array([[ 1.95260776e-06],
       [ 2.38282366e-08],
       [-2.96304056e-10]]), 2.058437272400998), (5.4195933299792984e-05, array([[ 1.86027114e-06],
       [-3.00271889e-09],
       [-4.06054069e-09]]), 2.024819467837378), (4.931216750969144e-05, array([[ 1.80271700e-06],
       [ 2.56401443e-08],
       [-3.99861369e-09]]), 2.0136446504596757), (4.343604773586451e-05, array([[ 1.68613435e-06],
       [-1.31817672e-08],
       [ 1.51205890e-08]]), 1.964222842592715), (3.788522212759687e-05, array([[ 1.56717918e-06],
       [-2.29024302e-08],
       [-5.98337920e-09]]), 1.9256561442897886), (3.499905155804842e-05, array([[1.27290567e-06],
       [7.57018310e-09],
       [2.27546271e-09]]), 1.9260259371493997), (3.209272049811417e-05, array([[9.65499651e-07],
       [2.11204588e-08],
       [6.35791555e-09]]), 1.9337411825239728), (2.934051183045631e-05, array([[ 6.68066173e-07],
       [ 1.09776913e-08],
       [-3.74258441e-09]]), 1.9620647121282706), (2.615422104634189e-05, array([[ 4.45967748e-07],
       [ 2.97770779e-09],
       [-8.17948340e-10]]), 1.9736955031545012), (2.3403661201665552e-05, array([[ 2.47876919e-07],
       [-1.88574181e-08],
       [ 4.18037595e-10]]), 2.035890976211397), (2.0793177829904362e-05, array([[ 1.12959682e-07],
       [-4.72931032e-09],
       [ 2.49742693e-10]]), 2.1450882289009745), (1.7836902542619156e-05, array([[ 2.40153768e-08],
       [-1.76286867e-08],
       [ 2.99130870e-10]]), 2.2715769242340054), (1.98081356615108e-05, array([[ 1.06667396e-07],
       [-1.17612406e-08],
       [ 1.21302340e-09]]), 2.25676646184134), (2.2515176789851523e-05, array([[ 2.68559172e-07],
       [-2.02525253e-09],
       [-7.57192191e-10]]), 2.1241132439533312), (2.6089482913485723e-05, array([[ 4.92647508e-07],
       [-1.09175264e-08],
       [ 6.56412713e-10]]), 2.1074407223511407), (2.9458758948654128e-05, array([[ 7.63185859e-07],
       [-8.91755808e-09],
       [-3.95677779e-09]]), 2.0878300023166463), (3.2445668104639854e-05, array([[ 1.07850655e-06],
       [-1.44152195e-09],
       [ 4.70351221e-09]]), 2.055737107779713), (3.547963605156631e-05, array([[ 1.38585978e-06],
       [ 6.28992137e-08],
       [-3.17663389e-09]]), 2.0399191395713943), (3.842210937158638e-05, array([[1.74603272e-06],
       [2.57149172e-08],
       [1.74783249e-10]]), 2.02944575607848), (4.216175733902779e-05, array([[2.03025827e-06],
       [4.94855727e-09],
       [7.54359365e-09]]), 2.018091315739948), (4.761313532451581e-05, array([[ 2.17740007e-06],
       [ 7.20178632e-09],
       [-7.96007247e-09]]), 2.042338719188993), (5.2637446290987996e-05, array([[2.21297106e-06],
       [5.03806637e-08],
       [1.21468939e-08]]), 2.052916923661198), (5.717711976485069e-05, array([[ 2.26816623e-06],
       [-5.26740004e-09],
       [ 7.35148146e-09]]), 2.0519811432254773), (6.234270621110359e-05, array([[ 2.26885124e-06],
       [-8.95406481e-09],
       [-7.51442718e-09]]), 2.0797415636849306), (6.708725296449576e-05, array([[2.23924599e-06],
       [1.93294198e-08],
       [4.92425487e-09]]), 2.0986208037389473), (7.15208364768948e-05, array([[ 2.26183579e-06],
       [-1.47523024e-08],
       [-8.12240101e-09]]), 2.114142690211058), (7.605821967099358e-05, array([[2.20972546e-06],
       [3.65800883e-08],
       [1.16570759e-08]]), 2.1391169373779344), (8.063476069936354e-05, array([[2.11808942e-06],
       [4.76866523e-08],
       [4.78933851e-09]]), 2.1711665856738818), (8.461447154144933e-05, array([[ 1.86819055e-06],
       [-3.32616009e-08],
       [ 6.95503400e-09]]), 2.1936544780009184), (8.829093581823124e-05, array([[ 1.65910690e-06],
       [-6.32729342e-09],
       [-1.69767287e-08]]), 2.215552351274582), (9.211167675406597e-05, array([[ 1.42843007e-06],
       [-4.52974504e-08],
       [-7.10125524e-09]]), 2.248369160048342), (9.45173012011471e-05, array([[ 1.26110234e-06],
       [ 3.59743340e-08],
       [-1.08488914e-08]]), 2.2546560407758074), (9.777475183978523e-05, array([[ 1.05568790e-06],
       [ 1.33627862e-07],
       [-2.07146053e-08]]), 2.2895461264546597), (9.948690875226921e-05, array([[8.46581491e-07],
       [6.39974246e-08],
       [2.65780843e-09]]), 2.296726612919125), (0.00010058827122609014, array([[ 4.77190997e-07],
       [-3.12738069e-08],
       [ 1.21213240e-09]]), 2.2989308708090426), (0.00010171651486232113, array([[ 3.68706489e-07],
       [ 3.50944503e-08],
       [-6.39923917e-09]]), 2.3109128621268393), (0.00010288770944965975, array([[7.00343428e-08],
       [4.34758907e-09],
       [3.65357757e-10]]), 2.3330624129214166)]