[(0.0001022173339099159, array([[-9.68810444e-08],
       [-4.80295384e-09],
       [-4.24580364e-09]]), 2.3178611028457605), (0.00010156560058443262, array([[-2.73562067e-07],
       [-2.51249271e-08],
       [ 6.07347981e-09]]), 2.3074842178567994), (0.0001009172639574245, array([[-4.72079760e-07],
       [ 3.04165717e-08],
       [-4.41230594e-09]]), 2.3064499536714607), (9.944289596720691e-05, array([[-8.43358233e-07],
       [ 2.07947795e-08],
       [ 5.73453618e-09]]), 2.295710546222219), (9.704803462885506e-05, array([[-1.04600011e-06],
       [-3.82166177e-08],
       [-2.62105232e-11]]), 2.2725289257560624), (9.506305345378034e-05, array([[-1.34612331e-06],
       [-3.20473304e-08],
       [ 7.35680212e-09]]), 2.267674647925283), (9.183092155595609e-05, array([[-1.45924867e-06],
       [-6.71397412e-08],
       [-7.78342884e-09]]), 2.2415161599597773), (8.81923518874188e-05, array([[-1.64366983e-06],
       [-1.76986444e-08],
       [-7.04988066e-09]]), 2.213078508884247), (8.454401090996123e-05, array([[-1.72378438e-06],
       [ 1.73337961e-08],
       [-3.86042604e-09]]), 2.1918277658916185), (8.045833536712126e-05, array([[-2.07113169e-06],
       [ 2.09791601e-10],
       [-1.81354811e-09]]), 2.1664161680759544), (7.610651726505775e-05, array([[-2.14635517e-06],
       [ 1.51456793e-08],
       [ 5.45478596e-09]]), 2.1404752941991183), (7.128166084141142e-05, array([[-2.24395026e-06],
       [ 3.30898007e-08],
       [-4.33237083e-09]]), 2.107072702689349), (6.722097909434788e-05, array([[-2.36337436e-06],
       [-3.38229144e-08],
       [-1.77981019e-08]]), 2.1028040192636563), (6.269209134319316e-05, array([[-2.29454970e-06],
       [ 3.34603203e-08],
       [ 1.64854071e-08]]), 2.0913969893971163), (5.73417300457589e-05, array([[-2.22360731e-06],
       [-4.36721457e-08],
       [-6.66813173e-09]]), 2.057888701944663), (5.287774266702403e-05, array([[-2.23211229e-06],
       [ 3.79109912e-08],
       [-8.24730151e-09]]), 2.0622887403396075), (4.718150605582663e-05, array([[-2.11849321e-06],
       [ 1.11156938e-08],
       [-6.82053704e-09]]), 2.0238242239395006), (4.222176716919006e-05, array([[-2.06033150e-06],
       [-4.24529018e-08],
       [ 1.26624460e-09]]), 2.0209637130201568), (3.8825894896978144e-05, array([[-1.84693491e-06],
       [ 4.49189788e-09],
       [ 3.57604923e-09]]), 2.0507736017973897), (3.5464395042571664e-05, array([[-1.38526554e-06],
       [-1.00147452e-08],
       [ 1.50997839e-09]]), 2.0390428502568856), (3.2645392483958335e-05, array([[-1.05155101e-06],
       [-1.43936629e-08],
       [-2.72946814e-09]]), 2.0683915187343307), (2.9633016816892584e-05, array([[-7.78890891e-07],
       [-8.13474679e-09],
       [-2.25317663e-09]]), 2.1001801765409622), (2.6167419165639924e-05, array([[-4.92975511e-07],
       [ 6.00632639e-09],
       [ 4.12386877e-09]]), 2.113736210540068), (2.3436831341542228e-05, array([[-2.74388398e-07],
       [ 1.91201609e-08],
       [ 1.66343944e-10]]), 2.2110634223982286), (1.9639976371138903e-05, array([[-8.62404777e-08],
       [-1.34146384e-08],
       [-6.34304139e-10]]), 2.2376078568497717), (1.771355516187121e-05, array([[-1.87450157e-08],
       [ 2.58173506e-08],
       [ 2.29361942e-10]]), 2.2558683076116823), (2.0761455067833395e-05, array([[-1.08972163e-07],
       [-4.00053175e-11],
       [-1.04410560e-09]]), 2.141815611119159), (2.3566721138671596e-05, array([[-2.65945368e-07],
       [ 2.50467611e-08],
       [ 3.30432419e-10]]), 2.0500756053372267), (2.6833018007050873e-05, array([[-4.78966766e-07],
       [-2.22800279e-08],
       [ 2.85873618e-10]]), 2.0249200648240087), (2.914697469579352e-05, array([[-6.81931232e-07],
       [ 2.76925993e-08],
       [-3.78209005e-09]]), 1.9491224572486507), (3.224261328321491e-05, array([[-9.54873003e-07],
       [-6.08134235e-09],
       [-3.55694117e-09]]), 1.942772945709322), (3.500912477912766e-05, array([[-1.27636151e-06],
       [-2.47251717e-08],
       [ 6.77011728e-09]]), 1.926580274601576), (3.768958286040804e-05, array([[-1.56980837e-06],
       [-2.06378401e-08],
       [-6.45242616e-09]]), 1.915712056971051), (4.3105857590205686e-05, array([[-1.70135050e-06],
       [ 1.19631368e-08],
       [ 3.44539132e-10]]), 1.949291303921284), (4.8994714288322946e-05, array([[-1.82365987e-06],
       [ 1.41641505e-08],
       [-3.27031476e-09]]), 2.0006815621741296), (5.4349468905494075e-05, array([[-1.93700334e-06],
       [ 2.73863714e-08],
       [ 1.66236024e-09]]), 2.0305557263442675), (6.001478529641912e-05, array([[-2.00297016e-06],
       [-4.65687438e-08],
       [ 1.85490047e-08]]), 2.074136302995698), (6.504718314282328e-05, array([[-1.98612137e-06],
       [ 2.73856349e-08],
       [-1.20393713e-08]]), 2.0991532668964843), (6.965011614450523e-05, array([[-1.95975224e-06],
       [-1.88687103e-08],
       [-1.16214399e-08]]), 2.11605490750168), (7.443271697149297e-05, array([[-1.84393024e-06],
       [-3.64617763e-08],
       [-3.95060028e-09]]), 2.144399859958496), (7.950094314032333e-05, array([[-1.86269000e-06],
       [ 6.66809461e-08],
       [-1.82576211e-09]]), 2.186151166953075), (8.399424434237986e-05, array([[-1.66539894e-06],
       [-3.53663751e-08],
       [ 9.15591159e-09]]), 2.21768663453615), (8.721838311775576e-05, array([[-1.58988327e-06],
       [-1.48002005e-08],
       [ 3.25169797e-09]]), 2.2231889500880055), (9.070325479419338e-05, array([[-1.48533558e-06],
       [-4.61368870e-08],
       [-3.64291001e-10]]), 2.243479196859631), (9.517854413381474e-05, array([[-1.31224499e-06],
       [ 7.60129824e-08],
       [-1.22623589e-08]]), 2.295369583785851), (9.695018848883619e-05, array([[-1.01054978e-06],
       [ 2.89956069e-08],
       [ 4.46917217e-09]]), 2.2901142524410316), (9.900283748029017e-05, array([[-8.67554393e-07],
       [ 8.75964714e-09],
       [ 1.34307571e-09]]), 2.300652195204626), (0.00010099691053536871, array([[-4.86444958e-07],
       [-4.06843330e-08],
       [ 3.61448582e-09]]), 2.318701637469615), (0.00010214379606878044, array([[-3.38831172e-07],
       [ 3.71537082e-08],
       [-7.08719098e-09]]), 2.3263587992207544), (0.00010217978376774335, array([[-1.53090892e-07],
       [ 1.00167386e-08],
       [ 1.67267696e-09]]), 2.3180540369411258), (0.00010357107195680038, array([[ 1.53721087e-07],
       [-2.98022758e-08],
       [-4.95883236e-09]]), 2.3496168479422024), (0.00010221792150170667, array([[ 6.67186743e-07],
       [-6.19652063e-08],
       [-3.21384220e-09]]), 2.3280470305159557), (0.00010077935858040135, array([[5.30941983e-07],
       [4.71799024e-08],
       [1.32241440e-09]]), 2.3137070483129407), (9.880800429144886e-05, array([[ 7.61113616e-07],
       [-2.80582922e-08],
       [-4.67497010e-09]]), 2.2961246138239835), (9.764653610116148e-05, array([[ 1.04415984e-06],
       [ 1.44108331e-08],
       [-6.79323875e-09]]), 2.3065630661720435), (9.42328420133101e-05, array([[ 1.34062357e-06],
       [-6.28419972e-08],
       [-1.53252237e-09]]), 2.2725625961135427), (9.074430662500021e-05, array([[1.48007681e-06],
       [1.99977548e-08],
       [4.23658974e-09]]), 2.2444945841091526), (8.742808931998812e-05, array([[ 1.68858743e-06],
       [-2.12679612e-08],
       [ 3.15954942e-09]]), 2.228534342824058), (8.310521067902587e-05, array([[1.82871993e-06],
       [1.34518356e-08],
       [5.16362748e-09]]), 2.1942136205420457), (7.915241421690099e-05, array([[1.90885318e-06],
       [2.34852962e-08],
       [5.66758495e-09]]), 2.176567168542994), (7.466922399844254e-05, array([[ 1.79619345e-06],
       [-3.40773656e-08],
       [ 6.62055901e-09]]), 2.151213606065119), (6.942696020181007e-05, array([[ 1.93893169e-06],
       [ 4.17398564e-10],
       [-2.23698636e-09]]), 2.109275159615852), (6.45924834055427e-05, array([[ 1.98823525e-06],
       [-5.90272812e-09],
       [-3.56611248e-09]]), 2.084479542488253), (5.916663452265577e-05, array([[ 1.95971424e-06],
       [-2.80216097e-09],
       [-3.00051580e-09]]), 2.044823854378449), (5.486781063981733e-05, array([[ 1.88956299e-06],
       [-2.00937873e-08],
       [-9.44707618e-09]]), 2.0499215416508254), (4.890411365605212e-05, array([[1.81940194e-06],
       [2.46206617e-08],
       [5.30730688e-09]]), 1.9969819178933408), (4.353887070470534e-05, array([[ 1.70556204e-06],
       [ 5.21847606e-08],
       [-2.71404086e-09]]), 1.9688726032101755), (3.822529567937212e-05, array([[ 1.59024844e-06],
       [ 2.67514969e-08],
       [-2.27990468e-09]]), 1.9429416368304129), (3.4747899253450605e-05, array([[ 1.25456270e-06],
       [-1.99528449e-08],
       [ 5.69027490e-09]]), 1.9122048239678626), (3.196650891512843e-05, array([[9.26239095e-07],
       [1.91716111e-08],
       [2.90305064e-10]]), 1.926136325972612), (2.8947018730689162e-05, array([[6.80749817e-07],
       [4.19736836e-09],
       [3.05881160e-09]]), 1.9357509610260262), (2.6257595595484007e-05, array([[ 4.32096579e-07],
       [ 3.48868126e-08],
       [-2.61800096e-09]]), 1.9814965339105275), (2.3396431036166105e-05, array([[ 2.58510773e-07],
       [-2.92037061e-08],
       [-4.17225944e-11]]), 2.035262022110156), (2.041058270907228e-05, array([[ 1.05450921e-07],
       [ 1.12641799e-08],
       [-1.13376788e-09]]), 2.105618538560928), (1.797596683787298e-05, array([[ 2.00532588e-08],
       [ 4.28284954e-08],
       [-1.40574413e-10]]), 2.2892871316721326), (1.9745797004137226e-05, array([[9.59851524e-08],
       [1.38666969e-08],
       [2.81865837e-10]]), 2.249664138147634), (2.3241066511512633e-05, array([[ 2.74226122e-07],
       [-1.20847019e-08],
       [-2.10216907e-09]]), 2.192594694746334), (2.630748327169357e-05, array([[ 4.95733931e-07],
       [-8.17821833e-10],
       [ 1.27385578e-09]]), 2.1250502255328563), (2.9304468789910204e-05, array([[ 7.40583929e-07],
       [-3.19993022e-08],
       [ 3.80616825e-10]]), 2.076894999146648), (3.2422351357006724e-05, array([[1.05729561e-06],
       [4.56777110e-08],
       [2.33167137e-09]]), 2.054259773326695), (3.566045300365939e-05, array([[ 1.38336344e-06],
       [-7.08520441e-09],
       [ 1.89676559e-09]]), 2.0503152992388034), (3.888011562357296e-05, array([[ 1.74696290e-06],
       [-3.64380392e-08],
       [-4.95204953e-09]]), 2.05363752637829), (4.222811964318926e-05, array([[ 2.02598196e-06],
       [-2.34146784e-08],
       [ 1.97125581e-09]]), 2.0212677770208156), (4.7185256354547334e-05, array([[ 2.14948926e-06],
       [-9.54856635e-09],
       [-7.43806308e-09]]), 2.023985090898453), (5.233108371117727e-05, array([[ 2.26009018e-06],
       [ 2.32883737e-08],
       [-6.32313026e-09]]), 2.0409684540984254), (5.785356846162394e-05, array([[ 2.29882047e-06],
       [-3.12281789e-08],
       [-5.55029198e-09]]), 2.076257636617358), (6.215065428228898e-05, array([[ 2.27216904e-06],
       [ 8.15836762e-08],
       [-1.35043024e-09]]), 2.073334745581958), (6.723563023377005e-05, array([[ 2.23998385e-06],
       [-3.89754975e-08],
       [ 4.96855493e-09]]), 2.103262335629749), (7.164355773265423e-05, array([[ 2.29517578e-06],
       [ 6.28385753e-08],
       [-3.83187818e-09]]), 2.117770307819825), (7.66866949335581e-05, array([[2.21356315e-06],
       [8.98483006e-09],
       [4.71892853e-09]]), 2.1567926348198445), (8.051611781404797e-05, array([[ 2.03187841e-06],
       [-1.76315678e-08],
       [ 6.25491900e-09]]), 2.1679720146726047), (8.467425782726718e-05, array([[ 2.02543540e-06],
       [ 6.48360544e-08],
       [-1.25034792e-08]]), 2.1952044546327896), (8.878175210902578e-05, array([[ 1.72524572e-06],
       [-1.86741567e-08],
       [-1.02108532e-08]]), 2.2278687819142178), (9.124196996591126e-05, array([[ 1.53132982e-06],
       [-2.43544928e-08],
       [ 2.40739450e-09]]), 2.2271403431417447), (9.421934375609436e-05, array([[ 1.36165950e-06],
       [ 5.32267501e-08],
       [-1.19483846e-09]]), 2.2475484367197773), (9.711457737877144e-05, array([[ 1.01539957e-06],
       [ 1.12313259e-09],
       [-2.55780855e-09]]), 2.274087126543566), (0.0001003327135536103, array([[ 7.91146971e-07],
       [ 4.32349462e-08],
       [-1.39967683e-09]]), 2.316252623134318), (0.00010206045250903345, array([[ 5.90136595e-07],
       [ 4.00707345e-08],
       [-5.26219194e-09]]), 2.332577368134546), (0.00010230310834885864, array([[2.56118226e-07],
       [3.42997870e-08],
       [3.61374723e-09]]), 2.3242397681333435), (0.00010233232629355639, array([[ 1.77729313e-07],
       [-7.77715971e-08],
       [ 4.47673690e-09]]), 2.3204686485815813)]