[(0.00010308141763677033, array([[-6.48991660e-08],
       [-2.82037291e-08],
       [-2.70475739e-09]]), 2.3374549034612504), (0.00010159121571597255, array([[-3.81156549e-07],
       [ 5.42789154e-08],
       [ 6.24759508e-09]]), 2.308066171898587), (0.00010074622403039379, array([[-5.63666541e-07],
       [ 1.17642425e-08],
       [ 1.36487900e-10]]), 2.3025408600604567), (9.893773257018369e-05, array([[-7.48257623e-07],
       [-3.24846615e-08],
       [-4.64420136e-09]]), 2.284048487039087), (9.69974396934868e-05, array([[-9.79315658e-07],
       [-3.74690301e-08],
       [ 2.51154994e-10]]), 2.2713441675632677), (9.49806242304087e-05, array([[-1.26626261e-06],
       [ 1.57152246e-08],
       [-3.19285987e-10]]), 2.265708346051981), (9.218455261648988e-05, array([[-1.48478857e-06],
       [ 4.68445762e-08],
       [ 4.57376600e-09]]), 2.250147999033364), (8.779756035899492e-05, array([[-1.64073013e-06],
       [ 1.89130095e-08],
       [ 1.23799584e-08]]), 2.2031717014531464), (8.4894246771106e-05, array([[-1.86205783e-06],
       [ 8.15305238e-09],
       [ 4.04653938e-09]]), 2.200907731187866), (8.051372725245022e-05, array([[-2.03441737e-06],
       [-2.12737902e-08],
       [-1.04304019e-09]]), 2.1679076465586906), (7.639475934353431e-05, array([[-2.16335936e-06],
       [-2.37229779e-08],
       [-7.60456527e-09]]), 2.148582025000883), (7.1527836966761e-05, array([[-2.29586828e-06],
       [ 3.80128310e-08],
       [ 5.85360936e-09]]), 2.1143496233959524), (6.751702004273537e-05, array([[-2.37171677e-06],
       [-3.23780547e-08],
       [ 7.86287176e-09]]), 2.112064760545959), (6.228451928406966e-05, array([[-2.33636795e-06],
       [-1.25851133e-08],
       [ 1.54547550e-09]]), 2.077800458173632), (5.757050934505284e-05, array([[-2.32744393e-06],
       [-1.10936244e-08],
       [-8.78535415e-09]]), 2.0660991681248797), (5.226175325666813e-05, array([[-2.16302825e-06],
       [ 1.87284223e-08],
       [ 6.95586848e-09]]), 2.038264491930501), (4.753168065183611e-05, array([[-2.13519565e-06],
       [-1.27888759e-09],
       [ 3.66595700e-10]]), 2.0388447667168688), (4.2717521578134054e-05, array([[-2.08335967e-06],
       [ 4.22043647e-08],
       [-6.01070391e-09]]), 2.044693218870321), (3.847579095220333e-05, array([[-1.75087594e-06],
       [-3.56933463e-09],
       [ 1.11982689e-09]]), 2.0322812031100077), (3.575737377027275e-05, array([[-1.41968903e-06],
       [ 5.62224080e-09],
       [-5.70036342e-10]]), 2.055887806424308), (3.214948121192002e-05, array([[-1.02526885e-06],
       [-1.74245831e-08],
       [-6.95838114e-09]]), 2.0369708926955163), (2.9530884854580345e-05, array([[-7.52951102e-07],
       [ 1.48798189e-10],
       [ 6.56175978e-10]]), 2.092941780127772), (2.6304104251444697e-05, array([[-5.10345523e-07],
       [-2.28246142e-08],
       [ 3.45211338e-10]]), 2.1247772770463778), (2.2887104639301333e-05, array([[-2.67539771e-07],
       [-8.42411661e-10],
       [-9.63720911e-10]]), 2.15920143705015), (1.9705171771770675e-05, array([[-9.31611001e-08],
       [ 3.34530859e-09],
       [-1.65099270e-09]]), 2.24503565299002), (1.777341607105775e-05, array([[-1.46939392e-08],
       [ 1.38302094e-08],
       [ 1.25050182e-09]]), 2.263491753422798), (2.103894814629229e-05, array([[-1.03275185e-07],
       [ 4.23244021e-09],
       [ 1.01068051e-09]]), 2.170442651250928), (2.3308494303116892e-05, array([[-2.56379251e-07],
       [-3.95551085e-08],
       [-1.27497963e-09]]), 2.0276123813231974), (2.6403135558460427e-05, array([[-4.54319392e-07],
       [ 1.74295967e-08],
       [ 1.47347513e-09]]), 1.992479524761101), (2.9190642673156094e-05, array([[-6.68842503e-07],
       [-1.19364642e-08],
       [ 3.58623420e-09]]), 1.9520426311681862), (3.234794119881412e-05, array([[-9.47798554e-07],
       [ 1.65871882e-08],
       [-2.38157031e-09]]), 1.949119460585665), (3.523877065161307e-05, array([[-1.25496470e-06],
       [ 3.82594724e-08],
       [-1.46431513e-09]]), 1.9392178715385278), (3.829385909291456e-05, array([[-1.53939407e-06],
       [ 2.42257540e-08],
       [-4.94714076e-09]]), 1.9464266252017817), (4.280992090242433e-05, array([[-1.68024915e-06],
       [-3.15187003e-08],
       [ 3.70345761e-10]]), 1.935908741915731), (4.894764926759058e-05, array([[-1.82551984e-06],
       [ 2.17164889e-08],
       [-1.54602555e-08]]), 1.9987596789552893), (5.4344127821032506e-05, array([[-1.89360222e-06],
       [-1.99307877e-08],
       [ 2.35852573e-09]]), 2.0303561775748546), (5.930599361275346e-05, array([[-1.98688381e-06],
       [ 1.47551226e-08],
       [-3.47765596e-09]]), 2.0496401633345918), (6.477060842228662e-05, array([[-2.00193312e-06],
       [ 3.10979620e-08],
       [-2.15345857e-09]]), 2.0902278576765223), (6.995779782529168e-05, array([[-1.93218336e-06],
       [-5.55693061e-09],
       [ 4.48924524e-09]]), 2.1254026497111225), (7.4294233794928e-05, array([[-1.90753067e-06],
       [-4.97239740e-08],
       [ 1.34567842e-08]]), 2.140410172136859), (7.883029470169281e-05, array([[-1.82735847e-06],
       [-1.53543148e-08],
       [ 7.52961946e-09]]), 2.167709387411673), (8.369564745368675e-05, array([[-1.79457340e-06],
       [-4.19566513e-08],
       [ 2.99873570e-09]]), 2.2098028285164237), (8.753387667433923e-05, array([[-1.60003742e-06],
       [-4.53988912e-09],
       [-7.95877681e-09]]), 2.2312308532252527), (9.112210997957227e-05, array([[-1.35594863e-06],
       [ 2.10426357e-08],
       [-6.74674956e-09]]), 2.253839275966235), (9.381948240784456e-05, array([[-1.40329871e-06],
       [ 1.29679881e-08],
       [ 1.95712250e-09]]), 2.262593825586676), (9.747826683604431e-05, array([[-1.01637563e-06],
       [-5.46707180e-08],
       [ 1.46798806e-08]]), 2.3025882843969994), (9.866491425167827e-05, array([[-8.62165744e-07],
       [ 4.07450599e-09],
       [ 2.14744674e-09]]), 2.2927994524196387), (0.0001013839233549165, array([[-5.53685126e-07],
       [ 2.35174918e-08],
       [ 4.36351126e-09]]), 2.3275867335943423), (0.00010151185419816016, array([[-2.62254235e-07],
       [-5.13508199e-08],
       [ 6.91348326e-10]]), 2.311966113733291), (0.00010237999587416352, array([[-1.28546750e-07],
       [-2.29897295e-08],
       [ 2.02876138e-10]]), 2.3225960555716085), (0.00010195805499623611, array([[ 2.21761056e-07],
       [ 4.54067745e-09],
       [-1.83096354e-09]]), 2.3130238905173806), (0.00010223478939200124, array([[3.56604366e-07],
       [1.34228964e-08],
       [1.04472896e-09]]), 2.3284312023063265), (0.0001006007166854688, array([[ 6.91762080e-07],
       [ 6.09874019e-09],
       [-5.79531867e-10]]), 2.30960576192601), (9.930992572514288e-05, array([[ 8.71953949e-07],
       [-8.30649347e-09],
       [ 8.70063012e-10]]), 2.3077883870817777), (9.687458048754264e-05, array([[ 1.21628129e-06],
       [ 3.91607667e-08],
       [-4.22151514e-09]]), 2.288328273846664), (9.445691394405991e-05, array([[ 1.18414054e-06],
       [ 5.40939378e-08],
       [-1.26037333e-09]]), 2.277966417942338), (9.082189765434605e-05, array([[ 1.37265561e-06],
       [-2.35440300e-08],
       [ 6.42450173e-10]]), 2.2464137419232273), (8.769551031160671e-05, array([[ 1.57607806e-06],
       [-1.37754270e-08],
       [ 6.24712428e-09]]), 2.2353508804888906), (8.36362666783882e-05, array([[1.81971419e-06],
       [2.80834334e-08],
       [3.75120309e-09]]), 2.2082350073786894), (7.946870264852451e-05, array([[ 1.80231734e-06],
       [-4.12157284e-08],
       [-1.12282493e-09]]), 2.1852646040270876), (7.493332039988724e-05, array([[ 1.94999328e-06],
       [-2.50907912e-08],
       [ 2.28528826e-09]]), 2.158822199561584), (6.920752220850633e-05, array([[ 2.01930354e-06],
       [ 2.20242513e-08],
       [-1.09194659e-08]]), 2.1026083675367215), (6.459429275149675e-05, array([[ 1.93427863e-06],
       [-1.09121610e-08],
       [-9.61187225e-10]]), 2.084537932326012), (5.9818687366579225e-05, array([[ 1.99949022e-06],
       [-3.47868450e-09],
       [ 8.54685451e-09]]), 2.0673590757971936), (5.404806914163965e-05, array([[ 1.89973317e-06],
       [-1.57468432e-08],
       [-4.65509399e-09]]), 2.0192951008268847), (4.885090989176593e-05, array([[ 1.83583284e-06],
       [-4.83307359e-08],
       [ 4.63775630e-10]]), 1.9948093612861275), (4.3287458757040684e-05, array([[1.70083759e-06],
       [3.55659628e-08],
       [7.90006164e-09]]), 1.9575034958386526), (3.764577912030308e-05, array([[ 1.57870392e-06],
       [-2.00427242e-08],
       [ 2.10977574e-09]]), 1.9134855703216702), (3.474704354386181e-05, array([[1.23284082e-06],
       [1.20261999e-08],
       [2.00796185e-09]]), 1.9121577335814288), (3.2258244180100905e-05, array([[ 9.14681765e-07],
       [-2.30212061e-08],
       [ 3.28831215e-09]]), 1.9437147826293162), (2.9230518829648646e-05, array([[ 6.67836632e-07],
       [-2.45396451e-08],
       [ 1.81521403e-10]]), 1.954709237666445), (2.6349742920661792e-05, array([[4.40223899e-07],
       [3.75080107e-08],
       [4.48853852e-09]]), 1.9884503162850382), (2.3612819537362056e-05, array([[ 2.67807279e-07],
       [ 2.28008025e-08],
       [-9.08206251e-10]]), 2.054085717819329), (2.1112885173788936e-05, array([[ 1.18837241e-07],
       [-3.57823125e-08],
       [-3.65160423e-10]]), 2.178070222594776), (1.8017931076790818e-05, array([[ 1.01210353e-08],
       [-1.41402053e-08],
       [-4.94510236e-10]]), 2.2946313889803194), (1.963115021934564e-05, array([[ 9.20834599e-08],
       [-6.32974775e-09],
       [-2.75603915e-10]]), 2.2366022819842426), (2.3002788896505604e-05, array([[ 2.56188212e-07],
       [ 3.02732416e-10],
       [-1.69647927e-09]]), 2.170115251546839), (2.6070603842213603e-05, array([[ 4.99869916e-07],
       [ 4.31450957e-09],
       [-4.53137912e-10]]), 2.105915719968726), (2.94730490980252e-05, array([[ 7.64875102e-07],
       [-2.07674350e-08],
       [ 4.49591964e-10]]), 2.088842787771951), (3.2812733649245505e-05, array([[ 1.09502368e-06],
       [ 4.76076550e-08],
       [-4.79522427e-10]]), 2.078994149631944), (3.540428519255914e-05, array([[ 1.38635732e-06],
       [ 3.41820754e-09],
       [-4.89368521e-09]]), 2.035586804841453), (3.82963336338786e-05, array([[ 1.77339826e-06],
       [-3.18795146e-08],
       [-7.26909872e-09]]), 2.022802314547458), (4.241882392165066e-05, array([[ 2.03326597e-06],
       [ 2.61627721e-08],
       [-2.48049081e-09]]), 2.030395922347935), (4.7222694316203045e-05, array([[ 2.13719614e-06],
       [ 2.99012382e-09],
       [-2.04410946e-09]]), 2.0255909712534397), (5.216431126040645e-05, array([[ 2.21509553e-06],
       [-5.71007723e-09],
       [ 1.00134586e-08]]), 2.0344641494500726), (5.739427834148201e-05, array([[ 2.29626204e-06],
       [ 3.26453695e-09],
       [-3.25558042e-09]]), 2.059774563148862), (6.228902941447818e-05, array([[2.28237869e-06],
       [2.01081170e-08],
       [3.22282899e-09]]), 2.0779509153199185), (6.695473238911032e-05, array([[ 2.25380168e-06],
       [ 4.30362676e-08],
       [-6.00949960e-09]]), 2.094475300321561), (7.145845976724045e-05, array([[ 2.21728065e-06],
       [ 3.00575690e-08],
       [-1.54012293e-08]]), 2.112298846217458), (7.615436288807541e-05, array([[ 2.06552699e-06],
       [-5.02621549e-08],
       [-2.64324249e-10]]), 2.1418209394563865), (8.03214547027737e-05, array([[ 1.96390747e-06],
       [-5.63698215e-08],
       [ 1.22613947e-08]]), 2.162730527763035), (8.468420938447999e-05, array([[1.93788318e-06],
       [4.26188704e-08],
       [2.10443300e-10]]), 2.195462451611855), (8.844613552381065e-05, array([[ 1.78035195e-06],
       [-2.47400636e-08],
       [-2.12001854e-09]]), 2.219446896840636), (9.179408311373338e-05, array([[ 1.55311512e-06],
       [-3.36008628e-08],
       [ 3.63368947e-09]]), 2.24061696432773), (9.553173969565709e-05, array([[ 1.11222982e-06],
       [ 3.51397270e-08],
       [-1.93003699e-10]]), 2.2788548895640828), (9.815427555309143e-05, array([[ 9.87275189e-07],
       [-3.12960239e-08],
       [ 1.48074583e-08]]), 2.2984332576551743), (9.968041800003103e-05, array([[9.32682074e-07],
       [4.10172917e-08],
       [1.28346836e-09]]), 2.3011939126347807), (0.00010145093115114969, array([[ 5.53764218e-07],
       [ 7.52266792e-08],
       [-5.34373320e-09]]), 2.3186468427464835), (0.00010166900305780912, array([[ 3.10032034e-07],
       [ 2.30658475e-08],
       [-5.16934559e-09]]), 2.3098334342650193), (0.00010275078585896184, array([[-1.32918577e-07],
       [ 4.54805182e-08],
       [-1.54472703e-09]]), 2.3299575592454214)]