[(0.00010256872091468881, array([[ 6.11481043e-08],
       [-1.05792086e-08],
       [-1.82855384e-09]]), 2.325829088697616), (0.0001019509107155593, array([[-3.07462297e-07],
       [-3.06964499e-08],
       [-2.88089735e-09]]), 2.316238136914424), (0.00010123798847318936, array([[-6.09944081e-07],
       [ 4.98685788e-09],
       [ 3.18666333e-09]]), 2.3137800676234126), (9.912260110797494e-05, array([[-8.26894880e-07],
       [ 4.09297928e-08],
       [-4.42841951e-09]]), 2.2883163097703556), (9.712121757086873e-05, array([[-1.11930213e-06],
       [-8.86170732e-09],
       [ 2.90756091e-09]]), 2.2742426168496945), (9.561235121724518e-05, array([[-1.23802320e-06],
       [-9.94638058e-09],
       [-3.26410430e-09]]), 2.2807778312032845), (9.222037219695831e-05, array([[-1.55592207e-06],
       [ 4.86105345e-09],
       [-1.08889766e-10]]), 2.2510223251002546), (8.83302180468096e-05, array([[-1.81471342e-06],
       [ 4.15635162e-08],
       [-1.87805522e-09]]), 2.2165380904456917), (8.473386875980219e-05, array([[-1.93836051e-06],
       [-7.23960373e-08],
       [-1.74712931e-09]]), 2.1967498851804357), (8.045003258939619e-05, array([[-2.05204544e-06],
       [ 6.58269272e-09],
       [ 4.28167691e-09]]), 2.1661926079958027), (7.602042378247655e-05, array([[-2.15843170e-06],
       [-8.32839607e-10],
       [ 8.68062112e-09]]), 2.138053938195994), (7.129074078835198e-05, array([[-2.10525481e-06],
       [ 8.89495315e-09],
       [ 1.49342222e-08]]), 2.1073411042405263), (6.690971527913111e-05, array([[-2.28209939e-06],
       [ 3.02546489e-08],
       [ 2.95150216e-09]]), 2.0930670768610393), (6.205247382292359e-05, array([[-2.35088557e-06],
       [ 4.02122913e-08],
       [ 1.87645130e-09]]), 2.070059462962808), (5.803168160221202e-05, array([[-2.22282262e-06],
       [ 7.10147147e-09],
       [ 1.32613439e-08]]), 2.0826497880120165), (5.227712157698309e-05, array([[-2.22002369e-06],
       [ 8.70790767e-09],
       [ 2.47886101e-09]]), 2.038863872924184), (4.758323628094359e-05, array([[-2.17118320e-06],
       [ 6.62853545e-09],
       [ 1.31308645e-09]]), 2.041056216494345), (4.193203328420396e-05, array([[-1.99001194e-06],
       [ 1.35922284e-09],
       [ 1.19245605e-08]]), 2.0070954714175993), (3.846673290431317e-05, array([[-1.76821600e-06],
       [ 7.09116903e-09],
       [ 6.54594383e-10]]), 2.0318027593923222), (3.568378489093763e-05, array([[-1.41249746e-06],
       [-3.64758635e-08],
       [ 4.41980883e-10]]), 2.051656777582942), (3.252871547188632e-05, array([[-1.06156185e-06],
       [ 5.79626752e-09],
       [ 6.34142932e-09]]), 2.0609989366932475), (2.919824808488114e-05, array([[-7.43272076e-07],
       [ 6.81177872e-09],
       [-1.84855592e-09]]), 2.069366821357032), (2.6432077283674147e-05, array([[-4.93555953e-07],
       [ 2.71761855e-08],
       [ 2.37158627e-09]]), 2.1351146064743864), (2.301064235648933e-05, array([[-2.63107243e-07],
       [-9.92066528e-09],
       [-9.42397086e-10]]), 2.170856157937133), (1.9634645185473232e-05, array([[-9.07297271e-08],
       [ 1.72389446e-08],
       [ 6.08360801e-11]]), 2.237000467986037), (1.8137475375447227e-05, array([[-1.40464955e-08],
       [ 1.84408038e-08],
       [-1.06348662e-09]]), 2.309855672995035), (2.056415502999589e-05, array([[-1.16904038e-07],
       [ 1.96262891e-08],
       [-1.87679194e-09]]), 2.1214615319019714), (2.3501573404729532e-05, array([[-2.40872926e-07],
       [-2.55620519e-08],
       [ 1.12121328e-09]]), 2.0444083859004736), (2.6573516135687752e-05, array([[-4.38471867e-07],
       [ 4.60458907e-09],
       [-1.18775730e-10]]), 2.005337081424807), (2.9091643651198658e-05, array([[-6.39393272e-07],
       [ 4.27669310e-08],
       [-3.37858236e-09]]), 1.9454223483101256), (3.2141281021263256e-05, array([[-9.30653721e-07],
       [-2.80731150e-08],
       [ 3.49299940e-09]]), 1.9366671882349524), (3.5280643067839147e-05, array([[-1.23846844e-06],
       [-3.28121860e-08],
       [-9.09797815e-09]]), 1.941522144257712), (3.81416356819234e-05, array([[-1.53551326e-06],
       [-1.86151994e-08],
       [ 8.20289615e-09]]), 1.9386893089022335), (4.358025764765277e-05, array([[-1.73605612e-06],
       [-2.96074116e-08],
       [-5.07702374e-09]]), 1.9707441634224827), (4.871721477352978e-05, array([[-1.80626189e-06],
       [-1.01263626e-08],
       [-7.83293104e-09]]), 1.9893499691477512), (5.4289953290443066e-05, array([[-1.99782561e-06],
       [-1.59159331e-08],
       [ 1.05064661e-08]]), 2.0283321577357336), (5.926795219235903e-05, array([[-2.03144914e-06],
       [-5.79526755e-08],
       [-2.82637256e-09]]), 2.048325435794238), (6.425764215345794e-05, array([[-2.00919328e-06],
       [-1.35841935e-08],
       [ 3.39471816e-09]]), 2.0736738000372372), (6.975044120075573e-05, array([[-1.97840122e-06],
       [ 3.09451128e-08],
       [-1.11790385e-08]]), 2.119102904251374), (7.449457143704858e-05, array([[-1.82216747e-06],
       [ 7.22251015e-09],
       [ 7.53640268e-09]]), 2.1461818815300866), (7.904191633143183e-05, array([[-1.89699914e-06],
       [ 4.68479779e-09],
       [ 1.06418345e-09]]), 2.1735286501088447), (8.363247784234542e-05, array([[-1.75726426e-06],
       [ 4.02377221e-08],
       [-4.19027247e-09]]), 2.208134971345051), (8.712807165714429e-05, array([[-1.62838143e-06],
       [-3.30432908e-08],
       [-2.04208632e-09]]), 2.220886918863388), (9.124834080087566e-05, array([[-1.42839408e-06],
       [ 4.91102559e-08],
       [-3.17844948e-09]]), 2.2569615037433883), (9.376129930368908e-05, array([[-1.24529347e-06],
       [-6.32662504e-08],
       [ 1.17708724e-10]]), 2.2611906550634857), (9.732907246399919e-05, array([[-1.13127903e-06],
       [ 1.91111376e-08],
       [-8.72841113e-09]]), 2.2990640812661938), (9.954563764946861e-05, array([[-9.61817904e-07],
       [-3.41410021e-08],
       [ 7.57670852e-10]]), 2.3132659185337823), (0.00010154562954712854, array([[-5.97549766e-07],
       [-7.80181077e-10],
       [ 2.12609081e-09]]), 2.3312992076758117), (0.00010191920410757452, array([[-4.99887902e-07],
       [-4.07776562e-08],
       [ 3.36651307e-09]]), 2.3212436428892445), (0.00010249766271088524, array([[ 1.75812952e-08],
       [-2.41562405e-08],
       [-2.26346914e-10]]), 2.325265449416646), (0.00010290322865517443, array([[2.14276970e-07],
       [9.47216814e-09],
       [2.66200083e-09]]), 2.334466132171488), (0.00010131816964109964, array([[3.94327119e-07],
       [2.03593844e-08],
       [2.80815364e-09]]), 2.3075548837718793), (0.00010071722156377558, array([[5.54065740e-07],
       [3.04246285e-08],
       [3.85729934e-09]]), 2.312280497724077), (9.862570567344384e-05, array([[1.06787003e-06],
       [3.47442016e-08],
       [1.05793233e-08]]), 2.2918883138716764), (9.718132372271474e-05, array([[ 1.04268924e-06],
       [-3.43891590e-08],
       [-6.53536936e-09]]), 2.2955740261825492), (9.355392043818969e-05, array([[ 1.22173183e-06],
       [-4.26164101e-09],
       [-8.36452101e-09]]), 2.2561894108805727), (9.121920032023767e-05, array([[1.38613027e-06],
       [6.15514066e-09],
       [6.61844855e-09]]), 2.256240735097918), (8.793105066799273e-05, array([[ 1.58461073e-06],
       [-7.04641144e-08],
       [ 8.48381493e-10]]), 2.241354783552654), (8.379958044591303e-05, array([[ 1.68648094e-06],
       [-2.68108091e-08],
       [-8.44423584e-09]]), 2.2125469547306915), (7.935133036117923e-05, array([[1.76058576e-06],
       [4.32218304e-08],
       [3.30842345e-09]]), 2.1820370503300834), (7.515389618041669e-05, array([[ 1.86478453e-06],
       [-2.14175588e-08],
       [-1.51886271e-08]]), 2.1651769678963038), (6.955591369334682e-05, array([[ 1.97092192e-06],
       [-7.20783126e-08],
       [-1.28429543e-08]]), 2.1131929229120354), (6.411255406364109e-05, array([[ 2.00931472e-06],
       [-7.63653279e-09],
       [-1.42125588e-08]]), 2.068991627450945), (5.929270129565541e-05, array([[ 1.92649281e-06],
       [-4.17463354e-08],
       [-2.41413968e-09]]), 2.049180775247008), (5.450177765450948e-05, array([[1.91404920e-06],
       [1.35099641e-08],
       [6.00200529e-09]]), 2.0362461481407226), (4.887897343564283e-05, array([[ 1.85604578e-06],
       [-4.72858581e-09],
       [ 5.96494847e-09]]), 1.995955326021698), (4.357085202264084e-05, array([[ 1.75953477e-06],
       [-6.62546902e-10],
       [-8.03411256e-10]]), 1.9703188313662714), (3.832266967716679e-05, array([[ 1.57968955e-06],
       [-4.53084803e-09],
       [-3.49803172e-09]]), 1.9478910294066483), (3.469836718821772e-05, array([[ 1.22822501e-06],
       [-2.24880156e-08],
       [-1.00336165e-08]]), 1.909479034607517), (3.189650925341827e-05, array([[ 9.69605255e-07],
       [-2.14523800e-08],
       [-1.06199616e-09]]), 1.9219185087694979), (2.917261909649748e-05, array([[ 6.57062780e-07],
       [-1.30317755e-08],
       [-5.42037182e-09]]), 1.9508373548610596), (2.6766607987777837e-05, array([[ 4.34147239e-07],
       [-1.50488221e-08],
       [ 1.72500056e-09]]), 2.0199085159741554), (2.393767217902798e-05, array([[ 2.58150423e-07],
       [ 2.67603818e-08],
       [-6.20624593e-10]]), 2.0823447391778775), (2.0684097131999594e-05, array([[1.08788180e-07],
       [1.77444202e-08],
       [1.33535532e-09]]), 2.133835128341266), (1.7691915134154193e-05, array([[ 9.29577470e-09],
       [-8.53538466e-09],
       [-1.52076833e-10]]), 2.2531123925931245), (1.9872137909328023e-05, array([[1.11689384e-07],
       [1.38978597e-09],
       [1.80411015e-10]]), 2.264058320541451), (2.3378784159284464e-05, array([[ 2.77807801e-07],
       [-7.12337211e-09],
       [-9.09405488e-11]]), 2.2055871701014507), (2.6275359975412487e-05, array([[ 4.92914020e-07],
       [-1.31772227e-09],
       [-1.00817264e-10]]), 2.1224553890256175), (2.9355546012274384e-05, array([[ 7.59024189e-07],
       [ 1.16570398e-09],
       [-1.06718901e-10]]), 2.080514994051145), (3.235002913353972e-05, array([[ 1.06180450e-06],
       [-1.01214886e-08],
       [ 4.78373306e-09]]), 2.0496774827719513), (3.5230466423878056e-05, array([[ 1.38060648e-06],
       [-1.66363781e-08],
       [-1.04821688e-08]]), 2.0255930091741603), (3.850036249252322e-05, array([[ 1.77493912e-06],
       [-3.47187594e-08],
       [ 3.66945704e-09]]), 2.0335790654355823), (4.293637580508183e-05, array([[ 2.08071888e-06],
       [-1.02455679e-08],
       [ 1.72244731e-09]]), 2.0551687740343247), (4.75143839494557e-05, array([[ 2.16355714e-06],
       [ 3.62549446e-08],
       [-1.96965573e-09]]), 2.0381028343751946), (5.217687839892166e-05, array([[ 2.24748023e-06],
       [ 2.03139727e-08],
       [-3.90433344e-09]]), 2.0349542813458577), (5.765124969843274e-05, array([[ 2.23065672e-06],
       [ 2.73814881e-08],
       [-5.02048445e-09]]), 2.068996790168701), (6.192662345387062e-05, array([[ 2.24649222e-06],
       [ 3.87790375e-08],
       [-6.40334019e-10]]), 2.0658611170899457), (6.761337008782752e-05, array([[2.22153659e-06],
       [2.69331049e-08],
       [5.97839892e-09]]), 2.115078778859968), (7.171549382852084e-05, array([[ 2.25438116e-06],
       [-1.28326205e-08],
       [ 2.46417512e-08]]), 2.119896725500746), (7.568568795638155e-05, array([[ 2.26571053e-06],
       [-3.06030991e-08],
       [ 7.32523800e-09]]), 2.128639583268357), (8.037500266715083e-05, array([[ 1.98553881e-06],
       [-2.87162980e-08],
       [ 9.26702132e-09]]), 2.164172356944124), (8.465209358303978e-05, array([[ 1.93858510e-06],
       [-1.81722340e-08],
       [-5.23660457e-09]]), 2.194629840235096), (8.778110295979949e-05, array([[ 1.62987804e-06],
       [-4.11236192e-08],
       [ 9.89265956e-09]]), 2.202758723278828), (9.166795773397915e-05, array([[ 1.65709776e-06],
       [ 2.04423226e-08],
       [-2.57773387e-09]]), 2.237538349062741), (9.529207352809886e-05, array([[ 1.29598653e-06],
       [ 6.70493863e-09],
       [-4.71573972e-09]]), 2.2731377905188537), (9.761180084716331e-05, array([[1.05883183e-06],
       [1.87427315e-08],
       [4.64690466e-10]]), 2.285730378452856), (9.994404720082337e-05, array([[ 8.10592281e-07],
       [ 1.43950853e-09],
       [-4.23181122e-09]]), 2.307279981736697), (0.00010087320972935127, array([[ 5.18050357e-07],
       [-1.59344169e-08],
       [ 1.81211467e-09]]), 2.3054431004501783), (0.00010220604730295228, array([[ 2.96554378e-07],
       [-1.08494038e-08],
       [ 3.68204730e-10]]), 2.3220346235734843), (0.00010277199771538903, array([[-9.43810050e-09],
       [ 6.02331218e-08],
       [-1.24884531e-09]]), 2.3304385553255487)]