[(0.00010260369516757747, array([[-1.29800071e-07],
       [-2.10011877e-10],
       [ 5.41824567e-10]]), 2.3266221583001077), (0.0001018004219208635, array([[-2.20330133e-07],
       [-2.43543742e-08],
       [-4.51079358e-10]]), 2.312819159261294), (0.00010008929475190077, array([[-6.27081263e-07],
       [ 7.34374152e-08],
       [ 4.09457353e-09]]), 2.2875268332772407), (9.973431681630914e-05, array([[-8.79647410e-07],
       [-3.44157440e-08],
       [-1.00333174e-08]]), 2.302438205449819), (9.726384397695617e-05, array([[-1.10974509e-06],
       [-5.41650031e-08],
       [-1.40963693e-08]]), 2.277582433412183), (9.51354205872388e-05, array([[-1.26053278e-06],
       [ 7.00577321e-08],
       [ 3.26439605e-09]]), 2.2694009244115163), (9.122631214899865e-05, array([[-1.45777777e-06],
       [ 1.12461262e-08],
       [ 6.73711229e-11]]), 2.2267581488977517), (8.85385713598651e-05, array([[-1.73559549e-06],
       [ 3.51995067e-08],
       [-1.13136213e-09]]), 2.2217664603611076), (8.418706733874272e-05, array([[-1.77447941e-06],
       [ 5.77826461e-08],
       [ 3.06675339e-08]]), 2.1825739012850947), (8.043800159720733e-05, array([[-2.05494070e-06],
       [-1.53310030e-08],
       [-8.52647463e-09]]), 2.1658686622432963), (7.641365672506753e-05, array([[-2.17129089e-06],
       [-1.45355817e-08],
       [ 6.84445640e-09]]), 2.1491135087653555), (7.167435787114024e-05, array([[-2.18434734e-06],
       [ 1.24706336e-08],
       [ 7.41051148e-09]]), 2.118680754213425), (6.678409851713624e-05, array([[-2.28250346e-06],
       [-3.02700449e-08],
       [ 7.08395958e-10]]), 2.0891375382621007), (6.213178710240548e-05, array([[-2.32668453e-06],
       [-2.07960589e-08],
       [ 2.06924917e-09]]), 2.072705339825004), (5.771211661238378e-05, array([[-2.29209160e-06],
       [-6.06277809e-08],
       [ 6.88065373e-09]]), 2.071181191205122), (5.194830598703953e-05, array([[-2.20945923e-06],
       [ 9.21804740e-10],
       [-1.30741030e-09]]), 2.0260397118577997), (4.732378232404514e-05, array([[-2.14150872e-06],
       [ 1.81819105e-08],
       [ 8.96202279e-09]]), 2.0299270846190987), (4.245775375312167e-05, array([[-2.08493220e-06],
       [ 3.02440433e-09],
       [ 2.78977124e-09]]), 2.0322593160908258), (3.8414434600783253e-05, array([[-1.76683997e-06],
       [-4.61618047e-08],
       [ 6.58791204e-09]]), 2.029040376694318), (3.528855045066568e-05, array([[-1.39217838e-06],
       [-5.60666342e-09],
       [-9.55003215e-10]]), 2.028932578886069), (3.2576354032345664e-05, array([[-1.06275197e-06],
       [ 5.16108756e-09],
       [ 1.56962595e-09]]), 2.0640172858972665), (2.9597344376280505e-05, array([[-7.66733266e-07],
       [ 2.95653655e-09],
       [ 2.33630408e-09]]), 2.0976519644090263), (2.6291772142765873e-05, array([[-4.77794787e-07],
       [ 2.59407509e-09],
       [ 3.04466751e-09]]), 2.1237811213115787), (2.2899584036576136e-05, array([[-2.67141176e-07],
       [ 1.12826927e-08],
       [-3.02237847e-11]]), 2.160378760829367), (1.9743847329973774e-05, array([[-9.60699509e-08],
       [ 6.18104403e-09],
       [ 7.61793598e-10]]), 2.2494420092537926), (1.798825833577999e-05, array([[-1.66251047e-08],
       [-1.11409968e-08],
       [-1.08177202e-09]]), 2.290852486584126), (2.087135670097842e-05, array([[-1.20735734e-07],
       [ 2.99783633e-08],
       [ 1.54920186e-09]]), 2.1531534018851928), (2.369167640754078e-05, array([[-2.51518985e-07],
       [ 2.01882480e-09],
       [ 2.16409660e-10]]), 2.060945498817942), (2.613628688476369e-05, array([[-4.53511495e-07],
       [-5.69043678e-09],
       [ 9.22040182e-10]]), 1.972342124134074), (2.908599852247643e-05, array([[-6.79643538e-07],
       [ 1.27257325e-08],
       [-2.92193005e-11]]), 1.9450448461068477), (3.205082756896847e-05, array([[-9.22503860e-07],
       [ 2.47496009e-08],
       [ 6.78594257e-10]]), 1.9312169315072882), (3.506915020832019e-05, array([[-1.23971444e-06],
       [ 1.25636003e-08],
       [ 6.03821238e-09]]), 1.9298835222144888), (3.832735732582692e-05, array([[-1.61927242e-06],
       [-3.17793337e-08],
       [ 2.51949458e-09]]), 1.948129296438954), (4.3341980140923926e-05, array([[-1.71976705e-06],
       [-2.34403051e-08],
       [ 5.48510343e-09]]), 1.9599690090060649), (4.8932011567136875e-05, array([[-1.75709520e-06],
       [ 6.04598037e-10],
       [ 1.21582495e-09]]), 1.9981211190733312), (5.395310055927363e-05, array([[-1.92079448e-06],
       [ 3.28645139e-08],
       [-5.16833393e-09]]), 2.0157469705023465), (5.9740046043222214e-05, array([[-1.98008172e-06],
       [-5.23106605e-08],
       [-1.41741434e-09]]), 2.0646411984793844), (6.514390959685894e-05, array([[-2.08098077e-06],
       [ 3.23391836e-08],
       [ 1.00255552e-08]]), 2.102274749521465), (6.977902465607732e-05, array([[-1.94751305e-06],
       [-4.28990996e-08],
       [ 3.32764032e-08]]), 2.119971304252045), (7.4371741164486e-05, array([[-2.01424319e-06],
       [-3.11968209e-09],
       [ 1.56324669e-08]]), 2.142643152460412), (7.904131280671122e-05, array([[-1.89527998e-06],
       [ 5.80378486e-08],
       [-4.58077986e-09]]), 2.173512054126205), (8.366944080607118e-05, array([[-1.69812571e-06],
       [-3.94920991e-08],
       [-5.57854726e-09]]), 2.2091108985799375), (8.68893224803704e-05, array([[-1.63377681e-06],
       [ 6.96898507e-08],
       [-7.79698967e-09]]), 2.214801223248856), (9.098718310271568e-05, array([[-1.43909063e-06],
       [-3.05858801e-08],
       [ 7.75154385e-09]]), 2.250501957564466), (9.438133498655992e-05, array([[-1.18886247e-06],
       [ 3.23171275e-08],
       [ 8.36265069e-10]]), 2.276143721012075), (9.749677149227502e-05, array([[-1.01993487e-06],
       [ 2.30181178e-08],
       [-1.46107549e-09]]), 2.3030253931600764), (9.892943382108954e-05, array([[-6.78440000e-07],
       [-2.85926052e-08],
       [ 8.93011483e-09]]), 2.2989464229866368), (0.0001014798536392844, array([[-6.00934157e-07],
       [-5.94670547e-08],
       [ 5.03707845e-09]]), 2.329789114897569), (0.00010159487211147645, array([[-3.53105775e-07],
       [-6.50620343e-08],
       [ 3.79513296e-09]]), 2.313856874215761), (0.0001027881005938105, array([[-8.29525798e-08],
       [ 2.59889024e-08],
       [ 2.36254903e-09]]), 2.3318543330702446), (0.00010295523418042427, array([[2.44203240e-09],
       [4.99266453e-08],
       [5.97974367e-09]]), 2.3356459312795255), (0.0001021258663699243, array([[3.00982249e-07],
       [2.44399719e-08],
       [4.14155669e-09]]), 2.325950444388579), (0.00010068303512201284, array([[ 6.58104526e-07],
       [-3.87930224e-08],
       [-5.41434160e-09]]), 2.3114956404638467), (9.91296156914193e-05, array([[ 7.88309187e-07],
       [-2.92073789e-08],
       [-6.74227462e-10]]), 2.303598298338249), (9.700387284450593e-05, array([[ 1.03886833e-06],
       [ 2.01047787e-08],
       [-6.47521995e-09]]), 2.291382360424819), (9.473275337257856e-05, array([[ 1.24445959e-06],
       [-5.07509821e-08],
       [ 2.78413358e-09]]), 2.2846186885774133), (9.082161231705873e-05, array([[ 1.46289453e-06],
       [-7.16710273e-08],
       [-1.07472546e-08]]), 2.2464066843124546), (8.799353517018507e-05, array([[ 1.64308180e-06],
       [-1.12960949e-08],
       [-3.13799258e-09]]), 2.242947508043295), (8.325472463155925e-05, array([[ 1.72620668e-06],
       [ 5.75783617e-09],
       [-1.41475612e-08]]), 2.198161213580187), (7.941702049214757e-05, array([[ 1.78880008e-06],
       [-4.36573559e-09],
       [-4.17219705e-09]]), 2.1838434258371047), (7.495983278185014e-05, array([[ 1.94240563e-06],
       [-1.89129891e-08],
       [ 9.72326817e-09]]), 2.1595860188937492), (6.942356778856007e-05, array([[ 1.98416410e-06],
       [-1.77434521e-08],
       [-4.40952433e-09]]), 2.10917209399151), (6.535375470583855e-05, array([[ 2.08777867e-06],
       [-6.37454262e-08],
       [-1.37591726e-08]]), 2.1090467114231752), (5.9655713788264894e-05, array([[2.05436351e-06],
       [8.86724407e-08],
       [2.34545531e-08]]), 2.061726640164186), (5.400065292460684e-05, array([[ 1.97237113e-06],
       [-6.53879220e-09],
       [-4.48092506e-09]]), 2.0175235789894783), (4.8596307826788873e-05, array([[ 1.80213724e-06],
       [ 1.74247079e-09],
       [-1.72571050e-09]]), 1.9844127773996802), (4.3444329822504506e-05, array([[ 1.72301503e-06],
       [-3.81678406e-08],
       [-7.46403181e-10]]), 1.9645973670858627), (3.801636817560323e-05, array([[ 1.56018755e-06],
       [-2.34203075e-08],
       [ 7.69707387e-10]]), 1.9323221258773373), (3.5263862659733555e-05, array([[ 1.29784294e-06],
       [ 1.10083180e-08],
       [-8.14871959e-09]]), 1.9405987049126847), (3.2069707330480104e-05, array([[ 9.69541065e-07],
       [-2.43316056e-08],
       [ 2.06402830e-09]]), 1.9323545281891703), (2.8832219885991205e-05, array([[6.48735090e-07],
       [5.43077293e-09],
       [6.20677832e-09]]), 1.9280741091879763), (2.6400024394994828e-05, array([[4.24179239e-07],
       [1.49461577e-08],
       [1.63707417e-09]]), 1.9922447447104634), (2.3693314311254586e-05, array([[ 2.68778182e-07],
       [-1.10390182e-08],
       [ 1.17836563e-09]]), 2.061087980516087), (2.1082088585144038e-05, array([[ 1.17306956e-07],
       [ 1.50053016e-08],
       [-8.00890260e-11]]), 2.1748931517144667), (1.813007713268738e-05, array([[ 1.14764298e-08],
       [ 1.78195259e-09],
       [-6.99628237e-10]]), 2.3089134871254315), (1.9523787999820346e-05, array([[9.08368714e-08],
       [1.56448703e-08],
       [1.04640459e-10]]), 2.224370365743668), (2.279201124166073e-05, array([[ 2.62420328e-07],
       [ 1.65600333e-08],
       [-1.45013803e-09]]), 2.1502301930210175), (2.6069504935007394e-05, array([[ 4.97701718e-07],
       [-4.52941279e-09],
       [ 6.38860033e-10]]), 2.105826953096491), (2.93737471334376e-05, array([[ 7.83499640e-07],
       [-2.40060454e-08],
       [ 2.04677269e-09]]), 2.0818049617278755), (3.252590632319192e-05, array([[ 1.07113103e-06],
       [-9.33723899e-09],
       [-3.34225973e-09]]), 2.060820950800225), (3.5654723697917736e-05, array([[1.39866780e-06],
       [1.62032145e-08],
       [1.32301795e-10]]), 2.049985889984946), (3.8542499595615025e-05, array([[ 1.72949727e-06],
       [-1.17214421e-09],
       [ 1.28507329e-10]]), 2.035804736187182), (4.233018737683329e-05, array([[ 2.00983830e-06],
       [-2.26398936e-08],
       [-3.57399828e-09]]), 2.0261532946055776), (4.70486573456724e-05, array([[ 2.09082601e-06],
       [-4.19542430e-09],
       [ 4.30089174e-09]]), 2.018125753072312), (5.2330412668929134e-05, array([[ 2.21496498e-06],
       [-5.47563427e-08],
       [ 1.34208044e-09]]), 2.040942282730231), (5.747242630802631e-05, array([[ 2.27052942e-06],
       [-4.96172459e-09],
       [ 4.45262721e-09]]), 2.062579149220875), (6.204528239419754e-05, array([[ 2.26349843e-06],
       [-3.26444572e-09],
       [ 7.66695574e-09]]), 2.0698195581827186), (6.714016055020336e-05, array([[ 2.28490749e-06],
       [ 5.27625930e-08],
       [-4.95317171e-09]]), 2.1002758567502897), (7.143953571083204e-05, array([[ 2.27458148e-06],
       [-2.44531351e-08],
       [ 2.22024261e-09]]), 2.1117394546122172), (7.621410854263286e-05, array([[ 2.07826627e-06],
       [-4.34641102e-08],
       [ 9.82617037e-09]]), 2.1435012698947196), (8.049524016107037e-05, array([[2.08546190e-06],
       [3.67089852e-09],
       [7.59309253e-09]]), 2.1674098642781705), (8.45600798216303e-05, array([[ 1.95999762e-06],
       [ 4.63501804e-08],
       [-8.28179818e-09]]), 2.1922443570420143), (8.856830077069555e-05, array([[ 1.73448935e-06],
       [-1.17925335e-08],
       [ 4.65088004e-09]]), 2.222512483330025), (9.230172568489535e-05, array([[ 1.46038751e-06],
       [ 3.13847586e-09],
       [-5.61767196e-09]]), 2.253008095849259), (9.4355967844464e-05, array([[ 1.08212657e-06],
       [-8.50077734e-09],
       [ 8.95938096e-09]]), 2.2508075260319287), (9.71813079425006e-05, array([[ 1.11198550e-06],
       [-3.79546187e-09],
       [-3.45735343e-09]]), 2.275649725280228), (9.969161946653164e-05, array([[9.06717297e-07],
       [2.33916765e-08],
       [4.51393455e-09]]), 2.3014525065195275), (0.00010092749596748345, array([[ 6.15253432e-07],
       [-5.82758590e-08],
       [ 4.03448537e-09]]), 2.306683804830331), (0.00010208227011908976, array([[ 2.87708271e-07],
       [-3.89256549e-09],
       [ 1.80510782e-09]]), 2.319222511040796), (0.00010268919988662383, array([[ 4.04604064e-08],
       [ 1.69832580e-09],
       [-5.96117885e-09]]), 2.3285610472811293)]