[(0.00010228531940335603, array([[4.10725024e-08],
       [6.68704797e-09],
       [5.38013696e-09]]), 2.3194027291509576), (0.00010197164875556602, array([[-2.54469504e-07],
       [ 3.30466061e-08],
       [ 2.32501827e-09]]), 2.3167092875771425), (0.00010173761557025123, array([[-6.03260963e-07],
       [-1.99931805e-08],
       [-1.45000679e-09]]), 2.325198975049971), (9.921257848763836e-05, array([[-8.00057041e-07],
       [-1.54608989e-08],
       [-6.01353583e-09]]), 2.2903935020866664), (9.783108134142905e-05, array([[-1.06817604e-06],
       [-4.15174715e-08],
       [-3.88935544e-09]]), 2.2908651683327204), (9.473858257596253e-05, array([[-1.30527833e-06],
       [-1.02245379e-08],
       [-1.04241006e-08]]), 2.25993458112872), (9.126423339618973e-05, array([[-1.53952025e-06],
       [-6.43285334e-09],
       [-3.08250040e-10]]), 2.2276837748954486), (8.820370879267204e-05, array([[-1.65580148e-06],
       [-1.49874626e-08],
       [-1.01960261e-08]]), 2.2133634964416196), (8.423118659126172e-05, array([[-1.90731928e-06],
       [-3.91598168e-08],
       [-5.50809080e-09]]), 2.1837177055787484), (8.068352377594148e-05, array([[-2.10998617e-06],
       [ 1.46115266e-08],
       [ 2.04411584e-08]]), 2.172479577261658), (7.590863439162513e-05, array([[-2.16901669e-06],
       [-1.67469028e-08],
       [ 2.16118280e-09]]), 2.134909891695513), (7.156444577348268e-05, array([[-2.18399505e-06],
       [-3.32494993e-08],
       [-3.38440332e-09]]), 2.115431772947615), (6.715696510955884e-05, array([[-2.30012895e-06],
       [ 1.81264917e-08],
       [ 8.86294204e-10]]), 2.1008015363138832), (6.203088052258516e-05, array([[-2.28258238e-06],
       [-3.23408023e-08],
       [-9.36758449e-09]]), 2.069339114313539), (5.774531464952399e-05, array([[-2.24670181e-06],
       [ 4.38791005e-08],
       [-7.33717223e-09]]), 2.072372607395444), (5.238228306472661e-05, array([[-2.21742473e-06],
       [ 6.43705369e-09],
       [-2.17944129e-10]]), 2.0429652838610406), (4.754820079365651e-05, array([[-2.17062582e-06],
       [ 4.01246316e-09],
       [ 1.23072838e-09]]), 2.0395533889291286), (4.243877124001909e-05, array([[-2.04933449e-06],
       [-3.29017570e-08],
       [ 6.48119610e-09]]), 2.031350709636517), (3.854243351518471e-05, array([[-1.76623680e-06],
       [ 1.63986172e-08],
       [-6.88484992e-09]]), 2.0358012458361565), (3.5456242881678203e-05, array([[-1.40519264e-06],
       [ 3.08830015e-08],
       [-3.18970353e-09]]), 2.0385741377534297), (3.185724490661399e-05, array([[-1.03972189e-06],
       [ 6.75618141e-10],
       [ 2.33828708e-09]]), 2.018454984343111), (2.9257327809995103e-05, array([[-7.26231941e-07],
       [-2.23940050e-08],
       [ 1.33539681e-09]]), 2.073553977470314), (2.626064681482561e-05, array([[-4.87709644e-07],
       [ 1.79005445e-08],
       [-3.00611992e-09]]), 2.1212668980969847), (2.296364213888703e-05, array([[-2.69369979e-07],
       [ 5.20739704e-08],
       [ 9.20159216e-10]]), 2.1664220917243933), (1.9656399077971352e-05, array([[-1.03879520e-07],
       [-2.49087209e-08],
       [ 9.83634172e-10]]), 2.239478917035619), (1.7879027338077785e-05, array([[-1.12904746e-08],
       [ 3.99222777e-09],
       [-8.47634711e-10]]), 2.2769416288441953), (2.074259499229435e-05, array([[-1.26239574e-07],
       [ 5.84524698e-09],
       [ 1.26426692e-09]]), 2.139869947672911), (2.336632417682328e-05, array([[-2.59997345e-07],
       [ 6.85784351e-09],
       [ 1.60376959e-09]]), 2.032643018069294), (2.6598345411116777e-05, array([[-4.34402694e-07],
       [ 3.72228640e-08],
       [-2.55839306e-09]]), 2.007210791567962), (2.9248591332586943e-05, array([[-6.61863650e-07],
       [-3.87024996e-08],
       [ 1.59648587e-09]]), 1.95591778578176), (3.203442437295216e-05, array([[-9.12069457e-07],
       [-4.32995896e-10],
       [-3.78267352e-09]]), 1.9302285598401492), (3.4948756310946337e-05, array([[-1.21963383e-06],
       [ 7.23058816e-09],
       [-3.47464941e-09]]), 1.923258149277398), (3.824194476940165e-05, array([[-1.59735103e-06],
       [-1.22664988e-08],
       [-3.47576116e-09]]), 1.9437878882369415), (4.348996373568179e-05, array([[-1.74320674e-06],
       [ 3.23364631e-08],
       [ 5.47743295e-09]]), 1.9666609796687724), (4.896889875356492e-05, array([[-1.87227096e-06],
       [ 5.03841441e-08],
       [-9.86770017e-09]]), 1.999627394083586), (5.4701104155524703e-05, array([[-1.93557904e-06],
       [ 4.56686054e-08],
       [-1.39537065e-08]]), 2.043693204684226), (5.972058089879922e-05, array([[-2.01860435e-06],
       [-3.07598811e-08],
       [ 1.82346278e-09]]), 2.0639684748748364), (6.432054518568086e-05, array([[-1.96589046e-06],
       [-1.30173577e-08],
       [ 6.55651179e-09]]), 2.0757037588949254), (6.988492073211937e-05, array([[-2.07254774e-06],
       [ 3.26292624e-08],
       [-2.45658587e-10]]), 2.12318855533213), (7.452445104354598e-05, array([[-1.83112456e-06],
       [-1.87254316e-08],
       [-1.31240720e-08]]), 2.1470427102972693), (7.923110920225755e-05, array([[-1.83493453e-06],
       [ 1.15714199e-08],
       [ 2.68292300e-09]]), 2.178731157135772), (8.339270377014838e-05, array([[-1.72017514e-06],
       [ 2.62270215e-10],
       [-3.32776595e-09]]), 2.2018042547658028), (8.733698252785112e-05, array([[-1.42571916e-06],
       [-4.98888744e-08],
       [ 9.52259111e-09]]), 2.2262120386684825), (9.112255117713724e-05, array([[-1.51329038e-06],
       [-2.36685557e-08],
       [ 1.55011264e-08]]), 2.25385018866789), (9.407296520835786e-05, array([[-1.33667370e-06],
       [-8.46222064e-09],
       [ 3.44132286e-09]]), 2.2687069334893675), (9.721382907633926e-05, array([[-1.15635912e-06],
       [ 2.55804018e-08],
       [-1.03342822e-08]]), 2.296341853195333), (9.936818660796437e-05, array([[-8.48445670e-07],
       [ 3.36627199e-08],
       [-2.66051558e-09]]), 2.3091422677519615), (0.00010076189012113821, array([[-6.08053038e-07],
       [ 2.64707547e-08],
       [-3.16367084e-09]]), 2.3133060049059417), (0.00010219439280194341, array([[-5.66591040e-07],
       [ 1.59427339e-08],
       [-8.18037829e-10]]), 2.32751115658298), (0.00010291102558916775, array([[-1.78771974e-07],
       [-7.11032684e-09],
       [-1.66686797e-09]]), 2.3346430136802616), (0.0001028377560622437, array([[ 7.46291588e-08],
       [ 7.85010128e-08],
       [-1.15098648e-09]]), 2.332980818709707), (0.00010207438099456524, array([[3.98810658e-07],
       [6.59480649e-08],
       [6.41792570e-09]]), 2.3247778479059003), (0.0001006018832716075, array([[ 7.59421513e-07],
       [-1.11377988e-07],
       [-6.13520077e-09]]), 2.309632544578823), (9.870888879931532e-05, array([[ 8.53256444e-07],
       [-5.35289478e-08],
       [-6.09005419e-09]]), 2.2938213437323434), (9.696843162727534e-05, array([[9.75696116e-07],
       [6.91236187e-08],
       [3.46179182e-09]]), 2.2905451837470965), (9.395737159615997e-05, array([[ 1.27443052e-06],
       [-2.49621784e-08],
       [-5.49237521e-09]]), 2.2659192247264976), (9.117649689412017e-05, array([[ 1.30953161e-06],
       [-3.60331066e-09],
       [ 8.08209802e-09]]), 2.2551844968367147), (8.727834346397039e-05, array([[ 1.68181838e-06],
       [-4.14920989e-08],
       [ 1.87873982e-09]]), 2.2247173340637523), (8.322029376449902e-05, array([[1.76343695e-06],
       [9.38567593e-08],
       [1.58391067e-08]]), 2.1972521408896384), (7.903511947273758e-05, array([[1.86831523e-06],
       [9.47320099e-11],
       [1.32195730e-09]]), 2.173341747161795), (7.50265021990832e-05, array([[ 1.92767044e-06],
       [-9.42750472e-09],
       [ 5.90520074e-09]]), 2.1615067587887182), (7.026115087955373e-05, array([[ 2.05331402e-06],
       [-1.86110123e-09],
       [ 3.04089204e-09]]), 2.1346188830027497), (6.41034624616053e-05, array([[ 1.90184790e-06],
       [-5.13525924e-08],
       [-8.10972293e-09]]), 2.0686982301784935), (5.975090523670159e-05, array([[ 1.89147256e-06],
       [-4.94262711e-09],
       [-1.17072698e-09]]), 2.065016496788051), (5.378870809947251e-05, array([[ 1.88244917e-06],
       [ 3.91683107e-08],
       [-5.32083750e-09]]), 2.009605088026965), (4.903755106153612e-05, array([[ 1.85558996e-06],
       [-2.15252975e-08],
       [ 6.52170455e-09]]), 2.002430786424039), (4.3513477915942804e-05, array([[1.68078151e-06],
       [1.21772231e-08],
       [1.43065637e-08]]), 1.9677243151332353), (3.802282082510018e-05, array([[ 1.52175696e-06],
       [-2.31182365e-08],
       [ 9.14361128e-09]]), 1.9326501055869167), (3.4986757878592e-05, array([[ 1.19613097e-06],
       [ 8.84397027e-10],
       [-1.11903287e-09]]), 1.9253494060880711), (3.2143842058981395e-05, array([[ 9.45903909e-07],
       [-2.44281907e-08],
       [ 9.16969682e-10]]), 1.9368215031085012), (2.9495555797298184e-05, array([[ 6.79411496e-07],
       [ 2.32941711e-08],
       [-3.25844932e-09]]), 1.972432844011132), (2.632750496033242e-05, array([[ 4.48163690e-07],
       [-1.01110913e-08],
       [-5.01212384e-10]]), 1.986772156487289), (2.3509418443157384e-05, array([[ 2.56571693e-07],
       [-1.08260694e-08],
       [ 1.69022445e-09]]), 2.0450908279682194), (2.0554488421231035e-05, array([[ 1.03101961e-07],
       [-5.91774308e-08],
       [-4.08710509e-10]]), 2.1204642947867707), (1.7826439821471268e-05, array([[ 2.57787339e-08],
       [-1.59518976e-08],
       [ 7.56168127e-10]]), 2.270244468900606), (1.971442503198523e-05, array([[ 8.87811057e-08],
       [-3.23195136e-09],
       [ 3.17329236e-10]]), 2.2460898888692418), (2.304570633349344e-05, array([[ 2.72780623e-07],
       [-2.34251631e-08],
       [ 7.40510419e-10]]), 2.174164142530608), (2.647128980628781e-05, array([[5.05018146e-07],
       [1.99840119e-08],
       [2.72622440e-09]]), 2.138282092286823), (2.9007840651908696e-05, array([[ 7.37010527e-07],
       [ 1.92507002e-10],
       [-1.17618643e-09]]), 2.0558720793715715), (3.200722425278686e-05, array([[ 1.02873583e-06],
       [-8.94015029e-09],
       [-4.23517842e-09]]), 2.0279575813102557), (3.574222715095621e-05, array([[ 1.40187273e-06],
       [-2.55503897e-08],
       [ 6.89692377e-09]]), 2.0550169440908097), (3.854505321193865e-05, array([[ 1.77518053e-06],
       [-9.49501789e-09],
       [ 1.11170143e-08]]), 2.035939617532725), (4.209357901318354e-05, array([[ 2.00202108e-06],
       [-4.13033244e-08],
       [-2.91982704e-09]]), 2.0148279297714367), (4.786710719374341e-05, array([[2.14997518e-06],
       [4.53701956e-09],
       [5.45015137e-09]]), 2.0532326999901533), (5.2313128732596284e-05, array([[ 2.25490365e-06],
       [ 1.62642058e-08],
       [-9.24115346e-09]]), 2.0402681906549995), (5.7476789092253545e-05, array([[ 2.21251442e-06],
       [ 1.78281712e-08],
       [-6.59111768e-09]]), 2.0627357214827007), (6.182888453658355e-05, array([[ 2.23347016e-06],
       [-3.17122543e-08],
       [ 1.33042674e-08]]), 2.062600564235805), (6.714372538784822e-05, array([[ 2.33283176e-06],
       [-1.90003479e-08],
       [-8.93478757e-09]]), 2.1003873718610278), (7.228723869127034e-05, array([[2.29327685e-06],
       [8.42832805e-09],
       [1.66811840e-08]]), 2.1367973978333197), (7.615361971939036e-05, array([[ 2.15922952e-06],
       [-4.08014467e-08],
       [ 1.20886076e-08]]), 2.1418000380373368), (8.034155128738466e-05, array([[ 2.00545778e-06],
       [-3.30335001e-08],
       [-9.71773865e-09]]), 2.163271647158876), (8.444280575690285e-05, array([[ 1.89329258e-06],
       [-8.86849993e-09],
       [-9.39402766e-10]]), 2.1892039932300547), (8.786806432526866e-05, array([[ 1.70272107e-06],
       [-1.18379887e-09],
       [ 1.69913926e-08]]), 2.2049409116988476), (9.227203073045216e-05, array([[ 1.47820647e-06],
       [-5.33864822e-09],
       [ 8.15195973e-09]]), 2.2522832667924897), (9.488441165041365e-05, array([[1.28535485e-06],
       [5.00649287e-09],
       [1.66616284e-09]]), 2.263413250107348), (9.684799759848645e-05, array([[ 9.58595317e-07],
       [ 4.85613469e-08],
       [-6.68537650e-09]]), 2.267844751166917), (9.930379310263514e-05, array([[ 8.81530676e-07],
       [-3.09178716e-08],
       [ 5.68052083e-09]]), 2.2924992568676483), (0.00010104231092955214, array([[ 5.13472946e-07],
       [-8.19721631e-08],
       [ 6.68886056e-10]]), 2.3093078847306323), (0.00010211859249151131, array([[1.13783417e-07],
       [4.66307644e-08],
       [2.44689702e-09]]), 2.3200477245051534), (0.00010267032301778262, array([[-9.41285026e-08],
       [-2.81439883e-09],
       [ 8.88171889e-10]]), 2.3281329989418023)]