[(0.00010243202099946384, array([[ 8.85879590e-09],
       [ 3.62582041e-08],
       [-3.02209670e-09]]), 2.3227293070447166), (0.00010173607924867833, array([[-2.36677488e-07],
       [ 2.98411952e-08],
       [ 7.41754249e-09]]), 2.3113573483750525), (0.00010081818011355854, array([[-4.57286422e-07],
       [-4.62508425e-08],
       [ 1.65207277e-09]]), 2.304185406277561), (9.924534402260789e-05, array([[-8.34949910e-07],
       [ 5.34094487e-08],
       [-1.82811052e-09]]), 2.291149917951777), (9.70877212379796e-05, array([[-1.10910375e-06],
       [-1.63079983e-08],
       [-5.04551555e-09]]), 2.2734582487201553), (9.511145966069105e-05, array([[-1.28303734e-06],
       [-3.52819385e-08],
       [ 1.99931103e-09]]), 2.268829350243646), (9.141614728833273e-05, array([[-1.58816823e-06],
       [-5.64797497e-08],
       [-1.54167180e-08]]), 2.2313918662266827), (8.812768785881085e-05, array([[-1.69990744e-06],
       [ 1.91109656e-08],
       [ 4.36559904e-09]]), 2.21145584468551), (8.449220177719553e-05, array([[-1.93890172e-06],
       [-2.94924502e-08],
       [-7.05651616e-09]]), 2.1904845992438524), (8.044171556310386e-05, array([[-2.10943681e-06],
       [-1.70842025e-08],
       [-1.03665900e-09]]), 2.165968664259609), (7.633492082913246e-05, array([[-2.19376061e-06],
       [-3.91256340e-08],
       [-2.72884681e-10]]), 2.1468990829044436), (7.18806804973068e-05, array([[-2.26126548e-06],
       [ 7.83345818e-09],
       [-3.53402935e-09]]), 2.1247796128596894), (6.661944645403115e-05, array([[-2.30489761e-06],
       [-1.43896509e-08],
       [ 6.37518135e-10]]), 2.083986898911973), (6.183320234354456e-05, array([[-2.27798141e-06],
       [-1.16823061e-08],
       [-1.59434521e-08]]), 2.0627446055061713), (5.690492123047055e-05, array([[-2.22440664e-06],
       [ 1.13022969e-08],
       [ 7.49138644e-10]]), 2.0422124409533327), (5.237979224983955e-05, array([[-2.24172752e-06],
       [ 5.89462233e-08],
       [ 7.06421057e-09]]), 2.042868139405987), (4.7473088153563534e-05, array([[-2.14538444e-06],
       [-1.13576023e-08],
       [-5.14031529e-09]]), 2.0363314743856558), (4.262353670384945e-05, array([[-2.03697654e-06],
       [-9.38926239e-09],
       [ 7.12210430e-09]]), 2.040194590953095), (3.855947685493335e-05, array([[-1.71984383e-06],
       [ 1.38478776e-08],
       [ 1.19620307e-08]]), 2.036701470578837), (3.544704452642476e-05, array([[-1.42658100e-06],
       [-1.20590952e-08],
       [-6.23137889e-09]]), 2.038045273790259), (3.229416651385298e-05, array([[-1.05856848e-06],
       [ 2.25788808e-08],
       [-2.11116480e-09]]), 2.046138062352021), (2.9392940169080086e-05, array([[-7.83675427e-07],
       [ 6.45046313e-09],
       [ 3.91997184e-10]]), 2.083165229338597), (2.5956277469838277e-05, array([[-4.90195878e-07],
       [ 1.62456448e-08],
       [ 5.23538075e-10]]), 2.096680732307931), (2.2749446850808866e-05, array([[-2.49926911e-07],
       [-1.56453510e-08],
       [ 2.04866545e-09]]), 2.146214608903104), (1.9407073487069012e-05, array([[-9.96636332e-08],
       [ 1.70512264e-10],
       [ 6.13227111e-11]]), 2.211072930665054), (1.784962264206498e-05, array([[-7.86729830e-09],
       [ 7.58755038e-09],
       [ 1.15645426e-09]]), 2.2731968626905874), (2.08967550069294e-05, array([[-1.22972876e-07],
       [-3.97867818e-09],
       [ 1.70498933e-10]]), 2.1557735693062168), (2.3708370068784113e-05, array([[-2.69283983e-07],
       [-3.47091001e-08],
       [ 3.74288728e-09]]), 2.0623976850375407), (2.6241800022196587e-05, array([[-4.45627557e-07],
       [ 1.71261917e-08],
       [-5.65413843e-10]]), 1.9803045407744335), (2.903878773724e-05, array([[-6.51347863e-07],
       [-3.39681185e-08],
       [ 6.26111855e-09]]), 1.9418877568140795), (3.184430174658604e-05, array([[-8.99956952e-07],
       [-2.40685733e-10],
       [-1.23361654e-08]]), 1.9187727547034235), (3.503407141460684e-05, array([[-1.24314333e-06],
       [ 7.05664634e-09],
       [-4.59820952e-09]]), 1.927953108002442), (3.798537833362567e-05, array([[-1.52535581e-06],
       [-1.73076201e-08],
       [ 1.05444807e-09]]), 1.9307469528609638), (4.3548144681414795e-05, array([[-1.68906717e-06],
       [ 4.64255227e-08],
       [-2.02701975e-08]]), 1.9692919819944756), (4.885847141906181e-05, array([[-1.80316546e-06],
       [ 3.88287875e-08],
       [-5.69583089e-09]]), 1.9951181335376362), (5.407542176694323e-05, array([[-1.96411768e-06],
       [ 3.63700761e-08],
       [-4.01781337e-09]]), 2.0203170248872158), (5.94263011995786e-05, array([[-1.98905583e-06],
       [-4.45807647e-09],
       [-9.95495116e-09]]), 2.05379804429888), (6.429969486327764e-05, array([[-1.92576028e-06],
       [ 6.53235565e-09],
       [-4.40473269e-09]]), 2.0750308931338903), (6.97000486191332e-05, array([[-2.00047413e-06],
       [-9.95836352e-08],
       [ 1.51285875e-08]]), 2.117571916572577), (7.44203322935303e-05, array([[-1.86814397e-06],
       [ 3.00714516e-08],
       [-6.66375496e-09]]), 2.144043058503849), (7.936485331190579e-05, array([[-1.99813214e-06],
       [-3.54648967e-08],
       [ 2.81959731e-09]]), 2.18240891025204), (8.329249841057455e-05, array([[-1.69623585e-06],
       [ 1.82181285e-08],
       [-2.65200014e-09]]), 2.1991585486418224), (8.772051625558695e-05, array([[-1.55721190e-06],
       [ 2.25888149e-08],
       [-1.53194277e-08]]), 2.2359882798117883), (9.101976953808067e-05, array([[-1.53440825e-06],
       [ 1.83498017e-08],
       [-3.52191584e-09]]), 2.251307959399869), (9.390574842406676e-05, array([[-1.24585717e-06],
       [ 2.46586475e-08],
       [-1.07930013e-08]]), 2.2646742565446494), (9.639704114361677e-05, array([[-1.14954215e-06],
       [-4.58600044e-08],
       [ 1.03717838e-08]]), 2.27704805175868), (9.952981073826218e-05, array([[-8.22340126e-07],
       [ 2.13497800e-08],
       [-7.85989836e-09]]), 2.312898128893232), (0.00010112100091993451, array([[-6.82774335e-07],
       [ 1.57512533e-09],
       [ 2.27801474e-09]]), 2.3215505224143302), (0.00010255601319531538, array([[-2.85060592e-07],
       [-2.81557834e-08],
       [ 1.61345555e-09]]), 2.3357471808593053), (0.00010276705096163757, array([[-1.99569337e-07],
       [-3.58199910e-08],
       [-4.36250292e-10]]), 2.331376800401498), (0.00010165723054573949, array([[ 1.46865043e-07],
       [-9.71500870e-09],
       [ 3.35165573e-09]]), 2.3061993768399067), (0.00010175712097296387, array([[1.63205692e-07],
       [2.11349471e-08],
       [3.21489156e-09]]), 2.3175521457947674), (0.00010043761054104887, array([[ 5.41178798e-07],
       [ 6.80315237e-08],
       [-1.63725932e-09]]), 2.305861147539856), (9.911133348614136e-05, array([[ 8.73852494e-07],
       [-3.82341580e-08],
       [-4.30107367e-09]]), 2.303173451972465), (9.759223930808952e-05, array([[ 1.19350164e-06],
       [-9.33312604e-08],
       [-4.94082269e-09]]), 2.3052804914642056), (9.42719297817565e-05, array([[ 1.32923538e-06],
       [-2.09232226e-08],
       [ 4.06400076e-09]]), 2.273505254730634), (9.152633147154341e-05, array([[ 1.47033890e-06],
       [-2.80665849e-08],
       [-1.47793909e-08]]), 2.263837401283993), (8.718504636993212e-05, array([[ 1.59756514e-06],
       [-1.05283582e-08],
       [ 4.97916765e-09]]), 2.222339199304465), (8.357176815341715e-05, array([[1.73949568e-06],
       [3.24230977e-08],
       [1.01864964e-08]]), 2.20653206311274), (7.905532621795995e-05, array([[ 1.81588954e-06],
       [-5.02063372e-08],
       [-4.41824651e-09]]), 2.1738974009427854), (7.440190906068257e-05, array([[ 1.76859324e-06],
       [ 1.48756850e-08],
       [-1.40750003e-09]]), 2.1435122868278156), (6.973432127126894e-05, array([[ 1.94975402e-06],
       [ 3.33681509e-09],
       [-6.07881065e-09]]), 2.1186131612647516), (6.483193809433315e-05, array([[ 2.05729639e-06],
       [ 2.92863663e-08],
       [-4.74466762e-09]]), 2.0922070422501484), (5.869120350592409e-05, array([[ 1.94533341e-06],
       [ 1.46938653e-08],
       [-5.49468201e-09]]), 2.0283927578327754), (5.411872322808697e-05, array([[ 1.86632091e-06],
       [-1.67133766e-08],
       [-8.77406247e-09]]), 2.021934814934758), (4.897970728235204e-05, array([[ 1.79856788e-06],
       [-2.94215960e-08],
       [ 4.72762101e-09]]), 2.0000687564748687), (4.364954368717997e-05, array([[ 1.73924399e-06],
       [-6.75583488e-10],
       [ 7.60821847e-09]]), 1.973877349534161), (3.811489410561897e-05, array([[ 1.61161751e-06],
       [-3.84881657e-08],
       [ 7.89645317e-09]]), 1.9373300696573075), (3.509922235433218e-05, array([[ 1.25733142e-06],
       [-2.52649253e-08],
       [-6.57208924e-09]]), 1.9315384165795193), (3.227050271364412e-05, array([[ 9.60480708e-07],
       [-1.59101668e-08],
       [-3.53670313e-09]]), 1.9444534183941233), (2.9271999068347245e-05, array([[ 6.75794879e-07],
       [ 1.83684263e-08],
       [-5.31850202e-09]]), 1.9574831126782877), (2.603507913638503e-05, array([[ 4.42635608e-07],
       [ 1.68586619e-08],
       [-8.22582301e-10]]), 1.9647046082812634), (2.325231829069181e-05, array([[2.41987417e-07],
       [2.26651176e-08],
       [5.36177589e-10]]), 2.0227256144284684), (2.0780038565785664e-05, array([[ 1.00511380e-07],
       [-1.12559467e-08],
       [-1.02181370e-09]]), 2.143732741970213), (1.776108281383591e-05, array([[ 8.36742291e-09],
       [-8.02200579e-09],
       [-4.23519016e-10]]), 2.2619210803511236), (1.965861555209085e-05, array([[9.34967330e-08],
       [2.30481240e-09],
       [6.33908635e-10]]), 2.239731442792806), (2.311443902134967e-05, array([[ 2.77420705e-07],
       [-1.85104468e-08],
       [-9.70558678e-11]]), 2.180648480358847), (2.669726023097112e-05, array([[ 4.97363780e-07],
       [-1.70952830e-08],
       [ 1.24532558e-09]]), 2.156535396754518), (2.9388917978088218e-05, array([[ 7.74995191e-07],
       [-1.58874981e-08],
       [-3.68625536e-09]]), 2.0828801646811717), (3.266726024059592e-05, array([[ 1.05568777e-06],
       [-2.82135279e-08],
       [-3.30502929e-09]]), 2.069777046029957), (3.540414128133528e-05, array([[ 1.41193826e-06],
       [-2.43960782e-08],
       [ 5.90698838e-09]]), 2.035578530594797), (3.8622787879681666e-05, array([[ 1.78182468e-06],
       [-2.16254878e-08],
       [ 4.24574585e-10]]), 2.040045542327887), (4.2091049020265366e-05, array([[2.00921410e-06],
       [3.98689825e-09],
       [6.19926190e-09]]), 2.0147068305322375), (4.704576757114873e-05, array([[ 2.11994580e-06],
       [-1.03467972e-08],
       [-1.07284962e-08]]), 2.0180017978158644), (5.219619584153459e-05, array([[ 2.25404880e-06],
       [-7.33949672e-09],
       [-7.39872646e-09]]), 2.0357076823494458), (5.755137660031671e-05, array([[ 2.34184264e-06],
       [-1.35947573e-08],
       [-3.39334923e-10]]), 2.065412529280912), (6.240846439556473e-05, array([[ 2.35181470e-06],
       [ 1.48958250e-08],
       [-2.66916015e-09]]), 2.0819352449940673), (6.7376011304398e-05, array([[2.32040757e-06],
       [1.63057547e-08],
       [9.50443008e-09]]), 2.107653730749577), (7.158654945111971e-05, array([[ 2.17611199e-06],
       [-9.42533589e-09],
       [-8.53723705e-09]]), 2.116085153567936), (7.581373295978374e-05, array([[2.11814618e-06],
       [9.73880582e-09],
       [4.71373985e-09]]), 2.132240814492399), (8.007763514626402e-05, array([[1.87989852e-06],
       [2.60656087e-08],
       [7.07150915e-10]]), 2.156165457445516), (8.461453264513292e-05, array([[ 1.97448625e-06],
       [-4.95653438e-08],
       [-1.23447204e-10]]), 2.1936560621314656), (8.785195574552735e-05, array([[ 1.77863797e-06],
       [ 4.49452166e-08],
       [-1.12110486e-08]]), 2.204536686719343), (9.166638487828202e-05, array([[ 1.56086357e-06],
       [-4.99866571e-08],
       [ 1.25975967e-08]]), 2.237499956967762), (9.453348803095407e-05, array([[ 1.39705717e-06],
       [ 2.38700646e-08],
       [-1.41003824e-08]]), 2.2550421683222086), (9.697058808596654e-05, array([[ 1.10395270e-06],
       [ 2.64479500e-08],
       [-4.92304754e-09]]), 2.2707153958933812), (9.962706111111621e-05, array([[ 7.23550975e-07],
       [ 9.13508157e-09],
       [-3.78098345e-09]]), 2.299962130601444), (0.00010098860662957602, array([[ 6.30138462e-07],
       [ 9.01094878e-09],
       [-6.08708263e-09]]), 2.308080480465648), (0.0001022734663242946, array([[ 2.27685644e-07],
       [ 1.04008632e-07],
       [-2.39213445e-09]]), 2.32356632650081), (0.00010223208234831066, array([[ 1.37164540e-07],
       [-6.75713597e-09],
       [ 1.45966809e-09]]), 2.3181955356701685)]