[(0.00010305526944942204, array([[ 1.96795161e-07],
       [ 1.54694587e-08],
       [-2.76592601e-09]]), 2.336861972066484), (0.00010243793217660733, array([[-3.42634536e-07],
       [-4.53656254e-08],
       [ 4.04491522e-10]]), 2.3273028510367184), (0.0001013702265136632, array([[-4.52013451e-07],
       [-1.99840944e-08],
       [-2.32627181e-10]]), 2.3168023495439094), (9.964967268828396e-05, array([[-7.57772395e-07],
       [ 2.31545012e-08],
       [ 3.84170455e-09]]), 2.300484135071104), (9.652734991527534e-05, array([[-1.10428681e-06],
       [ 2.53742103e-08],
       [ 1.99388779e-09]]), 2.2603362927230064), (9.445861128710593e-05, array([[-1.20657488e-06],
       [ 1.49770164e-09],
       [ 7.04855110e-09]]), 2.2532560265186925), (9.12865004389169e-05, array([[-1.38860929e-06],
       [ 8.06820804e-08],
       [-2.37276814e-10]]), 2.22822729482601), (8.828132607636143e-05, array([[-1.77606456e-06],
       [ 2.86990644e-08],
       [ 1.36426447e-08]]), 2.2153112066316174), (8.470665557642428e-05, array([[-1.97062644e-06],
       [-8.32866462e-09],
       [ 8.09670979e-09]]), 2.19604437558509), (8.050910408834684e-05, array([[-1.92741641e-06],
       [-7.12194034e-09],
       [-3.14308800e-09]]), 2.1677831635276226), (7.633891575476393e-05, array([[-2.07800164e-06],
       [-1.72865793e-08],
       [ 2.68525706e-09]]), 2.1470114391115547), (7.177737119495004e-05, array([[-2.31867422e-06],
       [ 2.75556058e-08],
       [ 4.82920370e-09]]), 2.121725809001021), (6.668107647075886e-05, array([[-2.20443539e-06],
       [-1.41853736e-08],
       [-1.39232549e-08]]), 2.085914806666789), (6.227032098566466e-05, array([[-2.35625597e-06],
       [-3.82288265e-08],
       [-1.41213494e-09]]), 2.0773268054703546), (5.764602911618299e-05, array([[-2.30998591e-06],
       [-2.31312536e-08],
       [ 1.84805228e-09]]), 2.0688094331213867), (5.2488725343530176e-05, array([[-2.22913114e-06],
       [ 4.14631810e-08],
       [ 7.08469814e-09]]), 2.0471166470244606), (4.7414686655864564e-05, array([[-2.14021643e-06],
       [ 8.74817995e-09],
       [-1.24560092e-09]]), 2.0338263749168584), (4.267422334233106e-05, array([[-2.04002298e-06],
       [-2.19469203e-08],
       [-4.54490153e-09]]), 2.0426207295061265), (3.845939206230193e-05, array([[-1.76431250e-06],
       [-1.93611504e-08],
       [-5.77172892e-09]]), 2.031415018039507), (3.562617487723333e-05, array([[-1.43224986e-06],
       [ 2.18950624e-08],
       [-3.77513479e-09]]), 2.0483444614865887), (3.277348420278461e-05, array([[-1.04762757e-06],
       [ 1.19455190e-08],
       [-3.45072946e-09]]), 2.0765073294102345), (2.9269417219313823e-05, array([[-7.50094208e-07],
       [-2.27977740e-08],
       [ 5.00259545e-09]]), 2.074410789922254), (2.635510873977588e-05, array([[-4.87363536e-07],
       [ 2.88509166e-08],
       [-3.11957784e-09]]), 2.128897287246973), (2.284175704671094e-05, array([[-2.64021156e-07],
       [-3.20877585e-08],
       [ 9.22187190e-11]]), 2.1549232817906248), (1.9589058417016153e-05, array([[-9.81537349e-08],
       [ 1.78016573e-08],
       [ 2.32242361e-10]]), 2.231806708617882), (1.7898839646434267e-05, array([[-2.37485388e-08],
       [ 1.84161937e-08],
       [-2.06608153e-10]]), 2.279464778946678), (2.0663243332307183e-05, array([[-1.15402053e-07],
       [ 1.46674105e-08],
       [-1.36649427e-09]]), 2.1316837861744298), (2.3570675474335245e-05, array([[-2.68152112e-07],
       [ 2.89721009e-08],
       [-1.47155143e-10]]), 2.0504195940928813), (2.6394743037524828e-05, array([[-4.54424270e-07],
       [-2.16722578e-08],
       [-4.94049457e-10]]), 1.9918461936899372), (2.926729036077258e-05, array([[-6.80895961e-07],
       [ 2.36014770e-08],
       [-6.26385160e-09]]), 1.9571682310216434), (3.243041944611107e-05, array([[-9.54775783e-07],
       [ 9.99907940e-09],
       [-8.25549319e-09]]), 1.9540891727504492), (3.4725215160830135e-05, array([[-1.20780323e-06],
       [-5.60300071e-09],
       [-4.70094549e-09]]), 1.9109565001189939), (3.780122137251564e-05, array([[-1.56107452e-06],
       [ 4.32824648e-09],
       [ 1.09339894e-08]]), 1.9213864960981422), (4.366831312503518e-05, array([[-1.76427817e-06],
       [ 5.16858122e-09],
       [ 8.62231533e-09]]), 1.9747261228572295), (4.878355964951476e-05, array([[-1.79127465e-06],
       [ 4.41198389e-09],
       [ 3.30296789e-09]]), 1.992059138331732), (5.4029928157348234e-05, array([[-1.90400763e-06],
       [-5.97919539e-09],
       [-6.87364047e-09]]), 2.0186173337708992), (5.922039818408732e-05, array([[-1.95585952e-06],
       [ 1.73740887e-08],
       [-5.12676476e-09]]), 2.0466819492030233), (6.464535000613181e-05, array([[-1.98080647e-06],
       [ 2.89503315e-08],
       [-1.50390814e-08]]), 2.086185613250652), (6.963512548493053e-05, array([[-1.96821612e-06],
       [ 3.10331324e-08],
       [-7.07241408e-09]]), 2.1155994731030656), (7.423079197610239e-05, array([[-2.00747524e-06],
       [ 1.64378033e-09],
       [ 1.32551942e-08]]), 2.1385824190607856), (7.896805385977838e-05, array([[-1.85546866e-06],
       [ 4.90443078e-09],
       [-1.32150664e-08]]), 2.1714975480587193), (8.35943867766429e-05, array([[-1.70110017e-06],
       [-3.81572530e-08],
       [ 4.31788496e-09]]), 2.207129259013627), (8.750570379195331e-05, array([[-1.59815853e-06],
       [ 5.78060947e-08],
       [-2.04782584e-08]]), 2.2305127289196474), (9.060387929593859e-05, array([[-1.41175020e-06],
       [-7.39864960e-09],
       [-4.83701338e-10]]), 2.2410212160129888), (9.418717690282935e-05, array([[-1.29194402e-06],
       [ 2.14993371e-08],
       [-9.09434622e-09]]), 2.2714613152882097), (9.700878787598486e-05, array([[-1.16265215e-06],
       [-3.79561786e-09],
       [-6.53631567e-09]]), 2.291498461113395), (9.858967387807571e-05, array([[-9.53115395e-07],
       [-5.44744980e-08],
       [ 7.75986889e-09]]), 2.291050998182343), (0.00010048375686023634, array([[-6.67207625e-07],
       [ 4.14555388e-09],
       [ 2.33255976e-09]]), 2.3069205813908127), (0.00010198268881459335, array([[-4.66879883e-07],
       [-4.70456824e-08],
       [ 5.31498020e-09]]), 2.3226895281262663), (0.00010267003879696636, array([[-2.08037691e-07],
       [ 2.22976605e-08],
       [-1.89733746e-10]]), 2.3291759791464868), (0.00010243820780757568, array([[ 7.10116810e-08],
       [ 1.12941640e-09],
       [-1.91755016e-09]]), 2.323916653465522), (0.00010167224373472949, array([[ 3.75635663e-07],
       [-3.81991461e-08],
       [-2.91677509e-09]]), 2.3156190385712296), (0.00010086803804800099, array([[5.85125377e-07],
       [4.88805671e-08],
       [1.39353749e-09]]), 2.315742964319116), (9.843022675178626e-05, array([[8.18893778e-07],
       [1.85112133e-08],
       [1.13936151e-09]]), 2.2873457267936312), (9.664884620770088e-05, array([[ 1.00132990e-06],
       [ 1.41854306e-08],
       [-8.72169004e-09]]), 2.282996079040362), (9.393430854048048e-05, array([[ 1.45126071e-06],
       [-4.85248677e-08],
       [-8.08135506e-10]]), 2.265363025459135), (9.145820052247839e-05, array([[ 1.44675746e-06],
       [-2.77956208e-08],
       [-8.70769283e-09]]), 2.262152231691826), (8.737218075882494e-05, array([[ 1.60641653e-06],
       [-8.15737040e-08],
       [-3.30554214e-09]]), 2.227109238494555), (8.271812097966482e-05, array([[1.65355642e-06],
       [3.15712927e-08],
       [7.77237155e-09]]), 2.183993352958705), (7.93058307766929e-05, array([[1.80847303e-06],
       [2.09743352e-08],
       [1.51578864e-08]]), 2.1807858831641154), (7.468040889493576e-05, array([[1.94221938e-06],
       [4.29584244e-08],
       [4.62442597e-09]]), 2.1515358419238857), (6.94721410465224e-05, array([[ 2.01254047e-06],
       [-2.98329884e-09],
       [ 2.40586177e-08]]), 2.1106478084134546), (6.47086770085812e-05, array([[1.88709704e-06],
       [6.77265169e-09],
       [1.35316777e-09]]), 2.088229254153325), (5.928145639610769e-05, array([[2.10538759e-06],
       [4.20375589e-08],
       [1.24574577e-08]]), 2.0487921467738697), (5.432282892615942e-05, array([[ 1.95096719e-06],
       [-6.74533855e-09],
       [ 3.63063411e-09]]), 2.029560427518409), (4.902994743815199e-05, array([[ 1.84956477e-06],
       [-4.13307790e-09],
       [-2.34861933e-09]]), 2.002120295193887), (4.313956760470523e-05, array([[1.65077767e-06],
       [2.92128631e-08],
       [2.97085739e-09]]), 1.950815705517555), (3.78656714771893e-05, array([[ 1.52776188e-06],
       [-9.00108742e-09],
       [-1.41395186e-09]]), 1.9246624103754038), (3.509677312489276e-05, array([[ 1.22323986e-06],
       [-2.23696698e-08],
       [-1.05074719e-08]]), 1.9314036335149398), (3.2177733444969107e-05, array([[9.51846443e-07],
       [2.46842102e-08],
       [5.07424976e-10]]), 1.9388636225611386), (2.866059301798435e-05, array([[6.66559539e-07],
       [2.83032056e-08],
       [1.61095136e-09]]), 1.9165970421444563), (2.6080906930430682e-05, array([[ 4.45049553e-07],
       [-4.08014278e-08],
       [-3.63709319e-09]]), 1.968162945307135), (2.3611126183518927e-05, array([[ 2.52007060e-07],
       [-9.01337883e-09],
       [ 1.90416827e-09]]), 2.053938412499061), (2.0517776413657443e-05, array([[ 1.06692075e-07],
       [ 2.09992329e-08],
       [-1.64120204e-09]]), 2.116676971081388), (1.7740948371071324e-05, array([[ 1.28388686e-08],
       [ 1.08706695e-08],
       [-1.55305410e-09]]), 2.2593569055759875), (1.9935354175428085e-05, array([[ 9.92057720e-08],
       [-2.38046266e-08],
       [ 5.35013636e-10]]), 2.271260631330077), (2.3001552358625373e-05, array([[ 2.63323137e-07],
       [-2.17260283e-09],
       [ 3.54519467e-09]]), 2.1699985948351213), (2.6159087890129214e-05, array([[4.96085023e-07],
       [4.18640488e-11],
       [1.97687834e-11]]), 2.113063231725635), (2.931156447167044e-05, array([[7.48508281e-07],
       [8.56689872e-09],
       [2.06289456e-09]]), 2.0773978912505457), (3.2010569353705966e-05, array([[ 1.03624657e-06],
       [-3.89513183e-08],
       [ 3.72495625e-09]]), 2.0281695247988747), (3.534380667993071e-05, array([[1.34904083e-06],
       [1.43910872e-08],
       [2.12293533e-09]]), 2.032109562987443), (3.888194637735353e-05, array([[ 1.76970933e-06],
       [ 2.74122791e-08],
       [-6.78443157e-09]]), 2.053734226313592), (4.265618985443298e-05, array([[ 2.09611801e-06],
       [ 4.39626722e-08],
       [-2.74207318e-09]]), 2.0417575485664208), (4.7737204755825434e-05, array([[ 2.20741702e-06],
       [-2.42160262e-08],
       [-7.61068295e-09]]), 2.0476606078170856), (5.277630726814771e-05, array([[ 2.28153761e-06],
       [-1.17952661e-08],
       [-5.97678844e-09]]), 2.0583326508693798), (5.699532766764415e-05, array([[ 2.26905177e-06],
       [ 5.77926160e-09],
       [-1.94494218e-09]]), 2.0454569608778983), (6.268136770207851e-05, array([[ 2.23330523e-06],
       [-4.19977045e-08],
       [ 1.67522672e-08]]), 2.091039250641526), (6.684071741326277e-05, array([[ 2.25551887e-06],
       [ 3.19024730e-09],
       [-1.67607380e-08]]), 2.090908688339728), (7.219031154192092e-05, array([[2.26852516e-06],
       [5.33408205e-09],
       [1.96228085e-09]]), 2.1339322492364308), (7.54691630805883e-05, array([[ 2.30255965e-06],
       [ 2.90716898e-08],
       [-1.19396086e-08]]), 2.1225498794707063), (8.112100476670962e-05, array([[ 1.98651642e-06],
       [-1.10127199e-07],
       [ 2.48874913e-08]]), 2.184259163395295), (8.435207617186564e-05, array([[ 1.85880910e-06],
       [-1.93700288e-08],
       [ 4.50568865e-09]]), 2.18685180267827), (8.778920520262209e-05, array([[ 1.80134816e-06],
       [ 8.34375205e-09],
       [-5.97027556e-09]]), 2.202962039088881), (9.163588099721888e-05, array([[1.42912209e-06],
       [4.16287689e-08],
       [4.89868757e-09]]), 2.236755382687269), (9.497338221658613e-05, array([[ 1.36749389e-06],
       [-8.30175348e-08],
       [ 8.54971008e-09]]), 2.2655355919635243), (9.687155671456659e-05, array([[ 1.04844286e-06],
       [-1.58538345e-08],
       [ 3.17601274e-09]]), 2.2683964240880856), (9.935342036330541e-05, array([[ 8.80271089e-07],
       [ 2.14653534e-08],
       [-2.34967796e-09]]), 2.2936449377591064), (0.00010091814286757802, array([[ 6.18992773e-07],
       [-2.28342397e-08],
       [-2.45605688e-09]]), 2.306470041040097), (0.0001023612613822258, array([[ 3.03618134e-07],
       [ 7.63300328e-09],
       [-1.34503888e-09]]), 2.325560955680536), (0.00010297507381965465, array([[-3.77363664e-08],
       [-5.95502418e-09],
       [ 1.63759739e-09]]), 2.335043470998751)]