[(1.4596566347674937, array([[ 0.04541648],
       [-0.00890451],
       [-0.00064005]]), 2.3272587378535716), (1.4611131867773612, array([[ 0.05044425],
       [-0.00550679],
       [ 0.00020419]]), 2.3284887494961457), (1.4600175870448269, array([[ 0.05258966],
       [-0.00152871],
       [ 0.00069577]]), 2.3262376461167835), (1.458667102571869, array([[ 0.03160926],
       [-0.00401551],
       [ 0.00103762]]), 2.3241664711442165), (1.4582156567849216, array([[ 0.06285885],
       [-0.00407263],
       [ 0.00031165]]), 2.3241127883215964), (1.4562229205660429, array([[ 0.02862804],
       [-0.00763875],
       [-0.0007725 ]]), 2.322186618508471), (1.454438237506745, array([[0.03815787],
       [0.00291684],
       [0.00053247]]), 2.321174984960096), (1.4511360006887604, array([[ 0.0228447 ],
       [-0.00936549],
       [ 0.00015371]]), 2.318322017467615), (1.448502530830146, array([[0.0401886 ],
       [0.00350118],
       [0.000152  ]]), 2.3171165519769383), (1.4453176330901214, array([[ 0.04498763],
       [-0.00311297],
       [-0.00059571]]), 2.315608409551187), (1.4414923396247823, array([[ 0.02978211],
       [ 0.01299805],
       [-0.00016578]]), 2.3136513341044194), (1.4365180765971144, array([[ 0.01924586],
       [-0.00203141],
       [-0.00057372]]), 2.3104223867700084), (1.4312155186169468, array([[ 0.0301762 ],
       [-0.01057461],
       [-0.0002638 ]]), 2.307233023786525), (1.4255898772060884, array([[0.05776121],
       [0.0038948 ],
       [0.00052235]]), 2.304088175006191), (1.4200423454009405, array([[ 0.04682221],
       [-0.01208711],
       [ 0.00034542]]), 2.3016345623627235), (1.4129153742814664, array([[ 0.03620841],
       [ 0.00326585],
       [-0.00148066]]), 2.2971796606949355), (1.4066615348422835, array([[ 0.04807762],
       [ 0.0020763 ],
       [-0.00217599]]), 2.2947005257182482), (1.3979213948743026, array([[ 0.06362445],
       [ 0.00711101],
       [-0.00114638]]), 2.28871317280589), (1.3908833822096076, array([[4.72348119e-02],
       [3.64290279e-04],
       [7.63423934e-05]]), 2.2860567408631933), (1.3836698155260272, array([[0.05070304],
       [0.00120183],
       [0.0015924 ]]), 2.2836670216833537), (1.3737174475020433, array([[0.03032118],
       [0.00928919],
       [0.00215529]]), 2.2772938898966557), (1.3640429462776633, array([[ 0.03439384],
       [-0.00985911],
       [-0.00097351]]), 2.271901165155907), (1.354389442584771, array([[0.02718068],
       [0.00492466],
       [0.00064681]]), 2.2670659851536876), (1.345152657664601, array([[ 0.01808168],
       [-0.00127122],
       [ 0.00125463]]), 2.263456057702003), (1.33348601658147, array([[0.05506334],
       [0.00489415],
       [0.0007582 ]]), 2.256268641953806), (1.3226777787073016, array([[ 0.02673759],
       [-0.00249748],
       [ 0.00154641]]), 2.2510314319411266), (1.3121862021721562, array([[0.06447477],
       [0.00914816],
       [0.00120714]]), 2.246843811340952), (1.3014717916151954, array([[ 0.02169627],
       [ 0.00245278],
       [-0.00137371]]), 2.2427887968113613), (1.2889220432311062, array([[0.04791281],
       [0.00420085],
       [0.00215737]]), 2.236064789942218), (1.2759729586643198, array([[ 0.03734555],
       [-0.00027626],
       [-0.00161769]]), 2.229117443538057), (1.2631395438334103, array([[4.81768376e-02],
       [3.29091910e-04],
       [2.72746348e-05]]), 2.2228390479801097), (1.2506517248327909, array([[ 0.0436466 ],
       [-0.01042985],
       [ 0.00056231]]), 2.217643170713301), (1.2368390301231362, array([[ 4.83781505e-02],
       [ 2.43665740e-03],
       [-3.18650309e-05]]), 2.2105609228939307), (1.2238926312105889, array([[ 2.26727043e-02],
       [-2.26725748e-03],
       [-6.71175525e-05]]), 2.2054856837495698), (1.2095234085880457, array([[ 0.01248233],
       [-0.00247481],
       [ 0.00207124]]), 2.1982986296829905), (1.1951637123569245, array([[ 0.04310786],
       [-0.00812645],
       [-0.00053433]]), 2.1915610938105377), (1.1806852577494649, array([[0.01838464],
       [0.00067888],
       [0.00151851]]), 2.18503766667658), (1.165486091948179, array([[0.04692573],
       [0.00650452],
       [0.00015771]]), 2.1775995132599024), (1.1509387892891014, array([[ 0.03236783],
       [-0.00382684],
       [ 0.00072159]]), 2.1717990508936076), (1.135976765112492, array([[ 0.03894023],
       [-0.00441959],
       [-0.00242957]]), 2.1656423258729625), (1.1204054194933732, array([[ 0.02793109],
       [-0.00381537],
       [-0.00281138]]), 2.1587328641564705), (1.103673510673769, array([[ 0.04391624],
       [-0.00233511],
       [ 0.00159595]]), 2.1499613287124473), (1.0885338824217798, array([[ 0.0391162 ],
       [-0.0022625 ],
       [-0.00167861]]), 2.144676356271998), (1.0722780378210892, array([[ 0.02317016],
       [-0.00587235],
       [-0.00042933]]), 2.1375890520430967), (1.0554762368995927, array([[0.04642178],
       [0.00787731],
       [0.00160134]]), 2.129773608678013), (1.038910459835988, array([[ 0.02243445],
       [-0.00128059],
       [-0.00103596]]), 2.122788188253524), (1.0227696257759773, array([[ 0.03692731],
       [ 0.00021049],
       [-0.00094602]]), 2.117043433453663), (1.0041229008943662, array([[ 0.01290696],
       [-0.00299674],
       [ 0.00032272]]), 2.1064287817043885), (0.9875858378672198, array([[0.03572886],
       [0.00072809],
       [0.00342874]]), 2.100546435859785), (0.9714359004650998, array([[ 0.04249465],
       [ 0.00454316],
       [-0.00181835]]), 2.095868260309182), (0.9532234747066216, array([[ 0.02485829],
       [-0.0068275 ],
       [-0.0009323 ]]), 2.0870721862213735), (0.9354595042324867, array([[ 0.03776751],
       [-0.00754693],
       [ 0.00145462]]), 2.0795393702411764), (0.918148019350798, array([[ 0.03382179],
       [-0.0047491 ],
       [ 0.00047491]]), 2.0733238733870927), (0.8995092165760401, array([[0.03302258],
       [0.00612713],
       [0.00043131]]), 2.064391297429494), (0.8825880272748433, array([[ 0.03065904],
       [ 0.00513076],
       [-0.00086421]]), 2.05969675384042), (0.8629130597210707, array([[ 0.04162708],
       [-0.00219494],
       [-0.00088096]]), 2.048829203771458), (0.8458585945708341, array([[0.03142867],
       [0.00801875],
       [0.00144251]]), 2.0444325737234665), (0.8277148938313016, array([[ 0.03489529],
       [ 0.00308454],
       [-0.00081434]]), 2.0377165258240177), (0.808876143322559, array([[ 0.02500378],
       [-0.0017661 ],
       [-0.00053694]]), 2.0295235264855123), (0.7904165773365879, array([[0.0246257 ],
       [0.0070482 ],
       [0.00050428]]), 2.0224992778957094), (0.7723386722253274, array([[ 0.0168685 ],
       [-0.00753918],
       [-0.00061697]]), 2.0167053505991324), (0.7537192045543315, array([[ 0.0269397 ],
       [-0.00397309],
       [-0.00131911]]), 2.009742051618866), (0.735234265600273, array([[0.01917926],
       [0.00083913],
       [0.00070956]]), 2.0033593262432867), (0.7171735611182641, array([[0.01721477],
       [0.00514746],
       [0.00133421]]), 1.9983871222052827), (0.6982547036523689, array([[0.02760495],
       [0.00421464],
       [0.00099459]]), 1.9912508616622324), (0.67903867060841, array([[0.016639  ],
       [0.00250844],
       [0.00078191]]), 1.983415712530366), (0.6610174701715457, array([[0.0172243 ],
       [0.00532397],
       [0.00145   ]]), 1.9792784801801484), (0.6423571011752865, array([[0.02232618],
       [0.00275109],
       [0.00082365]]), 1.9734744788034795), (0.6238000846228302, array([[ 0.02029405],
       [ 0.00107101],
       [-0.00066512]]), 1.9681949540436825), (0.6047509315848101, array([[2.52359120e-02],
       [9.02927931e-05],
       [6.34574407e-05]]), 1.9615341496081862), (0.5863072773166452, array([[ 0.01752743],
       [-0.00324687],
       [-0.00103378]]), 1.9570168944871198), (0.5673809515141147, array([[0.03237058],
       [0.00599689],
       [0.00068113]]), 1.9510755616664341), (0.5487142382069198, array([[0.01616575],
       [0.00141721],
       [0.00051404]]), 1.9461897122943446), (0.5298332337972941, array([[0.03052233],
       [0.00262393],
       [0.00018904]]), 1.9407064772610014), (0.5114623958897707, array([[ 0.01438889],
       [-0.00344949],
       [-0.00123883]]), 1.9372883810383041), (0.49299026544492475, array([[ 2.21751606e-02],
       [ 2.18150835e-03],
       [-9.14100239e-05]]), 1.9337357646954008), (0.47453500280550354, array([[ 0.01923357],
       [ 0.00335931],
       [-0.00096042]]), 1.9304936340718684), (0.45604767367960364, array([[ 0.01612102],
       [-0.00760678],
       [-0.001131  ]]), 1.92736976287475), (0.4374229471429458, array([[ 0.01760169],
       [ 0.00307763],
       [-0.00065593]]), 1.9238930859779084), (0.4183386573913544, array([[ 0.02080225],
       [-0.00161839],
       [ 0.00081308]]), 1.9185178627401975), (0.3999625279063164, array([[0.01427469],
       [0.00096544],
       [0.00014771]]), 1.9165596527123516), (0.3820119047377006, array([[ 1.86608150e-02],
       [-4.14050385e-03],
       [ 9.03673460e-06]]), 1.9170574753906036), (0.36363861653776486, array([[ 0.01332259],
       [-0.00193617],
       [-0.00038737]]), 1.9158846418347137), (0.3446798054345945, array([[0.01031798],
       [0.00342387],
       [0.00040354]]), 1.911848340524157), (0.32707060373048036, array([[ 0.0093987 ],
       [-0.00489368],
       [-0.00115415]]), 1.9157744372428875), (0.3082670569224524, array([[0.01620803],
       [0.00313006],
       [0.00057146]]), 1.913265849068341), (0.28973784583638224, array([[0.01045175],
       [0.00213589],
       [0.00023926]]), 1.912761885786854), (0.2718236407600677, array([[1.51264505e-02],
       [3.66032128e-05],
       [4.13493929e-04]]), 1.917040979338087), (0.2533390810535235, array([[ 0.00876448],
       [-0.00127288],
       [-0.00020504]]), 1.9181483534218522), (0.2349364721475053, array([[ 0.01166124],
       [-0.00100333],
       [ 0.00031045]]), 1.9206233233261825), (0.21714717644391351, array([[ 9.50567532e-03],
       [-4.90340185e-04],
       [-6.60786015e-05]]), 1.9295031373801435), (0.19869794616140485, array([[ 0.00796239],
       [-0.00020936],
       [-0.00020246]]), 1.9341847193500181), (0.1811036353208043, array([[0.00866444],
       [0.00288299],
       [0.00044341]]), 1.9495982718024545), (0.1625927640569642, array([[ 8.87119618e-03],
       [-3.71608943e-03],
       [ 5.56991798e-05]]), 1.9581787391645902), (0.14457447427253015, array([[ 8.41801498e-03],
       [-1.46713025e-03],
       [-6.42473759e-05]]), 1.976368047993495), (0.1266052158302307, array([[ 5.83132837e-03],
       [-8.43503581e-04],
       [-1.45478656e-06]]), 2.0015961902824104), (0.10878546383951712, array([[ 5.60094223e-03],
       [-1.40095201e-03],
       [ 5.19295215e-05]]), 2.0395973439057866), (0.09077848675541492, array([[ 5.68320105e-03],
       [-1.55016840e-05],
       [-2.04212799e-04]]), 2.0912887175555137), (0.07283348446305792, array([[ 0.00424188],
       [-0.00156335],
       [ 0.00016857]]), 2.1762015424448613), (0.05477216369874026, array([[ 4.17867723e-03],
       [-1.09731406e-03],
       [ 2.20204633e-05]]), 2.3287485653127447)]