[(1.4597594252942856, array([[ 0.01221826],
       [ 0.00382617],
       [-0.0001396 ]]), 2.3274226258159505), (1.4603688064298381, array([[-0.00932804],
       [-0.0004908 ],
       [-0.00177573]]), 2.327302475030731), (1.4597653557497317, array([[-0.03065583],
       [-0.00769717],
       [-0.00012487]]), 2.3258357674412213), (1.4594017342975978, array([[ 0.01911291],
       [-0.00857682],
       [-0.0001743 ]]), 2.325336996223289), (1.4584282314541337, array([[ 0.01460478],
       [-0.00617588],
       [-0.00045721]]), 2.324451591093937), (1.4565273375548051, array([[ 0.00708637],
       [ 0.00465844],
       [-0.0001369 ]]), 2.322672061394836), (1.4553724885189594, array([[0.00636474],
       [0.00667056],
       [0.00089356]]), 2.322665979918358), (1.452293072549453, array([[-0.00604408],
       [-0.00747805],
       [-0.00134225]]), 2.3201705452204675), (1.4482900572342856, array([[-0.02857671],
       [-0.0005806 ],
       [ 0.0004006 ]]), 2.316776665732111), (1.444682128404487, array([[-0.00985032],
       [-0.00287976],
       [ 0.00025239]]), 2.314590238900893), (1.4410063225114533, array([[7.35626094e-03],
       [4.46296551e-03],
       [3.40483804e-05]]), 2.3128712577129322), (1.437289418595341, array([[-0.03040406],
       [ 0.01116668],
       [ 0.00049452]]), 2.3116629738879793), (1.4316001972856973, array([[-0.02907366],
       [ 0.00256521],
       [ 0.00041966]]), 2.3078531563357756), (1.4258078450155762, array([[-0.01113568],
       [ 0.01384559],
       [ 0.00084236]]), 2.304440462196499), (1.4188096129285512, array([[ 0.02668224],
       [-0.00366135],
       [-0.00079295]]), 2.2996365235902974), (1.412981676764132, array([[-0.00078765],
       [-0.00363434],
       [ 0.00069743]]), 2.2972874581734013), (1.405141391874812, array([[0.01097672],
       [0.00487902],
       [0.00108594]]), 2.292220701837221), (1.3978849219347, array([[-0.01060726],
       [ 0.00378656],
       [-0.00081049]]), 2.2886534583629854), (1.3909823255360163, array([[-0.00290878],
       [ 0.00261345],
       [ 0.00043715]]), 2.286219364172375), (1.3822047853561463, array([[ 0.01890109],
       [-0.00964785],
       [ 0.00068885]]), 2.281249074101361), (1.3731751815387643, array([[-0.00202794],
       [ 0.00126976],
       [-0.00050569]]), 2.2763949430520047), (1.3646251538644965, array([[ 0.00359697],
       [ 0.00140519],
       [-0.00031626]]), 2.2728708692979196), (1.354144676767927, array([[ 0.00503441],
       [ 0.00534823],
       [-0.00229141]]), 2.266656280056876), (1.3445454120563756, array([[-0.01718793],
       [-0.00242417],
       [-0.00028077]]), 2.262434260107047), (1.3335530858722888, array([[0.03271137],
       [0.00741941],
       [0.00120305]]), 2.2563821237120187), (1.3229922035783706, array([[-0.00576491],
       [ 0.00337236],
       [ 0.0010797 ]]), 2.251566543575384), (1.3127778973849213, array([[-0.00455467],
       [-0.01580751],
       [-0.00131393]]), 2.247856965361929), (1.3000238035955733, array([[-0.00352957],
       [ 0.00147531],
       [ 0.00218822]]), 2.240293520825168), (1.2885512784282536, array([[-0.01741438],
       [ 0.00720184],
       [ 0.0006133 ]]), 2.2354215748421566), (1.275888894834413, array([[ 0.0183581 ],
       [-0.00689853],
       [-0.00156491]]), 2.228970584509154), (1.2634366083215296, array([[-0.0006893 ],
       [ 0.00568616],
       [ 0.00248684]]), 2.223361814088719), (1.2509816745796576, array([[ 0.01299708],
       [-0.00953438],
       [-0.00011937]]), 2.2182282343151725), (1.237383636195022, array([[ 0.01707596],
       [ 0.00603705],
       [-0.00086044]]), 2.2115342790636183), (1.2236972057069364, array([[-0.00948412],
       [ 0.00500808],
       [ 0.00246866]]), 2.2051335220161348), (1.2095041985099382, array([[ 0.00248604],
       [-0.00095032],
       [-0.0021367 ]]), 2.198263715527481), (1.1954354126573645, array([[-0.00663821],
       [ 0.00516531],
       [ 0.00063348]]), 2.1920593082404647), (1.1810708467290765, array([[-0.00572934],
       [ 0.00626025],
       [ 0.00437611]]), 2.1857512577363285), (1.1659603723448597, array([[-0.02175432],
       [-0.00092106],
       [ 0.00062162]]), 2.1784856609094505), (1.151369836475848, array([[-0.00799519],
       [ 0.00429846],
       [-0.00070444]]), 2.172612428529133), (1.1355480945883398, array([[-0.00054623],
       [-0.00365887],
       [ 0.00074659]]), 2.164825102264638), (1.1200496681190462, array([[-0.02178372],
       [-0.00097062],
       [-0.00228487]]), 2.1580474228243713), (1.1047461341796838, array([[ 0.00041157],
       [-0.00266351],
       [-0.00055494]]), 2.1520508044819406), (1.0873556692138104, array([[-0.0192487 ],
       [-0.00488268],
       [ 0.00197258]]), 2.1423549898445637), (1.0710930627775033, array([[-0.00900958],
       [-0.00236763],
       [-0.00141738]]), 2.1352268012174984), (1.0558635489684092, array([[-0.00580104],
       [-0.00655479],
       [-0.00090727]]), 2.130555139321385), (1.0387777632871733, array([[-0.01647951],
       [ 0.00824346],
       [ 0.00098106]]), 2.122517051637487), (1.0217010397592277, array([[-0.002914  ],
       [ 0.00769929],
       [ 0.00176852]]), 2.114831554108768), (1.0050776782375803, array([[-0.00390493],
       [-0.00634005],
       [-0.00282004]]), 2.1084316943698345), (0.9878155563778627, array([[-0.01113414],
       [ 0.00346343],
       [ 0.00064944]]), 2.1010350358176626), (0.9699956461052238, array([[-0.01021875],
       [ 0.00025741],
       [ 0.00037636]]), 2.092760918488491), (0.9521962360369564, array([[0.01707619],
       [0.00398788],
       [0.00064413]]), 2.084823058589756), (0.9353551085236866, array([[-0.01691401],
       [ 0.00192337],
       [-0.00211951]]), 2.079307297141751), (0.9175560261757072, array([[ 0.00719097],
       [-0.00917134],
       [-0.00130014]]), 2.0719870588899427), (0.8995673916560973, array([[0.01148463],
       [0.00371706],
       [0.00219437]]), 2.0645248103794276), (0.8817385700719428, array([[-0.00366415],
       [ 0.00126147],
       [-0.00317898]]), 2.0577143745317605), (0.8641898993528551, array([[-0.00181005],
       [ 0.00728964],
       [ 0.00095489]]), 2.051860825899159), (0.8458586031666929, array([[ 0.00258797],
       [-0.00026649],
       [ 0.00089527]]), 2.0444325944995794), (0.8275711239520777, array([[-0.00836928],
       [ 0.00449061],
       [ 0.00174597]]), 2.037362584797955), (0.8093207121636771, array([[-0.01575082],
       [ 0.00235866],
       [ 0.00095526]]), 2.0306389789928456), (0.7909942152193928, array([[-0.00872011],
       [ 0.01279979],
       [ 0.00081471]]), 2.0239773240733268), (0.7721001762130731, array([[0.00240807],
       [0.00137151],
       [0.00079975]]), 2.016082597652392), (0.7542284044320764, array([[-0.00904955],
       [-0.00379284],
       [-0.00251673]]), 2.0110997991736577), (0.7358594789073492, array([[-0.00736133],
       [ 0.00077752],
       [ 0.00115965]]), 2.0050629015093273), (0.7170329546031499, array([[ 6.10728839e-03],
       [-2.99719028e-05],
       [-1.36220754e-03]]), 1.9979953254850238), (0.6979731742211822, array([[-0.00361145],
       [ 0.00631218],
       [ 0.00166651]]), 1.9904480088930332), (0.6796554182125701, array([[-0.00828324],
       [ 0.00391801],
       [ 0.00087512]]), 1.9852171811973278), (0.6613999112907563, array([[-0.0069572 ],
       [ 0.00868396],
       [ 0.00055766]]), 1.9804236200763647), (0.6419711779026595, array([[-0.00268963],
       [-0.0049218 ],
       [-0.00012232]]), 1.9722888303099666), (0.6232423946044561, array([[-0.00688614],
       [ 0.00381813],
       [ 0.00075172]]), 1.9664353475493226), (0.6049303695022564, array([[-0.01163088],
       [ 0.00282385],
       [-0.00131775]]), 1.9621161637638043), (0.5862248783391749, array([[-0.00518832],
       [-0.00465356],
       [-0.00212152]]), 1.9567418574933169), (0.5677334091128521, array([[-0.0087655 ],
       [-0.00404877],
       [-0.00063809]]), 1.9522875717023453), (0.5484675600183276, array([[-5.83778551e-03],
       [ 1.91631319e-04],
       [ 1.77790316e-05]]), 1.9453147895760017), (0.5306988677044707, array([[-0.01590807],
       [-0.00325811],
       [-0.00151106]]), 1.9438771755551694), (0.5120607154368086, array([[-0.00648251],
       [ 0.00248704],
       [ 0.00096372]]), 1.9395546620316673), (0.49290380918550303, array([[ 0.00264444],
       [ 0.00204183],
       [-0.00032977]]), 1.933396643271219), (0.4747326919731413, array([[-3.05283064e-03],
       [ 7.60968817e-03],
       [ 9.20275824e-05]]), 1.9312978691175309), (0.4555822105826106, array([[-0.00417131],
       [ 0.00171929],
       [ 0.00101038]]), 1.9254026012145666), (0.4372942047106742, array([[-0.00688373],
       [ 0.00057657],
       [-0.00125469]]), 1.9233268452789762), (0.41850879347456016, array([[-0.00437027],
       [ 0.00249635],
       [-0.00029819]]), 1.9192981136420915), (0.40040863099890445, array([[-5.47464739e-05],
       [-4.19448738e-03],
       [-8.50668931e-04]]), 1.918697310939186), (0.38151685699971544, array([[-0.00625364],
       [ 0.00309763],
       [-0.00019543]]), 1.9145731680823503), (0.363279152892088, array([[ 0.00368454],
       [ 0.0042563 ],
       [-0.00017389]]), 1.9139907536536196), (0.3451054025354098, array([[-0.00051832],
       [ 0.00071447],
       [ 0.00026043]]), 1.914209015846866), (0.32630885686297256, array([[0.00020283],
       [0.00603583],
       [0.00083738]]), 1.911312601908937), (0.30815806396687623, array([[-4.90819643e-03],
       [-7.58630153e-04],
       [-9.46759917e-05]]), 1.912589382040775), (0.28966928240476686, array([[ 4.51691579e-05],
       [ 1.35178450e-03],
       [-4.69290454e-04]]), 1.9123092506871002), (0.2712717552123491, array([[-0.00388861],
       [-0.00063192],
       [ 0.00037421]]), 1.9131487968629983), (0.2535307162061821, array([[-0.00018682],
       [ 0.00136595],
       [ 0.00036119]]), 1.9195993125514161), (0.23490855290748122, array([[-1.77272371e-03],
       [-3.28652794e-05],
       [-4.96477005e-04]]), 1.920395081439899), (0.2165067872497173, array([[-0.00444901],
       [ 0.00166418],
       [ 0.00030089]]), 1.9238128356245272), (0.19884276228941114, array([[-0.00191967],
       [-0.00181296],
       [-0.00036829]]), 1.9355944024761722), (0.18051543659627917, array([[-3.77075552e-03],
       [-4.44129784e-04],
       [-2.72606758e-05]]), 1.9432662552486217), (0.16223184394332277, array([[-7.47762392e-04],
       [ 3.82752305e-04],
       [-7.76267039e-05]]), 1.9538320137911165), (0.14441987204094692, array([[-8.75556151e-04],
       [-2.12278211e-03],
       [ 3.21840263e-05]]), 1.9742545980765092), (0.12666694038621684, array([[-1.03278226e-03],
       [ 1.69955213e-03],
       [ 3.97965040e-05]]), 2.002572039778804), (0.1084026649190725, array([[-0.00031186],
       [-0.00053909],
       [-0.00013733]]), 2.0324203219597234), (0.09073102276255081, array([[-5.62016426e-05],
       [-1.47901794e-03],
       [-9.30746929e-05]]), 2.090195276627882), (0.07278851980902967, array([[-2.52701959e-04],
       [-1.78577894e-03],
       [ 8.60898506e-05]]), 2.174858037459851), (0.054716913579278305, array([[-5.17675267e-04],
       [-8.81923156e-04],
       [-8.44657031e-06]]), 2.3263994954980474)]