[(1.4592267198318005, array([[-0.04521404],
       [-0.01008887],
       [ 0.00089836]]), 2.3265732867229465), (1.4606906862108155, array([[-0.03225581],
       [-0.01220649],
       [ 0.00045659]]), 2.327815435597701), (1.4600664568505424, array([[-3.10487516e-02],
       [-1.04020365e-02],
       [-4.15820559e-05]]), 2.326315510097891), (1.4590455375175406, array([[-0.05003025],
       [ 0.00651724],
       [-0.00026226]]), 2.324769450268575), (1.4584392557573251, array([[-7.34549605e-02],
       [-5.05600385e-03],
       [ 3.19366763e-05]]), 2.324469161693944), (1.4559130962348814, array([[-0.05415289],
       [-0.00876428],
       [-0.00170907]]), 2.3216925527265424), (1.4539677014095393, array([[-0.02627176],
       [ 0.00034684],
       [ 0.00063245]]), 2.3204240444318645), (1.4511173346882886, array([[-0.02700482],
       [-0.0037763 ],
       [-0.00075763]]), 2.3182921968306447), (1.4489358524796834, array([[-0.08152751],
       [ 0.0030658 ],
       [ 0.00051942]]), 2.317809720780653), (1.44616775773259, array([[-0.07802472],
       [ 0.00075437],
       [ 0.00083454]]), 2.3169704324907796), (1.4399436934775631, array([[-0.04075057],
       [ 0.00366681],
       [ 0.00108162]]), 2.3111656967367575), (1.437021631237367, array([[-0.03577439],
       [-0.00088943],
       [-0.00025979]]), 2.311232278363268), (1.430211592471027, array([[-0.05291209],
       [-0.00420366],
       [-0.00041045]]), 2.3056146151491257), (1.425725009145968, array([[-0.04051487],
       [-0.00259606],
       [-0.00036203]]), 2.3043065799694418), (1.419843679546084, array([[-0.01651146],
       [-0.00888136],
       [-0.00124586]]), 2.3013125605580727), (1.4131976817990077, array([[-0.04242934],
       [-0.0055116 ],
       [ 0.00012238]]), 2.297638648613931), (1.4054734249639607, array([[-0.05003525],
       [ 0.00118294],
       [ 0.00088972]]), 2.292762350617225), (1.3989576524549583, array([[-0.04399803],
       [ 0.00479343],
       [ 0.00068645]]), 2.2904097605997125), (1.3912606365088245, array([[-0.04385121],
       [ 0.00704265],
       [-0.0005604 ]]), 2.2866767962501333), (1.3826972353660918, array([[-0.0444675 ],
       [ 0.00495372],
       [ 0.0001976 ]]), 2.2820618343675174), (1.3740210128317543, array([[-0.03304832],
       [ 0.00412725],
       [-0.00014336]]), 2.277797128369598), (1.3642811858067143, array([[-0.01879959],
       [ 0.00837694],
       [ 0.00155965]]), 2.2722979683981466), (1.3538946074415446, array([[-0.02901943],
       [ 0.01177505],
       [ 0.00144843]]), 2.266237697597543), (1.3453891615866849, array([[-4.45313558e-02],
       [-2.15176638e-03],
       [ 3.18767340e-05]]), 2.263854017169325), (1.3341857461993052, array([[-0.03971908],
       [ 0.00611835],
       [ 0.00088041]]), 2.257452589872972), (1.3237893644486072, array([[-0.04788827],
       [ 0.01617843],
       [ 0.00080259]]), 2.2529232112416167), (1.3118935222337165, array([[-0.061015  ],
       [ 0.00419529],
       [ 0.00096358]]), 2.2463426582978108), (1.3001055603935263, array([[ 0.00482899],
       [-0.00502773],
       [ 0.00083858]]), 2.24043440995676), (1.2884164052052527, array([[-0.05461171],
       [-0.01257467],
       [-0.0002849 ]]), 2.2351875922932183), (1.2763812271611816, array([[-0.0229606 ],
       [ 0.00813333],
       [ 0.00160253]]), 2.2298306862614408), (1.2650049764764912, array([[-0.05441853],
       [-0.00436883],
       [-0.00206345]]), 2.226121786249734), (1.2506176371167173, array([[-0.03981193],
       [-0.00123379],
       [ 0.00013463]]), 2.2175827267149804), (1.237327172683387, array([[-0.0409599 ],
       [ 0.00305189],
       [-0.00043419]]), 2.2114333637226973), (1.2243485465668023, array([[-0.03364599],
       [ 0.00368613],
       [ 0.00259665]]), 2.206307254829817), (1.2094242240675086, array([[-0.04788574],
       [ 0.00385794],
       [ 0.00081481]]), 2.1981183626505096), (1.195524231350775, array([[-0.05218105],
       [-0.0006517 ],
       [ 0.00027261]]), 2.19222217429042), (1.182249813779228, array([[-0.01836123],
       [-0.01087945],
       [-0.00243184]]), 2.1879331155984842), (1.1655932139861047, array([[-0.05172597],
       [-0.00367669],
       [ 0.00154772]]), 2.1777996605626098), (1.150364476026385, array([[-0.030228  ],
       [-0.0069166 ],
       [-0.00083735]]), 2.1707153329665636), (1.1358000052144106, array([[-0.02868522],
       [ 0.01136494],
       [ 0.00174306]]), 2.1653053482792672), (1.1197733673096504, array([[-0.05735247],
       [-0.00703224],
       [-0.00172729]]), 2.157515062281252), (1.1047084970102374, array([[-0.04674876],
       [ 0.00499485],
       [ 0.00023955]]), 2.1519774870940998), (1.0886099208165154, array([[-0.02505847],
       [ 0.00356256],
       [-0.00035644]]), 2.1448261703935354), (1.071713557405356, array([[-0.0461629 ],
       [-0.00071671],
       [-0.00158397]]), 2.136463758868935), (1.0555539597894998, array([[-0.02394672],
       [ 0.00913611],
       [ 0.00298811]]), 2.129930440403757), (1.0386460995276636, array([[ 0.00359322],
       [-0.00538186],
       [-0.00300338]]), 2.1222480253023854), (1.0213201303523327, array([[-0.04112321],
       [-0.00053128],
       [ 0.00032542]]), 2.1140431050403903), (1.0056315650312566, array([[-0.02189983],
       [-0.01146026],
       [ 0.00130784]]), 2.109593626921085), (0.9878114592467465, array([[-0.00957435],
       [ 0.00348167],
       [ 0.00305056]]), 2.101026321421573), (0.9703573480356951, array([[-0.03555484],
       [ 0.00254151],
       [ 0.00011406]]), 2.0935412886553797), (0.9533183355302837, array([[-0.03610513],
       [-0.00413296],
       [-0.00038496]]), 2.087279882938754), (0.9358296818105183, array([[-0.03339041],
       [ 0.00118681],
       [-0.0013306 ]]), 2.0803622800988606), (0.9167345787045493, array([[-0.05024031],
       [-0.00479821],
       [-0.00079545]]), 2.0701321001939696), (0.8992960866329462, array([[-0.0371528 ],
       [-0.00327369],
       [-0.00332815]]), 2.063902160029191), (0.8818493404924984, array([[-0.02729867],
       [ 0.00076679],
       [ 0.00069067]]), 2.0579728795970786), (0.8635584171789467, array([[-0.03705769],
       [ 0.00641124],
       [-0.00266157]]), 2.050361486997065), (0.8457139694597474, array([[-0.03181468],
       [ 0.00280644],
       [ 0.00131925]]), 2.0440830161378587), (0.8272909440588321, array([[-0.03889888],
       [-0.00681992],
       [-0.00197448]]), 2.0366728216887915), (0.8094658233335833, array([[-0.02945322],
       [-0.00175082],
       [ 0.00090031]]), 2.031003072477011), (0.790357274254459, array([[-0.02632848],
       [-0.00582771],
       [-0.001479  ]]), 2.022347534569188), (0.7722290633938712, array([[-3.25822060e-02],
       [-1.14977858e-03],
       [-6.32310007e-05]]), 2.016419143621779), (0.7545187924811327, array([[-0.02978858],
       [ 0.0063205 ],
       [ 0.00187037]]), 2.0118740995629136), (0.734302192884661, array([[-0.00919465],
       [ 0.00465027],
       [ 0.00079368]]), 2.000819623382684), (0.7165299447111443, array([[-0.02511774],
       [ 0.0003156 ],
       [ 0.00125821]]), 1.9965937003484828), (0.6978905323383107, array([[-0.02578404],
       [-0.00080509],
       [ 0.00048787]]), 1.9902123345472442), (0.6786720097609716, array([[-0.02876476],
       [-0.00043257],
       [ 0.00029925]]), 1.9823447265652698), (0.6606090788151375, array([[-0.01314894],
       [-0.00157476],
       [-0.0008479 ]]), 1.9780556377293725), (0.6413608323695696, array([[-0.02854122],
       [ 0.00226223],
       [-0.00073995]]), 1.9704137030161284), (0.6235163076282546, array([[-0.02777422],
       [ 0.00286392],
       [ 0.00068273]]), 1.967299589547002), (0.6046470818588324, array([[-0.01668004],
       [-0.0042126 ],
       [ 0.00105667]]), 1.9611973088142436), (0.586622354363355, array([[-0.02104503],
       [-0.00195247],
       [ 0.00243134]]), 1.9580685803988112), (0.5676548242572839, array([[-0.03620651],
       [ 0.00636702],
       [-0.00071057]]), 1.9520173388177076), (0.548864381638458, array([[-0.0248503 ],
       [ 0.00231304],
       [-0.00078178]]), 1.946722243767891), (0.5302459859364311, array([[-0.02361543],
       [ 0.00297293],
       [-0.00093432]]), 1.9422183317443185), (0.5124365137760291, array([[-0.02663418],
       [ 0.00348378],
       [-0.00113969]]), 1.9409780897597573), (0.49311430888429914, array([[-0.01860161],
       [ 0.00259004],
       [-0.0004544 ]]), 1.9342223204185196), (0.4741878342920709, array([[-0.01608702],
       [ 0.00179564],
       [-0.00044755]]), 1.9290812901959278), (0.45562282256635633, array([[-0.01970368],
       [-0.00279431],
       [-0.00060122]]), 1.9255742374578793), (0.4371536431837239, array([[-0.01910085],
       [ 0.00071845],
       [-0.00075332]]), 1.9227086213114855), (0.4190536842225759, array([[-0.01504634],
       [ 0.00412331],
       [ 0.00022229]]), 1.9217970044685546), (0.4003798241729604, array([[-0.01801381],
       [ 0.0030318 ],
       [-0.0001453 ]]), 1.9185592730069423), (0.3816335569021656, array([[-0.01267038],
       [-0.00383143],
       [-0.00034757]]), 1.9151588053821174), (0.3629226611505091, array([[-0.01975319],
       [ 0.003518  ],
       [ 0.00043351]]), 1.9121125233954177), (0.345157273825118, array([[-0.01641368],
       [ 0.00691342],
       [ 0.00037003]]), 1.914496732265368), (0.3266211521835452, array([[-0.0191444 ],
       [-0.0035041 ],
       [ 0.00028968]]), 1.913141832005435), (0.308031072659033, array([[-0.01345001],
       [-0.007084  ],
       [-0.00059654]]), 1.9118012078685147), (0.29012945709204624, array([[-1.05965106e-02],
       [ 2.24292916e-03],
       [-2.44138205e-05]]), 1.9153471852037005), (0.2714549627482569, array([[-0.01328742],
       [ 0.00264487],
       [ 0.0001249 ]]), 1.9144408712134), (0.25353239215949697, array([[-0.01323269],
       [-0.00421139],
       [-0.00026597]]), 1.9196120019757161), (0.2349557275605147, array([[-0.00903964],
       [-0.00056234],
       [-0.00018701]]), 1.9207807377752382), (0.21716119795526367, array([[-0.00887358],
       [ 0.00223024],
       [ 0.00033373]]), 1.9296277282248597), (0.19906671057872394, array([[-0.01096941],
       [ 0.00192855],
       [-0.00019912]]), 1.9377743815221633), (0.18071243041098728, array([[-0.01013311],
       [ 0.00243725],
       [ 0.00030446]]), 1.9453869128490633), (0.1626449320306613, array([[-0.00652536],
       [-0.00042376],
       [ 0.00022542]]), 1.9588070218409528), (0.14447218780517723, array([[-0.00890863],
       [-0.00077536],
       [-0.00017852]]), 1.9749697672331075), (0.12631946263800095, array([[-6.80963646e-03],
       [-3.76577071e-03],
       [-8.04867116e-05]]), 1.9970785051524784), (0.10850601808581295, array([[-7.34559541e-03],
       [ 2.49435506e-03],
       [ 7.36435277e-05]]), 2.0343580702298327), (0.09086285256661297, array([[-5.12580510e-03],
       [-4.80287939e-04],
       [ 7.70423298e-05]]), 2.09323227572014), (0.07262211192175501, array([[-4.42432216e-03],
       [-3.81948495e-04],
       [ 7.20884479e-05]]), 2.169885913667726), (0.05491741662401139, array([[-3.78758668e-03],
       [-1.38844893e-03],
       [ 2.59571216e-05]]), 2.3349242852129684)]