[(0.00010271578759125072, array([[3.05750907e-09],
       [1.16000609e-09],
       [1.03081518e-10]]), 2.3291639450873167), (0.00010247111303239874, array([[-1.22561433e-07],
       [-3.98334872e-09],
       [ 1.73993793e-10]]), 2.3246631425108593), (0.00010208680829238463, array([[-2.84279893e-07],
       [ 5.87763422e-10],
       [ 3.10143507e-10]]), 2.3193256144852255), (0.00010162822682249622, array([[-4.05316303e-07],
       [-2.08491587e-09],
       [ 1.34999597e-11]]), 2.3146165388108), (0.00010100995625623311, array([[-5.53910730e-07],
       [ 6.30027747e-09],
       [ 1.20426486e-10]]), 2.308568423196982), (0.00010031762414275265, array([[-6.90399272e-07],
       [ 1.75575505e-09],
       [ 5.60972681e-11]]), 2.3031064825037806), (9.944745748734426e-05, array([[-8.25404766e-07],
       [-2.15087702e-09],
       [-4.83322697e-10]]), 2.2958158521848446), (9.840347184241478e-05, array([[-9.37596746e-07],
       [-7.17597144e-09],
       [-1.01949457e-11]]), 2.286723989654124), (9.73373584462989e-05, array([[-1.06084834e-06],
       [ 4.00337257e-09],
       [ 5.07285547e-11]]), 2.2793038877278917), (9.610578726655195e-05, array([[-1.18994559e-06],
       [-2.67211301e-09],
       [ 2.59087689e-11]]), 2.270168182154077), (9.474281255394643e-05, array([[-1.30864361e-06],
       [-5.29340277e-10],
       [ 4.25973565e-10]]), 2.2600354848288107), (9.325927930412773e-05, array([[-1.41720858e-06],
       [-2.70297949e-09],
       [-3.19885716e-10]]), 2.249083709659643), (9.163222333859811e-05, array([[-1.53252965e-06],
       [ 2.46409997e-09],
       [ 2.34384715e-10]]), 2.236666102292745), (9.004808168010436e-05, array([[-1.63242079e-06],
       [-1.57203979e-09],
       [-6.95225862e-10]]), 2.227273965248751), (8.828215715388158e-05, array([[-1.71809946e-06],
       [-1.78261695e-09],
       [ 6.39262026e-10]]), 2.2153320614989576), (8.640058480178198e-05, array([[-1.82108300e-06],
       [ 1.08706623e-08],
       [ 1.99630365e-09]]), 2.202343342608457), (8.457281073899115e-05, array([[-1.90693892e-06],
       [ 2.96957989e-09],
       [ 8.49663969e-10]]), 2.1925744097312148), (8.25599027003721e-05, array([[-1.97888123e-06],
       [ 5.67881641e-10],
       [ 1.16743025e-09]]), 2.179815940969659), (8.053428971821947e-05, array([[-2.03772104e-06],
       [-1.27790117e-09],
       [-1.83746788e-11]]), 2.1684613102418226), (7.839459712635739e-05, array([[-2.09859760e-06],
       [ 4.79659562e-09],
       [-1.04024240e-09]]), 2.155728387877151), (7.625480189330883e-05, array([[-2.15776530e-06],
       [ 1.82848948e-09],
       [-9.40562047e-10]]), 2.144645759419272), (7.402994955631898e-05, array([[-2.19511656e-06],
       [ 4.76787086e-09],
       [ 8.90825963e-11]]), 2.132796167068637), (7.169538150006808e-05, array([[-2.23201253e-06],
       [-5.92698335e-10],
       [ 3.77508413e-10]]), 2.119302208793781), (6.941115365291975e-05, array([[-2.27492637e-06],
       [-5.05541036e-09],
       [ 1.00711393e-09]]), 2.108794937511403), (6.706106927988901e-05, array([[-2.29538620e-06],
       [ 2.70952385e-09],
       [ 1.65125873e-10]]), 2.0978017267488167), (6.463433849224487e-05, array([[-2.30253859e-06],
       [ 4.29022613e-09],
       [ 3.62735082e-10]]), 2.0858302580418253), (6.22726278865786e-05, array([[-2.29838684e-06],
       [-1.98694510e-09],
       [-1.02951436e-09]]), 2.077403763273531), (5.986158440618836e-05, array([[-2.29855007e-06],
       [-3.80606762e-10],
       [-1.72627159e-09]]), 2.06884161558643), (5.738714521090963e-05, array([[-2.28324780e-06],
       [ 5.34079284e-10],
       [ 5.68484006e-10]]), 2.059518568277368), (5.4944697749096316e-05, array([[-2.26323760e-06],
       [-1.07596765e-09],
       [ 7.37535213e-10]]), 2.052794128323199), (5.247113025418205e-05, array([[-2.23299241e-06],
       [-2.81229902e-09],
       [-1.31703840e-09]]), 2.0464304196475394), (4.999308691987735e-05, array([[-2.19998842e-06],
       [ 3.46539613e-09],
       [ 4.73829834e-10]]), 2.0414497500316133), (4.7504847093159314e-05, array([[-2.13985439e-06],
       [-1.69932882e-09],
       [ 8.41746271e-11]]), 2.037693756276457), (4.500445914465767e-05, array([[-2.10229126e-06],
       [ 1.34081270e-09],
       [ 2.13898646e-09]]), 2.035148022859305), (4.2475234641088185e-05, array([[-2.04303503e-06],
       [ 4.13386113e-10],
       [-5.35141166e-10]]), 2.0330960465883945), (4.007973547767976e-05, array([[-1.97418545e-06],
       [ 2.92481346e-09],
       [-2.12043124e-10]]), 2.037200379191733), (3.857279544001594e-05, array([[-1.77358430e-06],
       [-3.47928757e-10],
       [-4.88696110e-10]]), 2.0374049547553934), (3.708268280838314e-05, array([[-1.58478636e-06],
       [ 2.99873588e-09],
       [-5.83580021e-10]]), 2.040689839539544), (3.5540193076455243e-05, array([[-1.40147299e-06],
       [-2.28900139e-09],
       [ 4.35111246e-11]]), 2.043400895526467), (3.400210751583843e-05, array([[-1.22600434e-06],
       [-4.71155454e-10],
       [ 5.91619697e-10]]), 2.048790958680127), (3.245085247615429e-05, array([[-1.05856082e-06],
       [ 1.65127510e-09],
       [-5.82889124e-10]]), 2.0560655862955), (3.0892545041453765e-05, array([[-8.97837185e-07],
       [ 1.53333516e-10],
       [-3.00143646e-10]]), 2.065852594662352), (2.9421902440945128e-05, array([[-7.54280916e-07],
       [ 1.20505603e-10],
       [-3.38576022e-10]]), 2.085217871822297), (2.7817484722581305e-05, array([[-6.14500301e-07],
       [ 2.49529937e-09],
       [-6.54045738e-11]]), 2.099211611339764), (2.6234718388149362e-05, array([[-4.87446930e-07],
       [-1.80579275e-10],
       [-2.57559528e-10]]), 2.1191724670795047), (2.456191995472896e-05, array([[-3.69710906e-07],
       [-1.16743820e-09],
       [ 2.42737014e-10]]), 2.13664822624849), (2.2973472234767836e-05, array([[-2.68281289e-07],
       [-7.92510460e-10],
       [ 1.00934696e-10]]), 2.167349476707627), (2.1319480505970388e-05, array([[-1.75366886e-07],
       [ 2.18600832e-10],
       [-6.19575238e-11]]), 2.199383232988552), (1.9677841340994582e-05, array([[-9.56261605e-08],
       [ 1.58106795e-09],
       [-3.69168630e-12]]), 2.2419218617369134), (1.8014190354505942e-05, array([[-2.93493236e-08],
       [-5.40833136e-10],
       [-8.08248811e-11]]), 2.2941549980597524), (1.7903327680138738e-05, array([[-1.68277019e-08],
       [-3.94669592e-09],
       [-4.94257774e-11]]), 2.2800363419618317), (1.9318360701621265e-05, array([[-5.78178542e-08],
       [ 3.32607902e-10],
       [ 2.27835954e-11]]), 2.20096576851935), (2.0722911971329382e-05, array([[-1.13011171e-07],
       [ 3.39656055e-09],
       [-5.08114320e-11]]), 2.1378393866433965), (2.2144662160742355e-05, array([[-1.78019369e-07],
       [-2.35309609e-10],
       [-2.81511728e-10]]), 2.089158376038459), (2.356734949809917e-05, array([[-2.57810423e-07],
       [-2.11757214e-09],
       [ 2.17983859e-10]]), 2.0501302664980336), (2.4956191448638924e-05, array([[-3.43130153e-07],
       [ 1.45140089e-09],
       [-3.75325258e-10]]), 2.015896378937702), (2.635849512772733e-05, array([[-4.44655467e-07],
       [-8.61059236e-10],
       [ 5.43898665e-11]]), 1.9891107906190788), (2.7765995647283352e-05, array([[-5.51349717e-07],
       [ 1.38461073e-10],
       [ 2.12996995e-10]]), 1.9678588245225492), (2.9232734332497666e-05, array([[-6.76884583e-07],
       [-2.13456321e-09],
       [ 4.32649689e-10]]), 1.954857393226403), (3.0694253020588986e-05, array([[-8.04296349e-07],
       [-8.46305926e-10],
       [ 8.50518618e-11]]), 1.9447685505043089), (3.209172538358261e-05, array([[-9.38723263e-07],
       [ 5.41929915e-09],
       [-1.49362322e-10]]), 1.9336812220743413), (3.362006452003999e-05, array([[-1.08928061e-06],
       [ 1.62606640e-09],
       [ 5.46926943e-11]]), 1.9330021589955704), (3.5111759286044916e-05, array([[-1.24447087e-06],
       [-1.79085435e-09],
       [ 1.10409457e-10]]), 1.9322283340080237), (3.656596614563699e-05, array([[-1.40237831e-06],
       [-9.71334460e-10],
       [-6.97035433e-10]]), 1.93140475691974), (3.810358442475303e-05, array([[-1.57149175e-06],
       [-9.67643645e-10],
       [ 2.86225102e-10]]), 1.9367552134145176), (4.0754163690082156e-05, array([[-1.65529374e-06],
       [ 3.20157860e-09],
       [ 2.28045860e-10]]), 1.9507162180611246), (4.3452092003380375e-05, array([[-1.71421378e-06],
       [-1.18382551e-09],
       [-1.35386563e-09]]), 1.9649483809045538), (4.612973965394383e-05, array([[-1.78016887e-06],
       [ 7.43670261e-10],
       [ 6.36456022e-10]]), 1.9787092943834685), (4.885340540727356e-05, array([[-1.83511312e-06],
       [ 4.14263970e-10],
       [ 7.59908080e-11]]), 1.9949112647656528), (5.155311170156567e-05, array([[-1.87125516e-06],
       [ 1.04298464e-09],
       [ 1.47669416e-09]]), 2.010626710393054), (5.41790518618618e-05, array([[-1.90749424e-06],
       [ 4.86599032e-09],
       [ 3.03730961e-10]]), 2.0241887588138967), (5.6845304847458334e-05, array([[-1.94790929e-06],
       [ 3.88105630e-10],
       [ 1.08633562e-09]]), 2.0400729191608487), (5.948942277246807e-05, array([[-1.95546143e-06],
       [-2.28432343e-09],
       [-1.05514383e-09]]), 2.055979552491996), (6.209296834292134e-05, array([[-1.96771940e-06],
       [ 2.25743410e-09],
       [-7.50079459e-11]]), 2.071410352929884), (6.463479303869078e-05, array([[-1.97428658e-06],
       [ 2.70345350e-09],
       [-1.30379767e-09]]), 2.0858449268193318), (6.717492166800497e-05, array([[-1.97069951e-06],
       [ 4.69647515e-10],
       [-5.19418284e-11]]), 2.101363252667637), (6.968860604148735e-05, array([[-1.95953582e-06],
       [-4.96666024e-09],
       [ 1.66946666e-10]]), 2.1172242772013554), (7.211963664088765e-05, array([[-1.93894722e-06],
       [-2.23376238e-09],
       [-3.22023216e-10]]), 2.13184311224138), (7.452831948175625e-05, array([[-1.92373910e-06],
       [ 3.46076446e-09],
       [-6.03520244e-10]]), 2.147154159653062), (7.686533992179301e-05, array([[-1.88490817e-06],
       [ 3.18756498e-09],
       [-9.29538027e-11]]), 2.1618169769851487), (7.914186654248786e-05, array([[-1.85736573e-06],
       [-7.39156276e-10],
       [ 5.96402425e-10]]), 2.1762771240502383), (8.135169111539159e-05, array([[-1.80089386e-06],
       [-3.02292445e-09],
       [ 5.45763225e-10]]), 2.190470609770101), (8.343446665582264e-05, array([[-1.74979397e-06],
       [-3.70940100e-09],
       [-9.66562968e-11]]), 2.2029069135742083), (8.552530774088652e-05, array([[-1.68041009e-06],
       [ 5.13552696e-09],
       [-1.57323154e-10]]), 2.2172681680851487), (8.740939738580128e-05, array([[-1.60901091e-06],
       [ 2.98339789e-10],
       [-5.69616849e-12]]), 2.2280578870580316), (8.92696047741849e-05, array([[-1.54111998e-06],
       [ 3.27475477e-09],
       [-2.20962162e-10]]), 2.2401108440166513), (9.11008780028765e-05, array([[-1.44202186e-06],
       [-3.67853930e-09],
       [-3.20367411e-10]]), 2.253314118427696), (9.269655661014881e-05, array([[-1.36876154e-06],
       [ 1.13661405e-09],
       [ 3.38491675e-10]]), 2.262645589238327), (9.42675702845622e-05, array([[-1.27820812e-06],
       [ 3.79251586e-09],
       [-4.88313175e-10]]), 2.2734001190894935), (9.564552441823747e-05, array([[-1.17895464e-06],
       [ 4.21854656e-09],
       [-6.13446175e-10]]), 2.2815691588973537), (9.696028412524836e-05, array([[-1.08221333e-06],
       [ 4.50443872e-09],
       [ 1.31327123e-10]]), 2.290352727076258), (9.814453719413584e-05, array([[-9.70001360e-07],
       [-2.47182896e-09],
       [ 3.63296121e-10]]), 2.29820521900915), (9.919347729894407e-05, array([[-8.54997986e-07],
       [ 2.78292977e-09],
       [-4.71838227e-10]]), 2.3050823300213863), (0.00010000391751416904, array([[-7.18862105e-07],
       [-2.70381617e-09],
       [ 1.85815241e-10]]), 2.308662130842639), (0.00010091117774251665, array([[-6.11386729e-07],
       [ 1.38716776e-09],
       [-3.18304160e-10]]), 2.3167333716472536), (0.00010151339045328712, array([[-4.99328575e-07],
       [-9.09452111e-10],
       [ 3.68238153e-10]]), 2.3200743413614076), (0.0001019714700902103, array([[-3.73032535e-07],
       [-3.59287729e-09],
       [ 2.66878434e-10]]), 2.3224340179612932), (0.00010236189991802307, array([[-2.41345014e-07],
       [ 2.98146684e-09],
       [ 4.77548660e-10]]), 2.325575462671744), (0.00010257820960361545, array([[-1.11168046e-07],
       [ 2.04437027e-09],
       [-3.25314446e-11]]), 2.327092738954474), (0.00010259954538805209, array([[-1.63064438e-08],
       [ 5.18201711e-09],
       [-1.22262462e-10]]), 2.3265280586774773)]