[(0.0001027227092104501, array([[1.34546089e-08],
       [6.83427800e-09],
       [2.29564447e-10]]), 2.329320898426807), (0.00010238685406889363, array([[-1.37665699e-07],
       [-6.36196195e-11],
       [ 2.18783353e-10]]), 2.3227516408096474), (0.00010213019342322393, array([[-2.63598560e-07],
       [ 7.41909926e-10],
       [ 4.91706352e-10]]), 2.320311287824676), (0.0001016666054444186, array([[-4.18265116e-07],
       [ 5.88013361e-09],
       [-9.98214163e-11]]), 2.31549062464124), (0.00010100360354456252, array([[-5.50980916e-07],
       [-1.25257593e-09],
       [ 1.47385851e-10]]), 2.308423232860228), (0.00010032349429926104, array([[-6.80770246e-07],
       [ 3.03096154e-10],
       [ 2.88276419e-11]]), 2.3032412504034725), (9.946268093093653e-05, array([[-8.06539846e-07],
       [-1.56544818e-09],
       [-1.71150991e-10]]), 2.2961672962941972), (9.848411714438673e-05, array([[-9.41682875e-07],
       [ 4.26865720e-09],
       [ 4.19969962e-10]]), 2.2885980449411925), (9.731051215088682e-05, array([[-1.08405830e-06],
       [ 3.37629158e-09],
       [ 7.15276008e-10]]), 2.2786752404491843), (9.611380266676275e-05, array([[-1.18153147e-06],
       [ 8.72541855e-10],
       [-2.72474910e-10]]), 2.2703575183745413), (9.470702243435295e-05, array([[-1.29676235e-06],
       [-3.05143713e-10],
       [ 1.23605164e-09]]), 2.259181732041585), (9.328263311633154e-05, array([[-1.42669789e-06],
       [ 8.44993378e-10],
       [-3.49566404e-10]]), 2.24964692094519), (9.1699997519311e-05, array([[-1.52604476e-06],
       [-1.75154390e-09],
       [-1.80727984e-10]]), 2.238320413484683), (9.004412825936708e-05, array([[-1.62048429e-06],
       [-5.76739583e-09],
       [ 9.06848207e-10]]), 2.2271761802552508), (8.836273007285024e-05, array([[-1.72571698e-06],
       [ 4.01425001e-09],
       [-6.15996944e-11]]), 2.217353939718004), (8.647720900528555e-05, array([[-1.82263569e-06],
       [-2.57876283e-10],
       [ 2.56175825e-10]]), 2.2042964868476536), (8.458970270823783e-05, array([[-1.90561522e-06],
       [ 1.91697440e-09],
       [ 6.32422308e-10]]), 2.1930123388857106), (8.260742926872756e-05, array([[-1.96295802e-06],
       [-2.84581025e-09],
       [ 2.19078253e-10]]), 2.1810707773724682), (8.055374400187333e-05, array([[-2.04757332e-06],
       [-1.28441311e-09],
       [ 1.51352765e-09]]), 2.1689851350817695), (7.836835281469393e-05, array([[-2.10617281e-06],
       [ 1.22720054e-09],
       [-1.07108443e-09]]), 2.1550067104944355), (7.62103273196613e-05, array([[-2.14939853e-06],
       [ 2.37031675e-09],
       [ 3.88095766e-10]]), 2.1433949240173438), (7.406612672713626e-05, array([[-2.19653965e-06],
       [-2.21316272e-09],
       [-6.33159778e-10]]), 2.133838428095653), (7.170338240132109e-05, array([[-2.23476818e-06],
       [ 1.69210519e-10],
       [-6.43749483e-10]]), 2.1195387139541286), (6.94606650109096e-05, array([[-2.26381929e-06],
       [-3.89397366e-09],
       [-3.06459507e-09]]), 2.110299152548663), (6.707404734738643e-05, array([[-2.28233847e-06],
       [-1.42185131e-09],
       [ 6.73235647e-10]]), 2.098207706144885), (6.465440379448583e-05, array([[-2.29250391e-06],
       [ 5.77808414e-10],
       [ 7.96100844e-10]]), 2.086477790228698), (6.225463478942159e-05, array([[-2.29999579e-06],
       [-5.58881135e-09],
       [-9.16840282e-10]]), 2.076803516760488), (5.9797931248639444e-05, array([[-2.28705424e-06],
       [-2.45395259e-09],
       [ 8.61323125e-10]]), 2.0666417356031825), (5.745563809628521e-05, array([[-2.28808121e-06],
       [-1.20400590e-09],
       [ 1.10942569e-09]]), 2.0619766513325097), (5.498250686365033e-05, array([[-2.26982965e-06],
       [-2.15697831e-09],
       [-1.17002834e-09]]), 2.054206718282434), (5.246405543267343e-05, array([[-2.23699394e-06],
       [-4.76963662e-10],
       [-4.03912624e-10]]), 2.046154494012267), (4.997037766687986e-05, array([[-2.19371565e-06],
       [-1.91484606e-09],
       [ 3.94498213e-10]]), 2.040522425841182), (4.7465486211027894e-05, array([[-2.15058909e-06],
       [ 1.99564526e-09],
       [-1.09455255e-09]]), 2.03600539332681), (4.499584368129235e-05, array([[-2.09830618e-06],
       [-5.09625658e-09],
       [-4.01180889e-10]]), 2.0347584227270694), (4.248416470508785e-05, array([[-2.04302390e-06],
       [ 1.87152953e-09],
       [ 6.44178835e-10]]), 2.0335234880838184), (4.0057880951783526e-05, array([[-1.97245304e-06],
       [ 5.02073604e-10],
       [-5.39668949e-10]]), 2.036089542308399), (3.856705341851315e-05, array([[-1.77305716e-06],
       [-8.44309593e-10],
       [ 8.60564099e-11]]), 2.0371016626831793), (3.7081190979742836e-05, array([[-1.58473083e-06],
       [-4.31966309e-09],
       [ 1.01659979e-10]]), 2.040607743010436), (3.552952193142164e-05, array([[-1.40214369e-06],
       [ 1.16782540e-09],
       [-9.86739288e-11]]), 2.042787352789908), (3.398111223705689e-05, array([[-1.22154895e-06],
       [ 4.20674393e-10],
       [ 8.01304548e-10]]), 2.0475258918802957), (3.2454826721528933e-05, array([[-1.05962005e-06],
       [ 2.98643013e-10],
       [-7.59793651e-10]]), 2.056317391980799), (3.09328809110666e-05, array([[-9.01273381e-07],
       [-2.25328729e-09],
       [-9.14184092e-11]]), 2.0685499431904777), (2.9359399445923056e-05, array([[-7.52621019e-07],
       [-1.19273283e-09],
       [ 1.50890685e-10]]), 2.0807880983729414), (2.7766081473658354e-05, array([[-6.15637823e-07],
       [-2.02354180e-09],
       [-9.79703091e-12]]), 2.0953325296012184), (2.6148301236109337e-05, array([[-4.85617236e-07],
       [-2.11565692e-09],
       [ 1.27505337e-10]]), 2.1121919138074188), (2.4575015647831393e-05, array([[-3.71087682e-07],
       [ 1.01001845e-09],
       [ 1.86510322e-10]]), 2.1377874242220356), (2.299895412900191e-05, array([[-2.68824724e-07],
       [-6.23423765e-10],
       [-1.91368685e-10]]), 2.16975347422134), (2.1339845508909834e-05, array([[-1.74738642e-07],
       [-2.25992231e-09],
       [ 3.92472704e-11]]), 2.201484149377778), (1.970406974823676e-05, array([[-9.52281565e-08],
       [ 1.33731694e-09],
       [-2.38752554e-11]]), 2.244910098026444), (1.8016004623253577e-05, array([[-2.94966579e-08],
       [-4.23581891e-10],
       [ 5.64112182e-11]]), 2.294386050004541), (1.789008176717161e-05, array([[-1.72580143e-08],
       [ 2.10834940e-10],
       [ 2.78923321e-11]]), 2.278349439756438), (1.9303036234952438e-05, array([[-5.81927558e-08],
       [ 1.78158520e-09],
       [-4.17044032e-11]]), 2.199219832252818), (2.0760233063197167e-05, array([[-1.12009999e-07],
       [-1.44993024e-09],
       [-1.31903672e-10]]), 2.1416895453594047), (2.217011729773022e-05, array([[-1.78812196e-07],
       [ 7.32097997e-12],
       [-1.20781849e-10]]), 2.0915598492361704), (2.361167785284727e-05, array([[-2.55920069e-07],
       [ 2.52292408e-09],
       [ 2.92554788e-10]]), 2.0539864023668746), (2.49844892254377e-05, array([[-3.44166128e-07],
       [ 8.31245431e-10],
       [-3.88213184e-11]]), 2.0181821999091447), (2.641408764538497e-05, array([[-4.44953295e-07],
       [ 1.20688395e-10],
       [ 6.22923445e-10]]), 1.9933060102708327), (2.778057447436016e-05, array([[-5.54549765e-07],
       [-4.38940449e-09],
       [-1.66869819e-10]]), 1.9688920694268102), (2.925078480527895e-05, array([[-6.71961202e-07],
       [ 6.78692991e-10],
       [ 3.44556245e-10]]), 1.9560644681365489), (3.069515519629759e-05, array([[-8.04744407e-07],
       [-8.34441320e-10],
       [ 1.50879982e-10]]), 1.9448257117893202), (3.214625492841631e-05, array([[-9.38016799e-07],
       [ 2.45601338e-09],
       [ 3.10581015e-10]]), 1.936966890128423), (3.356566910480156e-05, array([[-1.08893468e-06],
       [ 6.82113216e-10],
       [ 3.06890618e-10]]), 1.9298746678203917), (3.510731182987597e-05, array([[-1.24517687e-06],
       [ 2.01546280e-09],
       [-4.02135079e-10]]), 1.9319835869204767), (3.6561269833813724e-05, array([[-1.40906205e-06],
       [ 1.27983844e-10],
       [-4.35926413e-10]]), 1.9311566989589763), (3.81193748907179e-05, array([[-1.57325974e-06],
       [ 1.60354158e-09],
       [-4.68392925e-10]]), 1.9375578220861536), (4.0774223987063224e-05, array([[-1.65439698e-06],
       [-4.61986802e-09],
       [ 1.03972558e-09]]), 1.951676413121381), (4.340494320804868e-05, array([[-1.70803684e-06],
       [ 8.58957927e-10],
       [-3.63125587e-10]]), 1.9628162637894233), (4.6123883843609044e-05, array([[-1.77917086e-06],
       [-1.22301508e-09],
       [-5.48101613e-10]]), 1.9784581126854466), (4.8818608240369325e-05, array([[-1.82976077e-06],
       [-1.98443017e-09],
       [ 3.99314370e-10]]), 1.9934903349520503), (5.148850653394246e-05, array([[-1.86125623e-06],
       [-1.78079157e-09],
       [ 1.86785409e-10]]), 2.0081070394873555), (5.416562756895291e-05, array([[-1.90322879e-06],
       [ 1.09282340e-09],
       [-8.20686498e-10]]), 2.023687212517544), (5.685472632486633e-05, array([[-1.93792322e-06],
       [-2.47316744e-09],
       [ 4.75645339e-10]]), 2.040411038570536), (5.943894928886394e-05, array([[-1.95954910e-06],
       [-1.93750766e-09],
       [ 7.06564750e-10]]), 2.0542351676014245), (6.211851612329274e-05, array([[-1.97421091e-06],
       [-2.43719518e-09],
       [ 6.42884365e-10]]), 2.0722626223279814), (6.464180655180655e-05, array([[-1.98114387e-06],
       [ 5.08126045e-10],
       [-5.92392594e-10]]), 2.086071261585236), (6.717756589662041e-05, array([[-1.98129100e-06],
       [-1.83530854e-09],
       [ 5.78612230e-11]]), 2.1014459693229925), (6.969560255970969e-05, array([[-1.96316326e-06],
       [-1.36494709e-09],
       [-1.51278907e-10]]), 2.1174368399010226), (7.21084300602592e-05, array([[-1.94397350e-06],
       [ 1.99316335e-10],
       [-5.19055233e-10]]), 2.131511847791955), (7.452083929656217e-05, array([[-1.92670118e-06],
       [ 2.54276400e-09],
       [-5.83380408e-10]]), 2.14693865619255), (7.687697419800178e-05, array([[-1.89107444e-06],
       [ 2.94960971e-09],
       [ 2.87194604e-10]]), 2.1621441878691265), (7.912316075085143e-05, array([[-1.84053444e-06],
       [ 9.95828270e-09],
       [-1.79088681e-09]]), 2.175762744137253), (8.130991294300222e-05, array([[-1.81301382e-06],
       [ 4.21744149e-10],
       [-1.58657302e-09]]), 2.1893456932810387), (8.35112138623251e-05, array([[-1.73415367e-06],
       [-4.10039933e-09],
       [-6.95281906e-10]]), 2.204933257824711), (8.547870054695387e-05, array([[-1.67655804e-06],
       [-9.98639785e-10],
       [ 1.72006673e-09]]), 2.2160598631957504), (8.743948651801217e-05, array([[-1.60931314e-06],
       [-1.62617041e-09],
       [ 5.45015945e-10]]), 2.228824856403917), (8.92806063576645e-05, array([[-1.52980255e-06],
       [ 2.88885795e-09],
       [ 8.38423577e-11]]), 2.2403869152115035), (9.105029227025321e-05, array([[-1.44582353e-06],
       [ 7.01898118e-09],
       [-1.25003563e-09]]), 2.2520629170341433), (9.270938854073857e-05, array([[-1.37275068e-06],
       [ 3.42641656e-09],
       [-9.61846641e-11]]), 2.2629588059554533), (9.424044702466715e-05, array([[-1.27689344e-06],
       [-4.78174563e-09],
       [ 1.33401523e-09]]), 2.272746002068238), (9.56134402829158e-05, array([[-1.17593412e-06],
       [ 9.58647214e-10],
       [-1.88524621e-10]]), 2.2808038102405814), (9.691765242178395e-05, array([[-1.06416565e-06],
       [ 1.48732582e-10],
       [ 2.26285369e-10]]), 2.2893456999293127), (9.816813024994311e-05, array([[-9.57704083e-07],
       [ 3.47241538e-09],
       [-6.21242953e-10]]), 2.2987576866812063), (9.920731604745858e-05, array([[-8.50884446e-07],
       [ 5.05176869e-09],
       [ 1.95560409e-10]]), 2.305403918250159), (0.00010006910127950996, array([[-7.27990230e-07],
       [ 1.08347915e-09],
       [-7.22669149e-11]]), 2.310166944797222), (0.00010089351383745851, array([[-6.12602297e-07],
       [-6.13668166e-09],
       [ 3.49777458e-10]]), 2.3163278411675066), (0.00010150197347083772, array([[-4.98030837e-07],
       [ 1.28169892e-09],
       [-5.41496817e-10]]), 2.3198134078242814), (0.00010196117910356382, array([[-3.77862336e-07],
       [-6.38526455e-09],
       [ 3.38130887e-10]]), 2.3221996373306615), (0.00010236407669326078, array([[-2.62375977e-07],
       [ 6.87629689e-09],
       [-4.69287344e-10]]), 2.325624917157101), (0.00010253851359453174, array([[-1.31718297e-07],
       [ 4.53820717e-11],
       [-3.07678391e-11]]), 2.3261921939472923), (0.00010260768416511703, array([[4.49094289e-10],
       [4.52450000e-09],
       [3.95780568e-10]]), 2.3267126120605677)]