[(0.0001026239848842327, array([[ 1.94577581e-08],
       [-1.95869473e-09],
       [ 3.98218777e-11]]), 2.3270822441116237), (0.00010248375030795818, array([[-1.48353427e-07],
       [-4.37622658e-09],
       [-6.09075465e-11]]), 2.3249498321724174), (0.00010212661357216036, array([[-2.71186732e-07],
       [-3.54013921e-09],
       [-2.69517414e-11]]), 2.3202299566477422), (0.00010166451012442974, array([[-4.19276256e-07],
       [ 6.99692508e-09],
       [ 5.24148390e-10]]), 2.3154429030342425), (0.00010097290682902182, array([[-5.40766347e-07],
       [ 5.05220348e-09],
       [ 1.09383139e-10]]), 2.3077216637197226), (0.00010030494995964397, array([[-6.92393043e-07],
       [-3.02352192e-09],
       [-9.98875503e-10]]), 2.3028155067801475), (9.942907352294054e-05, array([[-8.10177653e-07],
       [ 6.69175987e-09],
       [ 3.60941567e-10]]), 2.2953914451867132), (9.844957539270387e-05, array([[-9.42134738e-07],
       [-7.09102688e-09],
       [-2.77994187e-10]]), 2.2877953552521095), (9.732201315566681e-05, array([[-1.06831858e-06],
       [-6.90354521e-11],
       [ 3.39139353e-10]]), 2.2789445541569555), (9.60751455466528e-05, array([[-1.18961329e-06],
       [ 5.91227947e-09],
       [ 5.43530299e-10]]), 2.2694443770686603), (9.480944350171367e-05, array([[-1.30344890e-06],
       [-4.69068874e-09],
       [-1.05483679e-09]]), 2.261624927893487), (9.330888669440641e-05, array([[-1.41046206e-06],
       [ 2.05880601e-09],
       [ 4.47720541e-10]]), 2.25028006431933), (9.164731674867607e-05, array([[-1.53384213e-06],
       [ 5.90946503e-09],
       [ 3.03650031e-09]]), 2.237034519836916), (9.004696293304596e-05, array([[-1.62862321e-06],
       [ 2.90728219e-09],
       [-4.81463509e-10]]), 2.2272462938519775), (8.836900514021766e-05, array([[-1.73083530e-06],
       [ 2.37634601e-09],
       [ 1.09287242e-09]]), 2.2175114048091986), (8.64568308279284e-05, array([[-1.81370210e-06],
       [ 4.42361240e-09],
       [-4.00508224e-10]]), 2.203777048890839), (8.453575334733032e-05, array([[-1.89395417e-06],
       [-1.48131540e-10],
       [ 1.04092900e-09]]), 2.191613686208644), (8.254133201615297e-05, array([[-1.96744641e-06],
       [ 3.96723129e-09],
       [ 1.79200409e-10]]), 2.1793256221566333), (8.053920639581026e-05, array([[-2.03564195e-06],
       [-5.69793196e-10],
       [-4.63295236e-10]]), 2.1685936963989225), (7.845278545683957e-05, array([[-2.10737225e-06],
       [-6.30427587e-09],
       [-2.09831443e-09]]), 2.1573284756441877), (7.622365192137609e-05, array([[-2.14370127e-06],
       [-1.63970307e-09],
       [ 6.75908129e-10]]), 2.143769674850787), (7.400115150055186e-05, array([[-2.19614724e-06],
       [-1.41271610e-09],
       [ 9.53249738e-10]]), 2.1319664976804065), (7.175397164313607e-05, array([[-2.23498297e-06],
       [ 2.19425977e-09],
       [-2.17607680e-10]]), 2.1210341225798515), (6.938522686665255e-05, array([[-2.26206762e-06],
       [-3.78336376e-09],
       [-1.26364457e-10]]), 2.1080072503350795), (6.705885268545963e-05, array([[-2.28074956e-06],
       [-3.53891507e-09],
       [ 5.10416944e-10]]), 2.097732387329219), (6.468211993392038e-05, array([[-2.28637872e-06],
       [ 3.16959556e-10],
       [-8.28577107e-10]]), 2.08737222441983), (6.228284065639394e-05, array([[-2.29750456e-06],
       [ 1.95693306e-09],
       [-1.23325787e-09]]), 2.0777444594536645), (5.984148647809267e-05, array([[-2.2992505e-06],
       [-3.3427899e-09],
       [ 4.7344921e-10]]), 2.068147022711152), (5.74377100605578e-05, array([[-2.28240652e-06],
       [ 4.40020633e-09],
       [ 7.16669639e-10]]), 2.061333247268104), (5.4946219136451564e-05, array([[-2.26177715e-06],
       [-2.51551128e-09],
       [-1.61529233e-10]]), 2.05285096902226), (5.243760625735706e-05, array([[-2.23557319e-06],
       [ 1.92817018e-09],
       [-4.66626351e-10]]), 2.045122947775703), (4.992302566109463e-05, array([[-2.19858726e-06],
       [ 1.19796472e-09],
       [ 1.02823036e-09]]), 2.0385888236907754), (4.752333558845167e-05, array([[-2.15010720e-06],
       [ 5.54929338e-09],
       [-9.84594447e-10]]), 2.0384868099062543), (4.500454293213583e-05, array([[-2.10243711e-06],
       [-1.56355324e-09],
       [-9.86338297e-10]]), 2.0351518118154166), (4.249368697196136e-05, array([[-2.04303026e-06],
       [ 2.49858125e-09],
       [-3.21655156e-10]]), 2.0339792756338744), (4.0077886166227695e-05, array([[-1.97389432e-06],
       [ 1.67267930e-09],
       [ 5.93010022e-10]]), 2.0371063811164842), (3.8611585481551235e-05, array([[-1.77452963e-06],
       [ 1.79750587e-09],
       [ 4.68888629e-10]]), 2.039453834592015), (3.702464988591542e-05, array([[-1.58678029e-06],
       [ 3.91755343e-09],
       [-8.55005712e-10]]), 2.037496241173142), (3.557688835244087e-05, array([[-1.40107858e-06],
       [ 3.32758633e-09],
       [ 7.64904376e-12]]), 2.0455107084824435), (3.4051470355877215e-05, array([[-1.22429986e-06],
       [-1.67991488e-09],
       [ 6.97137369e-10]]), 2.051765307853017), (3.243071071681767e-05, array([[-1.05824492e-06],
       [-3.52293369e-09],
       [-5.49697853e-10]]), 2.0547894171024135), (3.091410043000732e-05, array([[-8.99848949e-07],
       [-4.97356174e-10],
       [-5.17643956e-10]]), 2.0672940510173574), (2.9350249023298427e-05, array([[-7.52572452e-07],
       [ 1.00207860e-09],
       [ 2.83183909e-10]]), 2.0801395806630514), (2.7771181066475092e-05, array([[-6.14766033e-07],
       [ 1.33855637e-09],
       [-7.84539406e-12]]), 2.0957173639800546), (2.614543403104234e-05, array([[-4.86169880e-07],
       [-4.04243611e-10],
       [ 1.80577097e-10]]), 2.1119603084230745), (2.46010636095387e-05, array([[-3.70969631e-07],
       [-2.85545323e-09],
       [ 4.18543919e-10]]), 2.1400533436323212), (2.299522327585141e-05, array([[-2.67835462e-07],
       [ 2.36193131e-09],
       [ 7.13246955e-11]]), 2.1694015003211486), (2.1327330745230626e-05, array([[-1.75329981e-07],
       [-2.64098466e-09],
       [-4.35540325e-11]]), 2.2001930878346436), (1.9677341247012027e-05, array([[-9.56987756e-08],
       [-2.57983025e-09],
       [ 5.59490498e-12]]), 2.241864885384021), (1.8038228633737203e-05, array([[-2.77857399e-08],
       [ 2.06498545e-09],
       [ 7.22915945e-11]]), 2.2972163367798326), (1.7900712602134955e-05, array([[-1.59336504e-08],
       [ 4.13084514e-10],
       [-1.67362919e-12]]), 2.2797033048308464), (1.9334455999084678e-05, array([[-5.74356157e-08],
       [ 8.07069372e-11],
       [-3.14903129e-11]]), 2.2027995265332034), (2.070839524748452e-05, array([[-1.12884539e-07],
       [ 2.17735828e-09],
       [ 5.37691778e-12]]), 2.1363417967272924), (2.2169519120716693e-05, array([[-1.80483870e-07],
       [-3.43526980e-09],
       [ 2.64285008e-10]]), 2.091503416380745), (2.3567307156923397e-05, array([[-2.55620798e-07],
       [-1.03060361e-10],
       [-2.36035882e-10]]), 2.0501265832274145), (2.494481049809079e-05, array([[-3.43247417e-07],
       [ 2.15075055e-09],
       [ 2.84122140e-10]]), 2.0149770552882553), (2.6413779024477314e-05, array([[-4.45539907e-07],
       [-1.23385391e-09],
       [-8.60010340e-11]]), 1.9932827205809376), (2.780800382478511e-05, array([[-5.54758839e-07],
       [ 1.30356564e-09],
       [ 3.90396922e-10]]), 1.9708360692015827), (2.9242083161691894e-05, array([[-6.74530473e-07],
       [-3.92870552e-09],
       [ 4.83309369e-10]]), 1.9554825700456657), (3.066907332160097e-05, array([[-8.00667744e-07],
       [ 1.55667994e-09],
       [-2.71207636e-11]]), 1.9431731806261034), (3.214437631143453e-05, array([[-9.42961805e-07],
       [-2.89882650e-09],
       [ 3.50204535e-10]]), 1.9368536943953258), (3.361509908795778e-05, array([[-1.08919642e-06],
       [ 1.37976046e-09],
       [ 2.55259461e-10]]), 1.9327166690337785), (3.505764792837675e-05, array([[-1.24123478e-06],
       [ 1.11048555e-09],
       [ 9.99118568e-11]]), 1.9292505425044337), (3.6610726995980346e-05, array([[-1.40517770e-06],
       [ 3.78379048e-10],
       [ 9.39285793e-10]]), 1.9337690133141312), (3.809676426186801e-05, array([[-1.57163783e-06],
       [-7.42655867e-10],
       [-6.17040434e-10]]), 1.9364085534815136), (4.0747483320644115e-05, array([[-1.64696361e-06],
       [-3.28842933e-09],
       [ 3.71005245e-10]]), 1.9503964591990726), (4.344175203704834e-05, array([[-1.71754803e-06],
       [-1.65327639e-09],
       [ 9.42692915e-10]]), 1.9644807969709388), (4.612174586876648e-05, array([[-1.77374175e-06],
       [-3.03663190e-09],
       [ 1.79054205e-09]]), 1.978366405454409), (4.884060571323644e-05, array([[-1.82861792e-06],
       [ 4.44510199e-09],
       [-8.82780941e-10]]), 1.994388593856484), (5.1513628732977844e-05, array([[-1.87256859e-06],
       [ 1.34527393e-09],
       [-8.93416111e-11]]), 2.00908683222415), (5.414732022607408e-05, array([[-1.90399948e-06],
       [ 1.45622486e-09],
       [-1.21958465e-09]]), 2.023003230122401), (5.678972749314075e-05, array([[-1.94635837e-06],
       [-5.39767178e-10],
       [ 1.27062409e-09]]), 2.0380783506425484), (5.941338721244892e-05, array([[-1.96328423e-06],
       [ 2.86735990e-10],
       [-5.25660789e-10]]), 2.05335173145464), (6.204023574109615e-05, array([[-1.97186153e-06],
       [ 3.64237428e-09],
       [-3.46845551e-10]]), 2.0696512027350606), (6.467480388469687e-05, array([[-1.97828432e-06],
       [ 2.23451064e-09],
       [-6.94299206e-10]]), 2.087136126438546), (6.712857217138255e-05, array([[-1.97077131e-06],
       [ 5.02352538e-10],
       [-4.28887455e-10]]), 2.099913349540644), (6.963914123747518e-05, array([[-1.96435998e-06],
       [-1.76474467e-09],
       [ 9.18173092e-10]]), 2.115721476530336), (7.214015890623612e-05, array([[-1.95261314e-06],
       [-7.04946555e-10],
       [-8.84349982e-10]]), 2.1324497466071155), (7.452475310567225e-05, array([[-1.92626724e-06],
       [ 1.74420306e-09],
       [-1.26354235e-10]]), 2.1470514126798723), (7.686732030297586e-05, array([[-1.88541259e-06],
       [-7.98891378e-10],
       [ 8.62528307e-10]]), 2.161872674672381), (7.915947538605441e-05, array([[-1.85072106e-06],
       [ 5.87051490e-10],
       [ 7.54523564e-10]]), 2.1767613396128604), (8.13409566072261e-05, array([[-1.79354766e-06],
       [ 2.75218145e-09],
       [-8.73902921e-11]]), 2.190181573066322), (8.349110795271098e-05, array([[-1.74790098e-06],
       [ 3.83753095e-09],
       [ 2.51432712e-10]]), 2.2044024047004815), (8.54571076133138e-05, array([[-1.68400979e-06],
       [ 7.57023550e-09],
       [-3.05676113e-10]]), 2.2155000601891275), (8.744509707666085e-05, array([[-1.61024158e-06],
       [ 5.96089955e-09],
       [-7.27068306e-10]]), 2.2289678690526924), (8.926075354374625e-05, array([[-1.54524260e-06],
       [ 5.42710485e-09],
       [-8.76245866e-10]]), 2.239888733284351), (9.101238355185656e-05, array([[-1.44199591e-06],
       [ 2.57161225e-09],
       [-8.12136272e-10]]), 2.2511252723895776), (9.26966849965859e-05, array([[-1.37221157e-06],
       [ 6.76746716e-09],
       [-3.35225990e-10]]), 2.262648723044115), (9.421507469312341e-05, array([[-1.27318947e-06],
       [ 1.83700059e-09],
       [-1.23828459e-09]]), 2.2721341112411064), (9.565111814696392e-05, array([[-1.17341191e-06],
       [ 5.80312181e-09],
       [-8.74650683e-10]]), 2.281702594089676), (9.694730832608234e-05, array([[-1.06166784e-06],
       [-5.21930716e-09],
       [-2.40373084e-10]]), 2.2900462185168613), (9.809170957827223e-05, array([[-9.59695539e-07],
       [ 3.18412587e-10],
       [ 7.38741405e-11]]), 2.2969681791701895), (9.917837646898377e-05, array([[-8.51464394e-07],
       [ 4.15218597e-09],
       [ 2.05528483e-10]]), 2.3047314132347387), (0.00010006200582581534, array([[-7.36889721e-07],
       [-1.18588039e-09],
       [-3.23643553e-10]]), 2.3100031411617934), (0.0001008089088545736, array([[-6.12763434e-07],
       [ 2.28083128e-09],
       [ 1.83285397e-10]]), 2.3143854677690183), (0.00010151282196532709, array([[-4.96163386e-07],
       [ 4.73278705e-09],
       [-4.21878273e-10]]), 2.320061348648589), (0.00010201164134369551, array([[-3.69377924e-07],
       [-1.65218346e-09],
       [ 1.60831762e-10]]), 2.3233489315695373), (0.00010244197917573536, array([[-2.44400739e-07],
       [-2.27808099e-09],
       [ 5.94223608e-10]]), 2.3273947954210756), (0.00010247352071979193, array([[-1.23286779e-07],
       [ 7.02546042e-09],
       [ 2.16137711e-10]]), 2.3247177633886458), (0.0001026018783258775, array([[-5.45054509e-09],
       [-6.01079053e-09],
       [ 1.22966101e-10]]), 2.3265809599382914)]