[(0.00010259286858984246, array([[-2.84682333e-10],
       [-7.49509416e-10],
       [ 3.74683963e-11]]), 2.326376656852858), (0.00010250515090736912, array([[-1.50926086e-07],
       [-2.06439010e-09],
       [-3.58455361e-10]]), 2.3254353268958186), (0.00010210974430036037, array([[-2.84303046e-07],
       [-2.21878750e-10],
       [-6.02204193e-11]]), 2.319846701114164), (0.00010164866220412002, array([[-4.17271170e-07],
       [ 6.29612682e-09],
       [ 1.01492911e-10]]), 2.3150819613982274), (0.00010104782671358912, array([[-5.47644615e-07],
       [-4.88967489e-10],
       [-3.44244006e-11]]), 2.309433947203371), (0.00010033739568479097, array([[-6.76502919e-07],
       [ 1.17450657e-08],
       [ 5.54835153e-10]]), 2.3035604004172745), (9.935859673775461e-05, array([[-8.18795242e-07],
       [ 1.96706426e-09],
       [ 1.86238512e-10]]), 2.2937644380743243), (9.841827873798154e-05, array([[-9.26590753e-07],
       [ 4.95285075e-10],
       [-1.00387048e-09]]), 2.2870680759213142), (9.732162795154075e-05, array([[-1.06084047e-06],
       [-7.38701653e-09],
       [-1.50822555e-10]]), 2.2789355340101576), (9.607212261864562e-05, array([[-1.19325684e-06],
       [-1.30267969e-09],
       [-1.14540867e-10]]), 2.2693729708071437), (9.471702736114801e-05, array([[-1.31225145e-06],
       [-3.06722819e-09],
       [-6.88441312e-10]]), 2.259420393835239), (9.330178618194057e-05, array([[-1.42292430e-06],
       [-4.01065943e-09],
       [-1.27246075e-09]]), 2.2501088250921315), (9.172874606061511e-05, array([[-1.52030356e-06],
       [-5.92373040e-09],
       [-6.08451537e-10]]), 2.239022141386533), (9.01033594391503e-05, array([[-1.62392860e-06],
       [ 2.45632823e-09],
       [ 1.64307798e-09]]), 2.228641220511531), (8.82868280687898e-05, array([[-1.73196182e-06],
       [ 2.52841080e-09],
       [ 1.16783332e-09]]), 2.215449272358845), (8.647336726296834e-05, array([[-1.81396945e-06],
       [ 1.83954093e-10],
       [ 1.05722460e-09]]), 2.204198561172315), (8.454709069220998e-05, array([[-1.90089086e-06],
       [-4.22738394e-10],
       [-2.09821888e-10]]), 2.191907610131004), (8.255200297510748e-05, array([[-1.97066021e-06],
       [-1.50231840e-09],
       [ 1.49601047e-10]]), 2.1796073657836685), (8.052057536347397e-05, array([[-2.04158507e-06],
       [ 1.09560829e-09],
       [ 1.72975432e-10]]), 2.1680920383730995), (7.838769290016451e-05, array([[-2.10375121e-06],
       [-4.07414323e-10],
       [-7.34048030e-10]]), 2.155538532492394), (7.625467682968326e-05, array([[-2.15897709e-06],
       [-3.97756246e-09],
       [ 3.25214241e-10]]), 2.1446422420384965), (7.399036970660967e-05, array([[-2.20084439e-06],
       [ 3.97334734e-09],
       [ 4.22883639e-10]]), 2.1316558751697627), (7.174412165204947e-05, array([[-2.24386328e-06],
       [-8.01002515e-10],
       [ 8.78967176e-10]]), 2.1207429586662263), (6.940290109782407e-05, array([[-2.26684192e-06],
       [ 2.42946895e-09],
       [ 4.47542468e-10]]), 2.1085442148898723), (6.701216864349667e-05, array([[-2.29028386e-06],
       [-3.81290638e-09],
       [-2.70889361e-10]]), 2.0962720189680653), (6.466521099012628e-05, array([[-2.29534071e-06],
       [-5.26161674e-09],
       [-2.03549604e-09]]), 2.0868265518343283), (6.230447776586222e-05, array([[-2.30060397e-06],
       [ 2.48688330e-09],
       [-8.22400858e-10]]), 2.078466269567694), (5.983653611689081e-05, array([[-2.29917003e-06],
       [-2.52976629e-09],
       [-6.06886897e-10]]), 2.067975936139218), (5.740527431227549e-05, array([[-2.28840778e-06],
       [-1.44077883e-09],
       [ 3.80514608e-10]]), 2.060169188215891), (5.491872323492804e-05, array([[-2.26743612e-06],
       [-1.29522055e-09],
       [-7.26402038e-10]]), 2.0518236920053186), (5.245797352719758e-05, array([[-2.23282067e-06],
       [ 9.43379656e-10],
       [ 1.49945463e-09]]), 2.045917293168396), (4.995222988636383e-05, array([[-2.19630022e-06],
       [-5.85824805e-10],
       [-1.01620187e-09]]), 2.03978136774134), (4.744727484541642e-05, array([[-2.14978444e-06],
       [ 3.46100902e-09],
       [ 1.32526117e-10]]), 2.035224227019149), (4.499151638655416e-05, array([[-2.10424653e-06],
       [ 2.86005143e-10],
       [ 8.40483571e-10]]), 2.0345627379994196), (4.2496486773134646e-05, array([[-2.04003814e-06],
       [ 2.40872442e-09],
       [ 3.95880052e-10]]), 2.034113289365517), (4.005546929157738e-05, array([[-1.96967623e-06],
       [ 8.50903572e-10],
       [-1.52979485e-10]]), 2.0359669607836492), (3.8568297324409776e-05, array([[-1.77353631e-06],
       [-4.16043884e-10],
       [ 6.16566048e-10]]), 2.037167365466919), (3.706170467475049e-05, array([[-1.58171581e-06],
       [ 5.65746813e-09],
       [-4.86436872e-10]]), 2.0395353959849105), (3.553108270541815e-05, array([[-1.40057765e-06],
       [ 2.74881700e-09],
       [-3.25140586e-10]]), 2.042877090259126), (3.403832028620262e-05, array([[-1.22432263e-06],
       [ 4.33615599e-10],
       [ 1.88291096e-10]]), 2.0509729527367115), (3.247883943269497e-05, array([[-1.05753173e-06],
       [ 2.88867827e-09],
       [ 4.12537557e-10]]), 2.0578388222451784), (3.09243037824832e-05, array([[-9.00165313e-07],
       [-4.20963882e-10],
       [ 5.88388677e-10]]), 2.067976371692403), (2.9348655726281824e-05, array([[-7.49120551e-07],
       [ 6.12696274e-10],
       [-2.11230497e-10]]), 2.080026658957162), (2.778300849508998e-05, array([[-6.14790589e-07],
       [-1.54157315e-09],
       [-1.03790475e-12]]), 2.0966099060530805), (2.619327643815717e-05, array([[-4.85905189e-07],
       [ 4.17013611e-10],
       [-1.16909603e-10]]), 2.115824893909243), (2.4574321806013507e-05, array([[-3.71468093e-07],
       [-1.11446786e-10],
       [ 1.41064860e-10]]), 2.1377270667299415), (2.2978506996759526e-05, array([[-2.68020166e-07],
       [-4.20710791e-10],
       [-5.43442058e-11]]), 2.1678244631901453), (2.1385786452967405e-05, array([[-1.74738166e-07],
       [ 1.30621073e-09],
       [-3.31013003e-10]]), 2.206223558578654), (1.9686674289549222e-05, array([[-9.50113123e-08],
       [ 7.08321914e-10],
       [ 7.57050805e-11]]), 2.242928210966236), (1.8031616881535963e-05, array([[-2.78818591e-08],
       [ 4.65973935e-10],
       [-5.81374488e-11]]), 2.2963743125722553), (1.791137650849124e-05, array([[-1.65391099e-08],
       [-4.28413877e-09],
       [ 2.60689154e-11]]), 2.2810613816350025), (1.933460073557591e-05, array([[-6.02252041e-08],
       [-6.84871406e-11],
       [-1.28128723e-10]]), 2.2028160165484576), (2.0738890724739355e-05, array([[-1.12651730e-07],
       [ 1.93238078e-09],
       [-7.18535369e-11]]), 2.1394878040297445), (2.2141723258454802e-05, array([[-1.80307540e-07],
       [ 1.87086205e-09],
       [-1.21453950e-10]]), 2.0888811158894516), (2.357936312124305e-05, array([[-2.57505681e-07],
       [-1.49264197e-09],
       [-3.44731799e-10]]), 2.0511753349058988), (2.4976096522255855e-05, array([[-3.44193855e-07],
       [-5.41284206e-11],
       [-8.50448476e-11]]), 2.0175042591268504), (2.636868394936896e-05, array([[-4.42567778e-07],
       [-2.70348577e-09],
       [-1.22320921e-10]]), 1.9898796772710998), (2.77820232195141e-05, array([[-5.52327520e-07],
       [ 2.73522314e-09],
       [-4.10086872e-11]]), 1.9689947463115824), (2.925204257542496e-05, array([[-6.73349259e-07],
       [-2.62570900e-10],
       [-5.89316525e-10]]), 1.9561485779991756), (3.0685588034126006e-05, array([[-8.02707070e-07],
       [ 1.68567154e-09],
       [-4.13263945e-10]]), 1.9442195424162982), (3.215726945174318e-05, array([[-9.39450211e-07],
       [ 2.47407773e-09],
       [-3.36474521e-10]]), 1.9376305682782478), (3.361684579140624e-05, array([[-1.09170833e-06],
       [ 1.11829070e-10],
       [-4.08936872e-10]]), 1.9328170966083593), (3.506761508305309e-05, array([[-1.23895643e-06],
       [ 2.01344813e-09],
       [-8.38682117e-10]]), 1.9297990430372087), (3.655528078551135e-05, array([[-1.40570671e-06],
       [ 1.52226054e-09],
       [-3.16928674e-10]]), 1.9308403589958925), (3.8139183485406694e-05, array([[-1.57965647e-06],
       [-4.63777283e-11],
       [-9.21495494e-10]]), 1.9385646669699914), (4.0743400535193147e-05, array([[-1.65114870e-06],
       [ 4.09141157e-10],
       [-6.22273927e-10]]), 1.9502010348528727), (4.343382969817915e-05, array([[-1.71570327e-06],
       [ 3.85306867e-09],
       [-7.48310413e-10]]), 1.964122540642733), (4.6144443783809e-05, array([[-1.78104878e-06],
       [-7.78980473e-10],
       [ 4.14912677e-10]]), 1.9793400197820574), (4.882924900517926e-05, array([[-1.82594075e-06],
       [-2.08710696e-09],
       [ 3.03668209e-10]]), 1.9939248467615773), (5.148935698681224e-05, array([[-1.87580758e-06],
       [-2.58274098e-09],
       [ 6.44953370e-10]]), 2.008140208062432), (5.4158774947784145e-05, array([[-1.90410575e-06],
       [-2.89417086e-09],
       [-2.08050900e-10]]), 2.0234311910800784), (5.677965568736461e-05, array([[-1.93093349e-06],
       [ 5.07677471e-09],
       [-1.14164206e-09]]), 2.0377168921497835), (5.942675289223227e-05, array([[-1.95788467e-06],
       [ 3.83971992e-09],
       [-7.29468466e-10]]), 2.0538136549875823), (6.209571126677674e-05, array([[-1.97612552e-06],
       [-1.37033586e-09],
       [ 2.06528345e-09]]), 2.0715018563806455), (6.458155804185269e-05, array([[-1.98366557e-06],
       [-2.73590423e-10],
       [ 3.44460028e-10]]), 2.0841269674531198), (6.719194962850693e-05, array([[-1.97634752e-06],
       [-3.90419643e-09],
       [ 2.19749957e-09]]), 2.1018959206570926), (6.964878190440316e-05, array([[-1.97145084e-06],
       [-1.78699846e-10],
       [-4.40078742e-10]]), 2.116014371670987), (7.210587010393553e-05, array([[-1.94138449e-06],
       [-4.22524917e-09],
       [-1.63477475e-09]]), 2.1314361759567872), (7.449833738365461e-05, array([[-1.92087170e-06],
       [-4.95035377e-10],
       [-4.93862369e-10]]), 2.146290378112009), (7.685609480303394e-05, array([[-1.88515840e-06],
       [-3.25596423e-09],
       [ 1.30045745e-09]]), 2.1615569605107803), (7.91502111690191e-05, array([[-1.84970734e-06],
       [-1.11926144e-09],
       [ 1.19905315e-11]]), 2.1765065881837247), (8.130451234193962e-05, array([[-1.79716675e-06],
       [ 3.66525936e-09],
       [-1.61198717e-09]]), 2.1892002770304293), (8.346103671548267e-05, array([[-1.73903195e-06],
       [ 9.33324249e-10],
       [ 7.81669138e-10]]), 2.203608438620933), (8.552686518239222e-05, array([[-1.68448667e-06],
       [-1.15694319e-09],
       [-2.20578867e-10]]), 2.2173085452035184), (8.74769095582392e-05, array([[-1.60985039e-06],
       [-6.31603704e-09],
       [ 2.31509360e-10]]), 2.2297787664230824), (8.929790901727268e-05, array([[-1.52897206e-06],
       [-3.19935322e-09],
       [-7.55462088e-10]]), 2.240821104155396), (9.105303485061328e-05, array([[-1.44677702e-06],
       [-7.48006514e-10],
       [-5.10222196e-10]]), 2.2521307527694487), (9.271419278891476e-05, array([[-1.37180271e-06],
       [ 7.35484746e-09],
       [-7.08570451e-10]]), 2.263076073644168), (9.422838535331234e-05, array([[-1.26153833e-06],
       [-1.79446655e-09],
       [ 6.86182273e-10]]), 2.272455117249507), (9.562753746991377e-05, array([[-1.16290464e-06],
       [-9.21337250e-10],
       [ 1.45309472e-12]]), 2.2811400905556027), (9.700593127028103e-05, array([[-1.07497964e-06],
       [-4.69821608e-09],
       [ 8.51236679e-10]]), 2.2914309836433877), (9.81559019417922e-05, array([[-9.53902269e-07],
       [-8.38965063e-10],
       [-3.60761609e-10]]), 2.2984713420469), (9.919060945172595e-05, array([[-8.37510300e-07],
       [ 4.99665265e-09],
       [-4.16449782e-10]]), 2.305015686285047), (0.00010011334157107571, array([[-7.44634157e-07],
       [ 4.40669525e-10],
       [-1.67415212e-11]]), 2.311188263644864), (0.00010083197163535935, array([[-6.06494336e-07],
       [ 3.07006076e-09],
       [-8.90308193e-10]]), 2.314914946416326), (0.00010146582484922726, array([[-4.90924094e-07],
       [-3.38668461e-10],
       [ 2.63712937e-10]]), 2.3189872361330446), (0.00010203838504564756, array([[-3.70938183e-07],
       [-1.67122595e-09],
       [-8.68979421e-11]]), 2.323958028242604), (0.0001022691284405237, array([[-2.43748877e-07],
       [ 2.77216151e-09],
       [-2.31888566e-10]]), 2.323467773464323), (0.00010255356893861687, array([[-1.26389811e-07],
       [-2.73742151e-10],
       [-5.92549661e-10]]), 2.3265337399933617), (0.00010260189860847035, array([[-1.16069776e-08],
       [-6.59685951e-10],
       [-3.43452708e-10]]), 2.3265814198625647)]