[(0.00010263454038452797, array([[-4.05896701e-09],
       [-1.17224237e-09],
       [-8.75619153e-11]]), 2.3273215986576643), (0.00010247855964993034, array([[-1.29198149e-07],
       [-1.93431560e-09],
       [-2.51699059e-10]]), 2.3248320767285113), (0.00010215413176526469, array([[-2.94739879e-07],
       [-2.91054205e-09],
       [ 5.00395742e-10]]), 2.3208551466326073), (0.00010166245310500666, array([[-4.16315909e-07],
       [ 3.56371895e-09],
       [-2.95470278e-10]]), 2.3153960537353204), (0.00010103666398798585, array([[-5.41391310e-07],
       [-3.26573892e-09],
       [-3.97635406e-11]]), 2.3091788246709037), (0.00010030115447242915, array([[-6.78266411e-07],
       [-1.05354546e-09],
       [-4.00011242e-10]]), 2.3027283694372986), (9.938432306621664e-05, array([[-8.18138611e-07],
       [-3.16757787e-09],
       [-1.89169479e-10]]), 2.294358348810646), (9.843930258161186e-05, array([[-9.28281942e-07],
       [-1.02002148e-09],
       [-3.43345109e-10]]), 2.2875566331508925), (9.733382243891614e-05, array([[-1.06640081e-06],
       [ 9.25671426e-10],
       [-1.41536877e-10]]), 2.279221086679012), (9.616664713986665e-05, array([[-1.19218757e-06],
       [ 2.16686329e-09],
       [ 1.64726167e-10]]), 2.271605787025736), (9.479846908487272e-05, array([[-1.31752334e-06],
       [-5.17922763e-09],
       [ 3.21840320e-10]]), 2.2613631394705207), (9.328571768968238e-05, array([[-1.41514975e-06],
       [-4.63505916e-09],
       [-5.82688141e-10]]), 2.249721309936038), (9.167762899548808e-05, array([[-1.54004932e-06],
       [-2.08121535e-09],
       [-4.33371481e-10]]), 2.237774416485262), (9.011495392886041e-05, array([[-1.62175532e-06],
       [-5.91027386e-09],
       [-4.96834289e-10]]), 2.2289280018020348), (8.836246609131944e-05, array([[-1.71914932e-06],
       [ 3.36394636e-09],
       [ 2.52137375e-09]]), 2.2173473154264403), (8.646409503311745e-05, array([[-1.80281748e-06],
       [ 3.21925050e-09],
       [ 3.60544274e-10]]), 2.203962212845159), (8.456338957806728e-05, array([[-1.88541619e-06],
       [-1.28662059e-10],
       [ 1.37923766e-09]]), 2.1923301634282826), (8.258960076896445e-05, array([[-1.96804016e-06],
       [ 2.84047816e-09],
       [ 5.94000916e-10]]), 2.180600054337241), (8.053482359390857e-05, array([[-2.03517923e-06],
       [-3.07499944e-09],
       [ 8.05376475e-10]]), 2.168475685345649), (7.843715620671162e-05, array([[-2.10814284e-06],
       [-1.09991897e-09],
       [-1.74775687e-09]]), 2.1568986957943372), (7.622726254193851e-05, array([[-2.15871063e-06],
       [-1.49765588e-09],
       [-2.67132010e-10]]), 2.1438712225813665), (7.403481526274366e-05, array([[-2.20184150e-06],
       [-3.06953487e-09],
       [-1.24329329e-09]]), 2.1329363476317043), (7.170945515920145e-05, array([[-2.24408259e-06],
       [-4.09700471e-09],
       [ 1.26256100e-09]]), 2.1197182235532135), (6.946238761397336e-05, array([[-2.26308044e-06],
       [ 4.34464115e-10],
       [-1.06832932e-09]]), 2.110351487316622), (6.705224589939084e-05, array([[-2.28650351e-06],
       [ 1.12109066e-09],
       [ 6.56679978e-10]]), 2.097525714107748), (6.470443752580071e-05, array([[-2.30231418e-06],
       [-1.64737628e-09],
       [-2.87108204e-10]]), 2.088092440786494), (6.228817128115356e-05, array([[-2.29822829e-06],
       [-1.69803614e-09],
       [-2.09737603e-09]]), 2.077922288145211), (5.987302479948502e-05, array([[-2.29283333e-06],
       [-2.79591452e-09],
       [-1.21247674e-09]]), 2.06923700040602), (5.740923322331388e-05, array([[-2.28264417e-06],
       [-1.53034335e-09],
       [ 1.23976556e-09]]), 2.060311266215481), (5.4927243668245714e-05, array([[-2.26716662e-06],
       [-2.74436467e-09],
       [-2.12242586e-10]]), 2.052142024732621), (5.2464599562219694e-05, array([[-2.22541881e-06],
       [-1.79816551e-09],
       [-1.71026885e-09]]), 2.046175715648819), (4.9967797699318544e-05, array([[-2.1964534e-06],
       [ 3.3678703e-09],
       [-1.8473322e-10]]), 2.0404170737923764), (4.751813135326301e-05, array([[-2.15092866e-06],
       [-3.49119380e-11],
       [ 4.88038125e-10]]), 2.0382635771584603), (4.4987923483902726e-05, array([[-2.09306234e-06],
       [-1.95066318e-09],
       [-6.64653928e-10]]), 2.0344002632387763), (4.2496035580393796e-05, array([[-2.04500314e-06],
       [ 2.67632269e-09],
       [-7.54242154e-10]]), 2.034091692823781), (4.005101440241624e-05, array([[-1.96808127e-06],
       [ 3.93908578e-09],
       [-3.85631311e-10]]), 2.03574052461135), (3.857794296735451e-05, array([[-1.77618817e-06],
       [ 1.10043752e-09],
       [-4.96836459e-10]]), 2.0376768458015233), (3.7121227067001594e-05, array([[-1.58262957e-06],
       [ 1.19084216e-09],
       [ 5.57577993e-11]]), 2.0428109610706295), (3.555254181864539e-05, array([[-1.40126555e-06],
       [ 6.27120396e-10],
       [-1.86930020e-10]]), 2.044110892537335), (3.401520780693449e-05, array([[-1.22445978e-06],
       [ 1.93460107e-10],
       [ 2.56401330e-10]]), 2.0495803143970095), (3.2477382429743724e-05, array([[-1.05643083e-06],
       [-1.74665491e-09],
       [-5.30010686e-10]]), 2.0577465074553163), (3.094072904063515e-05, array([[-9.04360150e-07],
       [-8.62161483e-10],
       [ 7.21430566e-12]]), 2.0690747649172305), (2.9329233047959155e-05, array([[-7.50007476e-07],
       [-3.87767648e-09],
       [ 2.30957527e-11]]), 2.078650115885606), (2.7825532244502563e-05, array([[-6.12066978e-07],
       [ 1.10291340e-09],
       [ 3.94367530e-10]]), 2.099818907492817), (2.6217805213270887e-05, array([[-4.87125749e-07],
       [ 5.17679268e-10],
       [ 4.51334507e-12]]), 2.117806264705876), (2.457983934312429e-05, array([[-3.72039459e-07],
       [-1.30574612e-09],
       [-1.52033046e-10]]), 2.1382070388128542), (2.297655005481579e-05, array([[-2.68829167e-07],
       [-1.03443845e-09],
       [-3.29744779e-11]]), 2.167639842552292), (2.1304525226194406e-05, array([[-1.74374672e-07],
       [-1.84751643e-09],
       [-3.80494787e-11]]), 2.197840400292664), (1.9708024381743872e-05, array([[-9.61754159e-08],
       [ 3.53946756e-09],
       [-1.96798769e-10]]), 2.2453606545260674), (1.799997376899154e-05, array([[-2.92193738e-08],
       [ 2.93476434e-11],
       [ 4.43742701e-11]]), 2.292344478126779), (1.7887061859191218e-05, array([[-1.71408087e-08],
       [-1.06234939e-09],
       [-5.63726721e-11]]), 2.2779648464524618), (1.932213386784481e-05, array([[-5.95214267e-08],
       [-1.57781720e-09],
       [ 1.42072324e-11]]), 2.2013956502171412), (2.0758328812820823e-05, array([[-1.11804305e-07],
       [ 4.43618731e-10],
       [-7.27686235e-11]]), 2.1414930970290635), (2.2151909916756832e-05, array([[-1.79520144e-07],
       [ 1.90884985e-09],
       [ 2.18136805e-10]]), 2.089842139469809), (2.3584724350654707e-05, array([[-2.58008239e-07],
       [-2.06904701e-09],
       [ 5.75432092e-11]]), 2.0516417097387305), (2.4973588951720793e-05, array([[-3.42038454e-07],
       [ 1.43104333e-09],
       [ 2.14012107e-10]]), 2.0173017040866728), (2.6352313714909408e-05, array([[-4.42430476e-07],
       [-6.31817893e-10],
       [ 2.27482579e-10]]), 1.9886443180500715), (2.776463849927727e-05, array([[-5.54444875e-07],
       [-4.52592353e-09],
       [-3.08480473e-10]]), 1.9677626394005074), (2.9238023315142572e-05, array([[-6.74017128e-07],
       [-2.00046083e-09],
       [-2.81145627e-10]]), 1.9552110791563075), (3.0652932062429344e-05, array([[-8.05157220e-07],
       [-1.61463982e-09],
       [ 1.93267751e-10]]), 1.942150480605306), (3.212481539392303e-05, array([[-9.42486025e-07],
       [ 1.70189975e-09],
       [ 2.50821479e-10]]), 1.9356750547794614), (3.359125217196455e-05, array([[-1.08882623e-06],
       [ 1.37328141e-09],
       [ 1.12496141e-09]]), 1.9313455788601461), (3.506486951774763e-05, array([[-1.24245584e-06],
       [-2.91457937e-09],
       [ 2.82629302e-10]]), 1.9296479523717467), (3.6600779331055454e-05, array([[-1.40494382e-06],
       [-1.32870163e-09],
       [-1.14293162e-11]]), 1.9332435802576204), (3.8077804989931784e-05, array([[-1.57403253e-06],
       [-2.95139863e-09],
       [ 9.94475317e-11]]), 1.9354448785590788), (4.0758629232135416e-05, array([[-1.65014409e-06],
       [ 6.21688012e-10],
       [-1.12833584e-10]]), 1.9509299632227721), (4.3401032760990826e-05, array([[-1.71244691e-06],
       [ 1.37670101e-09],
       [ 4.93166446e-10]]), 1.9626394293434701), (4.6138964204971966e-05, array([[-1.77626615e-06],
       [-1.84535458e-10],
       [-1.51788016e-09]]), 1.9791049763229898), (4.883991623040353e-05, array([[-1.83420658e-06],
       [-2.03971804e-09],
       [ 3.36493463e-10]]), 1.9943604390726204), (5.14707791568153e-05, array([[-1.87281282e-06],
       [ 1.51717818e-09],
       [ 1.06930624e-09]]), 2.0074156527450113), (5.418507091864494e-05, array([[-1.90854653e-06],
       [-3.84417515e-09],
       [ 6.69392726e-10]]), 2.0244136373723136), (5.682920244357064e-05, array([[-1.93115850e-06],
       [ 4.34071707e-09],
       [-8.67623696e-10]]), 2.039495033648706), (5.951358045972033e-05, array([[-1.95807218e-06],
       [ 4.96894240e-10],
       [-2.11091680e-10]]), 2.0568144523567353), (6.209134201314452e-05, array([[-1.9685363e-06],
       [ 3.4541987e-09],
       [-1.2184784e-09]]), 2.0713560988584994), (6.464338252369189e-05, array([[-1.97377686e-06],
       [-3.79989165e-09],
       [-1.71543378e-10]]), 2.0861221201523845), (6.721547872460745e-05, array([[-1.98530807e-06],
       [-3.22576067e-09],
       [ 9.70425312e-10]]), 2.1026319569141716), (6.964607181075232e-05, array([[-1.96060125e-06],
       [ 2.31901842e-09],
       [ 1.69059706e-10]]), 2.1159320357426776), (7.208534380056927e-05, array([[-1.94427423e-06],
       [ 3.58831011e-10],
       [ 7.55749162e-10]]), 2.1308294222279933), (7.455282164853298e-05, array([[-1.92940863e-06],
       [-6.86113375e-10],
       [ 1.08780412e-09]]), 2.147860064867093), (7.687322882710219e-05, array([[-1.89266997e-06],
       [ 3.77054962e-09],
       [ 8.14888318e-10]]), 2.162038850321617), (7.91821425279426e-05, array([[-1.84905232e-06],
       [-3.34787344e-09],
       [ 5.84243190e-10]]), 2.177384650440795), (8.13057901296267e-05, array([[-1.79763784e-06],
       [-2.62136197e-09],
       [ 6.99805260e-10]]), 2.1892346826627613), (8.341988567529222e-05, array([[-1.74396159e-06],
       [-3.25079711e-09],
       [ 1.87192368e-09]]), 2.202521934271234), (8.54534942627675e-05, array([[-1.67758740e-06],
       [ 3.64967897e-09],
       [-1.11776003e-09]]), 2.2154063830383746), (8.745643051331648e-05, array([[-1.61643640e-06],
       [ 1.66100100e-09],
       [ 6.73392143e-10]]), 2.229256757360852), (8.93390903574286e-05, array([[-1.53765863e-06],
       [ 4.07197353e-09],
       [-8.18220437e-10]]), 2.2418544991938054), (9.105154975871012e-05, array([[-1.45620499e-06],
       [ 3.11950871e-09],
       [-1.69052016e-09]]), 2.252094020098744), (9.265010756570363e-05, array([[-1.35499183e-06],
       [-1.35327511e-09],
       [-7.83216457e-12]]), 2.2615118068263196), (9.421005751388236e-05, array([[-1.28242730e-06],
       [ 1.76063376e-09],
       [-8.57824184e-10]]), 2.2720131146369758), (9.565403173006847e-05, array([[-1.16296282e-06],
       [-2.84150489e-09],
       [ 7.80186812e-10]]), 2.281772095944506), (9.698990575690867e-05, array([[-1.06352409e-06],
       [-1.83481433e-09],
       [-1.10044355e-09]]), 2.291052436090786), (9.813524573180851e-05, array([[-9.44404298e-07],
       [ 2.13023973e-09],
       [ 2.30951695e-10]]), 2.297987645134706), (9.914932887579767e-05, array([[-8.54811628e-07],
       [-2.29530834e-09],
       [ 4.19170279e-10]]), 2.304056398146991), (0.00010013704430202069, array([[-7.51634569e-07],
       [ 5.26289878e-09],
       [-1.42904563e-09]]), 2.311735458181743), (0.00010086375991088247, array([[-6.16827951e-07],
       [-4.77645924e-09],
       [ 6.71018782e-10]]), 2.3156447462301726), (0.00010145506817497872, array([[-4.94923368e-07],
       [ 6.09648258e-09],
       [ 1.39998734e-10]]), 2.3187413938474997), (0.00010198388510189373, array([[-3.83044952e-07],
       [ 8.61702145e-11],
       [-1.66834603e-10]]), 2.3227167739659036), (0.00010241342130001801, array([[-2.48540717e-07],
       [-4.10468678e-09],
       [ 1.40289024e-10]]), 2.3267459847299157), (0.00010256288205684862, array([[-1.29219348e-07],
       [-3.36840859e-09],
       [ 1.02486922e-09]]), 2.326745017709144), (0.00010260415537723565, array([[-6.69854244e-10],
       [ 4.37194111e-09],
       [ 1.76425296e-10]]), 2.3266325939280494)]