[(0.00010419118631173592, array([[-2.87506917e-07],
       [-2.42632077e-08],
       [ 1.02944770e-08]]), 2.3626198099058504), (0.00010168368168729713, array([[ 1.53164320e-07],
       [ 1.05162705e-07],
       [-2.30918200e-08]]), 2.310166920265086), (0.00010081922419929861, array([[-7.98171509e-07],
       [ 1.90844573e-07],
       [-8.54902132e-09]]), 2.304209268711127), (0.00010036547128832216, array([[-1.08015025e-06],
       [-2.22373419e-09],
       [ 3.30096355e-10]]), 2.317008858924889), (9.773262745509442e-05, array([[-8.83858184e-07],
       [ 6.71620657e-08],
       [ 5.43574283e-09]]), 2.2885597192280147), (9.263255898904287e-05, array([[-1.11735963e-06],
       [-5.58450220e-08],
       [ 2.49279074e-08]]), 2.2096965956813843), (9.070793552800341e-05, array([[-1.42217706e-06],
       [-2.71531332e-08],
       [ 9.57782098e-09]]), 2.214105008177628), (9.004491867961152e-05, array([[-1.68438955e-06],
       [ 7.33005057e-08],
       [-1.32646761e-09]]), 2.259566392088767), (8.328992054827558e-05, array([[-2.05643794e-06],
       [ 2.99727010e-08],
       [ 1.12207009e-08]]), 2.159315113060337), (8.135143394891063e-05, array([[-1.66181634e-06],
       [-1.33761050e-07],
       [-1.91882569e-08]]), 2.190463685321319), (7.60089994324154e-05, array([[-2.55622860e-06],
       [ 1.22939576e-07],
       [ 1.42814427e-08]]), 2.1377326314283622), (7.134967384361945e-05, array([[-2.09749944e-06],
       [ 3.46618248e-08],
       [ 5.31513990e-08]]), 2.1090831544477515), (6.78849731297411e-05, array([[-2.51445939e-06],
       [-4.18073940e-08],
       [-4.35041975e-09]]), 2.1235750545149017), (6.266538126364396e-05, array([[-2.43979446e-06],
       [-7.77085131e-08],
       [-2.55902055e-09]]), 2.090505945905682), (5.797720769349898e-05, array([[-2.47036123e-06],
       [ 1.32437975e-08],
       [-3.14724136e-08]]), 2.080694820116875), (5.2434499061615546e-05, array([[-2.23220169e-06],
       [ 5.69338195e-08],
       [ 3.10262636e-08]]), 2.0450017638055), (4.803329858119482e-05, array([[-2.10776979e-06],
       [ 3.78238042e-08],
       [ 9.15056241e-09]]), 2.0603613862880485), (4.372636170323366e-05, array([[-1.96710546e-06],
       [-4.19143346e-08],
       [ 8.31682171e-09]]), 2.0929818013186843), (3.7537569557828516e-05, array([[-1.81524758e-06],
       [ 3.66186412e-08],
       [-1.74735360e-08]]), 1.9827245947348284), (3.6725101595559844e-05, array([[-1.45508695e-06],
       [-8.30469308e-08],
       [ 4.90413920e-09]]), 2.1115277941014585), (3.236441220327687e-05, array([[-1.06789336e-06],
       [ 4.10430661e-08],
       [ 9.90235875e-09]]), 2.050588785016894), (2.7822073975643023e-05, array([[-7.37047882e-07],
       [-1.03471428e-07],
       [ 4.56050853e-09]]), 1.9718332627068975), (2.638323392245205e-05, array([[-4.46282603e-07],
       [ 1.10009700e-07],
       [-1.84964190e-09]]), 2.131169166513108), (2.18292543902006e-05, array([[-2.61152220e-07],
       [-7.36459688e-08],
       [-1.84234502e-10]]), 2.0594023661742336), (2.0605584437836454e-05, array([[-1.13526229e-07],
       [ 5.77916889e-08],
       [-1.92194991e-09]]), 2.347620830177736), (1.6210173622393933e-05, array([[ 1.39882941e-08],
       [-2.64622766e-08],
       [-2.82255044e-09]]), 2.0644086746829196), (2.0008260723371182e-05, array([[-8.52312988e-08],
       [-3.06989887e-08],
       [-8.36498139e-09]]), 2.0641137641192713), (2.2762059291676312e-05, array([[-1.87993962e-07],
       [ 1.51422936e-08],
       [ 5.77006301e-11]]), 1.9800778481879002), (2.7028360318033056e-05, array([[-4.27406207e-07],
       [ 1.17941985e-07],
       [-1.02542267e-08]]), 2.0396613274323734), (2.7797155188179075e-05, array([[-5.90755007e-07],
       [-2.35584711e-08],
       [ 1.23118804e-09]]), 1.8588570508734454), (3.112869716561742e-05, array([[-9.58568527e-07],
       [-1.04800373e-07],
       [-5.60832164e-09]]), 1.8756541275772771), (3.593965979230299e-05, array([[-1.30287477e-06],
       [ 5.45839320e-08],
       [-1.11583411e-08]]), 1.9777883642787717), (3.848129476555554e-05, array([[-1.41601280e-06],
       [ 5.00820886e-09],
       [-3.44353529e-08]]), 1.955953734570827), (4.4277490597502194e-05, array([[-1.61643730e-06],
       [-2.43026127e-08],
       [-5.96663997e-10]]), 2.0022737559634667), (5.018918385297337e-05, array([[-1.83883551e-06],
       [-3.95734930e-08],
       [ 1.52770786e-08]]), 2.0494572978690266), (5.4643806833986875e-05, array([[-1.75670448e-06],
       [-8.44485308e-08],
       [-1.90271735e-08]]), 2.0415525139526363), (5.890860318561616e-05, array([[-1.88074297e-06],
       [ 3.08976245e-08],
       [-2.54914811e-08]]), 2.0359061824944136), (6.498372255183366e-05, array([[-1.93591943e-06],
       [ 2.13054196e-07],
       [ 5.61092227e-09]]), 2.0971053149259498), (7.01315517616894e-05, array([[-1.88052641e-06],
       [ 2.09574998e-08],
       [-3.31542060e-08]]), 2.1306815047965797), (7.397565658438764e-05, array([[-1.87050565e-06],
       [-5.81636054e-09],
       [-3.49155431e-08]]), 2.1312319914460973), (7.832248440651102e-05, array([[-1.59806509e-06],
       [ 5.03427936e-08],
       [ 5.22385682e-09]]), 2.1537454012556476), (8.167514771377156e-05, array([[-1.65904573e-06],
       [-1.43367022e-07],
       [ 2.02413634e-08]]), 2.1564558961953377), (8.74144637332883e-05, array([[-1.76169406e-06],
       [ 4.74956962e-08],
       [ 1.23714968e-08]]), 2.22818702781194), (9.024123917074456e-05, array([[-1.11547325e-06],
       [-1.15848929e-07],
       [ 2.44655409e-08]]), 2.232051575632769), (9.522270580471394e-05, array([[-1.40969558e-06],
       [-1.92626126e-07],
       [ 1.80259909e-08]]), 2.2964346069701596), (9.622054978604197e-05, array([[-1.04412893e-06],
       [-5.73299186e-08],
       [ 1.80388616e-08]]), 2.2728790513708033), (0.00010010965472698004, array([[-5.40578504e-07],
       [-1.06391343e-07],
       [ 2.09135000e-08]]), 2.3263726855773825), (9.927809747696497e-05, array([[-7.94121108e-07],
       [ 1.88902467e-08],
       [ 3.81482654e-09]]), 2.279240879393959), (0.00010299300740560432, array([[-2.15080087e-07],
       [-1.28303102e-07],
       [ 8.02860727e-09]]), 2.345699868789854), (0.00010433169492408978, array([[-1.69371310e-07],
       [-8.78850467e-09],
       [ 9.60640997e-10]]), 2.366872366352019), (0.00010271921907659195, array([[6.66344123e-09],
       [2.78901004e-09],
       [2.76777042e-08]]), 2.3302916846365576), (0.00010202532729751923, array([[ 4.09854310e-07],
       [ 2.38775305e-07],
       [-4.86373943e-09]]), 2.3236606337024996), (9.872349359389851e-05, array([[3.24378427e-07],
       [1.33356684e-07],
       [3.23143778e-09]]), 2.2665082034636104), (9.834014208566868e-05, array([[ 1.07757692e-06],
       [-6.04053378e-08],
       [-2.16429249e-09]]), 2.2852523172496984), (9.653103766213501e-05, array([[ 1.22610713e-06],
       [ 1.40284933e-08],
       [-2.14842096e-08]]), 2.2802132579498102), (9.411693982399286e-05, array([[ 7.80381455e-07],
       [-3.30815407e-08],
       [-9.32447669e-09]]), 2.2697674455628163), (9.082452293936397e-05, array([[ 1.59466870e-06],
       [-2.02218827e-07],
       [-2.63932890e-08]]), 2.246478676443349), (8.741797750149153e-05, array([[ 1.40074239e-06],
       [-2.88414631e-08],
       [-3.43701237e-08]]), 2.228276593455824), (8.400018205943516e-05, array([[1.66830766e-06],
       [4.57307333e-08],
       [7.01581420e-08]]), 2.217843407132371), (7.863706709287314e-05, array([[ 1.71070338e-06],
       [-2.10990306e-07],
       [-2.92773059e-08]]), 2.1623959314220604), (7.37049633864315e-05, array([[ 1.58100474e-06],
       [-7.69554071e-08],
       [ 1.63053554e-11]]), 2.1234333448373586), (6.91868581006951e-05, array([[ 2.16521113e-06],
       [-1.18984967e-08],
       [-4.46898838e-09]]), 2.1019805669074687), (6.466795822126008e-05, array([[ 2.11149848e-06],
       [ 2.30596988e-08],
       [-2.07068330e-08]]), 2.0869152083899367), (6.105347937163765e-05, array([[ 1.95532258e-06],
       [-8.11417943e-08],
       [-3.33760510e-08]]), 2.110034008510705), (5.2306358315769413e-05, array([[ 1.82831724e-06],
       [-1.81634791e-08],
       [-1.95905482e-08]]), 1.9542228754247137), (4.916813641793374e-05, array([[1.80451028e-06],
       [2.62497467e-08],
       [8.13116044e-09]]), 2.00776319255457), (4.308374315156037e-05, array([[1.53604780e-06],
       [3.44255894e-08],
       [4.67678636e-08]]), 1.9482912662152225), (3.819026347378496e-05, array([[1.55175184e-06],
       [3.83373702e-08],
       [1.48196428e-08]]), 1.94116099577439), (3.481501049686737e-05, array([[ 1.31106684e-06],
       [-5.31557455e-08],
       [-6.47588896e-09]]), 1.9158980096326415), (3.2734564549095476e-05, array([[ 9.09865564e-07],
       [-6.58352752e-10],
       [-2.11604777e-08]]), 1.9724153819958903), (2.9551124661998676e-05, array([[ 6.61697002e-07],
       [-8.39132906e-09],
       [ 1.86267092e-09]]), 1.9761488565044345), (2.597892442681475e-05, array([[ 4.99804627e-07],
       [ 1.00883665e-07],
       [-4.69718436e-09]]), 1.960466963521611), (2.3495906761172446e-05, array([[ 2.49029909e-07],
       [ 7.52691972e-08],
       [-2.64712088e-09]]), 2.0439154430064588), (2.0860062522338655e-05, array([[ 1.11621785e-07],
       [ 2.57331830e-09],
       [-4.71393313e-09]]), 2.1519882596518354), (1.7784549664340724e-05, array([[2.21195445e-08],
       [5.98063193e-08],
       [2.34444258e-09]]), 2.2649096461048366), (1.930593666825596e-05, array([[1.11963209e-07],
       [9.10771835e-08],
       [2.46077939e-09]]), 2.199550282362612), (2.178743828266603e-05, array([[2.65570689e-07],
       [5.26287751e-08],
       [1.62203222e-09]]), 2.0554573761502284), (2.6544377455881874e-05, array([[ 4.84961078e-07],
       [ 1.13815306e-07],
       [-1.78084260e-10]]), 2.1441859229440356), (2.8768972915051965e-05, array([[ 8.20030664e-07],
       [-2.74418602e-08],
       [ 4.51258622e-09]]), 2.0389428112899046), (3.229338946300322e-05, array([[ 1.09959649e-06],
       [-7.33115728e-09],
       [-1.44803137e-08]]), 2.0460888288993053), (3.548134730489109e-05, array([[ 1.36513257e-06],
       [-2.12322819e-08],
       [-1.04137717e-08]]), 2.040017528923664), (3.939998092390806e-05, array([[ 2.03103189e-06],
       [-1.05328496e-08],
       [-2.23160809e-08]]), 2.0810966754139164), (4.189300213028609e-05, array([[ 1.91284445e-06],
       [-4.21130551e-08],
       [-4.53612034e-09]]), 2.0052272278306082), (4.7128311154846877e-05, array([[ 2.18947728e-06],
       [-1.21380902e-08],
       [ 9.24107558e-09]]), 2.021542458515025), (5.168408241080864e-05, array([[ 2.05444024e-06],
       [ 5.45031034e-09],
       [-2.74127176e-08]]), 2.01573470868048), (5.738308038528099e-05, array([[ 2.44237137e-06],
       [-1.81949621e-07],
       [-2.31491771e-09]]), 2.0593726891989035), (6.087970204815411e-05, array([[ 2.19333623e-06],
       [-1.15294043e-07],
       [-1.31351513e-08]]), 2.030936005658189), (6.698370333775011e-05, array([[ 2.12516034e-06],
       [-2.70977384e-07],
       [ 1.50683380e-08]]), 2.095381568395344), (6.972447627794162e-05, array([[ 2.46551021e-06],
       [-6.60973577e-08],
       [-2.62308192e-08]]), 2.061042615174466), (7.64258660232265e-05, array([[ 2.11495276e-06],
       [-1.10553246e-07],
       [ 4.57848275e-09]]), 2.1494568919867665), (8.056374543408534e-05, array([[ 1.94203563e-06],
       [-1.30811843e-07],
       [ 8.57946314e-09]]), 2.169254433027709), (8.489153734619611e-05, array([[ 1.80985996e-06],
       [-2.25170522e-08],
       [-3.05944876e-08]]), 2.200837488568868), (8.780194462774568e-05, array([[ 1.69155015e-06],
       [ 8.23906903e-08],
       [-4.34007477e-09]]), 2.203281719280566), (9.295674643049712e-05, array([[ 1.69656250e-06],
       [ 5.16140803e-08],
       [-2.18803808e-08]]), 2.2689966056180593), (9.623338258015165e-05, array([[ 1.38949317e-06],
       [-1.70938327e-07],
       [ 2.79710684e-08]]), 2.295592178376703), (9.679003522353394e-05, array([[ 1.21523107e-06],
       [-7.01225186e-09],
       [-1.12257427e-08]]), 2.2664874730500664), (9.926833408082843e-05, array([[ 8.38601276e-07],
       [-1.86951514e-08],
       [ 6.81200367e-09]]), 2.2916806599278807), (0.00010193336496305111, array([[ 8.25352021e-07],
       [-1.93961241e-07],
       [ 1.68090796e-08]]), 2.3296728000453157), (0.00010171230867500078, array([[ 5.04221321e-07],
       [-1.02883585e-07],
       [-7.16028483e-12]]), 2.3108173011219004), (0.00010290981944451055, array([[-1.13329697e-07],
       [-2.47755578e-07],
       [ 4.90200077e-09]]), 2.3335637750200795)]