[(0.0001027785923367417, array([[2.53169985e-07],
       [1.17408055e-07],
       [2.81987275e-09]]), 2.330588093723163), (0.00010246332975832076, array([[-3.92351100e-07],
       [ 1.40132995e-07],
       [-2.14934741e-09]]), 2.327879862531144), (0.00010119333521101234, array([[-7.84739435e-07],
       [-1.14991260e-07],
       [-2.10220702e-09]]), 2.312759523561468), (0.00010021510878920528, array([[-7.71147940e-07],
       [-1.48412047e-08],
       [-2.03176130e-08]]), 2.3135376328345627), (9.764843718590789e-05, array([[-8.10821860e-07],
       [-1.60982656e-08],
       [-1.14836727e-08]]), 2.2865882746467276), (9.513264363698275e-05, array([[-1.00365666e-06],
       [ 1.15240739e-07],
       [-7.64403446e-09]]), 2.269334681854967), (9.200985582972017e-05, array([[-9.59976297e-07],
       [-6.12975747e-08],
       [ 2.23153965e-08]]), 2.2458837962571923), (8.986922132046898e-05, array([[-1.38524773e-06],
       [ 1.02223849e-07],
       [ 2.22893902e-08]]), 2.2551574831384493), (8.400056351953729e-05, array([[-2.04388238e-06],
       [-4.10268184e-08],
       [-2.54128297e-08]]), 2.177738736203861), (8.170260660078196e-05, array([[-1.97100665e-06],
       [-1.73926009e-07],
       [-3.07623819e-08]]), 2.1999193384532014), (7.517433484431448e-05, array([[-2.44806880e-06],
       [ 2.36713910e-08],
       [ 1.62427553e-08]]), 2.1142579147552714), (6.961025458711551e-05, array([[-2.34334142e-06],
       [-5.13159743e-08],
       [-6.41650017e-09]]), 2.05766624313215), (6.515116170840506e-05, array([[-2.20888439e-06],
       [ 1.57063250e-07],
       [ 3.71123917e-08]]), 2.0380560733553774), (6.097665799099126e-05, array([[-2.53527677e-06],
       [ 2.66211614e-08],
       [ 5.02823329e-08]]), 2.0341704386242814), (5.629355701573308e-05, array([[-2.30685415e-06],
       [-2.31090798e-07],
       [ 1.66024437e-08]]), 2.0202717093207583), (5.19335348495396e-05, array([[-2.14871691e-06],
       [-1.47852503e-08],
       [ 2.94577269e-08]]), 2.025463621635115), (4.693002373052287e-05, array([[-2.15353476e-06],
       [ 9.99209498e-08],
       [-1.41383743e-08]]), 2.0130370307278174), (4.2913448731222015e-05, array([[-2.09220496e-06],
       [ 1.41298121e-07],
       [ 2.37631134e-08]]), 2.0540713594204174), (3.955962230473473e-05, array([[-1.84956446e-06],
       [ 6.94919311e-09],
       [-1.22611236e-08]]), 2.089528891346673), (3.5595172482948646e-05, array([[-1.57590053e-06],
       [-1.09164485e-07],
       [-1.58914860e-08]]), 2.0465619635663184), (3.2975167697038705e-05, array([[-1.03553833e-06],
       [-2.37006426e-08],
       [-1.47675235e-08]]), 2.0892858686539846), (3.0953832873575215e-05, array([[-7.96252393e-07],
       [ 1.79725183e-08],
       [ 3.26687744e-09]]), 2.1937903450986416), (2.5849463202658005e-05, array([[-4.84220953e-07],
       [ 3.97494640e-08],
       [ 3.55548228e-09]]), 2.0880525530093887), (2.3077971434223288e-05, array([[-3.09863930e-07],
       [ 4.83018856e-08],
       [-3.69141834e-09]]), 2.177208077224852), (1.951838594927296e-05, array([[-4.50024181e-08],
       [-6.32839119e-08],
       [ 2.68957356e-09]]), 2.223754903152499), (1.8574299820425772e-05, array([[-8.38060129e-09],
       [ 2.73801954e-08],
       [ 5.19089381e-09]]), 2.36548642652882), (2.07274535374905e-05, array([[-8.87952637e-08],
       [ 1.08628472e-08],
       [-2.22591248e-09]]), 2.1383079085880783), (2.3859745109767485e-05, array([[-2.43469777e-07],
       [-6.11678963e-09],
       [-9.62213422e-09]]), 2.0755658418189142), (2.5853318614242457e-05, array([[-4.06955342e-07],
       [ 2.42718459e-08],
       [ 2.58575804e-09]]), 1.9509882783409387), (2.9377691344222647e-05, array([[-6.69943120e-07],
       [ 3.13529791e-08],
       [-1.28585300e-08]]), 1.9645509881822318), (3.271385488177653e-05, array([[-9.02611483e-07],
       [ 3.96255955e-08],
       [ 2.03977857e-08]]), 1.971167524664091), (3.5800099115106784e-05, array([[-1.20848826e-06],
       [-4.00131863e-08],
       [ 4.25331873e-08]]), 1.9701082280430737), (3.845431570227622e-05, array([[-1.54744649e-06],
       [ 1.22989930e-08],
       [ 1.00403394e-08]]), 1.954582424174493), (4.3312653923809986e-05, array([[-1.74807914e-06],
       [-8.12815120e-08],
       [-8.48014932e-09]]), 1.9586428472453927), (4.811450342997916e-05, array([[-1.82586674e-06],
       [-6.72602507e-08],
       [ 2.20095344e-09]]), 1.9647384678894955), (5.481246557084978e-05, array([[-2.05716388e-06],
       [ 4.54690415e-08],
       [ 3.12672723e-09]]), 2.047853789214966), (5.872756744413045e-05, array([[-2.12172851e-06],
       [ 7.52176956e-08],
       [ 3.03291017e-08]]), 2.029649510880899), (6.342964386329252e-05, array([[-2.15662371e-06],
       [ 3.24223341e-08],
       [ 9.16548121e-09]]), 2.04695326838917), (7.046755709868436e-05, array([[-1.89072394e-06],
       [-1.15592598e-07],
       [-4.34460195e-09]]), 2.140889753994898), (7.374582562420588e-05, array([[-2.22246723e-06],
       [ 9.71543434e-08],
       [ 8.72975192e-09]]), 2.1246105822206798), (7.97340545269757e-05, array([[-1.84012484e-06],
       [ 1.18047335e-07],
       [-3.27539222e-09]]), 2.1925613642391704), (8.241456528603803e-05, array([[-1.51331099e-06],
       [-3.88705948e-08],
       [ 4.12086896e-08]]), 2.1759786204033484), (8.633720969102978e-05, array([[-1.53602417e-06],
       [-1.40940872e-08],
       [-1.79490871e-08]]), 2.2007279165835953), (9.134730587096106e-05, array([[-1.76649389e-06],
       [-7.94669872e-09],
       [-6.55945602e-09]]), 2.2594093329470493), (9.485704360614589e-05, array([[-9.20000471e-07],
       [ 4.07249053e-08],
       [-3.59184925e-08]]), 2.2876161290645367), (9.843098443680065e-05, array([[-9.26327964e-07],
       [ 2.57679707e-07],
       [-1.43837971e-08]]), 2.3250929560232407), (9.790133222072192e-05, array([[-5.97677235e-07],
       [-2.15845370e-08],
       [ 1.72140464e-08]]), 2.275055146090153), (0.00010191337907576877, array([[-7.08637216e-07],
       [ 5.61657006e-08],
       [-4.83557652e-09]]), 2.3397420543898027), (0.00010306528811748621, array([[-2.16119320e-07],
       [-1.08661421e-07],
       [-3.85516980e-09]]), 2.347346085952051), (0.00010217767670324825, array([[-9.68837339e-07],
       [-1.84233959e-08],
       [-4.77890957e-09]]), 2.318006236004592), (0.00010297820169318379, array([[ 6.56292556e-08],
       [-7.73569436e-08],
       [-4.42784553e-09]]), 2.3361669730522476), (0.00010251049772585952, array([[ 6.70013232e-07],
       [-2.35833581e-09],
       [-4.30732400e-09]]), 2.334710550961607), (0.0001019366690484734, array([[ 6.78730488e-07],
       [ 1.51434058e-07],
       [-3.02851041e-09]]), 2.3402767489419483), (9.965998123702558e-05, array([[1.24216724e-06],
       [2.53402472e-07],
       [9.81797546e-09]]), 2.3159230628380842), (9.778075937469504e-05, array([[ 1.29813774e-06],
       [-1.20577493e-07],
       [-4.21239972e-09]]), 2.30973362866934), (9.455841620907644e-05, array([[1.09493152e-06],
       [1.88500079e-07],
       [1.98695034e-08]]), 2.2804142932899243), (9.178892457848803e-05, array([[1.76117808e-06],
       [1.11395910e-07],
       [2.81700485e-08]]), 2.270332451257731), (8.680110015683847e-05, array([[ 1.72761161e-06],
       [-4.76936515e-08],
       [-2.65458351e-08]]), 2.2125524439455004), (8.219104382783788e-05, array([[1.68873984e-06],
       [3.20725089e-07],
       [6.62088297e-08]]), 2.170077018998829), (7.83078657169611e-05, array([[1.92044591e-06],
       [7.64302312e-08],
       [2.71315409e-08]]), 2.1533434102357094), (7.488457636568209e-05, array([[1.92307517e-06],
       [1.63575847e-07],
       [1.81115017e-08]]), 2.15741788833426), (6.913078577633598e-05, array([[ 1.91262954e-06],
       [-1.18792306e-07],
       [-6.22897718e-08]]), 2.1002770217634947), (6.588396755971654e-05, array([[ 2.42822538e-06],
       [-7.65248140e-08],
       [-9.28543750e-08]]), 2.1261573377499863), (5.957116879949334e-05, array([[ 1.87008653e-06],
       [-7.29807725e-08],
       [-9.24274686e-09]]), 2.0588047296786054), (5.410694850221128e-05, array([[1.86044611e-06],
       [4.23239437e-08],
       [1.65640938e-08]]), 2.0214948982707224), (4.803427827960095e-05, array([[ 1.83453804e-06],
       [-1.02353546e-07],
       [ 1.27090465e-08]]), 1.9614625026855783), (4.336440341587874e-05, array([[ 1.78447616e-06],
       [-1.27816497e-07],
       [-3.39206557e-08]]), 1.9609830126083243), (3.9400831702887715e-05, array([[ 1.56394501e-06],
       [-2.00640726e-08],
       [ 6.59032402e-09]]), 2.0026925908803257), (3.556585799686367e-05, array([[ 1.22965599e-06],
       [ 3.65062752e-09],
       [-1.15382428e-08]]), 1.9572177510387223), (3.111975354925325e-05, array([[ 9.20699069e-07],
       [ 3.86188428e-08],
       [-1.00275840e-08]]), 1.8751152315592483), (2.884775002707004e-05, array([[6.86395977e-07],
       [6.55138021e-08],
       [1.51419654e-08]]), 1.9291126439606903), (2.6302443831736483e-05, array([[ 3.88513750e-07],
       [-3.62579902e-08],
       [-1.65972266e-08]]), 1.9848809498355546), (2.3710357773031756e-05, array([[ 2.44317864e-07],
       [ 2.03977704e-08],
       [-1.09762754e-08]]), 2.0625705959811014), (2.0414016892971134e-05, array([[1.23273055e-07],
       [4.95709018e-08],
       [1.91358185e-09]]), 2.105972819542776), (1.7813799252565322e-05, array([[-1.33342939e-08],
       [ 2.20433793e-08],
       [ 9.76771107e-10]]), 2.2686346588695576), (1.916519843739776e-05, array([[1.08816417e-07],
       [2.46837793e-08],
       [7.36430981e-09]]), 2.183515794073195), (2.4792958482270656e-05, array([[ 2.81703879e-07],
       [-1.57267062e-08],
       [-1.76691244e-09]]), 2.339002352080731), (2.6147221223518513e-05, array([[4.64975435e-07],
       [3.29953431e-08],
       [6.13218775e-09]]), 2.1121046731931843), (2.9582233566161782e-05, array([[ 7.59505709e-07],
       [-8.23648664e-08],
       [-4.17509743e-10]]), 2.096581016281844), (3.211458154294757e-05, array([[ 1.04213671e-06],
       [ 2.11491375e-08],
       [-7.75995119e-09]]), 2.0347596716374534), (3.4506543296481904e-05, array([[1.46979462e-06],
       [3.79918750e-08],
       [4.13185948e-08]]), 1.9839706926146699), (3.89577638229965e-05, array([[1.77569740e-06],
       [7.65426434e-09],
       [1.85278412e-09]]), 2.0577388839394595), (4.2594021902586196e-05, array([[2.18037992e-06],
       [4.03918059e-09],
       [2.53256696e-08]]), 2.0387818518294347), (4.7703587707153153e-05, array([[ 2.06359719e-06],
       [ 5.81636793e-08],
       [-1.06440548e-08]]), 2.0462186233802218), (5.168574128693919e-05, array([[ 2.10500402e-06],
       [-7.96784752e-08],
       [-2.27244507e-08]]), 2.015799406630754), (5.655638438329303e-05, array([[2.23275400e-06],
       [7.97456350e-09],
       [1.25856408e-08]]), 2.0297040977372185), (6.118935123435173e-05, array([[ 2.42865690e-06],
       [-1.07771322e-07],
       [ 1.89220871e-08]]), 2.0412658473002203), (6.746183386027069e-05, array([[2.52983806e-06],
       [5.01334165e-08],
       [1.81956986e-08]]), 2.110338428560647), (7.204745755319176e-05, array([[2.16793640e-06],
       [3.57593570e-08],
       [3.24232763e-08]]), 2.129709511766955), (7.625538340685003e-05, array([[ 2.05243380e-06],
       [ 5.91692172e-08],
       [-6.40277444e-09]]), 2.144662114330953), (8.099463420006747e-05, array([[ 2.08735506e-06],
       [-1.67698708e-07],
       [ 2.72255599e-08]]), 2.1808565173239676), (8.282014652246491e-05, array([[ 1.40926534e-06],
       [ 1.39168251e-07],
       [-1.18120778e-08]]), 2.1471360865109226), (8.849194800178386e-05, array([[1.59143117e-06],
       [1.54226191e-07],
       [6.21665981e-09]]), 2.2205965045818), (9.171991282470697e-05, array([[ 1.27490373e-06],
       [ 1.61351084e-07],
       [-2.17762283e-08]]), 2.238806529469573), (9.412713900982667e-05, array([[ 1.48832250e-06],
       [-1.33956470e-07],
       [ 1.23027008e-08]]), 2.245348945351332), (9.609421656887703e-05, array([[ 1.14245121e-06],
       [ 1.14555561e-07],
       [-1.60662145e-08]]), 2.250193809547907), (0.00010296790380587165, array([[9.26159522e-07],
       [1.98084676e-07],
       [5.04342442e-10]]), 2.377087879334151), (0.00010078378697382194, array([[ 9.39727609e-07],
       [ 1.17688767e-07],
       [-7.43376574e-09]]), 2.3033993558790335), (0.00010129803568770159, array([[ 8.27127222e-08],
       [-5.38305531e-08],
       [ 2.06065886e-08]]), 2.3014053705609956), (0.000104653908575128, array([[-1.64824853e-07],
       [ 2.64869892e-08],
       [ 5.21531698e-09]]), 2.3731124132120813)]