[(0.00010243888600325795, array([[-2.13282895e-08],
       [ 8.98054259e-08],
       [ 3.47258230e-09]]), 2.32288497658389), (0.0001017731574077365, array([[-2.02928016e-07],
       [ 1.72056880e-07],
       [ 8.32337341e-09]]), 2.3121997326701447), (0.00010061175033254534, array([[-7.64619305e-07],
       [-5.80013906e-08],
       [ 1.88446218e-08]]), 2.2994674825033377), (9.987162895719707e-05, array([[-1.03439623e-06],
       [-1.05168167e-07],
       [ 2.60595611e-08]]), 2.305608154664338), (9.762761639646616e-05, array([[-8.03385033e-07],
       [-2.78689748e-08],
       [-1.33839469e-08]]), 2.286100723853511), (9.707449861078263e-05, array([[-2.17446821e-06],
       [-1.20298924e-07],
       [ 1.56398402e-08]]), 2.3156565191413585), (9.207205879341004e-05, array([[-1.32450096e-06],
       [-8.44798033e-08],
       [-2.08340570e-08]]), 2.247402118690919), (8.75015865798092e-05, array([[-1.86948506e-06],
       [-1.22283022e-07],
       [ 2.30593665e-09]]), 2.195744603797952), (8.623804145196466e-05, array([[-2.03854399e-06],
       [ 1.26558435e-08],
       [-9.02761416e-09]]), 2.2357459942589224), (8.087528475512275e-05, array([[-1.80976950e-06],
       [-1.09794715e-07],
       [ 3.05632583e-08]]), 2.1776429215417603), (7.626879498932442e-05, array([[-2.10146097e-06],
       [-6.97154972e-08],
       [-3.63274567e-09]]), 2.145039311474826), (7.175022180418328e-05, array([[-2.29983819e-06],
       [ 4.83277193e-08],
       [ 8.23720236e-09]]), 2.120923278034373), (6.664184158792419e-05, array([[-2.18043592e-06],
       [-1.46532136e-07],
       [-2.65249218e-08]]), 2.0846874626079606), (6.096047759733415e-05, array([[-2.37595144e-06],
       [-1.23801882e-07],
       [-6.34989560e-08]]), 2.033630663576796), (5.73972444692455e-05, array([[-2.29378910e-06],
       [-4.66176140e-08],
       [-6.16044462e-08]]), 2.059881011991759), (5.130672758453597e-05, array([[-2.20065387e-06],
       [ 8.19291895e-08],
       [-2.02447556e-08]]), 2.0010174652793107), (4.7772811572611214e-05, array([[-2.26303126e-06],
       [-1.15563357e-07],
       [-1.13973288e-08]]), 2.049187942240517), (4.2152903491054045e-05, array([[-1.99303327e-06],
       [ 1.03003909e-08],
       [ 2.06003706e-09]]), 2.0176675223585887), (3.8369410421177897e-05, array([[-1.76380591e-06],
       [-9.09691261e-08],
       [-1.23898881e-08]]), 2.026662211317261), (3.542709628676236e-05, array([[-1.31002454e-06],
       [ 1.05909618e-08],
       [ 3.72248991e-09]]), 2.0368983399313847), (3.14272802333385e-05, array([[-1.01488574e-06],
       [-1.74264172e-08],
       [ 1.41071552e-08]]), 1.9912126932909997), (2.7948065396983463e-05, array([[-8.02536550e-07],
       [-1.60166121e-07],
       [-1.52055320e-08]]), 1.9807626500571107), (2.6545898997854964e-05, array([[-5.45037159e-07],
       [ 2.48135627e-08],
       [-2.65190869e-09]]), 2.1443088291559125), (2.2997637749573793e-05, array([[-2.96853846e-07],
       [ 1.03098178e-07],
       [-2.12792026e-09]]), 2.1696292851464136), (2.0580387058756803e-05, array([[-9.62903760e-08],
       [ 2.22309041e-08],
       [-1.49298249e-10]]), 2.344750060257488), (1.7275926569697836e-05, array([[-4.91148440e-08],
       [ 5.94045971e-08],
       [-8.11054248e-11]]), 2.2001351437963423), (2.0964127716362203e-05, array([[-1.07963081e-07],
       [-4.49328583e-08],
       [ 5.22733672e-09]]), 2.1627239453928206), (2.242060724752996e-05, array([[-2.48241731e-07],
       [ 2.79279132e-08],
       [ 4.93921466e-09]]), 1.9503748402056698), (2.6834727020181288e-05, array([[-4.06287610e-07],
       [-1.23990159e-07],
       [ 2.83683594e-08]]), 2.0250490333574), (2.8474712730310147e-05, array([[-5.78874103e-07],
       [ 2.01352715e-07],
       [-2.10172802e-09]]), 1.9041668175037525), (3.253738113434059e-05, array([[-9.24183715e-07],
       [-7.53040336e-10],
       [ 6.31995985e-09]]), 1.9605341303069108), (3.567051513740645e-05, array([[-1.18912333e-06],
       [-1.76212715e-08],
       [ 1.05506294e-08]]), 1.9629771175992414), (3.791327841481863e-05, array([[-1.46723978e-06],
       [ 7.36078055e-08],
       [ 1.99401687e-08]]), 1.9270822085660522), (4.3647947748430656e-05, array([[-1.75576071e-06],
       [-4.91158273e-08],
       [ 3.36309098e-09]]), 1.9738051795391849), (4.889035561417911e-05, array([[-1.82722211e-06],
       [-4.25613075e-08],
       [ 6.55789055e-08]]), 1.9964201131944732), (5.421763462945936e-05, array([[-2.01723911e-06],
       [ 7.19572588e-08],
       [ 1.33880452e-08]]), 2.0256302532987767), (6.0298453500859665e-05, array([[-1.80902966e-06],
       [-2.97080080e-09],
       [ 1.62283280e-08]]), 2.08393999583455), (6.446850982414894e-05, array([[-2.27883038e-06],
       [-1.47824097e-07],
       [ 2.43406357e-08]]), 2.0804787612734827), (6.924182054553555e-05, array([[-2.19448772e-06],
       [ 5.93638860e-08],
       [-1.62845997e-08]]), 2.10365039256708), (7.608674238005179e-05, array([[-2.35306532e-06],
       [-1.31425840e-07],
       [ 2.08730671e-08]]), 2.192052182738004), (7.88860126989698e-05, array([[-1.33530399e-06],
       [-2.98634505e-07],
       [ 3.76350592e-08]]), 2.1692415448925266), (8.438114928380613e-05, array([[-1.71131153e-06],
       [-1.46552120e-07],
       [ 1.99313017e-08]]), 2.2279020239852114), (8.786155102578855e-05, array([[-1.84178812e-06],
       [-1.16174903e-07],
       [ 5.01527413e-08]]), 2.2395832437572567), (9.09809762698323e-05, array([[-1.51768700e-06],
       [ 5.25780285e-10],
       [ 2.88667860e-08]]), 2.250348436056513), (9.696843682915932e-05, array([[-7.64856044e-07],
       [ 2.46717126e-08],
       [ 1.35259176e-08]]), 2.338535459966498), (9.526038243389111e-05, array([[-7.55512881e-07],
       [ 1.94049842e-07],
       [-1.26564475e-08]]), 2.2501984050289714), (9.988017193477651e-05, array([[-9.60375522e-07],
       [ 9.77703377e-08],
       [ 5.35744942e-09]]), 2.321039908223907), (9.92440489347202e-05, array([[-7.20766642e-07],
       [ 9.76065700e-08],
       [ 1.05376595e-08]]), 2.278459188050749), (0.00010234264299822697, array([[-3.26912874e-08],
       [-1.63410126e-07],
       [ 2.54557805e-08]]), 2.330887603923729), (0.00010176816533178265, array([[ 5.62480258e-08],
       [ 2.35234560e-07],
       [-9.12930098e-09]]), 2.308716047155134), (0.00010219961352101221, array([[ 1.44731168e-07],
       [-2.82620118e-08],
       [-5.08692183e-09]]), 2.318503895395719), (0.0001040332174655211, array([[-3.88347992e-07],
       [ 5.45009836e-08],
       [ 1.08304683e-08]]), 2.369390997561844), (0.00010160662446391568, array([[ 6.82376554e-07],
       [-1.49590135e-07],
       [-1.55069376e-08]]), 2.3326995377718704), (9.937249749689602e-05, array([[ 1.19851456e-06],
       [ 2.62112538e-08],
       [-2.18374058e-08]]), 2.309242445245216), (9.708688465719595e-05, array([[ 1.23403061e-06],
       [-9.96392931e-08],
       [-1.99026562e-08]]), 2.2933432285605653), (9.304923421026733e-05, array([[ 1.14271710e-06],
       [-1.69891519e-07],
       [-1.48942225e-08]]), 2.2440181654862337), (9.110903769345773e-05, array([[ 1.46067995e-06],
       [-4.33157793e-08],
       [-1.73085134e-08]]), 2.253515942453894), (8.939817653236018e-05, array([[1.49320443e-06],
       [1.33100374e-07],
       [2.19111390e-08]]), 2.278751693395001), (8.37467564279426e-05, array([[ 1.73836560e-06],
       [-4.36274559e-09],
       [ 4.98129017e-09]]), 2.211152250610752), (7.830420351610909e-05, array([[ 1.47521525e-06],
       [-6.53278478e-08],
       [-3.01317176e-08]]), 2.1532427054597663), (7.473213665523958e-05, array([[1.89072594e-06],
       [2.25061673e-07],
       [3.84100406e-09]]), 2.1530261140308946), (7.135118780365693e-05, array([[1.92328526e-06],
       [3.08888733e-08],
       [1.92554642e-08]]), 2.167735525304122), (6.466658168590175e-05, array([[ 1.95841904e-06],
       [-3.09057192e-08],
       [ 3.62073359e-10]]), 2.0868707858868425), (5.9416770646781194e-05, array([[ 2.00732117e-06],
       [-1.99079977e-08],
       [-2.12650785e-08]]), 2.0534686643727973), (5.4759547494518995e-05, array([[ 1.89243199e-06],
       [-3.61996982e-08],
       [ 3.23031305e-08]]), 2.0458767118840466), (4.922473313204736e-05, array([[ 1.54516979e-06],
       [-3.16786474e-08],
       [-2.57290193e-08]]), 2.0100742990494544), (4.35890649617652e-05, array([[1.72181109e-06],
       [9.13938732e-08],
       [7.13466719e-10]]), 1.9711424392432209), (3.765742613811616e-05, array([[1.60826040e-06],
       [6.22008556e-08],
       [7.47176599e-09]]), 1.9140775729589747), (3.71206685023014e-05, array([[ 1.46477864e-06],
       [-1.94127479e-08],
       [ 1.42586324e-08]]), 2.0427802228062406), (3.145318526518926e-05, array([[8.47194272e-07],
       [9.36980229e-09],
       [1.71259065e-09]]), 1.8952061004746146), (2.9249993877760508e-05, array([[6.99388051e-07],
       [2.73901292e-08],
       [9.80014136e-09]]), 1.9560115770696593), (2.5703828955765638e-05, array([[4.58175122e-07],
       [8.28684583e-08],
       [3.37021274e-09]]), 1.939707228670944), (2.316612465551916e-05, array([[ 2.46236702e-07],
       [ 1.05586532e-07],
       [-1.04231017e-09]]), 2.015227606209038), (2.038720603987159e-05, array([[ 1.47628109e-07],
       [-2.35848414e-08],
       [ 9.22441991e-10]]), 2.1032069294099114), (1.7615927711758403e-05, array([[ 2.00008761e-08],
       [-4.68888200e-08],
       [ 1.74091424e-09]]), 2.2434351924831915), (1.9680493809905802e-05, array([[ 1.30292060e-07],
       [-4.46081201e-08],
       [-6.64503591e-10]]), 2.24222406094345), (2.266408203590385e-05, array([[ 2.47775807e-07],
       [-1.35671134e-07],
       [ 1.21760484e-09]]), 2.1381611729652166), (2.646594283041462e-05, array([[ 5.52314344e-07],
       [ 1.29469667e-08],
       [-4.45457444e-09]]), 2.137850177452253), (3.003783578986208e-05, array([[8.03101859e-07],
       [5.88310232e-08],
       [4.85530814e-09]]), 2.128870903083308), (3.2341359971311996e-05, array([[ 1.06893668e-06],
       [-1.09176573e-08],
       [ 1.94917016e-08]]), 2.0491282101101143), (3.609917532985441e-05, array([[ 1.40483238e-06],
       [ 6.41284906e-08],
       [-1.94005913e-08]]), 2.0755398553436564), (3.892654007582019e-05, array([[ 1.77690120e-06],
       [ 1.51098228e-07],
       [-3.58932959e-09]]), 2.056089653789626), (4.175291632208648e-05, array([[ 2.01017340e-06],
       [-1.05646407e-07],
       [ 6.17565374e-09]]), 1.9985219581542815), (4.63930790448742e-05, array([[2.05919196e-06],
       [6.57585102e-09],
       [3.49399287e-10]]), 1.9900050897710042), (5.313901960831331e-05, array([[ 2.44626615e-06],
       [ 6.69261743e-08],
       [-1.06119154e-08]]), 2.072478821590321), (5.6985420135510336e-05, array([[ 2.32122201e-06],
       [-7.06434245e-08],
       [-4.72669185e-08]]), 2.0451013978625157), (6.127322832728095e-05, array([[2.41565985e-06],
       [1.16257350e-07],
       [9.57898220e-09]]), 2.0440639721653056), (6.715532964420481e-05, array([[ 2.21924575e-06],
       [ 8.58551378e-08],
       [-2.94375494e-08]]), 2.100750375751122), (7.145461655620648e-05, array([[ 2.19069876e-06],
       [ 7.30610712e-08],
       [-2.68727766e-08]]), 2.11218524161054), (7.635266939548832e-05, array([[ 2.09645100e-06],
       [ 4.34920562e-08],
       [-5.26992803e-08]]), 2.1473982565515564), (8.145322284817754e-05, array([[ 1.82625357e-06],
       [-8.35335028e-08],
       [ 2.50320368e-08]]), 2.193204446935344), (8.411981070367505e-05, array([[ 1.76080309e-06],
       [-3.58846335e-08],
       [ 2.23409246e-08]]), 2.180830253703262), (8.86076505903054e-05, array([[ 1.69174990e-06],
       [-1.94796710e-07],
       [ 3.02184133e-08]]), 2.223499918614869), (9.153395109636137e-05, array([[ 1.15826905e-06],
       [ 1.48762763e-08],
       [-4.47376566e-09]]), 2.2342673588704116), (9.554209446693863e-05, array([[ 1.35415149e-06],
       [-2.07806325e-08],
       [ 1.33783984e-08]]), 2.2791018966974232), (9.714525000044063e-05, array([[7.79413726e-07],
       [2.73594685e-07],
       [1.49578408e-08]]), 2.2748053731339124), (9.913184971892189e-05, array([[ 7.86210324e-07],
       [ 2.13104752e-07],
       [-4.94198422e-09]]), 2.2885298205846), (0.00010103448617642138, array([[ 1.96788681e-07],
       [-3.06072577e-08],
       [-2.39098513e-09]]), 2.3091290510921825), (0.00010183879373762449, array([[ 6.63162126e-07],
       [-9.88116135e-08],
       [-1.01123369e-08]]), 2.3136909343611016), (0.00010385057564193764, array([[ 3.46485609e-07],
       [-8.84420750e-08],
       [-1.03606662e-08]]), 2.354896186205828)]