[(0.00010438253616814714, array([[-1.91935108e-07],
       [-6.13891846e-08],
       [-4.59569803e-09]]), 2.366958823380821), (0.00010312570072019362, array([[-5.78459601e-07],
       [-2.26526175e-08],
       [-7.33739028e-09]]), 2.342928368443514), (0.00010149666333335623, array([[-6.68873630e-07],
       [-6.42566051e-08],
       [-9.08772186e-09]]), 2.3196920453748064), (9.966737677891516e-05, array([[-7.93300811e-07],
       [ 2.10822334e-08],
       [-1.34369554e-08]]), 2.3008928466957803), (9.619463505281073e-05, array([[-9.65014426e-07],
       [-1.64897359e-07],
       [-1.04441585e-08]]), 2.2525452627256306), (9.43259368615663e-05, array([[-1.48810368e-06],
       [ 1.11232577e-07],
       [-9.30927544e-09]]), 2.2500911541493176), (9.143926025025505e-05, array([[-1.70002315e-06],
       [-8.80663393e-08],
       [-3.90281281e-09]]), 2.231956034338857), (8.65791868285935e-05, array([[-1.46387328e-06],
       [ 1.07497049e-07],
       [ 2.92461647e-08]]), 2.1725981174833393), (8.21224703348644e-05, array([[-1.95622681e-06],
       [ 1.43588491e-07],
       [ 4.41583673e-08]]), 2.1290486309581818), (7.998795077633648e-05, array([[-1.94629530e-06],
       [-9.74810147e-08],
       [ 1.70022465e-08]]), 2.1537506216407696), (7.642093534861302e-05, array([[-1.99257566e-06],
       [ 1.78940735e-08],
       [-1.19031035e-08]]), 2.149318218091636), (7.180601603083584e-05, array([[-2.33811570e-06],
       [ 1.44371124e-07],
       [ 3.55502169e-08]]), 2.122572545048631), (6.65927660324419e-05, array([[-2.02729909e-06],
       [ 8.29193748e-09],
       [ 1.48777896e-08]]), 2.0831522830151297), (6.163442795621078e-05, array([[-2.34241264e-06],
       [ 3.24152531e-08],
       [-1.07682361e-08]]), 2.056113527385593), (5.842244198519369e-05, array([[-2.20274611e-06],
       [-3.68272394e-07],
       [-6.50451791e-09]]), 2.096673455882934), (5.1445409178094334e-05, array([[-2.06650519e-06],
       [-3.65530850e-08],
       [ 4.69052148e-08]]), 2.0064261963344303), (4.58845557952052e-05, array([[-2.02651219e-06],
       [-6.14454764e-08],
       [-1.16170208e-10]]), 1.968192270360389), (4.29363397108609e-05, array([[-2.17463154e-06],
       [ 4.15192000e-10],
       [-5.87120752e-09]]), 2.055167046368344), (3.910593927401587e-05, array([[-1.84548803e-06],
       [ 2.12616998e-07],
       [-2.78247504e-08]]), 2.065565472462178), (3.7174393661933516e-05, array([[-1.34877223e-06],
       [ 1.20018237e-07],
       [ 1.42325764e-08]]), 2.1373600626208185), (3.1652364669606586e-05, array([[-1.00591030e-06],
       [-1.50114303e-07],
       [ 1.15245649e-08]]), 2.005473901490741), (2.799354067910388e-05, array([[-7.41522030e-07],
       [-6.70591794e-08],
       [ 2.89181762e-10]]), 1.9839856187687357), (2.6470792106183104e-05, array([[-5.44957263e-07],
       [-4.49418868e-08],
       [ 1.06411421e-08]]), 2.1382418893639907), (2.3435186767789187e-05, array([[-2.78763352e-07],
       [ 8.63928222e-08],
       [-1.61935640e-09]]), 2.2109082710120287), (2.03768028897636e-05, array([[-8.45990508e-08],
       [-5.07318832e-09],
       [ 4.38611405e-10]]), 2.321555453122479), (1.8686872295649138e-05, array([[-5.93803162e-08],
       [-3.30184225e-09],
       [ 1.41937630e-09]]), 2.379822830308024), (2.090675108467365e-05, array([[-1.07291299e-07],
       [-2.86019051e-08],
       [-2.52687043e-09]]), 2.1568047954554745), (2.254651541928567e-05, array([[-2.17523960e-07],
       [-1.37893068e-08],
       [ 7.42386889e-09]]), 1.9613276269726598), (2.6506277423451233e-05, array([[-4.52847102e-07],
       [ 2.29760979e-08],
       [-1.43773284e-08]]), 2.0002629962993517), (3.0385004213405024e-05, array([[-6.54418287e-07],
       [-2.23454417e-08],
       [-1.48677698e-09]]), 2.0319122205327815), (3.2238201755007895e-05, array([[-9.90836771e-07],
       [ 1.34513330e-07],
       [-1.91438098e-08]]), 1.9425071298595165), (3.514543257072056e-05, array([[-1.27321508e-06],
       [-4.64655194e-08],
       [-7.71637226e-09]]), 1.9340814019280712), (3.8273070769744324e-05, array([[-1.66665169e-06],
       [-6.64690949e-08],
       [ 6.47417581e-09]]), 1.9453699820044046), (4.285970248812667e-05, array([[-1.69919035e-06],
       [-4.06410064e-08],
       [-2.67144042e-08]]), 1.9381599165247019), (4.866236463994376e-05, array([[-1.87348247e-06],
       [-6.12498669e-08],
       [ 1.08395020e-08]]), 1.9871101836414502), (5.447111928326563e-05, array([[-1.75477680e-06],
       [ 1.61812368e-07],
       [ 3.47898220e-08]]), 2.035100717788904), (6.0116802666443306e-05, array([[-1.86767982e-06],
       [ 3.95173868e-08],
       [-2.04337026e-08]]), 2.077662066349815), (6.456144618269598e-05, array([[-1.96749885e-06],
       [-1.29029371e-07],
       [-2.23321649e-08]]), 2.0834779328168396), (6.799740544410584e-05, array([[-2.00098574e-06],
       [-1.60332393e-07],
       [ 2.46827726e-09]]), 2.065843554213986), (7.391366677824463e-05, array([[-2.27734257e-06],
       [-1.02200560e-07],
       [-9.32998948e-09]]), 2.129446070724396), (7.846397995143316e-05, array([[-1.76018140e-06],
       [ 7.61772578e-08],
       [-2.42963178e-08]]), 2.1576363066767845), (8.367156599873693e-05, array([[-1.73383876e-06],
       [ 4.55242567e-08],
       [ 6.27507790e-10]]), 2.2091670097028784), (8.860270621976683e-05, array([[-1.85254701e-06],
       [ 1.14295841e-07],
       [ 3.94076651e-08]]), 2.2584752247669044), (9.114791058416046e-05, array([[-8.01970790e-07],
       [-1.04427403e-07],
       [ 3.78481315e-08]]), 2.254477435200888), (9.476549925182226e-05, array([[-1.64314187e-06],
       [ 9.09304458e-08],
       [ 9.65091082e-09]]), 2.2854084032751367), (9.456631111425526e-05, array([[-7.49873278e-07],
       [-5.22519599e-08],
       [ 3.24673482e-08]]), 2.233803360871923), (0.00010002647850775792, array([[-8.60639288e-07],
       [-1.10380648e-07],
       [ 2.01436282e-08]]), 2.324439816215125), (0.00010160363183638002, array([[-3.71174106e-07],
       [-3.15687270e-08],
       [-2.13959786e-08]]), 2.3326308325973213), (0.00010259306153548547, array([[-1.06721995e-07],
       [-1.25813855e-07],
       [ 2.17799859e-08]]), 2.336590969082069), (0.0001029482953024731, array([[-2.12440412e-07],
       [ 2.60914916e-07],
       [-7.31062446e-09]]), 2.3354885156591996), (0.00010221306736816798, array([[ 3.10442017e-07],
       [-9.14271811e-09],
       [-5.88583512e-09]]), 2.318809109828181), (0.00010255592283782167, array([[ 5.97697346e-07],
       [ 7.23815197e-08],
       [-3.57015575e-09]]), 2.335745122937447), (0.0001005295125301032, array([[4.86402034e-07],
       [8.88964617e-08],
       [4.12611689e-09]]), 2.307971046658328), (9.812281535503295e-05, array([[ 5.67226745e-07],
       [-1.70565764e-07],
       [ 6.54063800e-09]]), 2.280202025433433), (9.889518151801422e-05, array([[ 1.19504125e-06],
       [-1.02165960e-07],
       [ 3.30733735e-09]]), 2.3360580131128525), (9.454198885448396e-05, array([[ 6.55983496e-07],
       [ 6.10099710e-08],
       [-3.68069085e-08]]), 2.2800181236445827), (9.010120615065034e-05, array([[ 1.54051877e-06],
       [-1.17630417e-07],
       [-1.01152951e-08]]), 2.228587960482821), (8.643366272612953e-05, array([[ 1.68205322e-06],
       [ 1.08184397e-07],
       [-4.60896956e-08]]), 2.203186496004251), (8.316851030433777e-05, array([[1.50342992e-06],
       [9.16745092e-08],
       [4.08280424e-09]]), 2.195884910451544), (7.929917944676488e-05, array([[1.78679337e-06],
       [3.83134379e-09],
       [3.13038374e-08]]), 2.180602982029744), (7.330137551540708e-05, array([[ 1.84306788e-06],
       [ 9.79907822e-08],
       [-1.58683098e-08]]), 2.1118060146884785), (7.021118058616093e-05, array([[ 1.89457513e-06],
       [-2.82770207e-09],
       [-1.81918451e-08]]), 2.133100724951961), (6.417236871770742e-05, array([[ 2.05998144e-06],
       [-8.40617197e-08],
       [-4.18858176e-08]]), 2.070921920515534), (5.919957733067905e-05, array([[ 1.91829566e-06],
       [-8.74071043e-08],
       [ 3.54767515e-10]]), 2.0459623717239035), (5.558985114262006e-05, array([[ 1.97686618e-06],
       [-2.85757278e-08],
       [-2.86078197e-08]]), 2.076897766205439), (4.8412659295275813e-05, array([[ 1.90524274e-06],
       [-9.11998081e-08],
       [ 2.97121511e-09]]), 1.9769135555702328), (4.3632895461851857e-05, array([[ 1.82505501e-06],
       [-8.04332050e-08],
       [ 1.28718668e-08]]), 1.973124499627628), (3.730019465712571e-05, array([[1.43893167e-06],
       [2.37781429e-08],
       [1.24485856e-08]]), 1.8959199653834893), (3.348215273934981e-05, array([[ 1.21687099e-06],
       [-3.96851402e-08],
       [-5.16177001e-09]]), 1.8425497759740277), (3.268292396477006e-05, array([[ 9.42326905e-07],
       [ 6.36740796e-08],
       [-7.43494323e-09]]), 1.9693037877449286), (2.9115097886732237e-05, array([[ 6.97580477e-07],
       [-1.26313005e-07],
       [-2.58580761e-08]]), 1.9469907847490087), (2.6028071446142902e-05, array([[ 4.25633558e-07],
       [-4.85462558e-08],
       [-2.21088494e-09]]), 1.9641757817222967), (2.340502271384436e-05, array([[ 2.35679608e-07],
       [ 8.02538549e-08],
       [-3.48523583e-09]]), 2.0360094145332877), (2.0933674323147235e-05, array([[ 1.31492507e-07],
       [ 2.52879902e-08],
       [-1.14121645e-10]]), 2.1595822796094577), (1.760992717048515e-05, array([[ 3.68568336e-08],
       [-8.07747080e-08],
       [-1.61149178e-09]]), 2.2426710076110328), (2.0103408187204917e-05, array([[7.89493119e-08],
       [2.01954816e-08],
       [7.04626209e-09]]), 2.2904072417954313), (2.3686015447539213e-05, array([[ 3.03841884e-07],
       [-5.14932143e-08],
       [ 1.34154638e-10]]), 2.234571799199851), (2.5938443294565333e-05, array([[4.87708267e-07],
       [4.52949671e-08],
       [1.73976417e-09]]), 2.095240133912621), (2.927327746163664e-05, array([[ 7.37251142e-07],
       [ 1.01565224e-08],
       [-8.67894611e-10]]), 2.0746843767950693), (3.307606395183299e-05, array([[ 1.06103587e-06],
       [-6.56953876e-08],
       [-2.66204632e-09]]), 2.0956785918473453), (3.623563582869355e-05, array([[ 1.50419184e-06],
       [ 1.07232757e-07],
       [-1.19412922e-08]]), 2.083385718896846), (3.713499376905832e-05, array([[ 1.70345802e-06],
       [-6.54317438e-08],
       [-5.81257981e-09]]), 1.961460646987498), (4.2482254689464835e-05, array([[2.06466976e-06],
       [3.72884283e-08],
       [1.43933912e-08]]), 2.0334320643343133), (4.779788989447726e-05, array([[2.25090815e-06],
       [1.45554724e-07],
       [1.55876790e-08]]), 2.0502636627829736), (5.302779422006662e-05, array([[ 2.04052494e-06],
       [-3.97793216e-08],
       [-3.14134806e-08]]), 2.0681409120228595), (5.848356619329889e-05, array([[ 2.49367741e-06],
       [ 1.20834376e-07],
       [-3.63498584e-08]]), 2.0988670907309683), (6.268666371782594e-05, array([[ 2.26917693e-06],
       [-1.56105597e-08],
       [ 3.85743182e-08]]), 2.0912159247825963), (6.822258422304009e-05, array([[2.16372946e-06],
       [3.93798115e-08],
       [6.43677398e-08]]), 2.134136191432302), (7.194130450211248e-05, array([[ 2.47826551e-06],
       [-7.32186530e-08],
       [ 3.82770768e-11]]), 2.126571647222329), (7.722491710363407e-05, array([[ 2.32734541e-06],
       [ 1.14251337e-08],
       [-3.18002857e-08]]), 2.1719299883506276), (8.121982927560959e-05, array([[ 2.31274891e-06],
       [-4.47029213e-08],
       [ 2.35166975e-08]]), 2.186920106017413), (8.367152384334426e-05, array([[ 1.43776798e-06],
       [-2.43023400e-07],
       [-6.92055182e-09]]), 2.169208288090537), (8.799923155749305e-05, array([[ 1.80771042e-06],
       [-4.44707668e-09],
       [-1.31289373e-08]]), 2.208232391929199), (9.025694729541531e-05, array([[ 1.98670542e-06],
       [ 3.34834270e-08],
       [-4.54125485e-08]]), 2.203096761781211), (9.371551267877028e-05, array([[ 1.70622514e-06],
       [ 1.54039837e-07],
       [-6.98096379e-09]]), 2.2355298351771684), (9.692750418612154e-05, array([[ 9.09811352e-07],
       [-1.51808239e-07],
       [ 2.73926853e-08]]), 2.269706520144309), (0.00010155417897578123, array([[ 5.37233742e-07],
       [-2.25672441e-07],
       [ 1.80450052e-08]]), 2.3444510281008055), (0.00010298306790587798, array([[ 3.53473212e-07],
       [-7.00077947e-08],
       [ 3.19527825e-09]]), 2.3536636139943865), (0.00010163122431286394, array([[2.13332966e-07],
       [3.24860868e-08],
       [9.18047199e-09]]), 2.3089751332533592), (0.00010341150690070151, array([[-2.60551351e-08],
       [-6.61611189e-10],
       [-9.83666259e-09]]), 2.3449399457340943)]