[(0.0001005776248269765, array([[ 1.88928817e-07],
       [ 1.46519354e-07],
       [-1.46438937e-08]]), 2.280679367048605), (0.00010262553227999656, array([[-1.50935437e-07],
       [-2.10585030e-07],
       [-3.87200401e-09]]), 2.331564966116509), (9.94684597161661e-05, array([[-5.76705835e-07],
       [ 1.09124836e-07],
       [-7.72395425e-09]]), 2.273337735364202), (9.802730663564053e-05, array([[-9.29600509e-07],
       [ 1.78846449e-07],
       [ 8.54513366e-09]]), 2.263030651635599), (9.762408839804321e-05, array([[-6.99735658e-07],
       [ 2.55061904e-07],
       [ 1.96690018e-10]]), 2.2860181103467374), (9.461903079570538e-05, array([[-1.70176157e-06],
       [-1.99398067e-07],
       [-2.34924974e-08]]), 2.257082741940373), (9.12379108519996e-05, array([[-1.30054737e-06],
       [ 1.03126700e-07],
       [-3.39307016e-08]]), 2.2270412635585943), (8.857162700799216e-05, array([[-1.58893222e-06],
       [-7.52124361e-08],
       [-4.07922137e-08]]), 2.2225959511604985), (8.469749016610309e-05, array([[-1.55107298e-06],
       [ 1.82545867e-07],
       [ 5.62460401e-08]]), 2.1958067596899893), (8.151444792731828e-05, array([[-1.83606618e-06],
       [-8.39820521e-08],
       [ 4.52789809e-08]]), 2.1948529896343314), (7.800413951725348e-05, array([[-2.28838267e-06],
       [ 6.71332502e-08],
       [ 3.45724941e-08]]), 2.1938454088031185), (7.273293247419303e-05, array([[-2.27484890e-06],
       [-5.30432882e-08],
       [ 2.31746787e-08]]), 2.1499720235739295), (6.60160802917049e-05, array([[-2.18999201e-06],
       [ 8.54337983e-08],
       [ 1.59557295e-08]]), 2.065112422397036), (6.192689169240598e-05, array([[-2.23237213e-06],
       [-1.58445609e-08],
       [ 5.69654923e-09]]), 2.0658700654796585), (5.756556396496036e-05, array([[-2.10679670e-06],
       [-5.63547983e-08],
       [ 2.19342784e-08]]), 2.06592168757431), (5.2297617193174976e-05, array([[-2.10120026e-06],
       [ 5.15123181e-08],
       [-5.01368233e-08]]), 2.0396632239623895), (4.7637553730913184e-05, array([[-2.11518511e-06],
       [-9.86829050e-08],
       [-2.86909222e-08]]), 2.0433861330277643), (4.357411911197355e-05, array([[-2.05654868e-06],
       [-1.42095489e-07],
       [ 1.59176333e-08]]), 2.085694641800232), (3.950935574628732e-05, array([[-1.77950493e-06],
       [-5.41636854e-08],
       [-5.15725514e-09]]), 2.086873824891909), (3.466557388805892e-05, array([[-1.36412215e-06],
       [-5.33453778e-08],
       [ 1.88871778e-08]]), 1.993114234759909), (3.293734932148128e-05, array([[-1.03942082e-06],
       [-5.84176622e-08],
       [ 7.55496728e-09]]), 2.086889720183914), (2.9008167618594888e-05, array([[-7.64972249e-07],
       [-9.92510834e-08],
       [ 4.40162378e-09]]), 2.0558952524746332), (2.5839185263406776e-05, array([[-4.75848353e-07],
       [ 1.22838278e-09],
       [-1.94874486e-09]]), 2.0872223277499726), (2.4915689968501805e-05, array([[-2.87120945e-07],
       [-2.22724329e-09],
       [ 2.78751093e-09]]), 2.350581012012509), (2.068351310317178e-05, array([[-1.00807466e-07],
       [ 3.66234869e-08],
       [-5.37745028e-10]]), 2.3564993436002055), (1.8561021564508243e-05, array([[ 1.58273878e-08],
       [-1.75363007e-08],
       [ 2.13616662e-09]]), 2.3637954053627706), (1.99975849615434e-05, array([[-8.37130725e-08],
       [ 7.84617804e-08],
       [-3.55081343e-09]]), 2.063012419667805), (2.3250078533674128e-05, array([[-3.26098022e-07],
       [-3.63872361e-08],
       [ 4.26391695e-09]]), 2.022530777344565), (2.5547215487401348e-05, array([[-4.51425168e-07],
       [ 4.12258058e-08],
       [ 3.47182151e-09]]), 1.92788858961852), (2.88293556992651e-05, array([[-6.85895200e-07],
       [ 4.17082303e-08],
       [ 1.31711390e-08]]), 1.9278825747070272), (3.269889160085546e-05, array([[-8.73753116e-07],
       [ 4.00566467e-08],
       [-9.15797389e-09]]), 1.9702659148256716), (3.5184358283102046e-05, array([[-1.25239495e-06],
       [ 1.04622779e-07],
       [ 1.44654018e-08]]), 1.936223515166323), (3.764423541605791e-05, array([[-1.69275114e-06],
       [-8.14931998e-09],
       [-3.23868854e-09]]), 1.9134071058598618), (4.329120445619468e-05, array([[-1.80637712e-06],
       [-5.34866864e-08],
       [-1.68999979e-08]]), 1.9576728802146068), (4.898504854530783e-05, array([[-1.77643846e-06],
       [ 2.12415049e-08],
       [-2.53411428e-08]]), 2.000286865029428), (5.468318814716936e-05, array([[-2.06492808e-06],
       [ 2.01376905e-08],
       [ 2.06348780e-08]]), 2.0430238429757903), (5.778894744503764e-05, array([[-2.00219068e-06],
       [ 9.82670038e-08],
       [-1.80636937e-08]]), 1.997210407662907), (6.475163501372386e-05, array([[-1.98422099e-06],
       [ 1.13150698e-07],
       [-2.20606421e-08]]), 2.0896155622527335), (6.856101036800943e-05, array([[-1.96570138e-06],
       [-3.50207573e-08],
       [ 1.54035813e-08]]), 2.0829665545926783), (7.394647991545105e-05, array([[-2.02241500e-06],
       [-1.13933245e-07],
       [-9.98922298e-09]]), 2.1303914142466156), (7.835348106785943e-05, array([[-1.94959968e-06],
       [-1.21883288e-07],
       [-2.38748168e-08]]), 2.1545977607963245), (8.43620838654336e-05, array([[-1.80078325e-06],
       [-2.54270426e-07],
       [ 4.19786576e-08]]), 2.227398642785254), (8.809354612203616e-05, array([[-1.50226736e-06],
       [ 1.62416979e-07],
       [ 2.04177902e-08]]), 2.245496778450464), (9.142995272167924e-05, array([[-1.11365398e-06],
       [ 9.94980026e-08],
       [-1.15177147e-08]]), 2.2614535428344777), (9.40172440272602e-05, array([[-1.00647861e-06],
       [ 2.76713734e-07],
       [-5.38261913e-08]]), 2.2673631358359345), (9.684309447978198e-05, array([[-9.95461167e-07],
       [-3.60644996e-08],
       [-6.77387144e-10]]), 2.287584525368718), (9.872901880012854e-05, array([[-5.03244904e-07],
       [-6.87773549e-08],
       [ 6.08976136e-09]]), 2.294289129623528), (0.00010176928167427686, array([[-5.48576062e-07],
       [-1.24629828e-07],
       [ 2.08677612e-08]]), 2.3364338454651605), (0.0001039159062639338, array([[-7.18955749e-07],
       [-9.77195156e-08],
       [-1.42860462e-09]]), 2.3667191960764558), (0.00010173834118849021, array([[-5.95565493e-07],
       [-2.35433011e-08],
       [-1.48827655e-09]]), 2.308039455629803), (0.00010125695184900498, array([[ 5.38229301e-08],
       [-6.80636033e-08],
       [-2.02231297e-09]]), 2.2971186407622493), (0.00010157298055010163, array([[ 2.24026244e-07],
       [-2.78989975e-07],
       [-7.93304800e-13]]), 2.3133582866520217), (0.0001026881403787186, array([[1.15604320e-07],
       [1.08262931e-07],
       [5.58347857e-09]]), 2.3575291361161166), (9.948256770078609e-05, array([[ 2.66553937e-07],
       [-1.15024381e-07],
       [-2.37088826e-09]]), 2.311800283612795), (9.870352263138283e-05, array([[ 1.19127103e-06],
       [ 4.00541660e-08],
       [-2.19609949e-08]]), 2.3315307320964562), (9.327472110176179e-05, array([[1.06278472e-06],
       [7.05746944e-08],
       [1.55466735e-09]]), 2.2494561111596942), (9.046588318232417e-05, array([[ 1.59116576e-06],
       [-9.42286643e-08],
       [-2.44570261e-08]]), 2.237607982266925), (8.746548126346885e-05, array([[1.67139642e-06],
       [1.36717465e-07],
       [1.02363218e-08]]), 2.2294874601898815), (8.477006753046024e-05, array([[ 1.85837774e-06],
       [-9.12523620e-08],
       [-1.63308281e-08]]), 2.2381705704110386), (7.78747781285033e-05, array([[ 1.97038630e-06],
       [-5.03311977e-09],
       [-8.09239602e-08]]), 2.1414341812441897), (7.477403435366072e-05, array([[1.82326930e-06],
       [1.12105363e-07],
       [4.52437792e-08]]), 2.15423318294202), (6.93287750205621e-05, array([[ 1.75281424e-06],
       [-1.06380443e-08],
       [ 2.80917268e-08]]), 2.10629217486113), (6.469175609983947e-05, array([[2.17562151e-06],
       [5.77906115e-08],
       [4.61812767e-08]]), 2.0876831954441255), (6.0093655368203054e-05, array([[ 2.06578835e-06],
       [-5.49611764e-08],
       [-1.98764149e-08]]), 2.0768620859556615), (5.38422104785759e-05, array([[ 1.80091930e-06],
       [-2.74486989e-08],
       [-1.51140118e-08]]), 2.011603995549876), (4.798008354977141e-05, array([[ 1.81878842e-06],
       [-7.96847266e-08],
       [ 1.63478591e-08]]), 1.9592494803562939), (4.266261733172764e-05, array([[ 1.73909355e-06],
       [-9.91171190e-08],
       [-1.67292377e-08]]), 1.9292475226418855), (3.7392696011436044e-05, array([[1.53396006e-06],
       [9.39063562e-08],
       [3.58065909e-08]]), 1.9006216878831728), (3.546695088964186e-05, array([[ 1.25260095e-06],
       [-3.91577728e-08],
       [-2.10056018e-08]]), 1.9517748134333515), (3.2251735915777495e-05, array([[9.10000177e-07],
       [6.22767356e-08],
       [2.49411763e-08]]), 1.9433226283166376), (2.8211421241984882e-05, array([[ 6.87530899e-07],
       [-7.79421397e-09],
       [ 2.21251288e-09]]), 1.8865599352096778), (2.5286298384905117e-05, array([[4.57544692e-07],
       [6.94515866e-08],
       [1.06137093e-08]]), 1.9081988075760552), (2.307125071189079e-05, array([[ 2.29540879e-07],
       [-6.23502565e-08],
       [-4.41527448e-10]]), 2.006974495550572), (2.0815323397406985e-05, array([[ 1.43551305e-07],
       [ 4.61886236e-09],
       [-4.93283740e-09]]), 2.1473728338113354), (1.7896442074769958e-05, array([[ 3.53375831e-08],
       [ 4.67035302e-08],
       [-1.05985775e-09]]), 2.279159441825851), (1.9711232629674677e-05, array([[ 8.48916089e-08],
       [ 1.50545071e-08],
       [-2.77047883e-10]]), 2.2457261743536368), (2.1631881442082714e-05, array([[ 2.37513100e-07],
       [-4.49036508e-08],
       [-3.03350930e-10]]), 2.040781926414498), (2.6248915121102685e-05, array([[4.73443252e-07],
       [8.72143192e-08],
       [6.27861448e-09]]), 2.1203192423241313), (2.884889225881942e-05, array([[7.71625993e-07],
       [2.61982700e-09],
       [2.97398186e-09]]), 2.0446069332569565), (3.3499149326914446e-05, array([[ 1.03405515e-06],
       [ 1.33568200e-08],
       [-3.55526668e-08]]), 2.1224850148961427), (3.4710582204230015e-05, array([[ 1.28162266e-06],
       [-9.16363913e-08],
       [ 3.94205065e-09]]), 1.9957020100534304), (3.881991062932742e-05, array([[ 1.79545409e-06],
       [ 7.30394747e-08],
       [-1.13405870e-10]]), 2.050457514347074), (4.2494118014261534e-05, array([[ 2.08840368e-06],
       [-5.19789207e-08],
       [ 9.80772974e-09]]), 2.033999907665783), (4.67074244782773e-05, array([[ 2.15093576e-06],
       [ 8.75276855e-08],
       [-5.72582495e-08]]), 2.0034887607257468), (5.268337864811714e-05, array([[2.35905143e-06],
       [2.15980230e-08],
       [4.50389035e-09]]), 2.0547083349081032), (5.704847750900949e-05, array([[2.06827609e-06],
       [1.79979480e-07],
       [3.91882050e-08]]), 2.0473644104433126), (6.188736570863694e-05, array([[ 2.27698646e-06],
       [-2.53409584e-08],
       [ 4.33742255e-08]]), 2.0645514857084883), (6.824209636460281e-05, array([[ 2.01313469e-06],
       [-4.78781047e-08],
       [ 6.10041396e-08]]), 2.1347465694758134), (7.046050081221329e-05, array([[ 2.22311769e-06],
       [-5.35551646e-08],
       [ 4.24320543e-08]]), 2.0827993641947202), (7.549416473297691e-05, array([[ 2.12994369e-06],
       [-9.31952769e-08],
       [-1.85754979e-08]]), 2.123253044208433), (7.980817645514774e-05, array([[ 2.07282668e-06],
       [ 5.28131257e-08],
       [-1.48175116e-08]]), 2.1489100293733427), (8.368442548286913e-05, array([[ 2.02675922e-06],
       [ 1.44960406e-07],
       [-4.29847645e-09]]), 2.169542766800877), (8.726819066468137e-05, array([[ 1.76399698e-06],
       [-7.69191750e-09],
       [-1.37084045e-08]]), 2.189887820610109), (9.113918501639695e-05, array([[ 1.46072395e-06],
       [ 1.57578254e-07],
       [-3.77293937e-08]]), 2.2246314483007343), (9.44784541993014e-05, array([[ 1.46867151e-06],
       [ 1.50306627e-08],
       [-7.54241492e-09]]), 2.2537293678147265), (9.868702449184574e-05, array([[ 1.15650966e-06],
       [-2.09665818e-08],
       [ 1.45515269e-09]]), 2.310908393067396), (9.951632052803024e-05, array([[ 9.90741340e-07],
       [ 1.84799798e-07],
       [-6.92841464e-09]]), 2.2974056048485227), (0.00010212978236452557, array([[ 4.58211281e-07],
       [ 9.25185786e-08],
       [-1.70168294e-08]]), 2.334161892285491), (0.00010105256469456881, array([[-2.56632318e-07],
       [ 3.13583653e-08],
       [ 1.16829435e-08]]), 2.295828477997606), (0.00010157143270965684, array([[-3.36886747e-07],
       [ 2.25241479e-08],
       [-3.59476919e-09]]), 2.303214768304485)]