[(0.00010202739995955533, array([[-4.93123843e-08],
       [ 5.73883817e-08],
       [ 1.23413725e-09]]), 2.31355419619098), (0.00010137819492949631, array([[-5.81317083e-07],
       [-6.55336095e-08],
       [ 1.32048130e-08]]), 2.303226520480775), (0.00010072717977253627, array([[-4.94655555e-07],
       [ 1.47016065e-07],
       [ 1.25949053e-08]]), 2.3021056062106124), (9.967605392328967e-05, array([[-5.93768246e-07],
       [-1.33979769e-07],
       [-3.09800936e-08]]), 2.3010931647945037), (9.767569243977607e-05, array([[-1.03672124e-06],
       [-1.25484863e-08],
       [ 7.73655813e-09]]), 2.287226498316389), (9.445392488759846e-05, array([[-1.28035244e-06],
       [-1.44203093e-07],
       [ 2.21722665e-08]]), 2.2531442351447883), (9.227345692156408e-05, array([[-1.69999314e-06],
       [ 6.39560014e-09],
       [-3.09081298e-09]]), 2.2523180789273396), (8.866092983818636e-05, array([[-1.94969318e-06],
       [-1.03789032e-07],
       [-3.45250890e-08]]), 2.2248368957555305), (8.468805091863682e-05, array([[-2.06641143e-06],
       [ 1.09831151e-07],
       [-7.52313426e-09]]), 2.1955620444882498), (7.991489342192198e-05, array([[-2.10958864e-06],
       [ 1.77963519e-07],
       [ 3.91242560e-08]]), 2.1517834838286554), (7.669099795003901e-05, array([[-2.24433614e-06],
       [-5.04052874e-09],
       [ 1.12784908e-08]]), 2.1569136559990922), (7.144105438991481e-05, array([[-2.33836431e-06],
       [ 2.39021307e-07],
       [ 4.68673906e-08]]), 2.111784346484848), (6.67355577152629e-05, array([[-2.07091640e-06],
       [ 1.85884743e-07],
       [-2.05158210e-09]]), 2.087619086810594), (6.316658960394652e-05, array([[-2.39930992e-06],
       [ 3.93170547e-08],
       [ 2.56385382e-08]]), 2.107226166774232), (5.829323803835581e-05, array([[-2.34084774e-06],
       [-9.12885024e-08],
       [-3.84909139e-09]]), 2.0920365650491184), (5.0585660203458835e-05, array([[-2.05243568e-06],
       [ 1.87276885e-07],
       [ 1.19563555e-08]]), 1.9728950631868911), (4.807328810956946e-05, array([[-2.25706055e-06],
       [ 1.38826145e-07],
       [ 8.90377780e-09]]), 2.062076714665501), (4.226540702816444e-05, array([[-2.03654396e-06],
       [-5.63837105e-08],
       [-5.21839355e-09]]), 2.023052554329786), (3.74383128943312e-05, array([[-1.75491729e-06],
       [ 8.02542077e-08],
       [ 3.33898384e-09]]), 1.977481883759514), (3.4048343531403414e-05, array([[-1.44889749e-06],
       [ 6.25799497e-08],
       [-4.00952565e-09]]), 1.9576262715734754), (3.137672213112405e-05, array([[-1.05609921e-06],
       [ 4.02623675e-08],
       [-9.70226042e-09]]), 1.98800936375912), (2.9228537111125245e-05, array([[-6.97901777e-07],
       [-7.85245355e-08],
       [-9.00863044e-12]]), 2.071513494875887), (2.5582487866299683e-05, array([[-4.01255045e-07],
       [ 1.52395833e-07],
       [-1.35704932e-08]]), 2.066486978192492), (2.3654198191859623e-05, array([[-2.03835387e-07],
       [-4.85057900e-08],
       [ 6.56444184e-10]]), 2.231570114833516), (1.9377616164463057e-05, array([[-1.07121775e-07],
       [-5.73172048e-08],
       [-5.00931067e-10]]), 2.207716819880639), (1.7922731309043842e-05, array([[-1.02250396e-08],
       [-7.25508235e-08],
       [ 1.66724563e-10]]), 2.2825074456504866), (2.021032972920119e-05, array([[-1.14220267e-07],
       [ 8.01909567e-08],
       [-4.16358314e-09]]), 2.0849598247540384), (2.4927855306641627e-05, array([[-2.07580760e-07],
       [ 7.65751253e-08],
       [ 1.91562551e-09]]), 2.168481043960906), (2.6826888410234793e-05, array([[-5.22934944e-07],
       [-2.10396821e-09],
       [ 2.14912265e-09]]), 2.024457502484622), (2.8864751668684368e-05, array([[-7.54295381e-07],
       [-3.31778332e-08],
       [-6.09129934e-09]]), 1.9302495812183804), (3.2509656790156336e-05, array([[-1.09032517e-06],
       [-9.02577545e-08],
       [-1.16865705e-08]]), 1.9588636048645223), (3.5920884259521605e-05, array([[-1.36243107e-06],
       [-2.50575372e-09],
       [ 3.31032555e-09]]), 1.9767551316192877), (3.803536078177268e-05, array([[-1.64687309e-06],
       [ 1.11496121e-08],
       [-2.58803790e-09]]), 1.9332874951351193), (4.3483540808479695e-05, array([[-1.59968784e-06],
       [-3.35428209e-08],
       [-5.29040036e-08]]), 1.9663705282814044), (4.8145558386034934e-05, array([[-1.83607126e-06],
       [ 5.60789227e-08],
       [-9.32083129e-09]]), 1.9660065858670654), (5.3628067680733666e-05, array([[-1.74115496e-06],
       [-6.00724310e-08],
       [ 3.10056812e-09]]), 2.0036033859179763), (6.039141969248928e-05, array([[-1.94860031e-06],
       [ 2.33131811e-08],
       [-4.49034674e-08]]), 2.087152946644219), (6.405591309655432e-05, array([[-2.10124312e-06],
       [ 7.84998648e-08],
       [ 3.68445318e-08]]), 2.0671637532009677), (6.840028336253313e-05, array([[-1.68505709e-06],
       [-5.00227133e-08],
       [ 1.84405513e-08]]), 2.0780834734503504), (7.522710186762384e-05, array([[-2.13276340e-06],
       [ 2.60655899e-08],
       [-1.92526646e-08]]), 2.1672860171394652), (7.95370865091694e-05, array([[-1.26959535e-06],
       [ 1.85058024e-08],
       [ 2.29873228e-08]]), 2.1871450528726544), (8.357553502588293e-05, array([[-1.57207682e-06],
       [-2.26759199e-08],
       [-1.06473427e-08]]), 2.2066315192455597), (8.747739379512367e-05, array([[-2.10057689e-06],
       [ 2.25679005e-07],
       [-5.18343708e-09]]), 2.229791109578875), (9.024197858539061e-05, array([[-1.45170030e-06],
       [ 3.07879731e-08],
       [-1.82288622e-09]]), 2.2320698645175505), (9.40492137622237e-05, array([[-1.36063479e-06],
       [ 2.24799432e-08],
       [-3.19132974e-08]]), 2.2681341326809137), (9.515119318029179e-05, array([[-1.28168151e-06],
       [ 1.66981015e-08],
       [ 1.16196878e-08]]), 2.2476191850214726), (9.87831186964118e-05, array([[-7.40671874e-07],
       [ 1.71650788e-07],
       [-1.36829208e-08]]), 2.2955463162690037), (0.00010080702902822528, array([[-9.70665368e-07],
       [ 5.12602583e-08],
       [-1.26313875e-08]]), 2.3143423104446126), (0.00010238382723623567, array([[-1.82610470e-07],
       [-2.70322385e-07],
       [ 7.91719133e-09]]), 2.3318255885901324), (0.00010280200817309559, array([[-2.11609881e-08],
       [-1.27433367e-07],
       [-2.67682552e-09]]), 2.332169840885168), (0.00010345392527782227, array([[ 5.67427527e-07],
       [-1.38675326e-07],
       [-2.23347558e-08]]), 2.346959254413362), (0.00010180887728511508, array([[ 3.84003104e-07],
       [-5.24806690e-08],
       [ 1.37095908e-08]]), 2.3187309129526583), (0.00010006999056351233, array([[3.84197746e-07],
       [1.77233680e-07],
       [2.13166960e-08]]), 2.2974212750787872), (0.0001011685312818411, array([[8.61779272e-07],
       [1.25233718e-08],
       [1.38322410e-09]]), 2.3509791184069138), (9.646934480420438e-05, array([[ 1.45104290e-06],
       [-1.91807410e-07],
       [-3.15099783e-08]]), 2.278755976685865), (9.367276185348571e-05, array([[ 1.44817539e-06],
       [ 1.10957644e-08],
       [-3.74887502e-08]]), 2.259055445158015), (9.007937511693174e-05, array([[1.62644597e-06],
       [1.44665987e-08],
       [8.40997691e-09]]), 2.2280479857034727), (8.705372069131795e-05, array([[ 1.90638473e-06],
       [-2.87029445e-08],
       [-1.89101355e-09]]), 2.218991719253572), (8.380506142650902e-05, array([[ 1.79283993e-06],
       [-1.28793728e-07],
       [ 1.84499602e-08]]), 2.2126916681870368), (8.123128279674987e-05, array([[2.17105817e-06],
       [1.46457428e-07],
       [6.52533078e-08]]), 2.233732791896129), (7.466802371899182e-05, array([[ 1.75221644e-06],
       [ 7.54958215e-08],
       [-5.87903810e-09]]), 2.1511790261224433), (7.022360240744139e-05, array([[ 1.89222362e-06],
       [-3.42391160e-08],
       [-3.10787657e-09]]), 2.133478114931126), (6.450893987492152e-05, array([[2.17873666e-06],
       [1.03376850e-07],
       [2.39956443e-08]]), 2.0817834891503786), (5.9286998857045085e-05, array([[ 2.12273684e-06],
       [ 8.84253017e-08],
       [-2.59381628e-08]]), 2.0489836965624995), (5.509482089580707e-05, array([[ 1.99890677e-06],
       [-3.42282212e-08],
       [-5.68454060e-09]]), 2.058402893622091), (4.945053686604925e-05, array([[ 1.88093796e-06],
       [ 8.85169192e-08],
       [-1.19323869e-08]]), 2.019294913433062), (4.2953094494338e-05, array([[ 1.48760287e-06],
       [-1.11816550e-07],
       [-2.44933979e-08]]), 1.942383199292772), (3.879809859939823e-05, array([[ 1.74219977e-06],
       [-1.38184218e-07],
       [ 2.40621065e-09]]), 1.97205645787331), (3.475924558416065e-05, array([[ 1.12192202e-06],
       [ 1.81038420e-08],
       [-6.07998225e-09]]), 1.9128292216662623), (3.1950767866658676e-05, array([[9.61128175e-07],
       [2.20843107e-08],
       [1.04281015e-08]]), 1.9251878518884704), (2.870091929009131e-05, array([[ 6.96496521e-07],
       [-3.80582332e-08],
       [ 1.58034333e-08]]), 1.919293748866205), (2.6129096304876132e-05, array([[ 4.07465280e-07],
       [-4.01837415e-08],
       [ 2.26981893e-10]]), 1.9717994960372938), (2.3015231725884902e-05, array([[ 1.92490626e-07],
       [ 4.83619408e-08],
       [-3.02871198e-09]]), 2.002101388427582), (2.0449779919492382e-05, array([[ 9.47610084e-08],
       [-8.53712906e-08],
       [ 2.83384879e-09]]), 2.1096622434417176), (1.731715298099365e-05, array([[ 8.12301136e-09],
       [-4.85373850e-08],
       [-8.54259459e-10]]), 2.2053854367967545), (1.899374012003699e-05, array([[6.86022992e-08],
       [1.16655286e-07],
       [1.08490471e-09]]), 2.1639813266788), (2.375834143416307e-05, array([[ 2.58954980e-07],
       [-1.75498383e-07],
       [ 1.88176825e-09]]), 2.2413951338555647), (2.759544292289551e-05, array([[ 4.90260541e-07],
       [-5.60016382e-08],
       [ 6.05942715e-10]]), 2.2290882636453375), (2.9810254802645343e-05, array([[ 7.45402585e-07],
       [-2.71863163e-08],
       [-1.74986501e-08]]), 2.112741560571082), (3.2850446603683016e-05, array([[ 1.12941099e-06],
       [-8.83282856e-09],
       [ 1.67118425e-08]]), 2.0813836186862154), (3.541309072186996e-05, array([[1.44711799e-06],
       [1.82126483e-08],
       [2.16318306e-09]]), 2.0360930830836845), (3.923637616998392e-05, array([[ 1.87207960e-06],
       [-2.97009622e-08],
       [ 3.48500265e-09]]), 2.0724551151519712), (4.301689811839607e-05, array([[ 2.08077840e-06],
       [-1.16575360e-07],
       [ 1.24522433e-09]]), 2.0590230104675005), (4.684406414896917e-05, array([[ 1.97731977e-06],
       [ 1.12593761e-07],
       [-1.26171428e-08]]), 2.009349842717706), (5.167850303751749e-05, array([[ 2.34827221e-06],
       [ 3.86353099e-08],
       [-8.05288141e-09]]), 2.015517107131395), (5.6845906415880086e-05, array([[2.33270392e-06],
       [1.17480207e-07],
       [1.77682192e-08]]), 2.0400945083395756), (6.15732579984822e-05, array([[ 2.26900704e-06],
       [ 8.64820438e-08],
       [-5.46538593e-08]]), 2.0540729085021887), (6.888171551826689e-05, array([[ 2.37465335e-06],
       [-7.54963960e-09],
       [ 1.19639197e-08]]), 2.154755110637273), (7.24326362741797e-05, array([[ 2.33741095e-06],
       [ 2.72494508e-08],
       [-1.16168889e-08]]), 2.141095323476031), (7.56468924543797e-05, array([[ 2.37657187e-06],
       [-1.63518232e-07],
       [-1.52756028e-08]]), 2.1275484702264627), (8.11009370392891e-05, array([[ 1.97194611e-06],
       [ 1.87241819e-08],
       [-1.55958971e-08]]), 2.1837188210063805), (8.34055213781963e-05, array([[ 1.67489923e-06],
       [-7.85614871e-08],
       [ 5.46592629e-09]]), 2.162312097779341), (8.732714736061031e-05, array([[ 1.63535007e-06],
       [-1.37564158e-07],
       [ 1.21765842e-08]]), 2.1913672663207944), (9.191789380424138e-05, array([[1.25873840e-06],
       [9.51678500e-08],
       [6.69509922e-09]]), 2.243639079959885), (9.318979843009072e-05, array([[ 1.74324794e-06],
       [-1.46505205e-07],
       [-3.26560564e-08]]), 2.222989223125786), (9.938790942623395e-05, array([[ 7.67801452e-07],
       [-1.81512949e-07],
       [ 1.16432234e-08]]), 2.327320691298011), (9.95898622519608e-05, array([[ 2.78726892e-07],
       [ 1.46506376e-07],
       [-1.13552781e-08]]), 2.299103368269154), (0.00010130758838598724, array([[7.50812275e-07],
       [1.24686087e-07],
       [7.24557735e-09]]), 2.3153707638963117), (0.0001003898799853646, array([[4.66234160e-07],
       [1.76632819e-07],
       [7.69169698e-09]]), 2.2807728440122337), (0.00010151136958860494, array([[-5.02509271e-09],
       [-1.19899296e-08],
       [-1.10654406e-08]]), 2.301852788230495)]