[(0.00010467414180566821, array([[-1.35170823e-07],
       [ 2.22169195e-07],
       [-1.55888396e-08]]), 2.373571218155041), (0.00010232299794084925, array([[-4.89842837e-07],
       [ 8.81763768e-08],
       [ 2.20862973e-08]]), 2.324691642777454), (0.00010199836748961625, array([[-6.60634339e-07],
       [-1.16671008e-07],
       [-4.44566925e-09]]), 2.3311584236988456), (9.889438796739334e-05, array([[-6.54342026e-07],
       [ 3.05554909e-08],
       [ 2.25162427e-09]]), 2.2830478458089636), (9.681683475976233e-05, array([[-1.23022822e-06],
       [-1.92888102e-08],
       [-7.29692775e-09]]), 2.2671150253906034), (9.391302796765688e-05, array([[-1.46132028e-06],
       [-1.05877478e-07],
       [-1.75884234e-08]]), 2.240241449173488), (9.074639106881248e-05, array([[-1.24817251e-06],
       [-3.86247855e-08],
       [-1.33738626e-08]]), 2.215043675836658), (8.924651373135091e-05, array([[-1.73309150e-06],
       [-1.33764741e-07],
       [-2.80902227e-08]]), 2.2395314027210054), (8.372096364985373e-05, array([[-1.74550653e-06],
       [-2.12416916e-08],
       [ 2.31150363e-08]]), 2.1704900292745815), (7.91974571263907e-05, array([[-2.13017501e-06],
       [ 1.05611719e-07],
       [ 2.10541929e-08]]), 2.1324658384521813), (7.70245691054821e-05, array([[-2.01211921e-06],
       [ 1.45651485e-07],
       [-2.53054708e-08]]), 2.166295254878419), (7.141891193376757e-05, array([[-2.23217272e-06],
       [ 1.26716794e-07],
       [-9.82222482e-09]]), 2.111129819578942), (6.640217296801202e-05, array([[-2.39474277e-06],
       [ 6.08411980e-08],
       [ 7.81351203e-08]]), 2.0771901582837358), (6.0822842034484126e-05, array([[-2.42614139e-06],
       [ 1.25912015e-07],
       [ 3.20642545e-08]]), 2.029039165740127), (5.6368688322709844e-05, array([[-2.46455307e-06],
       [ 1.42339983e-08],
       [ 1.44595475e-08]]), 2.0229680330568303), (5.1433129343639376e-05, array([[-2.31247687e-06],
       [-7.25482620e-08],
       [-3.16391308e-08]]), 2.0059472696054823), (4.7723737073123067e-05, array([[-2.19558837e-06],
       [-1.00152840e-08],
       [-3.53358527e-08]]), 2.047082919125649), (4.169611217570896e-05, array([[-2.00347509e-06],
       [-8.41053903e-09],
       [ 1.09020773e-08]]), 1.9958030023579), (3.819748544953614e-05, array([[-1.74447921e-06],
       [-6.32787669e-09],
       [ 1.29149544e-08]]), 2.017581179334142), (3.529234016941308e-05, array([[-1.42791383e-06],
       [-7.84210369e-09],
       [ 6.74009329e-09]]), 2.029150470630933), (3.3018637498807474e-05, array([[-1.08292192e-06],
       [-5.61041702e-08],
       [ 1.59577960e-08]]), 2.092040087931445), (2.937000151892045e-05, array([[-7.41809677e-07],
       [-2.26704438e-08],
       [-8.28696161e-09]]), 2.081539498869116), (2.66748010316053e-05, array([[-5.44335588e-07],
       [ 2.89689231e-08],
       [-3.41886211e-09]]), 2.1547212009158345), (2.2353727573241412e-05, array([[-3.11733430e-07],
       [-4.22199714e-09],
       [ 7.37282829e-10]]), 2.108881899228466), (1.972079906881521e-05, array([[-7.86323479e-08],
       [ 5.16849408e-08],
       [ 2.19671366e-09]]), 2.246816091112113), (1.8058791004192633e-05, array([[ 5.79968381e-09],
       [-1.21940690e-07],
       [-1.84695553e-09]]), 2.2998350092832314), (2.008520162628231e-05, array([[-9.65754543e-08],
       [-5.71760601e-08],
       [ 2.99007369e-09]]), 2.07205122449718), (2.2811345968863105e-05, array([[-2.07399024e-07],
       [ 6.01197557e-08],
       [-3.40367923e-09]]), 1.9843653099002967), (2.497198189368621e-05, array([[-3.86961652e-07],
       [-2.39674596e-08],
       [ 1.06535752e-08]]), 1.884479307607509), (3.0007179998973106e-05, array([[-6.77481677e-07],
       [ 5.80559469e-08],
       [ 2.02558727e-09]]), 2.006646282337561), (3.275868168628077e-05, array([[-1.07872329e-06],
       [-5.18245772e-08],
       [-7.09433505e-09]]), 1.9738685558202338), (3.4778975502001556e-05, array([[-1.32509581e-06],
       [-2.82517724e-08],
       [ 2.73656817e-08]]), 1.9139149749026438), (3.749071689065247e-05, array([[-1.42883872e-06],
       [-7.75670642e-09],
       [-2.97218523e-08]]), 1.9056039605935189), (4.29888194150786e-05, array([[-1.66590088e-06],
       [ 1.35000998e-07],
       [ 2.13298726e-08]]), 1.9439987170257644), (4.982644926724876e-05, array([[-1.88979464e-06],
       [-6.24370967e-08],
       [-3.25579010e-09]]), 2.034645161332187), (5.383984343365389e-05, array([[-1.85891385e-06],
       [ 1.55994701e-07],
       [-6.42761686e-09]]), 2.011515560157264), (5.9317695776534235e-05, array([[-2.11569558e-06],
       [-2.19962501e-07],
       [ 3.81029938e-08]]), 2.0500445950525665), (6.319981249790393e-05, array([[-2.14314917e-06],
       [-2.31930572e-08],
       [ 1.13999869e-08]]), 2.0395363252076115), (6.946438685396612e-05, array([[-1.87848432e-06],
       [ 9.72365664e-08],
       [-1.16714629e-08]]), 2.1104122266496237), (7.58909630731227e-05, array([[-2.03557711e-06],
       [-8.41043949e-08],
       [ 7.91842241e-09]]), 2.186411798570349), (8.073331303540711e-05, array([[-1.90502066e-06],
       [ 1.61800488e-07],
       [ 2.29265520e-09]]), 2.2200394049768675), (8.274613235807418e-05, array([[-2.02224392e-06],
       [-2.10165745e-08],
       [ 1.71541681e-08]]), 2.184732932914448), (8.540777364450979e-05, array([[-1.48414372e-06],
       [-5.47826187e-08],
       [-4.01105930e-09]]), 2.1770366731258153), (9.178320047840613e-05, array([[-1.30285322e-06],
       [ 2.46151375e-08],
       [-5.63733430e-08]]), 2.270190869795371), (9.2839883534287e-05, array([[-1.14780531e-06],
       [ 6.12032836e-08],
       [ 2.02991497e-08]]), 2.238969368214082), (9.550992767017714e-05, array([[-9.50870838e-07],
       [ 2.23977544e-07],
       [ 6.33917314e-09]]), 2.2560930516630333), (9.896125300668883e-05, array([[-6.17015875e-07],
       [-7.11846669e-08],
       [ 1.00036467e-08]]), 2.299685845017982), (9.971294946376054e-05, array([[-9.35345084e-07],
       [ 1.32341893e-07],
       [-1.45271360e-09]]), 2.289224274019547), (0.00010133270713833466, array([[-3.89516744e-07],
       [-1.11026573e-07],
       [ 2.94045870e-08]]), 2.3078859800881806), (0.00010241628082154053, array([[ 2.67893304e-07],
       [-1.29126281e-07],
       [ 4.95458105e-09]]), 2.3234192171173276), (0.0001013530028326156, array([[4.93365122e-08],
       [2.22939955e-07],
       [9.51373780e-09]]), 2.29929765663115), (0.00010346964459677695, array([[ 4.29761352e-07],
       [-9.49049477e-08],
       [-2.25525363e-08]]), 2.356555438745113), (0.00010174522495340377, array([[ 3.36429552e-07],
       [-5.27344634e-08],
       [-1.06430511e-08]]), 2.3358815477979844), (9.912619377469044e-05, array([[8.13482362e-07],
       [6.59009723e-08],
       [1.16696177e-08]]), 2.30351877899886), (9.883277860617338e-05, array([[ 1.00967209e-06],
       [ 3.42748420e-08],
       [-3.23546783e-08]]), 2.334583959271101), (9.375793546486657e-05, array([[ 1.29639122e-06],
       [-1.84615514e-07],
       [-1.76018768e-08]]), 2.261109531177968), (9.10136545815235e-05, array([[ 1.72165215e-06],
       [ 1.05742583e-08],
       [-1.62594797e-08]]), 2.2511567103861836), (8.687297620459737e-05, array([[1.37010775e-06],
       [5.99538885e-08],
       [2.05260599e-08]]), 2.214384558110445), (8.350761062158212e-05, array([[2.01368959e-06],
       [1.33386057e-07],
       [3.39833873e-08]]), 2.2048381220341655), (7.966128015691154e-05, array([[ 1.85866007e-06],
       [-6.18562941e-08],
       [-4.46042278e-08]]), 2.190560183275074), (7.475330376464371e-05, array([[1.90489593e-06],
       [2.21339054e-08],
       [6.32515984e-08]]), 2.1536359365429405), (7.020854782640203e-05, array([[ 2.04818712e-06],
       [ 1.83464426e-07],
       [-7.55782606e-10]]), 2.133020738520976), (6.571794771028096e-05, array([[ 2.20446692e-06],
       [ 1.13569211e-08],
       [-3.11862196e-09]]), 2.120799671322723), (6.059287577549983e-05, array([[ 2.20803516e-06],
       [-1.53901604e-08],
       [-1.53237101e-08]]), 2.0941153538771635), (5.385430516517062e-05, array([[1.81693380e-06],
       [2.43498863e-08],
       [6.05534964e-09]]), 2.012055866297058), (4.837411919401599e-05, array([[ 2.02810287e-06],
       [ 3.69459780e-08],
       [-6.53161710e-10]]), 1.9753397843764442), (4.336055897602609e-05, array([[1.69782617e-06],
       [1.36985738e-07],
       [3.11660948e-09]]), 1.9608091630762152), (3.847998522900778e-05, array([[1.55201350e-06],
       [2.47599737e-08],
       [1.30614462e-08]]), 1.9558871725459088), (3.658747400153485e-05, array([[1.23815030e-06],
       [4.50088732e-08],
       [1.75999685e-08]]), 2.0134381008827784), (3.235496379346764e-05, array([[ 8.63731946e-07],
       [-1.05033769e-07],
       [ 1.07814886e-08]]), 1.9495426057811749), (2.7677124576973547e-05, array([[ 5.71801318e-07],
       [ 4.41975057e-08],
       [-4.51139826e-09]]), 1.850830339274737), (2.601410768359606e-05, array([[5.27910514e-07],
       [3.63068848e-08],
       [4.40477690e-09]]), 1.9631220238873), (2.363526804276082e-05, array([[ 2.13420625e-07],
       [-2.64509970e-08],
       [ 7.85875717e-11]]), 2.056038519527445), (2.1237247491471317e-05, array([[ 1.54269897e-07],
       [-3.63943376e-08],
       [ 2.77011504e-09]]), 2.190899822089455), (1.8119416726246617e-05, array([[-7.36965031e-10],
       [-8.89051629e-08],
       [-1.42672242e-09]]), 2.307555856044815), (2.0354004401968582e-05, array([[ 1.09752990e-07],
       [ 6.36417813e-10],
       [-1.42768088e-09]]), 2.3189579919824834), (2.2643460184460027e-05, array([[ 2.12868292e-07],
       [-1.37806063e-08],
       [-5.11435019e-09]]), 2.1362156786803834), (2.5390962222660656e-05, array([[ 4.68147453e-07],
       [ 1.48171342e-08],
       [-1.09756123e-08]]), 2.0510160337464973), (2.961751702028632e-05, array([[ 6.96359986e-07],
       [ 4.19775637e-08],
       [-4.59533823e-09]]), 2.099081659782643), (3.321545531547004e-05, array([[1.00426722e-06],
       [9.80552408e-08],
       [3.37172304e-09]]), 2.1045103409057573), (3.5244915375983e-05, array([[ 1.36161885e-06],
       [-7.46981173e-08],
       [ 1.39714646e-08]]), 2.026423758787904), (3.734412666936917e-05, array([[ 1.64029892e-06],
       [ 1.80493259e-09],
       [-1.37901469e-08]]), 1.9725069920199259), (4.176518209525118e-05, array([[2.15092358e-06],
       [7.52530093e-09],
       [1.83537267e-08]]), 1.999109064856345), (4.707532410744789e-05, array([[ 2.03835201e-06],
       [ 5.15960904e-08],
       [-5.08341987e-08]]), 2.0192696088532482), (5.195332122499152e-05, array([[1.98997599e-06],
       [9.10750154e-08],
       [4.60587154e-10]]), 2.026235311522931), (5.7910858903046565e-05, array([[ 2.39637270e-06],
       [ 7.17641522e-08],
       [-7.63231516e-09]]), 2.0783136846654187), (6.133156465661969e-05, array([[ 2.27375408e-06],
       [ 9.08035579e-08],
       [-6.59802900e-08]]), 2.046010061710853), (6.545832228471193e-05, array([[ 2.24539919e-06],
       [-9.94789233e-09],
       [ 3.16814079e-08]]), 2.047664658400098), (7.032927017129262e-05, array([[2.54900589e-06],
       [1.21354362e-09],
       [6.42760186e-09]]), 2.0789202107353812), (7.402858506881065e-05, array([[ 1.91697322e-06],
       [ 1.01164659e-07],
       [-2.47952644e-08]]), 2.0820340109960322), (8.128575625020195e-05, array([[ 2.11021512e-06],
       [-1.53010749e-07],
       [ 2.44894424e-08]]), 2.1886952516628893), (8.240043608647566e-05, array([[ 1.52159288e-06],
       [ 1.69305648e-07],
       [-6.62787944e-08]]), 2.1362549729070808), (8.78726500245954e-05, array([[ 1.60679681e-06],
       [-1.14685989e-08],
       [ 2.82356072e-10]]), 2.2050559841786153), (9.280868334448864e-05, array([[1.68579738e-06],
       [5.85437985e-08],
       [1.44379521e-09]]), 2.265382509250973), (9.483811809483907e-05, array([[ 1.27464584e-06],
       [-1.83616622e-09],
       [ 2.35105733e-08]]), 2.262308943875592), (9.746898059915737e-05, array([[ 1.16410404e-06],
       [-6.56578992e-08],
       [ 2.88648992e-08]]), 2.2823860227838475), (9.967879580398642e-05, array([[9.50002836e-07],
       [7.35330580e-08],
       [4.79358044e-09]]), 2.3011564630761026), (0.00010206171800308334, array([[1.12036847e-06],
       [6.84841963e-08],
       [1.51007777e-08]]), 2.332606290824067), (0.00010438877314874312, array([[ 7.63676694e-07],
       [-1.46714077e-07],
       [-3.61015129e-09]]), 2.371624301693721), (0.00010280136819304517, array([[-2.96517446e-07],
       [ 6.99264786e-08],
       [ 2.46160973e-09]]), 2.331104554771309)]