[(0.00010333544331314982, array([[-2.95154948e-08],
       [-1.07712663e-08],
       [ 7.54370606e-09]]), 2.3432151420810823), (0.00010316356853090018, array([[ 6.54283458e-07],
       [-4.57839427e-08],
       [-2.37625366e-08]]), 2.3437886929536567), (9.92290630170565e-05, array([[-6.81911076e-07],
       [-1.39233917e-08],
       [-5.75246940e-09]]), 2.2678663572875695), (9.733071792287613e-05, array([[-9.27688092e-07],
       [ 6.33303109e-09],
       [-6.97809934e-09]]), 2.2469494018015235), (9.483197436843374e-05, array([[-9.39897194e-07],
       [ 1.28265283e-08],
       [-4.14610787e-09]]), 2.220636467940862), (9.658728643909079e-05, array([[-1.13592079e-06],
       [ 1.57668166e-07],
       [ 2.38260022e-08]]), 2.3040343520662887), (9.265926890458905e-05, array([[-1.36550905e-06],
       [-1.43211383e-07],
       [-4.39912074e-08]]), 2.2617354274631447), (8.837739896654197e-05, array([[-1.93716357e-06],
       [ 3.46635076e-08],
       [ 1.62824658e-08]]), 2.2177220375482976), (8.505316571939913e-05, array([[-1.64262385e-06],
       [ 1.36573919e-07],
       [ 8.35422772e-10]]), 2.205027750567668), (8.006257525499938e-05, array([[-2.00809318e-06],
       [ 1.68008085e-07],
       [ 4.02977904e-08]]), 2.1557599557435925), (7.582398206260108e-05, array([[-2.09980037e-06],
       [ 6.57086427e-08],
       [-2.46752665e-08]]), 2.132529067747922), (7.124963081137862e-05, array([[-2.23614625e-06],
       [ 2.47579656e-09],
       [-1.86557261e-08]]), 2.106125900929236), (6.68931062188791e-05, array([[-2.42396460e-06],
       [-3.54558776e-08],
       [ 4.19850780e-08]]), 2.092547512892697), (6.25894443857865e-05, array([[-2.32771389e-06],
       [ 1.08748745e-08],
       [ 3.20792455e-08]]), 2.087972705199675), (5.865181367371037e-05, array([[-2.60879947e-06],
       [ 3.54686178e-08],
       [ 1.61751288e-08]]), 2.104905181817394), (5.279579732355611e-05, array([[-2.09974804e-06],
       [ 4.97690755e-08],
       [ 8.18913214e-09]]), 2.0590927839573294), (4.709487608049196e-05, array([[-2.20578504e-06],
       [ 4.34348490e-08],
       [ 2.10947854e-08]]), 2.0201082797643792), (4.249721278292653e-05, array([[-2.02532399e-06],
       [-1.68809813e-08],
       [ 3.21235453e-08]]), 2.0341480401479464), (3.7809489028006515e-05, array([[-1.65595188e-06],
       [-1.46967416e-07],
       [ 2.02422099e-08]]), 1.9970873099468136), (3.5437655463365747e-05, array([[-1.40288262e-06],
       [ 5.48332463e-08],
       [-1.46550558e-08]]), 2.0375054449879317), (3.300696974493853e-05, array([[-1.04743749e-06],
       [-1.33638790e-07],
       [ 2.36976340e-08]]), 2.0913008263907216), (2.800869163647313e-05, array([[-7.42014027e-07],
       [-5.00132209e-08],
       [ 4.15760834e-09]]), 1.9850594122511591), (2.6612401063586403e-05, array([[-4.88405611e-07],
       [-1.39935239e-08],
       [-5.32592545e-09]]), 2.149680693439603), (2.2760685235409663e-05, array([[-2.70359442e-07],
       [-1.41031631e-07],
       [ 9.60502987e-09]]), 2.1472748538123043), (2.031152306520625e-05, array([[-1.50405507e-07],
       [ 3.65441191e-08],
       [-2.85959642e-10]]), 2.3141180384554247), (1.8602056475866355e-05, array([[-5.20051736e-08],
       [-1.01804170e-07],
       [ 5.13216156e-10]]), 2.3690213103373785), (1.9379052426884335e-05, array([[-1.23790674e-07],
       [ 4.00140343e-08],
       [ 1.80511641e-09]]), 1.9992026994728833), (2.2904700496324222e-05, array([[-1.76185488e-07],
       [ 4.32283724e-08],
       [ 1.62500975e-09]]), 1.9924862461251398), (2.5573631203430307e-05, array([[-4.18608256e-07],
       [ 8.59919471e-08],
       [ 1.39900287e-08]]), 1.9298820185127161), (2.8143078175653398e-05, array([[-6.72245353e-07],
       [-1.56496104e-07],
       [ 3.85309668e-09]]), 1.8819896836904648), (3.239420005719644e-05, array([[-9.71728579e-07],
       [-2.03798310e-08],
       [-1.74198812e-08]]), 1.9519067798942815), (3.5343786217877386e-05, array([[-1.23229944e-06],
       [-8.75321409e-08],
       [ 3.82279796e-09]]), 1.944996962554581), (3.7451848310096035e-05, array([[-1.67727751e-06],
       [-2.21223760e-09],
       [ 7.62805189e-09]]), 1.903628321630225), (4.38677044175168e-05, array([[-1.72699238e-06],
       [ 5.07878254e-08],
       [ 7.01360763e-10]]), 1.9837428025903423), (4.8324722775147926e-05, array([[-1.75693919e-06],
       [ 1.01900842e-07],
       [-1.21147413e-08]]), 1.9733226993520252), (5.3964250251899444e-05, array([[-1.91204732e-06],
       [ 2.64506209e-09],
       [ 1.27420673e-08]]), 2.0161635352391185), (5.9871397312905486e-05, array([[-1.90179515e-06],
       [ 2.80173412e-09],
       [ 1.20116877e-08]]), 2.0691807537831153), (6.403862216787419e-05, array([[-2.09394931e-06],
       [ 1.88229350e-07],
       [-4.92435948e-08]]), 2.0666057534894833), (7.008641534547797e-05, array([[-2.18537467e-06],
       [ 5.76367772e-08],
       [ 7.32497583e-09]]), 2.1293102057906586), (7.461456149158725e-05, array([[-1.98188446e-06],
       [ 9.22731521e-08],
       [ 6.57950170e-09]]), 2.149638784174762), (7.99235597754679e-05, array([[-1.99017909e-06],
       [ 4.27157560e-08],
       [ 1.42426546e-09]]), 2.1977724611616773), (8.159929479110944e-05, array([[-1.97222084e-06],
       [-5.29996670e-08],
       [ 7.11414056e-09]]), 2.154453163578415), (8.708442421000682e-05, array([[-1.26245138e-06],
       [-2.08451557e-08],
       [ 3.16043354e-08]]), 2.219774349256995), (9.172449140258357e-05, array([[-2.07698197e-06],
       [-1.47743055e-07],
       [-1.67020848e-08]]), 2.268738743401742), (9.284125651231839e-05, array([[-9.26559450e-07],
       [-2.14599518e-07],
       [-5.41231205e-09]]), 2.239002479584308), (9.700985901979794e-05, array([[-8.76884029e-07],
       [ 5.28419411e-08],
       [ 7.88361985e-09]]), 2.291523763196361), (0.00010012249509193293, array([[-8.59293463e-07],
       [ 1.97400039e-07],
       [ 7.47580746e-09]]), 2.326671073124325), (0.00010204702201941489, array([[-8.40409078e-07],
       [-1.17080016e-07],
       [ 3.02964417e-09]]), 2.3428102483635183), (0.00010488101958997347, array([[-2.31224920e-07],
       [-2.65991711e-07],
       [-5.26901323e-09]]), 2.3886999718522626), (0.00010244504480594342, array([[-2.49406610e-07],
       [-3.27790452e-07],
       [ 7.02129066e-09]]), 2.324071757842166), (0.00010184405761244545, array([[-1.97698228e-07],
       [ 1.01087169e-07],
       [-3.35934014e-09]]), 2.310437742005877), (0.00010113778112281753, array([[ 3.29408160e-07],
       [-4.94717058e-09],
       [ 6.60677564e-09]]), 2.303446475499081), (9.871697737160564e-05, array([[9.21173740e-07],
       [1.22954772e-07],
       [1.84902681e-09]]), 2.2663586030924656), (9.800694924644047e-05, array([[ 8.62554236e-07],
       [-8.75317374e-08],
       [-5.79393945e-09]]), 2.277509500412257), (9.589875798466143e-05, array([[ 9.72660534e-07],
       [-1.00084675e-07],
       [-1.63564101e-08]]), 2.265277828493912), (9.573979898693134e-05, array([[ 1.61883577e-06],
       [ 3.75364189e-08],
       [-6.24175464e-09]]), 2.3089050641855593), (8.996587282773402e-05, array([[ 1.51953215e-06],
       [-1.15009384e-08],
       [-1.35683106e-08]]), 2.225240588932665), (8.572271809928422e-05, array([[1.48699728e-06],
       [7.48748404e-08],
       [1.19498185e-08]]), 2.1850645797060206), (8.397245000761898e-05, array([[ 1.78189294e-06],
       [-1.69537408e-07],
       [-2.79382530e-08]]), 2.2171112021921093), (7.982547972287455e-05, array([[ 1.97747387e-06],
       [ 1.16780469e-08],
       [-2.04520408e-09]]), 2.195075413642965), (7.419600081973029e-05, array([[ 1.88455905e-06],
       [-8.37375625e-08],
       [ 4.03997406e-09]]), 2.1375800889848766), (7.122588493560821e-05, array([[2.01865888e-06],
       [3.01480063e-08],
       [5.46863321e-08]]), 2.1639286723721267), (6.458996485413417e-05, array([[ 1.79850410e-06],
       [-6.59238481e-08],
       [-1.20536477e-08]]), 2.084398265710972), (5.975213463340943e-05, array([[ 2.13264701e-06],
       [-2.04237399e-08],
       [-1.39969010e-08]]), 2.065058985257016), (5.309717949849416e-05, array([[ 1.86808198e-06],
       [-9.86851191e-09],
       [-1.56417981e-08]]), 1.983768821566126), (4.901829791828508e-05, array([[1.59559732e-06],
       [2.45081141e-08],
       [2.51019989e-10]]), 2.001644591233889), (4.308678711456655e-05, array([[ 1.83621141e-06],
       [ 6.68750239e-08],
       [-1.98149690e-08]]), 1.9484289173593854), (3.897564231102703e-05, array([[ 1.57896095e-06],
       [-1.07965959e-07],
       [-1.33878775e-08]]), 1.981080771840021), (3.527706825512675e-05, array([[1.25554641e-06],
       [8.66748996e-08],
       [2.46140596e-08]]), 1.9413254194409513), (3.1071506550025613e-05, array([[ 9.24056623e-07],
       [-8.80319690e-08],
       [-2.86990442e-08]]), 1.872208117176559), (2.87974002624626e-05, array([[ 7.20142194e-07],
       [ 3.24324004e-08],
       [-5.45936321e-10]]), 1.9257456441969825), (2.7006138228050898e-05, array([[ 4.28891603e-07],
       [ 5.17972941e-08],
       [-6.35994213e-09]]), 2.0379843652704808), (2.4115268493763008e-05, array([[ 2.46448485e-07],
       [ 7.20427891e-08],
       [-1.03970510e-09]]), 2.097793891832322), (2.1192911819533106e-05, array([[8.61758990e-08],
       [3.68738026e-08],
       [2.17590261e-09]]), 2.1863260177016386), (1.8015267668399723e-05, array([[ 3.91273005e-08],
       [ 6.64959602e-08],
       [-2.79709413e-09]]), 2.2942921968461154), (2.0027929368776866e-05, array([[ 1.33029245e-07],
       [ 9.45950659e-08],
       [-2.39660637e-09]]), 2.281807842593071), (2.3943820563263087e-05, array([[ 2.58512151e-07],
       [-6.29939568e-08],
       [ 7.23977640e-09]]), 2.258893494107209), (2.6179277822414527e-05, array([[ 5.04864199e-07],
       [-2.22893072e-08],
       [-2.11123889e-09]]), 2.1146941220587507), (3.060197184627725e-05, array([[ 8.03495040e-07],
       [-3.20947763e-08],
       [ 8.70753043e-09]]), 2.16885290592413), (3.2925452686689316e-05, array([[1.05562973e-06],
       [2.34553533e-08],
       [6.78512413e-09]]), 2.0861359568919804), (3.618478071115806e-05, array([[ 1.38580750e-06],
       [-6.07786672e-08],
       [ 7.23245237e-09]]), 2.0804617788808035), (3.8939064144384914e-05, array([[ 1.85462112e-06],
       [ 3.02041238e-08],
       [-1.43132343e-08]]), 2.056751171811755), (4.2406792628917024e-05, array([[ 1.99642513e-06],
       [-3.85783174e-08],
       [-1.51092499e-08]]), 2.0298200391562635), (4.740077750600447e-05, array([[ 2.10052349e-06],
       [ 6.84142002e-09],
       [-2.15923269e-08]]), 2.0332297497394443), (5.2060860222218605e-05, array([[2.04955062e-06],
       [9.87301508e-09],
       [2.44244362e-08]]), 2.0304294478824456), (5.686748627570532e-05, array([[ 2.33307674e-06],
       [-1.95486624e-07],
       [-2.67187129e-08]]), 2.040868969620888), (6.208818382036825e-05, array([[ 2.29287936e-06],
       [-3.01869422e-08],
       [ 3.36103355e-09]]), 2.0712507421105784), (6.687217036548606e-05, array([[ 2.20216503e-06],
       [-6.87588715e-08],
       [-1.09440044e-08]]), 2.091892598351809), (7.122000104131212e-05, array([[ 2.17362760e-06],
       [ 1.34538548e-07],
       [-4.19636232e-09]]), 2.105250050409522), (7.561693164295087e-05, array([[ 2.18161581e-06],
       [-1.26008899e-08],
       [ 4.96896696e-08]]), 2.1267058304767787), (7.97900901536425e-05, array([[ 2.10580300e-06],
       [ 9.60904388e-09],
       [-2.32899134e-09]]), 2.148423038736228), (8.418511241393387e-05, array([[ 1.65830265e-06],
       [-2.73852130e-08],
       [-1.58692854e-08]]), 2.1825232192979263), (8.691157061043154e-05, array([[ 1.67526310e-06],
       [-4.07851171e-08],
       [ 3.90588479e-08]]), 2.180938879335644), (9.008102037140039e-05, array([[ 1.91946831e-06],
       [-2.77491395e-08],
       [-1.23077753e-08]]), 2.198802532381464), (9.52508446941636e-05, array([[ 1.44105769e-06],
       [-8.46842827e-08],
       [-5.03069648e-09]]), 2.2721543003185944), (9.710958911756774e-05, array([[ 1.03164022e-06],
       [-2.73739006e-08],
       [ 2.94220553e-08]]), 2.2739703187388742), (9.846798703405681e-05, array([[ 4.28189040e-07],
       [-1.60827415e-07],
       [ 1.23678561e-10]]), 2.2732040745665967), (0.00010098854533608655, array([[ 4.16528896e-07],
       [ 1.77439800e-07],
       [-1.68685082e-08]]), 2.308079079611519), (0.0001006504065821057, array([[ 2.09857448e-07],
       [ 1.31608628e-07],
       [-1.24670020e-08]]), 2.28669178710766), (0.00010458428001995635, array([[2.45164979e-07],
       [1.20193688e-07],
       [4.70666261e-09]]), 2.371533529147056)]