[(0.00010161088270509925, array([[-1.14049439e-07],
       [-1.36329154e-07],
       [ 1.70415210e-08]]), 2.304109329006137), (0.00010306598857259941, array([[-1.35503185e-07],
       [-2.02788365e-07],
       [-9.91658565e-09]]), 2.3415717591447445), (0.00010154808639071038, array([[-5.31857491e-07],
       [ 7.34950780e-08],
       [-2.26846927e-09]]), 2.3208673121587156), (0.0001004789856192756, array([[-1.00471697e-06],
       [-6.91405974e-08],
       [-1.21029771e-08]]), 2.3196294186358926), (9.527560126283208e-05, array([[-1.22751189e-06],
       [-1.71968649e-07],
       [-3.47381382e-08]]), 2.2310246736744364), (9.49891385279574e-05, array([[-1.11125938e-06],
       [ 1.70570453e-07],
       [ 8.34743655e-09]]), 2.265911449739424), (9.101711375379524e-05, array([[-1.13143595e-06],
       [ 7.00777951e-08],
       [-2.61277503e-08]]), 2.221651790652176), (8.72462512791859e-05, array([[-1.47598594e-06],
       [-1.26647990e-07],
       [-4.85474405e-09]]), 2.189337278737722), (8.460153372253177e-05, array([[-2.18092643e-06],
       [-2.04978833e-08],
       [-6.45776265e-08]]), 2.1933190613294298), (8.117304761708483e-05, array([[-2.32640106e-06],
       [ 2.76497352e-07],
       [ 6.53286155e-08]]), 2.18566046596974), (7.529252680024357e-05, array([[-2.01119266e-06],
       [ 5.56543350e-08],
       [-2.85572822e-08]]), 2.117582031673645), (7.150576091923307e-05, array([[-1.94553691e-06],
       [ 6.36054100e-08],
       [ 9.93790635e-09]]), 2.1136970595165434), (6.84162021644012e-05, array([[-2.41140547e-06],
       [ 1.42179420e-07],
       [ 5.31226225e-08]]), 2.1401929402446673), (6.373955890917828e-05, array([[-2.18752448e-06],
       [ 1.05787163e-07],
       [-4.31258875e-10]]), 2.1263403206380556), (5.7751012510507465e-05, array([[-2.19602024e-06],
       [ 1.21765724e-07],
       [ 4.46265186e-08]]), 2.0725770930943197), (5.334728356320665e-05, array([[-2.38198558e-06],
       [-8.65321243e-09],
       [-7.24298647e-09]]), 2.080601339450051), (4.6577179327460675e-05, array([[-2.06742733e-06],
       [ 5.06255471e-08],
       [-1.53685237e-09]]), 1.997901968075222), (4.2579226073425856e-05, array([[-2.07392810e-06],
       [-1.32897825e-07],
       [-3.20749059e-08]]), 2.03807364286894), (3.8876649502324135e-05, array([[-1.76171377e-06],
       [-4.50127761e-08],
       [-1.22556616e-08]]), 2.05345444676154), (3.529888375922996e-05, array([[-1.42719386e-06],
       [ 1.13136032e-07],
       [-3.37240945e-08]]), 2.0295266975485253), (3.308723012283181e-05, array([[-1.06298401e-06],
       [ 1.16004672e-07],
       [ 1.03648292e-08]]), 2.0963860734131443), (2.949302064028524e-05, array([[-8.00396756e-07],
       [-8.76091605e-08],
       [ 4.28640777e-09]]), 2.0902582304657766), (2.630571825475814e-05, array([[-4.80438646e-07],
       [ 1.65738295e-08],
       [-2.19682384e-09]]), 2.124907652045378), (2.29133300471797e-05, array([[-2.82359232e-07],
       [ 1.07011666e-08],
       [-3.59798681e-09]]), 2.1616755786801476), (2.0132552871725116e-05, array([[-6.24336285e-08],
       [ 5.85830263e-08],
       [-4.15155803e-09]]), 2.2937277333192236), (1.831308270575775e-05, array([[-1.13427932e-08],
       [ 3.31164788e-08],
       [ 1.01425425e-10]]), 2.332219733027688), (2.0635293449458653e-05, array([[-1.28665336e-07],
       [ 1.79282658e-08],
       [ 1.03791434e-09]]), 2.128800390226586), (2.3730965709096608e-05, array([[-2.29182644e-07],
       [-2.57501437e-08],
       [ 6.17844841e-09]]), 2.064363286052593), (2.6377512640799817e-05, array([[-4.40394674e-07],
       [ 2.42972114e-08],
       [ 1.39233812e-08]]), 1.9905459234018847), (2.926277816370643e-05, array([[-7.75172269e-07],
       [-9.44803159e-08],
       [-7.86847117e-09]]), 1.956866490455943), (3.24190192538659e-05, array([[-9.13541025e-07],
       [ 4.62652735e-08],
       [ 7.41302578e-09]]), 1.9534022561883442), (3.4447510871747484e-05, array([[-1.22248092e-06],
       [ 4.24116671e-08],
       [-1.77947782e-08]]), 1.8956742098905368), (3.806276081075763e-05, array([[-1.53726406e-06],
       [-1.72078914e-07],
       [ 5.51120992e-09]]), 1.9346802026660634), (4.3451378228928125e-05, array([[-1.79582803e-06],
       [ 8.42382226e-08],
       [-6.41651907e-09]]), 1.9649161032882272), (4.74967777500279e-05, array([[-2.01889523e-06],
       [-1.63954802e-07],
       [ 6.66282502e-08]]), 1.9395138615965162), (5.6436937167110937e-05, array([[-2.01924076e-06],
       [-8.04822609e-08],
       [-1.73870064e-08]]), 2.1085458285025522), (5.995388593584448e-05, array([[-1.86209233e-06],
       [ 2.35823273e-07],
       [-3.95758372e-08]]), 2.0720315953978417), (6.514745634742817e-05, array([[-1.88309735e-06],
       [ 7.32478056e-08],
       [ 2.00628472e-08]]), 2.102389207560761), (6.988181241974449e-05, array([[-2.04511766e-06],
       [-2.01481962e-07],
       [ 4.23069121e-08]]), 2.1230941210365537), (7.31700865407657e-05, array([[-1.93997107e-06],
       [-3.83704441e-08],
       [-2.58133739e-08]]), 2.108023591175135), (7.968273014431891e-05, array([[-1.83797604e-06],
       [ 8.49352620e-08],
       [ 1.68056920e-08]]), 2.191150024264999), (8.333915089100711e-05, array([[-1.59000039e-06],
       [ 7.18364721e-10],
       [-2.92704657e-09]]), 2.2003903066406383), (8.686559526946777e-05, array([[-1.80105494e-06],
       [ 2.44153289e-08],
       [-1.45212520e-08]]), 2.21419641872016), (8.823806114697306e-05, array([[-1.35180722e-06],
       [ 7.93475677e-08],
       [ 2.62469152e-08]]), 2.1825044206366786), (9.310896659911515e-05, array([[-1.03247260e-06],
       [ 2.55108997e-08],
       [-3.78881444e-08]]), 2.2454586992722456), (9.670848793567377e-05, array([[-1.15351543e-06],
       [ 1.92095406e-08],
       [ 1.79498584e-08]]), 2.284404909424294), (9.892186006489797e-05, array([[-1.02199531e-06],
       [ 2.12297048e-07],
       [ 1.60231313e-08]]), 2.298770422184523), (9.992729285850633e-05, array([[-5.96656278e-07],
       [ 8.73741071e-08],
       [-4.16452427e-09]]), 2.294145200587928), (0.00010098620707769012, array([[-4.30761703e-07],
       [ 9.45481463e-08],
       [-2.80235030e-08]]), 2.299994326399608), (0.00010204932299554268, array([[-4.33516498e-07],
       [ 5.04357907e-08],
       [ 2.39662265e-09]]), 2.3150943994422875), (0.00010300478304254212, array([[4.78502246e-07],
       [6.23916090e-09],
       [7.32760950e-10]]), 2.336769998444506), (0.0001019044878386385, array([[ 7.83485660e-07],
       [ 1.14056937e-07],
       [-4.88089365e-09]]), 2.32090847498822), (0.00010009688422572087, array([[ 8.87541395e-07],
       [-6.29833589e-08],
       [ 8.63448886e-09]]), 2.2980387036542744), (9.917079052306331e-05, array([[7.26048925e-07],
       [6.83965300e-08],
       [9.12076548e-11]]), 2.3045551291647177), (9.643566577837234e-05, array([[1.45414164e-06],
       [1.32340626e-07],
       [6.59183275e-09]]), 2.2779604257099617), (9.352017408412484e-05, array([[1.36668954e-06],
       [1.72900455e-07],
       [1.29372029e-08]]), 2.2553755682715155), (8.973819887528877e-05, array([[1.37078053e-06],
       [1.31947402e-07],
       [1.39364388e-08]]), 2.2196092389095954), (8.931472828772636e-05, array([[ 1.39244032e-06],
       [ 1.66426996e-07],
       [-7.14486802e-09]]), 2.27662460494481), (8.307268541012081e-05, array([[ 1.78046403e-06],
       [ 1.92870731e-07],
       [-2.34724736e-08]]), 2.193354861055605), (8.044349592864577e-05, array([[1.46024512e-06],
       [2.11989249e-07],
       [1.03594233e-08]]), 2.212069889382177), (7.601065611959268e-05, array([[ 2.08954216e-06],
       [ 5.90538176e-08],
       [-1.49050598e-08]]), 2.189860144439365), (7.147770936735347e-05, array([[1.88391223e-06],
       [8.18273402e-09],
       [8.24430603e-09]]), 2.171579403686311), (6.44414625945434e-05, array([[1.91180409e-06],
       [1.13268772e-07],
       [3.85823290e-08]]), 2.0796059136320664), (6.003732243521016e-05, array([[ 1.75949991e-06],
       [-5.72569041e-08],
       [ 4.10381267e-08]]), 2.074915196021828), (5.364960219814551e-05, array([[ 1.68321268e-06],
       [-6.33829304e-08],
       [-2.09875762e-08]]), 2.004407939090717), (4.917268026186548e-05, array([[ 1.84850049e-06],
       [ 7.87683704e-08],
       [-8.36733171e-10]]), 2.007948738789662), (4.334696404659204e-05, array([[ 1.63175535e-06],
       [-2.40526591e-09],
       [ 1.83567128e-08]]), 1.9601943863566533), (3.825435085438427e-05, array([[ 1.68735184e-06],
       [-1.34697381e-07],
       [-1.28349122e-08]]), 1.944418473262759), (3.4540495869292586e-05, array([[ 1.19259783e-06],
       [-1.90627576e-07],
       [-8.04353784e-09]]), 1.9007912490406003), (3.2003170366605424e-05, array([[ 9.75377911e-07],
       [ 9.48933652e-08],
       [-1.72210013e-09]]), 1.9283453552300833), (2.945750554050661e-05, array([[ 7.41893333e-07],
       [-1.66395211e-07],
       [ 4.85549431e-09]]), 1.9698883394513762), (2.5012178651157355e-05, array([[ 4.70004973e-07],
       [-2.33026803e-08],
       [-3.42321967e-09]]), 1.887512705517606), (2.340862647703045e-05, array([[ 3.04499975e-07],
       [-1.21956490e-08],
       [-3.46111601e-09]]), 2.0363229068919297), (2.042262835535207e-05, array([[ 1.39994064e-07],
       [-2.51991272e-08],
       [ 3.46317345e-09]]), 2.106861204509137), (1.6351983927227142e-05, array([[ 1.68382964e-08],
       [-7.44087998e-08],
       [ 2.30348385e-09]]), 2.082468593736018), (1.85373466290859e-05, array([[1.29679463e-07],
       [2.40514412e-08],
       [2.87201106e-09]]), 2.111983827197693), (2.3092303714811894e-05, array([[3.12994982e-07],
       [1.75073619e-08],
       [5.58900706e-09]]), 2.178560204605354), (2.618768749307361e-05, array([[ 4.40525891e-07],
       [ 2.31160571e-08],
       [-9.43469997e-09]]), 2.115373433429822), (2.891284096654517e-05, array([[7.63552419e-07],
       [1.20690363e-08],
       [2.99022599e-10]]), 2.0491391686723013), (3.15691022470025e-05, array([[ 1.02208160e-06],
       [-9.74876357e-09],
       [ 1.04029205e-08]]), 2.0001984468051166), (3.576046474587246e-05, array([[ 1.39898318e-06],
       [-7.15805149e-08],
       [ 9.34054957e-09]]), 2.0560655235879426), (3.8907253547144236e-05, array([[ 1.83803897e-06],
       [-2.14787904e-08],
       [ 2.58431454e-08]]), 2.0550709443951893), (4.411456234611618e-05, array([[2.16291483e-06],
       [1.24809168e-07],
       [2.72790535e-08]]), 2.111563198196104), (4.683288104617468e-05, array([[2.10834535e-06],
       [4.72668374e-08],
       [9.12130449e-09]]), 2.008870149799309), (5.3641154932817054e-05, array([[ 2.15881264e-06],
       [-3.89613097e-08],
       [ 5.77920462e-09]]), 2.0920626384028465), (5.6773980382096685e-05, array([[ 2.19290639e-06],
       [-3.39261993e-08],
       [-1.63421316e-08]]), 2.0375132159338456), (6.222724103227065e-05, array([[ 2.26105506e-06],
       [-5.60108677e-08],
       [-6.01924501e-10]]), 2.0758896659061588), (6.848831694322694e-05, array([[ 2.45882402e-06],
       [ 4.99736535e-08],
       [-4.63794825e-09]]), 2.1424488319142934), (7.065847124038265e-05, array([[ 2.10875056e-06],
       [ 2.05924702e-07],
       [-3.70507316e-08]]), 2.0886513334138925), (7.592930101338922e-05, array([[ 2.13982803e-06],
       [-3.20832368e-08],
       [ 2.54315259e-08]]), 2.1354911348648273), (7.982317982696435e-05, array([[ 2.25319032e-06],
       [-6.45836000e-09],
       [-4.41720796e-08]]), 2.1493140092360985), (8.416195286473039e-05, array([[ 1.96870001e-06],
       [-1.18854512e-07],
       [ 2.73014628e-08]]), 2.181922801332852), (8.94193895845641e-05, array([[ 1.49743386e-06],
       [-4.25250871e-08],
       [ 4.03139101e-08]]), 2.2438695094532046), (9.121545835291073e-05, array([[ 1.64861718e-06],
       [-1.95298650e-08],
       [-1.83209353e-08]]), 2.226493216793012), (9.719350579890866e-05, array([[ 1.36510939e-06],
       [ 4.30880934e-08],
       [-3.48411709e-08]]), 2.3184953673965913), (9.729626388724852e-05, array([[ 1.21595425e-06],
       [-3.34748763e-08],
       [ 9.18413450e-09]]), 2.2783415954518014), (0.00010049223807458102, array([[ 9.60879621e-07],
       [ 3.31090590e-08],
       [-5.81582742e-09]]), 2.3199353610675972), (0.00010161413666974355, array([[ 7.82861401e-07],
       [ 7.57916871e-08],
       [-9.93365432e-09]]), 2.3223768820483666), (0.00010325127083446612, array([[ 1.85667748e-07],
       [-1.37269322e-07],
       [ 8.29871803e-09]]), 2.3457812148329507), (0.00010252865472269517, array([[ 2.19084329e-07],
       [ 1.25314754e-07],
       [-1.54332708e-08]]), 2.3249205552384766)]