[(0.00010005096018622811, array([[ 2.33340084e-07],
       [-4.53849119e-08],
       [ 6.24256198e-09]]), 2.2687368183796015), (0.00010033169087678688, array([[-2.34413764e-07],
       [ 4.69051490e-08],
       [-8.20370252e-10]]), 2.279450836866885), (0.00010188945623979425, array([[-3.78574213e-07],
       [ 4.18579617e-08],
       [-9.76950019e-09]]), 2.3286692723162608), (0.00010003824490441632, array([[-6.98252724e-07],
       [-1.85787555e-07],
       [-2.25435056e-08]]), 2.3094546032565657), (9.8121814298397e-05, array([[-1.28952742e-06],
       [-8.56528435e-08],
       [-8.73550498e-09]]), 2.2976731274728204), (9.480694254520291e-05, array([[-1.49425151e-06],
       [-4.03886527e-08],
       [-1.60216272e-08]]), 2.261565269009525), (9.076449253059162e-05, array([[-1.46456932e-06],
       [ 1.16829554e-07],
       [ 1.72802510e-08]]), 2.21548551741256), (8.862232667315561e-05, array([[-1.71732141e-06],
       [-6.50711553e-08],
       [-4.83779755e-08]]), 2.2238681968482434), (8.538804266446968e-05, array([[-2.04351463e-06],
       [-5.94749793e-08],
       [ 3.14741149e-08]]), 2.213709531553246), (8.047370660537385e-05, array([[-2.03145979e-06],
       [-1.19915609e-07],
       [-3.61631891e-08]]), 2.1668300530876414), (7.567585197065507e-05, array([[-2.12407723e-06],
       [ 1.12061431e-07],
       [ 3.04770060e-08]]), 2.128362948819715), (7.16581291021077e-05, array([[-2.16591129e-06],
       [-3.20676776e-09],
       [-1.19595229e-08]]), 2.1182010348042097), (6.533086686397416e-05, array([[-2.11528460e-06],
       [-1.71662564e-07],
       [-1.77784843e-08]]), 2.0436776029508144), (6.387824810208558e-05, array([[-2.34320546e-06],
       [-5.48248792e-08],
       [-1.05516575e-08]]), 2.130966967385576), (5.700679746197299e-05, array([[-2.17125185e-06],
       [ 2.17091289e-08],
       [ 4.44191489e-08]]), 2.045868590595805), (5.2632910410995344e-05, array([[-2.14939153e-06],
       [-1.45066723e-07],
       [ 1.96617146e-08]]), 2.052740019471181), (4.517598478771637e-05, array([[-1.97969294e-06],
       [-9.96122723e-08],
       [ 2.77498627e-08]]), 1.937798514645166), (4.260744821344881e-05, array([[-2.03412050e-06],
       [-5.87637086e-08],
       [ 4.33993128e-09]]), 2.039424508185913), (3.836777452181426e-05, array([[-1.81433086e-06],
       [-6.02983241e-08],
       [-4.60555473e-09]]), 2.0265758035412382), (3.5620041577566064e-05, array([[-1.26913688e-06],
       [-1.16126956e-08],
       [ 2.30786459e-09]]), 2.0479918244031134), (3.29068650404198e-05, array([[-9.71404082e-07],
       [-5.27193703e-08],
       [-4.29216009e-09]]), 2.0849582553245694), (2.9502142914262452e-05, array([[-7.83100470e-07],
       [ 1.94790510e-08],
       [-5.22838303e-09]]), 2.0909047531971714), (2.7310326893475794e-05, array([[-5.79486797e-07],
       [-1.58388664e-08],
       [-3.78283991e-09]]), 2.206057330721645), (2.3346516639877204e-05, array([[-2.90926139e-07],
       [ 7.89521144e-09],
       [ 7.75121796e-10]]), 2.202543007225791), (1.958607673235613e-05, array([[-1.41457299e-07],
       [-1.50400865e-09],
       [-6.42739142e-10]]), 2.231467001436171), (1.8015137746168854e-05, array([[-1.36863458e-08],
       [-2.77923317e-08],
       [-1.39636412e-09]]), 2.294275650904863), (2.165983680722907e-05, array([[-7.93462618e-08],
       [ 1.86576438e-07],
       [-1.90656687e-09]]), 2.2344954366851058), (2.3120837558142798e-05, array([[-2.37537851e-07],
       [ 2.18204467e-09],
       [ 2.45317320e-09]]), 2.0112880690531685), (2.575176815028582e-05, array([[-5.00117014e-07],
       [-7.87013452e-08],
       [ 2.88795536e-09]]), 1.9433248998866794), (2.930306214136369e-05, array([[-7.26857399e-07],
       [-6.73827138e-08],
       [ 4.77032628e-09]]), 1.9595603688545953), (3.177496888196303e-05, array([[-1.03661636e-06],
       [ 4.87553336e-08],
       [ 3.98545528e-10]]), 1.914595115240551), (3.5000205812445595e-05, array([[-1.23105843e-06],
       [-3.49611702e-08],
       [ 4.42670974e-09]]), 1.9260894566965898), (3.806726268466272e-05, array([[-1.58369630e-06],
       [-8.09691704e-08],
       [ 2.49253631e-09]]), 1.9349090270112643), (4.344465304586147e-05, array([[-1.55404200e-06],
       [-4.04560832e-08],
       [ 3.15496636e-08]]), 1.9646119835791676), (4.915019038642363e-05, array([[-1.81336234e-06],
       [ 5.67363758e-08],
       [ 3.87176485e-08]]), 2.007030372802931), (5.476020065097163e-05, array([[-1.82619431e-06],
       [ 2.10818846e-08],
       [-2.29744175e-08]]), 2.0459011145249884), (5.816894958424828e-05, array([[-1.97480039e-06],
       [ 1.41638768e-08],
       [-7.96274729e-10]]), 2.010343441935377), (6.430188622784219e-05, array([[-1.92001039e-06],
       [-6.32920705e-09],
       [-3.25505862e-08]]), 2.075101611185963), (6.89549901281482e-05, array([[-1.84115953e-06],
       [-1.53951286e-07],
       [-7.32432131e-09]]), 2.094936137000385), (7.390181881511559e-05, array([[-1.99004255e-06],
       [-1.17650396e-07],
       [-1.23028685e-08]]), 2.1291047319756777), (7.897344539475906e-05, array([[-1.76975039e-06],
       [-4.22217159e-08],
       [ 5.02230960e-09]]), 2.1716458068091704), (8.373803985389167e-05, array([[-2.09305525e-06],
       [ 1.14454619e-09],
       [ 1.59906088e-08]]), 2.2109221082965616), (8.739266433045884e-05, array([[-1.82863116e-06],
       [ 3.33488388e-08],
       [ 1.75766264e-09]]), 2.227631362942258), (9.370837317422891e-05, array([[-1.74781279e-06],
       [-1.62374928e-07],
       [ 5.28838048e-08]]), 2.3178086196020415), (9.516653710782232e-05, array([[-1.20957316e-06],
       [-9.87388816e-08],
       [-9.90106327e-09]]), 2.2950800168198344), (9.74422017059031e-05, array([[-1.31069917e-06],
       [-2.33828826e-07],
       [ 9.58482395e-11]]), 2.301736369925868), (9.94505366231201e-05, array([[-1.10875005e-06],
       [ 2.96043806e-09],
       [ 1.84630485e-08]]), 2.311055937581686), (0.0001004521217462914, array([[-7.20444411e-07],
       [ 5.67877995e-08],
       [ 7.22728087e-09]]), 2.3061942978825662), (0.00010179860334227657, array([[-4.24597670e-07],
       [ 1.14600951e-07],
       [-5.41119544e-09]]), 2.318496920500401), (0.00010306287473128294, array([[-3.68360578e-07],
       [ 7.07629980e-08],
       [-4.49649873e-09]]), 2.338087868463731), (0.00010134293548181168, array([[-4.96592126e-08],
       [-1.95431128e-07],
       [-1.71714924e-08]]), 2.299069268369678), (0.0001020755879314118, array([[ 5.98549767e-07],
       [ 1.72448222e-07],
       [-1.72905135e-08]]), 2.32480533629248), (0.00010128934066189137, array([[ 3.99264316e-07],
       [-1.11432773e-07],
       [-2.04848493e-08]]), 2.325415290487507), (0.00010002706573481738, array([[ 1.00219858e-06],
       [-1.11211832e-07],
       [-2.44532933e-08]]), 2.3244534623414155), (9.640686636076259e-05, array([[1.16813858e-06],
       [1.60998963e-07],
       [1.74682441e-08]]), 2.2772801386702133), (9.225698756317298e-05, array([[1.22177744e-06],
       [1.71690456e-07],
       [5.30939393e-08]]), 2.22491198065071), (9.118026675204435e-05, array([[ 1.57103746e-06],
       [ 1.59192521e-07],
       [-4.61917665e-10]]), 2.2552777415372187), (8.778125580669143e-05, array([[1.61566462e-06],
       [3.79364823e-08],
       [3.50308143e-08]]), 2.2375365256519615), (8.40836901958453e-05, array([[ 2.19427329e-06],
       [ 3.82291665e-08],
       [-3.07665003e-08]]), 2.2200482591367163), (8.01287197533166e-05, array([[ 1.84352653e-06],
       [ 1.27384120e-07],
       [-5.81946474e-09]]), 2.203414038572831), (7.266395142666924e-05, array([[ 2.02584249e-06],
       [-1.83337917e-07],
       [-6.58591031e-08]]), 2.0934418842060847), (6.910743473944086e-05, array([[1.87519070e-06],
       [1.62687091e-07],
       [3.35339253e-08]]), 2.099567588973539), (6.542566409869389e-05, array([[ 1.93696160e-06],
       [-2.11078152e-08],
       [-2.71379177e-08]]), 2.1113673167075175), (5.870743629983875e-05, array([[ 1.91771970e-06],
       [ 1.21863182e-07],
       [-2.03694974e-08]]), 2.0289537700398697), (5.535626112702756e-05, array([[ 2.18819412e-06],
       [ 8.76479002e-08],
       [-2.16589823e-08]]), 2.0681705872038747), (4.850558725553439e-05, array([[1.69440463e-06],
       [4.98264801e-08],
       [4.13992129e-08]]), 1.9807082354535708), (4.3010868606112136e-05, array([[ 1.85849254e-06],
       [-4.60706338e-09],
       [ 1.92532427e-08]]), 1.9449958041675839), (3.905765449999582e-05, array([[ 1.50616731e-06],
       [-4.80244144e-08],
       [-1.19629165e-09]]), 1.9852493438246994), (3.513704593117831e-05, array([[1.29146589e-06],
       [1.32208293e-08],
       [2.03204020e-08]]), 1.933619878413437), (3.21483402616177e-05, array([[ 9.31449221e-07],
       [-6.70673355e-08],
       [-3.31977681e-09]]), 1.9370925415106734), (2.9586126093148626e-05, array([[ 6.92313814e-07],
       [-1.00146204e-07],
       [ 1.03516925e-08]]), 1.9784894793718928), (2.528661255442063e-05, array([[ 4.34718510e-07],
       [-1.64231944e-08],
       [ 7.20195817e-09]]), 1.9082225159846864), (2.484259282084976e-05, array([[ 2.51428078e-07],
       [-1.54271306e-08],
       [ 1.71728372e-09]]), 2.1610640366842553), (2.0619265952698195e-05, array([[ 1.02734920e-07],
       [-2.55209905e-08],
       [-3.61317843e-09]]), 2.1271469443261606), (1.817192389414981e-05, array([[ 5.16152270e-09],
       [ 1.93071281e-09],
       [-2.79254874e-09]]), 2.3142427833675816), (1.990663032824822e-05, array([[ 7.09550842e-08],
       [-3.82934785e-08],
       [ 2.36387921e-09]]), 2.2679880863476365), (2.3890735700111234e-05, array([[ 2.92453212e-07],
       [-3.12698501e-08],
       [-1.17235400e-09]]), 2.2538853939298598), (2.6316045171594116e-05, array([[ 4.27902745e-07],
       [-3.66764394e-08],
       [ 2.40537741e-09]]), 2.1257418335869884), (2.9714970217478163e-05, array([[ 8.32682448e-07],
       [-5.82890756e-08],
       [-2.39539677e-10]]), 2.10598845817403), (3.16316911625309e-05, array([[ 9.82444445e-07],
       [-8.29474419e-08],
       [-1.00237655e-09]]), 2.004164041095623), (3.518840084429359e-05, array([[ 1.35740745e-06],
       [-8.90730332e-09],
       [ 5.76657461e-09]]), 2.023174427969246), (3.977277198711763e-05, array([[ 1.74519236e-06],
       [-1.39394189e-08],
       [-1.10769205e-09]]), 2.100787401756342), (4.3667272328132e-05, array([[ 2.15520216e-06],
       [-5.28013671e-08],
       [-1.84677178e-08]]), 2.0901534620303996), (4.815581184604306e-05, array([[ 2.13823680e-06],
       [-1.52401110e-07],
       [ 4.32861645e-08]]), 2.065616524029104), (5.1784833874316485e-05, array([[ 2.37251794e-06],
       [-5.86860552e-08],
       [ 5.02844611e-08]]), 2.0196641239369777), (5.7063497436933034e-05, array([[ 2.26855373e-06],
       [ 7.70014469e-08],
       [-3.38668079e-08]]), 2.0479034478939306), (6.16150707824219e-05, array([[ 2.28342999e-06],
       [ 4.93004504e-08],
       [-1.69638765e-08]]), 2.055467775519323), (6.854310635618223e-05, array([[ 2.18849730e-06],
       [ 2.71812770e-08],
       [-7.75500138e-09]]), 2.1441627521714466), (7.187957690021057e-05, array([[ 2.60790176e-06],
       [-1.40139281e-07],
       [ 2.29823961e-08]]), 2.1247469907337635), (7.60786445368244e-05, array([[ 2.39536286e-06],
       [ 5.27292335e-08],
       [-5.44354848e-08]]), 2.139691381226757), (8.108310117873521e-05, array([[ 2.04731817e-06],
       [ 1.08543926e-07],
       [-1.46976836e-08]]), 2.183238573726851), (8.566557081442412e-05, array([[ 1.53676455e-06],
       [-1.74151304e-08],
       [ 2.60501133e-08]]), 2.220904528553502), (8.757699401737613e-05, array([[1.63198237e-06],
       [1.07234399e-07],
       [1.69841045e-08]]), 2.197636860619752), (8.99143664878488e-05, array([[ 1.52037849e-06],
       [-1.02833835e-07],
       [ 2.89375836e-08]]), 2.1947346501608402), (9.404818554481304e-05, array([[ 1.21987601e-06],
       [-3.03371854e-09],
       [ 4.75606093e-09]]), 2.2434655557012793), (9.575211355612063e-05, array([[8.32249603e-07],
       [2.33472614e-07],
       [1.14615666e-08]]), 2.2421829415787573), (9.86803231839523e-05, array([[ 6.87356311e-07],
       [ 3.95810086e-08],
       [-1.00788650e-08]]), 2.278106006815433), (0.0001032842060172273, array([[ 6.83330213e-07],
       [ 2.69160973e-07],
       [-1.75026618e-08]]), 2.3605460834127343), (0.00010164439161941273, array([[1.53691818e-07],
       [6.98650532e-08],
       [8.50275793e-09]]), 2.3092742832793345), (0.00010402262415285551, array([[ 3.06049457e-07],
       [-1.35149310e-07],
       [ 1.88082297e-08]]), 2.3587975259884777)]