[(0.0001035382814178179, array([[-9.63186558e-08],
       [-1.62231531e-07],
       [ 1.75720223e-09]]), 2.347814660920025), (0.00010176240114151156, array([[ 4.94649038e-09],
       [ 7.68976030e-08],
       [-5.68510812e-09]]), 2.311955359433396), (0.00010267208285677143, array([[-4.43149892e-07],
       [-4.02873681e-08],
       [ 4.46133682e-09]]), 2.346556094190768), (9.897247516900801e-05, array([[-8.01503356e-07],
       [-2.62533055e-09],
       [-8.03858887e-09]]), 2.284850544840687), (9.816139703015104e-05, array([[-1.57291336e-06],
       [-3.70727715e-08],
       [-7.63871925e-09]]), 2.2986000179885893), (9.413017188872165e-05, array([[-9.10228562e-07],
       [ 9.35275559e-08],
       [ 3.41823286e-08]]), 2.245421292938859), (9.248825865029469e-05, array([[-1.29103287e-06],
       [ 3.89340019e-08],
       [-1.62090792e-08]]), 2.257561209868191), (8.881680829347563e-05, array([[-1.36301498e-06],
       [ 1.09606438e-07],
       [-8.57156099e-09]]), 2.2287484737100356), (8.570314245346057e-05, array([[-2.12877588e-06],
       [-9.82529227e-08],
       [ 2.99312483e-08]]), 2.2218785840869892), (8.140848684708218e-05, array([[-2.27371523e-06],
       [ 3.30573345e-08],
       [ 3.36767072e-08]]), 2.1919998881332523), (7.74966488361791e-05, array([[-2.12035987e-06],
       [ 5.94078743e-08],
       [ 1.72542774e-08]]), 2.1795723701211247), (7.215838794390355e-05, array([[-2.33282261e-06],
       [ 7.65272974e-08],
       [ 4.76200117e-08]]), 2.132988593586996), (6.634493790779264e-05, array([[-2.03057860e-06],
       [-3.29123227e-09],
       [-1.58935159e-08]]), 2.0753997333852348), (6.214086612770134e-05, array([[-2.13132407e-06],
       [ 2.09656517e-08],
       [ 3.71114480e-08]]), 2.073008214490111), (5.820405516565545e-05, array([[-2.32351626e-06],
       [-9.32142950e-08],
       [-1.36415557e-08]]), 2.0888359565918817), (5.182550669185805e-05, array([[-2.32410162e-06],
       [-1.07760429e-07],
       [-5.98278069e-11]]), 2.021250407492651), (4.933386461017016e-05, array([[-2.11677495e-06],
       [-1.26981395e-07],
       [-3.72809114e-09]]), 2.1161484362215264), (4.295372557288127e-05, array([[-2.00064461e-06],
       [-6.61253155e-08],
       [ 2.72520877e-08]]), 2.0559992284066264), (3.867827641982968e-05, array([[-1.83243489e-06],
       [ 2.44293433e-08],
       [ 6.96005397e-09]]), 2.042976432488688), (3.542461943735782e-05, array([[-1.53921233e-06],
       [ 4.03250290e-08],
       [-7.44009246e-09]]), 2.036755932255646), (3.328677615311457e-05, array([[-1.07703095e-06],
       [-1.69875578e-08],
       [-1.36138542e-08]]), 2.1090291842851236), (2.9187521172959332e-05, array([[-7.86161969e-07],
       [-1.20241050e-07],
       [ 5.06150382e-09]]), 2.068606573154397), (2.6746349266554298e-05, array([[-4.57614004e-07],
       [-1.02938767e-07],
       [-3.98547774e-09]]), 2.160500681653106), (2.2623912849991716e-05, array([[-2.57531321e-07],
       [-1.19559633e-07],
       [-9.11663620e-10]]), 2.1343715558286838), (2.0296104640274225e-05, array([[-1.27854876e-07],
       [ 4.59608305e-08],
       [ 5.51724280e-10]]), 2.3123613974026975), (1.8059046492122328e-05, array([[-2.26478007e-08],
       [-1.22643537e-08],
       [-1.34912245e-10]]), 2.2998675463498057), (2.0272929968331907e-05, array([[-1.08851909e-07],
       [-4.13227098e-08],
       [-2.48424031e-09]]), 2.0914178581140264), (2.407248824422623e-05, array([[-2.60652469e-07],
       [-1.27407517e-07],
       [-8.26498888e-10]]), 2.0940724260650003), (2.6345429419194986e-05, array([[-4.94223215e-07],
       [-1.40603110e-07],
       [ 4.90511633e-09]]), 1.9881248033044454), (2.9274145243853556e-05, array([[-6.94242511e-07],
       [-4.86572708e-08],
       [ 4.09022394e-09]]), 1.9576266321659952), (3.329037133683239e-05, array([[-9.99447737e-07],
       [ 7.73397308e-09],
       [ 8.03867743e-09]]), 2.0059054214282424), (3.501365630175826e-05, array([[-1.18415956e-06],
       [-1.01862718e-08],
       [-1.83232623e-08]]), 1.9268296479340745), (3.792645815713606e-05, array([[-1.48378455e-06],
       [-3.03503880e-08],
       [-3.50234931e-09]]), 1.9277521175793406), (4.260200866145158e-05, array([[-1.63139326e-06],
       [-2.68112869e-08],
       [-2.10525494e-08]]), 1.9265067361103982), (4.984990156244278e-05, array([[-1.80675647e-06],
       [-2.70827576e-08],
       [ 9.33390954e-09]]), 2.0356028273838596), (5.449496212992546e-05, array([[-1.64768627e-06],
       [ 3.43205736e-08],
       [-2.17368775e-08]]), 2.0359915126723207), (6.000292786628727e-05, array([[-2.11990806e-06],
       [ 1.55966533e-09],
       [ 8.32499632e-09]]), 2.073726505207116), (6.47364973473537e-05, array([[-2.09659067e-06],
       [ 6.11039346e-08],
       [ 1.04328842e-08]]), 2.0891270509863142), (6.852294905772654e-05, array([[-1.85577146e-06],
       [-4.54724569e-08],
       [-2.81365564e-08]]), 2.0818102058761454), (7.355422524603582e-05, array([[-2.06102267e-06],
       [-1.05942116e-07],
       [ 3.17592715e-08]]), 2.119090592613513), (7.970624579492571e-05, array([[-2.21172242e-06],
       [-2.17972871e-08],
       [-1.04446690e-08]]), 2.191796667751039), (8.320039092699012e-05, array([[-1.91112712e-06],
       [ 5.83835800e-08],
       [-1.94945901e-08]]), 2.196726649445809), (8.792810223989606e-05, array([[-1.24485197e-06],
       [ 3.58228596e-08],
       [ 2.23941981e-08]]), 2.2412796283785923), (9.106296490787909e-05, array([[-1.75722380e-06],
       [ 1.49909992e-08],
       [ 7.28036836e-10]]), 2.2523763655310858), (9.298052611298694e-05, array([[-1.09833903e-06],
       [ 1.96438474e-08],
       [ 4.48693692e-08]]), 2.242361169383883), (9.469009252293996e-05, array([[-1.12598954e-06],
       [ 9.57861144e-08],
       [-7.66955836e-09]]), 2.2367272702797805), (9.80748745386535e-05, array([[-7.23299381e-07],
       [-2.24373404e-08],
       [-1.15687602e-08]]), 2.279087964995871), (0.00010237194335909017, array([[-6.67756731e-07],
       [-1.68105176e-07],
       [ 6.01236538e-09]]), 2.35026983933873), (0.00010248997039964924, array([[-1.14613790e-08],
       [ 1.25278040e-08],
       [-5.36323731e-09]]), 2.3342430343057585), (0.0001013406260834118, array([[-2.94228387e-07],
       [-1.36639035e-07],
       [ 5.25907624e-09]]), 2.2990168772793242), (0.00010446656603495591, array([[ 2.46475856e-07],
       [-3.05318467e-08],
       [-9.44911134e-09]]), 2.369932056943267), (0.00010088897360502504, array([[ 2.58417129e-08],
       [-5.83041389e-09],
       [ 4.16059948e-09]]), 2.2977798018428652), (9.831583221324502e-05, array([[7.45202047e-07],
       [1.93272990e-07],
       [2.66872740e-09]]), 2.2571490546951605), (0.00010134721679297165, array([[ 9.0735423e-07],
       [-8.3319778e-09],
       [ 6.0413720e-09]]), 2.3551314560963825), (9.731463034939497e-05, array([[ 1.42613537e-06],
       [-1.54406356e-07],
       [-3.47072957e-08]]), 2.298722936055379), (9.490390147301652e-05, array([[ 1.19017245e-06],
       [-2.32653762e-08],
       [-1.45030633e-09]]), 2.2887461749520286), (9.023312396603911e-05, array([[1.30732000e-06],
       [1.97321713e-07],
       [3.09415161e-08]]), 2.2318508519324323), (8.708397627737552e-05, array([[ 1.85480499e-06],
       [ 5.40644136e-08],
       [-1.85963395e-08]]), 2.219762931493437), (8.426714803088529e-05, array([[ 1.67490352e-06],
       [-1.95833905e-08],
       [ 3.71508800e-08]]), 2.224892067089922), (7.709445826811511e-05, array([[ 1.62470427e-06],
       [-1.76818709e-07],
       [-3.92705519e-08]]), 2.1199766097236443), (7.419991480757062e-05, array([[ 1.88912760e-06],
       [ 5.64830631e-08],
       [-5.08091704e-10]]), 2.1376928506214012), (6.99890179009434e-05, array([[ 2.20181528e-06],
       [ 3.92385537e-08],
       [-4.27179828e-08]]), 2.1263511534316075), (6.358874849246899e-05, array([[ 1.54945227e-06],
       [ 1.07409707e-08],
       [-6.17718243e-08]]), 2.0520877720829085), (6.004071259933484e-05, array([[1.89153810e-06],
       [1.31933700e-07],
       [2.93339209e-08]]), 2.075032361524452), (5.3107154597271133e-05, array([[ 1.98621243e-06],
       [-2.40178399e-08],
       [-1.24554938e-08]]), 1.9841415021893287), (4.883917848842642e-05, array([[ 1.58725912e-06],
       [ 8.22960923e-08],
       [-1.70384063e-08]]), 1.9943303136439334), (4.27197060090439e-05, array([[ 1.56203973e-06],
       [-6.38437113e-08],
       [ 2.58994714e-08]]), 1.9318291314641223), (3.7865401784936584e-05, array([[ 1.68619509e-06],
       [-1.98500277e-08],
       [-8.86947741e-09]]), 1.9246487022719705), (3.513485446397074e-05, array([[1.15562829e-06],
       [3.43803415e-09],
       [7.11294274e-09]]), 1.933499280211649), (3.077810389544744e-05, array([[9.94493100e-07],
       [3.77322739e-08],
       [6.29506731e-09]]), 1.8545291922548466), (2.9486454027697842e-05, array([[ 7.54506043e-07],
       [-2.39205664e-08],
       [ 1.26814848e-08]]), 1.9718241886115961), (2.6897986540630977e-05, array([[ 4.60578146e-07],
       [ 4.17375538e-08],
       [-6.39256458e-09]]), 2.0298228337631556), (2.342567761677542e-05, array([[ 2.78780351e-07],
       [-6.69341025e-08],
       [-4.57980684e-09]]), 2.0378061902654916), (2.0141390480071775e-05, array([[ 6.66906373e-08],
       [-2.88085825e-08],
       [-9.54639515e-10]]), 2.0778478396103264), (1.7700269130712856e-05, array([[3.40037574e-08],
       [2.20662997e-09],
       [2.40675739e-09]]), 2.2541762962480583), (1.9502865398094657e-05, array([[ 9.05431819e-08],
       [ 4.30395100e-08],
       [-1.75140453e-10]]), 2.221986626724718), (2.26747164039378e-05, array([[ 2.61254951e-07],
       [-5.80087710e-08],
       [ 4.03815512e-10]]), 2.1391644341073706), (2.697978760728166e-05, array([[ 5.28629747e-07],
       [-4.95939395e-08],
       [ 3.05772044e-09]]), 2.179357224998116), (2.9081105835113193e-05, array([[ 8.00284714e-07],
       [-9.16971328e-08],
       [ 1.03670716e-08]]), 2.0610646011572373), (3.0602893920899864e-05, array([[ 1.00256185e-06],
       [ 7.53105591e-08],
       [-9.40593884e-09]]), 1.93898009545513), (3.474876657582964e-05, array([[ 1.39972002e-06],
       [-1.39639263e-07],
       [-3.04724430e-08]]), 1.9978974392947388), (3.8416816345263516e-05, array([[ 1.72593149e-06],
       [ 1.22297512e-08],
       [-1.40041261e-08]]), 2.029166179814099), (4.0395498924459915e-05, array([[ 1.89807751e-06],
       [-1.10226770e-07],
       [ 8.34502448e-09]]), 1.9335485691193623), (4.6618326000886306e-05, array([[ 2.24182915e-06],
       [-1.37040724e-07],
       [-1.15878466e-08]]), 1.9996669315402467), (5.2891174158760654e-05, array([[2.25940034e-06],
       [1.16476012e-07],
       [1.69752275e-08]]), 2.0628125829391086), (5.760334436836396e-05, array([[ 2.46014164e-06],
       [-5.69394858e-08],
       [-7.58470454e-09]]), 2.067277556419862), (6.244414668758135e-05, array([[ 2.36892325e-06],
       [-1.08931940e-07],
       [-1.75097480e-08]]), 2.083125599893696), (6.714727676083928e-05, array([[ 2.03319079e-06],
       [-2.77864346e-08],
       [-4.31962919e-08]]), 2.100498465770996), (7.213365906618036e-05, array([[ 2.46652256e-06],
       [ 8.86426118e-08],
       [-1.66926184e-09]]), 2.132257612537964), (7.592703396020191e-05, array([[1.73222502e-06],
       [4.32933815e-08],
       [1.22090902e-08]]), 2.135427374604702), (7.984943989610803e-05, array([[1.89972644e-06],
       [7.80164633e-08],
       [1.30794732e-08]]), 2.1500210862357414), (8.421805848849371e-05, array([[ 2.32461074e-06],
       [-5.75365503e-08],
       [ 3.60031496e-08]]), 2.183377355743786), (8.897014199705152e-05, array([[ 1.90731280e-06],
       [-9.58401204e-08],
       [ 2.34527731e-08]]), 2.2325961942527965), (9.3435193137627e-05, array([[ 1.49750805e-06],
       [ 1.04959178e-07],
       [-3.56071838e-08]]), 2.28067509046325), (9.46735087740662e-05, array([[ 1.34989752e-06],
       [-1.67098600e-07],
       [ 1.35649925e-08]]), 2.258382282886206), (9.563528242638397e-05, array([[ 1.40038696e-06],
       [ 8.27595882e-11],
       [-5.60356235e-09]]), 2.239447161067893), (0.00010015880159437361, array([[ 8.27152944e-07],
       [-1.79107299e-07],
       [-1.67201376e-08]]), 2.312237740873996), (0.00010129444557401013, array([[ 2.50894976e-07],
       [ 6.43581053e-08],
       [-1.27569339e-08]]), 2.315070386766701), (0.00010414295675818122, array([[-1.01825533e-07],
       [ 1.60153180e-07],
       [-4.82057298e-09]]), 2.366039561993978), (0.0001033376222701599, array([[-2.12124925e-07],
       [ 1.63974703e-07],
       [ 1.68209449e-09]]), 2.343264551701792)]