[(0.00010137927549155824, array([[ 4.16861716e-08],
       [-2.10828325e-07],
       [ 3.03180889e-09]]), 2.298857447247234), (9.959100767137507e-05, array([[-1.09759858e-07],
       [-8.35812611e-08],
       [-1.19065559e-10]]), 2.2626231432670374), (0.00010048374212226774, array([[-5.09299700e-07],
       [-1.30552506e-07],
       [-1.57220384e-08]]), 2.2965418727604012), (0.00010098772599456565, array([[-6.47647155e-07],
       [-2.49513523e-07],
       [-2.11198769e-09]]), 2.3313740549267297), (9.728895021837574e-05, array([[-1.17152563e-06],
       [-5.72773263e-08],
       [ 3.02299070e-09]]), 2.2781703346516173), (9.647024819809604e-05, array([[-1.32208803e-06],
       [-4.75497741e-08],
       [-4.37451384e-08]]), 2.30124247191623), (9.268918116014839e-05, array([[-1.86915828e-06],
       [ 4.74280935e-08],
       [ 2.65295401e-08]]), 2.2624655606588155), (8.852598089349518e-05, array([[-1.64491613e-06],
       [-1.53065689e-08],
       [-3.19586835e-09]]), 2.221450518105983), (8.3249779600828e-05, array([[-1.54719991e-06],
       [-6.28420859e-08],
       [ 2.92633729e-08]]), 2.1582744474683233), (8.010173723298339e-05, array([[-1.93041790e-06],
       [-2.38132760e-08],
       [-1.85136441e-08]]), 2.156814428743702), (7.659478564994296e-05, array([[-2.13435707e-06],
       [-1.02402263e-08],
       [-2.87650605e-08]]), 2.1542077109794766), (7.226846756615283e-05, array([[-2.03075362e-06],
       [-9.44025140e-08],
       [-5.25812015e-08]]), 2.1362425268487346), (6.72405632643106e-05, array([[-2.47328182e-06],
       [ 1.15121743e-07],
       [-3.02038794e-08]]), 2.103416650496738), (6.26873391728461e-05, array([[-2.23473598e-06],
       [-1.64237603e-08],
       [ 5.21912144e-08]]), 2.0912384578416363), (5.701478509402345e-05, array([[-2.27071352e-06],
       [ 7.29233479e-08],
       [ 1.33989362e-08]]), 2.046155251945904), (5.2890886100346164e-05, array([[-2.27665259e-06],
       [ 1.07616745e-07],
       [-2.01860089e-08]]), 2.0628013483516465), (4.8445829145903935e-05, array([[-2.29066718e-06],
       [-5.59604965e-08],
       [-2.82079751e-08]]), 2.0780566533485336), (4.22616703611646e-05, array([[-2.19226627e-06],
       [-1.59583332e-09],
       [-1.89973542e-08]]), 2.0228736970975896), (3.917638199837647e-05, array([[-1.85462580e-06],
       [ 1.26090740e-07],
       [-5.58356255e-09]]), 2.0692862387172952), (3.734110569613777e-05, array([[-1.47349350e-06],
       [ 1.35913029e-08],
       [ 4.83022438e-09]]), 2.146945253091089), (3.264631940622921e-05, array([[-9.75926160e-07],
       [ 3.30499236e-08],
       [-4.71934020e-09]]), 2.068450247945951), (3.032810013661671e-05, array([[-7.79132488e-07],
       [-2.85532926e-08],
       [-1.75703399e-08]]), 2.14944280201542), (2.784135070288451e-05, array([[-5.33780683e-07],
       [-1.81553729e-08],
       [-5.85434869e-11]]), 2.248952055933217), (2.3975166238681983e-05, array([[-2.87323775e-07],
       [ 5.70304425e-08],
       [ 1.07238373e-09]]), 2.2618506889326944), (1.8983127720859833e-05, array([[-7.82093464e-08],
       [-8.67931022e-08],
       [ 7.39069639e-10]]), 2.162772242343358), (1.7617149260984206e-05, array([[-1.49054092e-08],
       [ 8.08338722e-08],
       [-1.04708347e-09]]), 2.243590760022259), (1.981172452486336e-05, array([[-1.31489637e-07],
       [-4.43893530e-08],
       [-6.96290598e-10]]), 2.043838484918526), (2.2989092247610663e-05, array([[-2.23796495e-07],
       [ 4.03837441e-08],
       [ 9.00607776e-11]]), 1.9998275079657668), (2.6439736442199627e-05, array([[-4.47910747e-07],
       [ 2.64387904e-08],
       [-9.85959049e-09]]), 1.9952415645679655), (2.917355575885109e-05, array([[-6.94872463e-07],
       [ 6.53502363e-08],
       [-1.90874455e-09]]), 1.9508999915376735), (3.191729646943613e-05, array([[-9.74475384e-07],
       [ 2.42309090e-08],
       [-1.02223102e-08]]), 1.923171038784402), (3.3405997936936364e-05, array([[-1.10355942e-06],
       [-1.15034452e-07],
       [ 7.29615756e-09]]), 1.8383589159890508), (3.8618774942482494e-05, array([[-1.70154712e-06],
       [-2.53766524e-08],
       [ 9.35989971e-09]]), 1.96294167162253), (4.318206520881417e-05, array([[-1.73204807e-06],
       [-3.45650502e-08],
       [-1.99770105e-08]]), 1.9527374909722017), (4.911993791865106e-05, array([[-1.93290327e-06],
       [ 1.25363079e-07],
       [-9.27706125e-09]]), 2.0057950241462033), (5.472658937414946e-05, array([[-2.03117462e-06],
       [-1.52491778e-07],
       [ 2.79770615e-08]]), 2.0446453603843233), (5.923849566589096e-05, array([[-1.75650227e-06],
       [-9.93638242e-08],
       [ 1.73295053e-08]]), 2.047307405810363), (6.514466987919564e-05, array([[-1.80747462e-06],
       [ 9.59431625e-08],
       [-2.41203857e-08]]), 2.1022992847753184), (7.023936579465111e-05, array([[-1.90431891e-06],
       [ 2.00690476e-07],
       [-3.54569183e-08]]), 2.1339570257314313), (7.388177191572431e-05, array([[-1.89321695e-06],
       [-4.86745746e-08],
       [-6.53513592e-08]]), 2.1285271826130274), (7.897610920547254e-05, array([[-1.85342571e-06],
       [ 1.04873434e-07],
       [-5.54169015e-09]]), 2.1717190574231857), (8.369172940099941e-05, array([[-1.55914484e-06],
       [-1.35862524e-07],
       [ 2.08525711e-08]]), 2.2096993807963314), (8.801525503956556e-05, array([[-1.62052890e-06],
       [-2.54733129e-07],
       [ 4.21313041e-08]]), 2.243501145612326), (8.94492511472307e-05, array([[-1.18979630e-06],
       [ 4.51685979e-08],
       [-6.81739247e-09]]), 2.212462326504423), (9.288101102193947e-05, array([[-1.13682228e-06],
       [ 1.30385290e-08],
       [-1.57846506e-08]]), 2.2399612176384887), (9.653587471823148e-05, array([[-1.41590776e-06],
       [ 1.04283068e-07],
       [ 1.63696493e-08]]), 2.2803275167385664), (9.971242755779816e-05, array([[-9.28602605e-07],
       [-1.34834093e-07],
       [ 7.16451997e-09]]), 2.3171418232906817), (0.00010285055090525793, array([[-4.72512269e-07],
       [-1.82439200e-08],
       [ 6.85590653e-10]]), 2.3612577804066484), (0.00010289087354526603, array([[-4.35637572e-07],
       [ 4.67198240e-08],
       [-1.03109749e-08]]), 2.3433737362801876), (0.00010338932019770801, array([[-2.72954926e-07],
       [-8.69137101e-08],
       [-1.48247399e-08]]), 2.3454936213767317), (0.00010314039514573816, array([[ 6.94609698e-08],
       [ 6.37662487e-08],
       [-4.58877807e-09]]), 2.339846499212859), (0.00010098893404804854, array([[3.97428662e-07],
       [1.75654093e-07],
       [1.28653467e-08]]), 2.3000564340530603), (0.00010096074718077364, array([[ 4.07433660e-07],
       [ 6.30227463e-08],
       [-2.19829885e-08]]), 2.3178713939594773), (9.932477605050776e-05, array([[ 6.71208323e-07],
       [-9.06030453e-08],
       [-6.05831302e-09]]), 2.308133482581258), (9.861491313469235e-05, array([[ 7.30522143e-07],
       [-7.30842878e-09],
       [-7.15278519e-09]]), 2.3294376379577497), (9.576126498041708e-05, array([[1.13043354e-06],
       [4.01713684e-08],
       [7.01168776e-09]]), 2.309422747965883), (9.005336879256632e-05, array([[1.7262339e-06],
       [7.3110628e-08],
       [5.4138378e-09]]), 2.2274047381393918), (8.629176335866619e-05, array([[1.48456847e-06],
       [1.50487538e-07],
       [3.75472801e-08]]), 2.199569493550272), (8.436055460972473e-05, array([[ 1.70795675e-06],
       [-5.31442232e-08],
       [-2.77022579e-09]]), 2.2273582660907203), (7.959547580955735e-05, array([[ 1.79357771e-06],
       [ 1.49484413e-08],
       [-1.05080962e-10]]), 2.188750666996694), (7.524000768681915e-05, array([[ 1.99633667e-06],
       [-1.68913494e-08],
       [-2.70415505e-08]]), 2.1676578326260025), (6.892308773933032e-05, array([[ 2.29230310e-06],
       [-1.07126009e-07],
       [-1.17995340e-08]]), 2.093966903779306), (6.553068892685727e-05, array([[ 2.25077553e-06],
       [ 1.01330211e-07],
       [-3.90193615e-09]]), 2.1147565981566516), (5.899981365280021e-05, array([[ 1.96259947e-06],
       [-6.00202729e-08],
       [-9.21459293e-09]]), 2.039058454726417), (5.339042351218519e-05, array([[ 1.70906157e-06],
       [-3.77630474e-10],
       [-4.61310585e-08]]), 1.9947247393185497), (5.007200960027269e-05, array([[ 1.87740329e-06],
       [-2.87862882e-07],
       [-2.74635116e-08]]), 2.044672529341542), (4.305722721474018e-05, array([[1.63037263e-06],
       [1.89498742e-07],
       [9.94172997e-09]]), 1.9470921882256302), (3.7333071075216516e-05, array([[ 1.58616021e-06],
       [ 1.37659664e-08],
       [-7.62518268e-09]]), 1.897591030588956), (3.492634563719893e-05, array([[ 1.19811602e-06],
       [-8.41229786e-08],
       [ 4.85539129e-09]]), 1.9220248718888684), (3.213254202242595e-05, array([[ 1.02275247e-06],
       [-7.34326393e-08],
       [ 1.79462046e-08]]), 1.9361406214097194), (3.014752991164778e-05, array([[ 5.89591423e-07],
       [-4.66934671e-08],
       [ 4.60520945e-09]]), 2.0160317904227814), (2.584514837109714e-05, array([[4.44507042e-07],
       [2.73882151e-08],
       [3.68319355e-09]]), 1.9503717211845613), (2.3666110175485017e-05, array([[2.08726203e-07],
       [1.55620781e-08],
       [1.57357054e-09]]), 2.0587214852035953), (2.0366112288178506e-05, array([[ 1.36204406e-07],
       [-3.38500377e-08],
       [-6.72404354e-10]]), 2.101030833056081), (1.899547486379617e-05, array([[ 1.46478216e-08],
       [-1.17479047e-08],
       [ 1.52845875e-09]]), 2.419124187193681), (1.854446707883959e-05, array([[ 7.43828154e-08],
       [-9.06987261e-09],
       [ 7.32173387e-10]]), 2.1127950692283384), (2.262806943993557e-05, array([[ 2.93040505e-07],
       [-3.33407611e-08],
       [-1.06731996e-09]]), 2.134763694332944), (2.5814994698304244e-05, array([[4.62019483e-07],
       [7.64585716e-08],
       [3.53143850e-09]]), 2.085268276680325), (2.9435130302288736e-05, array([[ 8.16470525e-07],
       [-1.54857719e-07],
       [ 4.56482023e-09]]), 2.0861553697606117), (3.197749263785604e-05, array([[ 1.07206869e-06],
       [ 1.32367112e-07],
       [-5.84995869e-09]]), 2.0260738049031746), (3.54033510075478e-05, array([[ 1.46897787e-06],
       [-1.77542682e-07],
       [ 8.26676487e-09]]), 2.035533093414375), (3.853270781977447e-05, array([[1.78832942e-06],
       [1.10181220e-07],
       [1.79612310e-08]]), 2.0352875371512855), (4.267555173592573e-05, array([[2.13824028e-06],
       [9.98659593e-08],
       [1.60961975e-08]]), 2.0426843136578925), (4.7742587972639494e-05, array([[ 2.28586794e-06],
       [-7.42493406e-09],
       [-1.12520633e-08]]), 2.0478915178812565), (5.3318553604398645e-05, array([[2.20482911e-06],
       [5.87601052e-08],
       [3.67669206e-09]]), 2.0794808402083715), (5.8076652924969067e-05, array([[ 2.38567933e-06],
       [-6.34105299e-08],
       [ 8.38479973e-10]]), 2.084263725661601), (6.197173237496161e-05, array([[ 2.32855991e-06],
       [-1.29368488e-07],
       [ 2.49650759e-08]]), 2.067365942654756), (6.661325691624058e-05, array([[2.04838311e-06],
       [1.46867934e-07],
       [4.70211492e-09]]), 2.0837932780347), (7.003093726002765e-05, array([[ 2.36820940e-06],
       [-1.34710110e-07],
       [ 3.39751024e-08]]), 2.070101545089546), (7.686008748833845e-05, array([[ 2.37708738e-06],
       [-7.40186091e-08],
       [-1.02977015e-08]]), 2.161669253709299), (7.977542146123904e-05, array([[ 1.72108874e-06],
       [-1.06247135e-07],
       [ 1.41030036e-08]]), 2.148028070430677), (8.505785679489845e-05, array([[ 2.48549181e-06],
       [ 3.29488079e-08],
       [-2.77305336e-08]]), 2.205149368047378), (8.599154039987867e-05, array([[ 1.61858385e-06],
       [ 3.13675908e-07],
       [-1.54446651e-09]]), 2.1578518537271423), (9.156234387011508e-05, array([[ 1.78260963e-06],
       [-1.36004337e-08],
       [ 1.85599026e-08]]), 2.2349604027832535), (9.369323997633664e-05, array([[ 1.08932405e-06],
       [ 1.76491337e-07],
       [-4.24238232e-08]]), 2.2349985326278126), (9.921613917872594e-05, array([[ 8.17294618e-07],
       [-5.66006679e-08],
       [-1.11817841e-08]]), 2.3232984268849393), (0.00010044757663117584, array([[ 9.87667109e-07],
       [-1.61073017e-07],
       [ 2.11603738e-08]]), 2.3189043196278085), (0.00010013115292825144, array([[ 8.28462362e-07],
       [ 7.25455832e-08],
       [-7.83952792e-09]]), 2.288483496043539), (0.00010254804577064215, array([[ 1.61647804e-07],
       [-2.23838497e-07],
       [-5.44743727e-09]]), 2.3298045384086707), (0.00010281162127292719, array([[ 1.95361822e-07],
       [-3.06817537e-07],
       [-6.96472085e-10]]), 2.331337051688748)]