[(0.00010059002800797281, array([[ 2.32195022e-07],
       [-1.42523289e-07],
       [-2.13100729e-09]]), 2.2809606192558696), (0.00010222278035238824, array([[-7.83788891e-07],
       [-2.29161852e-07],
       [-3.60038107e-09]]), 2.3224147842506024), (0.0001030820578115449, array([[-4.35524648e-07],
       [ 1.31041581e-07],
       [ 1.08486453e-08]]), 2.355926014443884), (9.981896110907802e-05, array([[-2.62667727e-07],
       [ 1.16959683e-07],
       [ 1.91117047e-08]]), 2.304392279631761), (9.646135236014976e-05, array([[-9.34052769e-07],
       [-8.03675093e-08],
       [-1.39523905e-08]]), 2.2587908585096748), (9.536508274860264e-05, array([[-1.47142685e-06],
       [ 2.58890253e-08],
       [ 2.00761078e-08]]), 2.2748793836234933), (9.199015733423919e-05, array([[-1.43451761e-06],
       [-3.53761564e-09],
       [-1.38808966e-08]]), 2.245402972421393), (8.67962632475353e-05, array([[-1.67112371e-06],
       [-6.95379886e-09],
       [-1.03750427e-08]]), 2.178045383003131), (8.41113034058935e-05, array([[-1.93073871e-06],
       [-8.01563078e-08],
       [-2.83406508e-08]]), 2.180609699564775), (8.00436496518661e-05, array([[-2.28356763e-06],
       [-1.44600992e-08],
       [-1.93440442e-08]]), 2.1552503661226856), (7.858900507995505e-05, array([[-2.02491388e-06],
       [-9.38806826e-08],
       [-1.88577714e-09]]), 2.210294595185286), (7.089260880299062e-05, array([[-2.31300291e-06],
       [ 1.50485396e-07],
       [ 5.98023640e-08]]), 2.0955723964337762), (6.717132060518644e-05, array([[-2.73546770e-06],
       [-2.07212712e-09],
       [-2.00136228e-08]]), 2.101250604362444), (6.292539088245525e-05, array([[-2.11081342e-06],
       [-7.39246949e-08],
       [ 5.53810263e-09]]), 2.0991798204302916), (5.81320269531526e-05, array([[-2.24813805e-06],
       [ 3.92669323e-09],
       [ 2.44841512e-08]]), 2.086250997180776), (5.228557147716307e-05, array([[-2.16379051e-06],
       [ 7.98681665e-08],
       [-4.22550917e-08]]), 2.0391934281040998), (4.8895648615960134e-05, array([[-2.04047966e-06],
       [-1.25113770e-08],
       [ 2.74135936e-08]]), 2.0973514070772974), (4.231555518936339e-05, array([[-2.08569093e-06],
       [-1.02317115e-07],
       [-2.99253687e-08]]), 2.0254529184275665), (3.88229299972772e-05, array([[-1.77360083e-06],
       [-8.51652646e-09],
       [-1.37394432e-08]]), 2.0506169965715526), (3.502239039948538e-05, array([[-1.41101523e-06],
       [-3.91321210e-09],
       [-5.74546013e-09]]), 2.0136295757266547), (3.287598575638979e-05, array([[-1.02863081e-06],
       [-4.20508094e-09],
       [-7.23801441e-09]]), 2.083001763325778), (2.9845970570040962e-05, array([[-7.24825841e-07],
       [-4.54416294e-08],
       [-2.45068758e-09]]), 2.115272843401235), (2.4826518476461924e-05, array([[-4.61426872e-07],
       [-3.89443894e-08],
       [ 7.34961426e-09]]), 2.005421732772411), (2.384268861454164e-05, array([[-2.84498407e-07],
       [ 9.94555190e-09],
       [-1.01532798e-08]]), 2.249352564730054), (1.8866305003221157e-05, array([[-1.05663634e-07],
       [-3.95678481e-09],
       [ 2.97588336e-09]]), 2.149462479342269), (1.7357560591180573e-05, array([[-4.86601792e-08],
       [ 8.69655363e-08],
       [-3.34302910e-10]]), 2.2105314533007268), (2.082492071721031e-05, array([[-7.83521921e-08],
       [-3.05198837e-08],
       [ 1.78808628e-09]]), 2.1483629228639844), (2.396627990083435e-05, array([[-2.34754758e-07],
       [ 1.60167048e-09],
       [ 2.26938119e-09]]), 2.0848333328288318), (2.66570366511975e-05, array([[-4.13095338e-07],
       [ 2.31938624e-08],
       [ 2.34878289e-09]]), 2.011639852422676), (3.04784350634929e-05, array([[-7.18400869e-07],
       [ 3.65923766e-08],
       [ 1.51103594e-08]]), 2.038160147461966), (3.184945290899314e-05, array([[-8.97217211e-07],
       [ 4.82160462e-08],
       [ 9.33311703e-09]]), 1.9190831370807935), (3.551468126280227e-05, array([[-1.21280704e-06],
       [-8.06550187e-08],
       [ 2.66670596e-09]]), 1.9544014542308685), (3.797527089888612e-05, array([[-1.40160732e-06],
       [-9.89976866e-08],
       [ 1.63255140e-09]]), 1.9302332052117175), (4.386575292083849e-05, array([[-1.75863465e-06],
       [-1.03225670e-07],
       [ 1.84187457e-08]]), 1.9836545538993908), (4.888040549015014e-05, array([[-1.74513031e-06],
       [-6.79504513e-08],
       [-1.75195133e-09]]), 1.996013803453203), (5.338856417378596e-05, array([[-1.65413550e-06],
       [-1.66741473e-07],
       [ 1.50196026e-08]]), 1.994655272398084), (6.0006399863809864e-05, array([[-1.99028573e-06],
       [-1.76768869e-08],
       [ 9.81728424e-09]]), 2.073846498906501), (6.500626355506043e-05, array([[-2.13051402e-06],
       [-3.63449779e-08],
       [ 4.56811524e-08]]), 2.0978327410538227), (6.784923790201561e-05, array([[-1.75673071e-06],
       [ 7.41322700e-08],
       [ 5.72372430e-08]]), 2.0613420447847415), (7.553211799289739e-05, array([[-2.26249094e-06],
       [-3.48568743e-08],
       [-1.92760915e-08]]), 2.176073504187294), (7.828598551698943e-05, array([[-1.79217506e-06],
       [-1.76805259e-07],
       [ 1.46488997e-08]]), 2.152741739075448), (8.126505982703192e-05, array([[-1.84390669e-06],
       [ 3.21848187e-08],
       [-2.41684896e-08]]), 2.145628411139332), (8.822569412519408e-05, array([[-1.36146985e-06],
       [-8.69383034e-08],
       [ 1.06708313e-08]]), 2.248865219481986), (9.142778307426379e-05, array([[-1.46199363e-06],
       [-4.77038706e-08],
       [ 1.22703370e-08]]), 2.2613998781798617), (9.365305558925316e-05, array([[-1.16174806e-06],
       [-1.66510177e-08],
       [ 2.70418508e-09]]), 2.2585801998184163), (9.944359654084233e-05, array([[-1.02840204e-06],
       [ 1.96328656e-07],
       [-1.28853600e-08]]), 2.3490124289794716), (9.952884591872634e-05, array([[-8.58130255e-07],
       [-1.58462764e-07],
       [ 4.30027580e-08]]), 2.312875708180456), (9.927017638228851e-05, array([[-9.32610185e-07],
       [ 3.23320216e-07],
       [-1.28035694e-08]]), 2.279059025760026), (0.00010098352811956488, array([[-7.38232572e-08],
       [ 2.61208949e-07],
       [-6.75788880e-09]]), 2.2999333122406744), (0.00010178972608445855, array([[ 3.43316012e-07],
       [-1.22013559e-07],
       [-1.05169599e-08]]), 2.30920517512093), (0.00010337727186001026, array([[ 4.99997813e-07],
       [-1.74771860e-07],
       [-3.81207189e-10]]), 2.3452202923794596), (0.00010262231242682362, array([[3.11580303e-07],
       [1.24540956e-08],
       [5.89005109e-10]]), 2.3372571678241223), (0.00010061200798542935, array([[7.11035537e-07],
       [8.96561531e-08],
       [2.10303977e-08]]), 2.3098649892188936), (9.884890827826575e-05, array([[ 5.47128698e-07],
       [-9.86132995e-08],
       [ 8.42836793e-09]]), 2.297075150691996), (9.59577246932883e-05, array([[ 1.05607535e-06],
       [-2.90071179e-08],
       [ 3.31579003e-08]]), 2.2666707138709374), (9.530654015191855e-05, array([[ 1.08495832e-06],
       [-1.43734609e-08],
       [ 7.12653770e-09]]), 2.298456394678736), (9.151429253855152e-05, array([[ 1.52279360e-06],
       [ 4.12371539e-09],
       [-9.27204944e-09]]), 2.2635396270113826), (8.622387697115625e-05, array([[1.43432415e-06],
       [5.31048848e-08],
       [6.50798610e-08]]), 2.197839075475797), (8.405995695876294e-05, array([[ 1.58212773e-06],
       [-1.43636275e-07],
       [ 1.35346148e-08]]), 2.2194216342639774), (7.881484851783908e-05, array([[ 2.30808918e-06],
       [-9.29249779e-08],
       [ 5.74947683e-09]]), 2.1672846415970564), (7.378497625614088e-05, array([[ 2.02384919e-06],
       [-3.76751767e-08],
       [-7.29816137e-09]]), 2.125738508394204), (6.836916828864536e-05, array([[1.88063299e-06],
       [1.99549716e-07],
       [4.67901383e-09]]), 2.077138159810657), (6.715308792703489e-05, array([[ 1.93610751e-06],
       [-4.33135780e-08],
       [-3.62897429e-08]]), 2.167113425875919), (5.855371338298159e-05, array([[ 1.85806940e-06],
       [-1.57611024e-07],
       [ 2.09581929e-08]]), 2.0236410411701247), (5.357736369750764e-05, array([[ 2.04123793e-06],
       [ 1.54660293e-07],
       [-1.25263959e-09]]), 2.0017090295321376), (4.976143479845843e-05, array([[ 2.05423235e-06],
       [ 6.59993987e-09],
       [-1.01604913e-08]]), 2.0319903188482), (4.326669286108141e-05, array([[1.70652907e-06],
       [1.98153388e-10],
       [1.64367938e-08]]), 1.9565644406226226), (3.744973595297499e-05, array([[ 1.50337738e-06],
       [-4.45315234e-09],
       [-2.50749807e-09]]), 1.9035209532886774), (3.5531020867523817e-05, array([[1.30218952e-06],
       [4.37406652e-08],
       [3.09588012e-08]]), 1.9553006358113822), (3.217513396093545e-05, array([[ 8.60107420e-07],
       [-7.32581698e-08],
       [ 8.99606157e-09]]), 1.9387069911116646), (2.9131511558738718e-05, array([[6.41313850e-07],
       [1.32471662e-07],
       [1.45125058e-08]]), 1.9480884031827448), (2.716666613540314e-05, array([[4.92869838e-07],
       [1.31888904e-09],
       [2.70769130e-08]]), 2.050098402553814), (2.2327096703052312e-05, array([[ 2.66276022e-07],
       [-4.09323711e-08],
       [ 6.92346675e-09]]), 1.9422403320173054), (2.1254984870540458e-05, array([[ 6.20285918e-08],
       [-3.93125550e-10],
       [-6.17163143e-10]]), 2.1927296647120698), (1.7607265706961647e-05, array([[ 2.28421578e-08],
       [ 4.79365889e-08],
       [-9.23983874e-10]]), 2.2423320631608834), (2.053389497619875e-05, array([[ 1.14691902e-07],
       [-7.35717724e-08],
       [ 1.11912001e-09]]), 2.339453157285337), (2.2524647005344737e-05, array([[ 2.48514870e-07],
       [-1.22346801e-07],
       [ 3.02355618e-09]]), 2.125006677317856), (2.664180053422766e-05, array([[ 5.05429138e-07],
       [-7.13380803e-09],
       [ 3.63743989e-10]]), 2.1520555063805316), (2.661499748416426e-05, array([[ 7.11512321e-07],
       [ 8.25718770e-09],
       [-5.44979430e-09]]), 1.8862841559575918), (3.1930094450492635e-05, array([[ 9.88327515e-07],
       [ 9.64804664e-08],
       [-4.12953407e-09]]), 2.023070685587209), (3.5485585930011226e-05, array([[ 1.35889845e-06],
       [-4.22148163e-08],
       [-8.47612927e-09]]), 2.040261230761401), (3.81748038969799e-05, array([[1.58852694e-06],
       [6.49363489e-08],
       [1.27679968e-08]]), 2.0163831456673442), (4.215224304950562e-05, array([[ 1.96826149e-06],
       [-3.72081918e-08],
       [-4.15439668e-09]]), 2.0176359100293717), (4.646684969369559e-05, array([[ 2.10687969e-06],
       [ 5.60550647e-08],
       [-1.13516642e-08]]), 1.99316944035201), (5.302934618713822e-05, array([[ 2.10885015e-06],
       [ 9.36168640e-09],
       [-1.69818603e-08]]), 2.0682014404050433), (5.748539796402121e-05, array([[ 2.09998630e-06],
       [-1.13621891e-08],
       [ 1.51492367e-08]]), 2.063044677977962), (6.201368136165747e-05, array([[ 2.41074054e-06],
       [-3.54865902e-08],
       [-3.92106512e-08]]), 2.0687653533715515), (6.780335915134141e-05, array([[ 2.11603330e-06],
       [-2.33058557e-08],
       [-1.57352661e-08]]), 2.1210220092585086), (7.218569007901248e-05, array([[ 2.27515200e-06],
       [-1.12745525e-08],
       [-2.36314721e-08]]), 2.133795639648131), (7.75425172604492e-05, array([[ 2.14882635e-06],
       [-8.74123168e-08],
       [ 1.55900813e-08]]), 2.1808624071962956), (8.195422937558874e-05, array([[ 1.79705460e-06],
       [-1.55619253e-07],
       [-1.05718517e-08]]), 2.2066945177445736), (8.313753449467445e-05, array([[ 1.88662188e-06],
       [-3.38187870e-08],
       [ 2.65396551e-08]]), 2.1553644608518296), (8.890564110029875e-05, array([[ 1.58215566e-06],
       [-1.26347474e-07],
       [ 1.40512519e-08]]), 2.2309776236471555), (9.26713132593575e-05, array([[ 1.70388064e-06],
       [-1.19040487e-08],
       [-2.99380100e-08]]), 2.2620294201117237), (9.512638239389924e-05, array([[ 1.23420269e-06],
       [ 2.06866855e-07],
       [-4.07265682e-08]]), 2.2691853234902917), (9.74059452736686e-05, array([[ 1.16512029e-06],
       [-9.11674740e-08],
       [ 2.05874569e-08]]), 2.2809099537313884), (0.00010096947645741202, array([[ 8.65635032e-07],
       [ 1.75724996e-08],
       [-4.35999465e-10]]), 2.3309527512780392), (0.00010371680227679874, array([[ 5.67518358e-07],
       [ 1.26407022e-07],
       [-6.02229237e-09]]), 2.3704330104232403), (0.00010337893789062746, array([[ 4.70228821e-07],
       [ 1.51891740e-07],
       [-5.49264534e-09]]), 2.3486817019618353), (0.00010291037759512298, array([[ 7.73270615e-08],
       [-7.22521208e-09],
       [ 1.25115843e-09]]), 2.3335764315387397)]