[(0.00010178871105348157, array([[ 3.48732341e-07],
       [-7.24861992e-08],
       [ 4.06863430e-09]]), 2.3081417312996844), (0.0001043784917605845, array([[-5.38261483e-07],
       [-1.21772108e-07],
       [-9.71473260e-09]]), 2.371390717283476), (0.00010112013403270435, array([[-5.06462720e-07],
       [ 1.06425672e-07],
       [ 6.58782851e-09]]), 2.3110865208690012), (9.992902576720178e-05, array([[-9.18618271e-07],
       [-6.99425838e-08],
       [-5.68280891e-09]]), 2.306933201172344), (9.685669908884781e-05, array([[-1.33446177e-06],
       [-1.35357494e-07],
       [-6.38297404e-09]]), 2.2680485099407965), (9.602191619070678e-05, array([[-1.00225183e-06],
       [-1.81931531e-07],
       [-5.80652950e-09]]), 2.2905477688736395), (9.16484537471551e-05, array([[-1.74257000e-06],
       [ 1.90544318e-07],
       [-1.78599669e-08]]), 2.2370622730209355), (8.830848882232249e-05, array([[-1.64652898e-06],
       [-6.87037438e-08],
       [-1.85897539e-08]]), 2.21599282230511), (8.572173732004416e-05, array([[-2.02495676e-06],
       [ 9.55156620e-08],
       [-3.28126832e-08]]), 2.2223606613440565), (8.043458062085152e-05, array([[-1.78385629e-06],
       [ 2.03803635e-07],
       [ 6.04987335e-08]]), 2.165776549245258), (7.561702931798239e-05, array([[-2.23096543e-06],
       [ 5.04554250e-08],
       [-2.04884097e-08]]), 2.1267085775607244), (7.039235455175539e-05, array([[-2.17225390e-06],
       [ 1.02293182e-07],
       [-1.97462413e-09]]), 2.0807849733471118), (6.63496994846314e-05, array([[-2.10184418e-06],
       [ 5.84188828e-08],
       [ 5.05086428e-08]]), 2.075548684844281), (6.227564642463769e-05, array([[-2.22897181e-06],
       [-1.18752730e-08],
       [-4.35201146e-08]]), 2.0775044611649855), (5.6441484220044206e-05, array([[-2.29346830e-06],
       [ 7.37260788e-08],
       [-2.05751464e-09]]), 2.025580543257565), (5.245990905434134e-05, array([[-2.03102721e-06],
       [-4.52227527e-09],
       [-1.81261468e-09]]), 2.0459927808052325), (4.9341520336752825e-05, array([[-2.21487256e-06],
       [-1.32042107e-07],
       [-3.41586976e-08]]), 2.116476824316886), (4.325710981647093e-05, array([[-2.03238843e-06],
       [-4.49112750e-09],
       [-2.43898660e-08]]), 2.070520850510691), (3.836741192371195e-05, array([[-1.83423872e-06],
       [ 1.11147879e-08],
       [ 6.22140695e-09]]), 2.0265566512044217), (3.452740280985778e-05, array([[-1.34442063e-06],
       [ 3.34754728e-08],
       [ 1.13435405e-08]]), 1.9851700206042713), (3.2846642525252266e-05, array([[-1.06446862e-06],
       [ 2.82231375e-08],
       [-1.31803844e-08]]), 2.081142594671367), (3.0295094591070122e-05, array([[-7.84648542e-07],
       [-1.19569429e-08],
       [ 5.41823052e-09]]), 2.147103600681273), (2.633532524252282e-05, array([[-4.76336645e-07],
       [ 2.47060257e-10],
       [-3.40596158e-09]]), 2.1272992276809837), (2.3971972418743077e-05, array([[-1.96411635e-07],
       [-2.13625498e-08],
       [-7.42064891e-10]]), 2.2615493794962043), (1.956574338466921e-05, array([[-1.25778711e-07],
       [-4.02145487e-08],
       [-5.06169688e-10]]), 2.229150396890395), (1.6375127722954756e-05, array([[-3.38096904e-08],
       [-9.60185655e-08],
       [-4.14872213e-09]]), 2.085416017605629), (2.0962037999728e-05, array([[-9.70443371e-08],
       [ 1.09788283e-07],
       [ 5.68825992e-09]]), 2.1625083637924307), (2.316635409817099e-05, array([[-2.76115075e-07],
       [-5.50348464e-08],
       [ 2.18415264e-09]]), 2.0152475654889295), (2.674857283180142e-05, array([[-4.63219057e-07],
       [-3.87095840e-10],
       [ 3.36890294e-09]]), 2.0185475155380783), (2.9027633857533157e-05, array([[-6.33598202e-07],
       [ 1.06869391e-07],
       [-1.60979365e-08]]), 1.9411418722875047), (3.1262549390743625e-05, array([[-1.00657195e-06],
       [-3.24602408e-08],
       [-4.40173364e-09]]), 1.883719369665875), (3.638633800425864e-05, array([[-1.37762011e-06],
       [-6.44973068e-08],
       [ 2.19275308e-08]]), 2.0023694252929314), (3.961924440929341e-05, array([[-1.73416651e-06],
       [ 3.60903364e-08],
       [ 8.12199315e-09]]), 2.013794222241084), (4.2668386084064145e-05, array([[-1.60330953e-06],
       [-1.88567493e-07],
       [ 4.34744202e-08]]), 1.9295083915676552), (4.916623756642378e-05, array([[-1.74682804e-06],
       [-1.36559089e-08],
       [ 3.14497836e-09]]), 2.0076856536351095), (5.251438063356625e-05, array([[-1.80845825e-06],
       [ 1.51500221e-08],
       [-6.76798727e-09]]), 1.961994817213956), (5.9319451576015384e-05, array([[-2.07507078e-06],
       [ 8.31545190e-08],
       [-3.86984391e-08]]), 2.050105276223492), (6.598873485578938e-05, array([[-1.87508607e-06],
       [ 2.29444209e-08],
       [-5.23449333e-09]]), 2.1295383083191863), (7.078826965070171e-05, array([[-1.89824333e-06],
       [-4.11867195e-08],
       [ 2.88536704e-08]]), 2.1506333898588457), (7.441936089103314e-05, array([[-1.99519826e-06],
       [ 1.31723461e-09],
       [ 6.49086731e-09]]), 2.1440150724855545), (8.016533495082596e-05, array([[-1.72043915e-06],
       [-3.47401524e-08],
       [ 8.32564699e-09]]), 2.2044208990401613), (8.325823906425217e-05, array([[-1.81608461e-06],
       [ 2.98237691e-07],
       [-3.86108585e-08]]), 2.1982540045859533), (8.803983427339767e-05, array([[-1.33372013e-06],
       [-2.51892391e-07],
       [-1.64070231e-09]]), 2.2441276681309033), (9.175084814119384e-05, array([[-1.05172035e-06],
       [-4.34057015e-08],
       [ 7.22124892e-09]]), 2.2693906582079233), (9.407213500095812e-05, array([[-1.24353760e-06],
       [-1.43413848e-08],
       [ 1.21350842e-08]]), 2.268686911825547), (9.68135985724e-05, array([[-9.36218811e-07],
       [ 1.30909209e-07],
       [-1.87396639e-08]]), 2.2868877861572012), (0.00010018323877721454, array([[-9.28518860e-07],
       [-6.32572991e-08],
       [ 2.69924369e-08]]), 2.3280826497664164), (0.00010151230487321795, array([[-1.14092184e-06],
       [ 2.11319380e-07],
       [ 4.96648369e-10]]), 2.330534135006212), (0.00010213754412158835, array([[-3.93494491e-07],
       [-1.66964721e-08],
       [ 2.90302836e-10]]), 2.3262164090519692), (0.00010196244043014613, array([[-1.28986494e-07],
       [-8.54090141e-08],
       [-2.27581757e-10]]), 2.3131233786196654), (0.00010102144174247411, array([[-1.71119248e-07],
       [ 1.42704353e-07],
       [ 4.49995788e-09]]), 2.291775850505175), (0.00010321307412352229, array([[5.82917026e-07],
       [1.87554743e-09],
       [6.23518166e-09]]), 2.3507119612061116), (9.92406488124117e-05, array([[ 3.68057189e-07],
       [-6.61466587e-08],
       [-2.38009060e-08]]), 2.2783811275524375), (0.00010069729416683896, array([[ 8.78855066e-07],
       [ 1.65751857e-07],
       [-1.97550261e-08]]), 2.340028394865203), (9.751424657424154e-05, array([[ 1.03332495e-06],
       [-2.61932296e-08],
       [-1.31876670e-08]]), 2.303438181777591), (9.461837313933491e-05, array([[1.18160565e-06],
       [1.71772585e-07],
       [4.15051987e-08]]), 2.2818602422199583), (9.04479084881101e-05, array([[1.39523616e-06],
       [6.09408185e-09],
       [9.89765195e-09]]), 2.2371633912472233), (8.641593712019467e-05, array([[1.78852074e-06],
       [1.61726095e-07],
       [1.90729833e-08]]), 2.2027346718607697), (8.323464300290508e-05, array([[ 1.40477129e-06],
       [-5.41333496e-08],
       [-9.40784863e-09]]), 2.19763100154227), (7.826581687452268e-05, array([[ 1.94523803e-06],
       [-7.33375645e-08],
       [-8.66004945e-09]]), 2.152187133060437), (7.454917721174618e-05, array([[ 2.09969136e-06],
       [-1.73060212e-09],
       [ 3.87813723e-09]]), 2.147755068972099), (7.13666025881677e-05, array([[1.92260154e-06],
       [8.36643817e-08],
       [2.62663191e-08]]), 2.1682038451321093), (6.371613087227967e-05, array([[ 1.61089796e-06],
       [-9.65375358e-08],
       [-2.51957644e-08]]), 2.0561985594499417), (5.9921569421233355e-05, array([[1.84147802e-06],
       [9.60336268e-08],
       [2.78503073e-08]]), 2.0709147230169735), (5.4590115635830275e-05, array([[ 1.91417271e-06],
       [-1.30092641e-07],
       [-1.43463633e-08]]), 2.039546551942948), (4.8849337459798914e-05, array([[ 1.87913760e-06],
       [-2.01274636e-10],
       [ 4.33466587e-09]]), 1.994745151591472), (4.3962395975668396e-05, array([[1.83309865e-06],
       [4.34393612e-08],
       [1.85156805e-08]]), 1.9880248524364335), (3.82735361146778e-05, array([[ 1.50610440e-06],
       [-1.24383128e-07],
       [ 1.93000933e-08]]), 1.9453936348769525), (3.49156526950129e-05, array([[1.17524939e-06],
       [5.59050858e-08],
       [2.35543465e-08]]), 1.9214364306860954), (3.210242882499626e-05, array([[ 9.16145293e-07],
       [-2.09831845e-08],
       [ 7.77284922e-09]]), 1.934326156038649), (2.8730616596272102e-05, array([[8.02218470e-07],
       [3.37882782e-08],
       [7.55118675e-09]]), 1.9212796732031527), (2.5731581507883585e-05, array([[ 4.49855119e-07],
       [-4.94049563e-08],
       [-1.34245743e-08]]), 1.9418015402246775), (2.3948835608447184e-05, array([[ 2.62100349e-07],
       [-4.36376927e-08],
       [ 2.34752085e-09]]), 2.08331584899793), (2.0610709661881798e-05, array([[ 1.42054701e-07],
       [-1.15697631e-08],
       [-6.52046814e-10]]), 2.1262642510282217), (1.709331875767977e-05, array([[ 2.31455068e-09],
       [ 1.15334333e-07],
       [-4.09473887e-09]]), 2.176879553820786), (2.002150344124998e-05, array([[7.45081599e-08],
       [3.87418329e-08],
       [2.02857129e-09]]), 2.281075728376129), (2.2785582033354943e-05, array([[ 2.44816463e-07],
       [ 1.34820434e-07],
       [-7.57504166e-09]]), 2.1496236525244483), (2.620965533193415e-05, array([[ 4.51546981e-07],
       [-7.29706589e-08],
       [ 8.62279687e-09]]), 2.117147938442063), (2.8158981483194025e-05, array([[ 7.64181140e-07],
       [-7.69059834e-09],
       [ 1.05384692e-08]]), 1.9957109013914303), (3.238130079158126e-05, array([[ 1.07409225e-06],
       [-7.64736536e-08],
       [ 8.67419086e-09]]), 2.051658835341128), (3.613749088189736e-05, array([[ 1.44373478e-06],
       [-5.98823179e-08],
       [-5.96533953e-09]]), 2.077742826869127), (3.886098495534583e-05, array([[ 1.70101667e-06],
       [ 9.94310474e-08],
       [-9.69055807e-09]]), 2.052627049491948), (4.2297278697596554e-05, array([[ 1.96514782e-06],
       [ 2.14976122e-08],
       [-1.16837351e-08]]), 2.0245781059993218), (4.6632309818726274e-05, array([[ 2.18466309e-06],
       [ 4.07723430e-08],
       [-1.07029976e-08]]), 2.0002667595587544), (5.206234394580611e-05, array([[ 2.26377064e-06],
       [-5.33937214e-08],
       [ 2.32677194e-08]]), 2.0304873146954745), (5.7399665337000484e-05, array([[ 2.17658235e-06],
       [-1.77277362e-08],
       [-3.05961151e-08]]), 2.0599678924607967), (6.131320608802664e-05, array([[ 2.37237747e-06],
       [-7.54636109e-08],
       [ 5.60681515e-08]]), 2.0453976231358664), (6.770010265568235e-05, array([[ 2.18172644e-06],
       [ 3.92604098e-08],
       [-3.86157427e-08]]), 2.1177919436300052), (7.314355337969549e-05, array([[ 2.22219433e-06],
       [-1.28205608e-08],
       [ 4.73475324e-08]]), 2.162109901548782), (7.538048264672386e-05, array([[ 2.15386085e-06],
       [-6.15462607e-08],
       [-3.32366305e-08]]), 2.1200557661596924), (8.078967586922513e-05, array([[ 1.72203621e-06],
       [ 1.74467249e-08],
       [-6.01723791e-08]]), 2.175337821968257), (8.517069837616962e-05, array([[1.89203068e-06],
       [3.15477262e-08],
       [3.31825944e-08]]), 2.2080748184526193), (8.991932668007354e-05, array([[ 1.82913955e-06],
       [ 1.14344182e-07],
       [-4.85657780e-08]]), 2.256414815459766), (8.952823932258753e-05, array([[ 1.60299177e-06],
       [-1.11533203e-07],
       [ 7.22971018e-09]]), 2.1853096082896752), (9.37832931018486e-05, array([[ 1.33827295e-06],
       [-5.83501870e-08],
       [-7.22588096e-08]]), 2.2371466983164856), (9.60607785623069e-05, array([[ 1.04743548e-06],
       [ 2.31351718e-08],
       [-4.12284505e-08]]), 2.2494108072187937), (9.780800793947247e-05, array([[ 9.61476278e-07],
       [-7.00713443e-08],
       [ 1.35189007e-08]]), 2.257967984014456), (0.0001002970979374919, array([[ 5.49532168e-07],
       [-8.69868225e-08],
       [ 4.28009326e-09]]), 2.2922761460210115), (0.00010051567605254475, array([[ 1.36124379e-07],
       [ 2.68814278e-07],
       [-8.85065022e-09]]), 2.283630823859902), (0.00010165221371715927, array([[-2.87890688e-07],
       [-5.14945984e-08],
       [ 9.39075868e-09]]), 2.305046543288008)]