[(0.00010445323680772935, array([[ 1.29098771e-07],
       [ 1.84679685e-07],
       [-9.10972994e-09]]), 2.368562017830975), (0.0001037704716072737, array([[6.07037397e-08],
       [2.17537625e-07],
       [8.07537518e-09]]), 2.3575770155987485), (0.0001008586366426397, array([[ 9.69699891e-08],
       [ 3.33086407e-08],
       [-2.00290087e-10]]), 2.3051100345915465), (9.83332789410782e-05, array([[-8.37571307e-07],
       [-2.50752377e-07],
       [-1.68108270e-08]]), 2.270094241664964), (9.720736482180047e-05, array([[-1.14537001e-06],
       [-1.64445414e-07],
       [ 2.87500495e-09]]), 2.2762598871670736), (9.581524738938753e-05, array([[-1.35210838e-06],
       [-3.61663465e-08],
       [ 9.81669695e-10]]), 2.285617803085231), (9.265882714124001e-05, array([[-1.53309164e-06],
       [-1.96769892e-07],
       [ 1.30275698e-08]]), 2.261724644388457), (8.702150868899917e-05, array([[-1.44800136e-06],
       [ 6.08604885e-08],
       [-2.59985096e-08]]), 2.18369764008733), (8.517603582811542e-05, array([[-2.23212696e-06],
       [-9.75970669e-08],
       [-1.08361404e-08]]), 2.2082131934273552), (8.234227443710893e-05, array([[-2.48718663e-06],
       [ 4.74858007e-08],
       [ 3.85975935e-08]]), 2.2171429951010024), (7.584910465814059e-05, array([[-2.24608570e-06],
       [ 2.40327994e-08],
       [-2.43827246e-08]]), 2.1332356339791843), (7.182706076412583e-05, array([[-2.32020995e-06],
       [-1.50357581e-07],
       [-4.85768011e-09]]), 2.1231946234700274), (6.760215861081949e-05, array([[-2.34562189e-06],
       [-6.98654417e-08],
       [-7.13936381e-08]]), 2.1147280618779782), (6.3051071775259e-05, array([[-2.72223533e-06],
       [ 4.72913221e-08],
       [ 5.71083603e-09]]), 2.103372512605699), (5.5988818696895454e-05, array([[-2.23546310e-06],
       [-2.42601279e-08],
       [-5.02638481e-09]]), 2.0093352143303713), (5.191048829841963e-05, array([[-2.29096259e-06],
       [-1.21660475e-07],
       [-4.86861268e-10]]), 2.0245647813957035), (4.71577554137095e-05, array([[-2.22864815e-06],
       [ 6.82506857e-08],
       [-3.08601731e-08]]), 2.0228054534747786), (4.04683163229213e-05, array([[-2.07203582e-06],
       [-4.02277708e-08],
       [-1.48791474e-09]]), 1.9370340063673401), (3.846847996616258e-05, array([[-1.74362314e-06],
       [ 7.64733084e-08],
       [-7.01249114e-09]]), 2.031895038741735), (3.464069557112458e-05, array([[-1.31481872e-06],
       [ 2.09614800e-08],
       [-1.13167630e-08]]), 1.9916838436814621), (3.247756879255024e-05, array([[-1.06969257e-06],
       [ 1.66001374e-08],
       [ 1.77505389e-08]]), 2.0577583152854286), (2.9845221440453274e-05, array([[-7.70301253e-07],
       [ 5.22910905e-08],
       [ 2.71217740e-08]]), 2.1152197503557497), (2.6235007414618353e-05, array([[-4.63490810e-07],
       [-3.82809305e-08],
       [ 6.54697242e-09]]), 2.1191958138875884), (2.3323449080355276e-05, array([[-3.03610949e-07],
       [-3.62658560e-09],
       [-4.13284584e-09]]), 2.200366781422923), (1.8923605627859554e-05, array([[-1.50007347e-07],
       [-3.05518666e-08],
       [-5.46868903e-09]]), 2.155990813463979), (1.7236360366105123e-05, array([[-8.84330787e-09],
       [ 5.60049394e-08],
       [-1.44491620e-09]]), 2.195096282657419), (2.158304903543386e-05, array([[-1.18839592e-07],
       [ 6.26525083e-08],
       [-2.57342625e-09]]), 2.226573773784472), (2.339471273886072e-05, array([[-2.78713350e-07],
       [ 7.07374880e-08],
       [ 1.30630408e-09]]), 2.035112546951191), (2.556298264596423e-05, array([[-4.70267419e-07],
       [ 3.16012501e-08],
       [ 8.00552841e-09]]), 1.9290784384730488), (3.010301092124141e-05, array([[-7.11445966e-07],
       [ 2.41732618e-08],
       [ 1.15557346e-09]]), 2.013054707384808), (3.276669819206868e-05, array([[-8.78045765e-07],
       [ 7.94631653e-08],
       [ 5.03223959e-09]]), 1.9743515889548957), (3.552556664679194e-05, array([[-1.24399904e-06],
       [ 3.75789481e-08],
       [-7.22751535e-09]]), 1.9550004856607681), (3.868616805477112e-05, array([[-1.56511988e-06],
       [-1.58837592e-07],
       [ 1.74595534e-08]]), 1.9663671751163283), (4.3732547825898185e-05, array([[-1.70460625e-06],
       [-1.00297876e-07],
       [ 1.79326481e-09]]), 1.9776308822287418), (4.703421290907488e-05, array([[-1.88422700e-06],
       [ 8.65783983e-09],
       [ 2.37089456e-08]]), 1.9206251924401114), (5.4359792564482305e-05, array([[-1.76579348e-06],
       [ 8.48617773e-08],
       [-1.86107539e-08]]), 2.030941429558991), (6.041355494987749e-05, array([[-2.09770477e-06],
       [ 3.64048626e-08],
       [ 3.99533131e-08]]), 2.087917950479495), (6.630260904952398e-05, array([[-1.66193939e-06],
       [ 1.56063384e-07],
       [ 1.82954419e-08]]), 2.1396674177953927), (6.856347540322978e-05, array([[-1.92002920e-06],
       [ 2.09434154e-07],
       [-3.33556839e-08]]), 2.083041445348989), (7.56273029799731e-05, array([[-1.94188936e-06],
       [-3.18722087e-09],
       [ 1.48624704e-08]]), 2.1788157750764983), (7.798226041279274e-05, array([[-1.81732668e-06],
       [-2.40223899e-09],
       [-1.29115900e-09]]), 2.1443897753786083), (8.442443185153326e-05, array([[-1.66502823e-06],
       [ 3.64257937e-08],
       [ 2.61274161e-08]]), 2.2290448067164372), (8.815574375369811e-05, array([[-1.84292144e-06],
       [ 1.09483042e-07],
       [-2.51697625e-08]]), 2.2470821906363994), (9.038120347163912e-05, array([[-1.52146536e-06],
       [ 2.24970479e-08],
       [-4.76029352e-08]]), 2.2355134910631738), (9.481527700189838e-05, array([[-1.49670656e-06],
       [-8.43588599e-08],
       [ 2.11581404e-08]]), 2.28660886641012), (9.640041895693591e-05, array([[-9.88893281e-07],
       [-1.09381566e-07],
       [ 4.22747452e-09]]), 2.2771278409632694), (0.00010083592225226993, array([[-1.07836617e-06],
       [ 6.37339631e-08],
       [-7.33830388e-09]]), 2.3432498682813296), (9.891066862662931e-05, array([[-2.87517878e-07],
       [-3.03314132e-08],
       [-1.86045634e-08]]), 2.2708053948587312), (0.00010460367774122779, array([[-4.80983539e-07],
       [ 1.06650567e-07],
       [-1.84257528e-09]]), 2.3823834193541824), (0.00010225627375039199, array([[-1.69816528e-08],
       [ 7.48576872e-08],
       [ 2.14302758e-09]]), 2.319789291279374), (0.00010256996449589626, array([[1.83117387e-07],
       [7.05155286e-09],
       [2.32247938e-09]]), 2.326905690161369), (0.00010216692824346505, array([[4.56206414e-07],
       [1.71651076e-07],
       [1.23186386e-08]]), 2.3268856421636817), (9.986098556918709e-05, array([[7.74878672e-07],
       [4.39827305e-08],
       [3.93838464e-09]]), 2.2926229082771457), (9.926534691332186e-05, array([[9.41712768e-07],
       [1.80321804e-07],
       [2.65954931e-10]]), 2.306752453729908), (9.687209389559428e-05, array([[1.13967137e-06],
       [7.57727352e-08],
       [3.65453958e-08]]), 2.2882695366770958), (9.278203516510356e-05, array([[1.29703990e-06],
       [9.85783894e-08],
       [1.84259855e-08]]), 2.2375742703135644), (9.224338912738716e-05, array([[1.82564124e-06],
       [1.45870916e-08],
       [1.80880358e-08]]), 2.2815733021343485), (8.666411150527506e-05, array([[1.17188129e-06],
       [5.73343733e-08],
       [4.44667288e-08]]), 2.2090606152098995), (8.57322673989685e-05, array([[2.02645657e-06],
       [6.13163488e-08],
       [2.55155095e-08]]), 2.263575380048293), (7.979371487931747e-05, array([[ 1.77710735e-06],
       [ 1.26990772e-07],
       [-2.55840216e-08]]), 2.194201930297141), (7.609658718965726e-05, array([[ 2.05615235e-06],
       [-2.06333560e-07],
       [-4.39125181e-08]]), 2.19233581081445), (6.880994380662362e-05, array([[ 2.01924385e-06],
       [-1.52004760e-07],
       [ 1.35019221e-08]]), 2.0905294540331876), (6.405858259508005e-05, array([[1.91420180e-06],
       [1.77611358e-07],
       [1.93924814e-08]]), 2.067249901228914), (5.978420220245244e-05, array([[ 2.03616199e-06],
       [-3.13624863e-08],
       [-1.22396224e-08]]), 2.0661672539740072), (5.4731956618574416e-05, array([[ 1.94273906e-06],
       [-4.75436416e-08],
       [ 2.54177284e-08]]), 2.0448458865186407), (4.847076163679811e-05, array([[1.75452053e-06],
       [7.86253825e-08],
       [1.07728592e-08]]), 1.979286143819625), (4.176873459138277e-05, array([[1.70311735e-06],
       [3.37514904e-09],
       [1.95123817e-08]]), 1.8888252239129193), (3.6985290293374814e-05, array([[1.49330627e-06],
       [1.32661283e-07],
       [3.70166632e-09]]), 1.879913789654118), (3.556224072961155e-05, array([[ 1.27304617e-06],
       [-1.45526655e-08],
       [ 3.09182333e-09]]), 1.957018689914519), (3.229284800038308e-05, array([[ 1.03075175e-06],
       [-5.34474239e-08],
       [-1.99745241e-09]]), 1.9457998296840284), (2.970444059360477e-05, array([[ 7.41168746e-07],
       [-2.80677535e-08],
       [ 1.33185542e-08]]), 1.9864014308613387), (2.644033597670888e-05, array([[ 4.64660180e-07],
       [ 1.94357761e-08],
       [-1.25938265e-08]]), 1.9952868076881025), (2.237907283575364e-05, array([[ 2.31610604e-07],
       [-6.24725548e-08],
       [ 5.83373154e-09]]), 1.9467617502105181), (2.0281922195265967e-05, array([[ 1.33031439e-07],
       [-3.30356625e-08],
       [ 8.36292791e-09]]), 2.0923455239237256), (1.7290763325769298e-05, array([[ 2.34140207e-08],
       [-3.23428810e-08],
       [-8.53936071e-10]]), 2.2020246440972993), (1.9138469376657898e-05, array([[ 1.37146574e-07],
       [-1.34610855e-08],
       [-1.14957021e-10]]), 2.180470517684491), (2.3274495620127493e-05, array([[ 2.79451612e-07],
       [-1.76199250e-08],
       [ 9.70030777e-10]]), 2.1957484435711874), (2.4784982780765746e-05, array([[ 4.87521496e-07],
       [-1.01929424e-08],
       [-3.78635472e-09]]), 2.002066587067474), (2.892726224391795e-05, array([[ 7.20330165e-07],
       [-5.12901788e-08],
       [ 2.12083358e-10]]), 2.050161247559708), (3.2924569578040425e-05, array([[ 1.00594611e-06],
       [-7.18442565e-08],
       [-8.00348837e-09]]), 2.0860800036838705), (3.364249123540706e-05, array([[1.30187032e-06],
       [2.55743630e-08],
       [2.40772920e-08]]), 1.9342915940351095), (3.844617822169334e-05, array([[ 1.80387580e-06],
       [-1.32558926e-07],
       [-1.71127168e-08]]), 2.030717066438639), (4.22235666309078e-05, array([[ 1.98573047e-06],
       [-6.96265353e-08],
       [ 4.87593378e-09]]), 2.021049845057691), (4.7171737077526536e-05, array([[ 2.23323451e-06],
       [-4.69808737e-09],
       [ 8.20092226e-09]]), 2.0234051890976827), (5.337770190929409e-05, array([[2.19235667e-06],
       [1.51374263e-07],
       [1.57499245e-08]]), 2.081787687608499), (5.681637798226253e-05, array([[2.28180944e-06],
       [4.31378642e-08],
       [3.86810877e-08]]), 2.0390347874368544), (6.0762340248310055e-05, array([[ 2.13782335e-06],
       [-6.31811355e-08],
       [ 2.57468221e-08]]), 2.027020836940648), (6.885481923985303e-05, array([[ 2.34322398e-06],
       [-9.17986335e-09],
       [ 6.80185350e-09]]), 2.1539137423157473), (7.118622319429362e-05, array([[ 1.81493334e-06],
       [ 1.12984342e-07],
       [-2.80378518e-09]]), 2.1042515835027724), (7.572998042166449e-05, array([[ 2.09241534e-06],
       [-1.12111297e-07],
       [ 3.04599036e-09]]), 2.129885296921592), (8.10898222292705e-05, array([[ 2.22050346e-06],
       [ 1.85260117e-08],
       [-2.56557901e-08]]), 2.183419544318396), (8.523187887818369e-05, array([[ 1.74203041e-06],
       [-2.23594189e-07],
       [ 3.73280726e-08]]), 2.2096609405398295), (8.909676962067524e-05, array([[ 1.97713760e-06],
       [-3.51718441e-08],
       [-2.51038237e-08]]), 2.2357737585934148), (9.184040537779001e-05, array([[ 1.40243805e-06],
       [-5.40346608e-08],
       [ 7.20195090e-09]]), 2.2417476521362545), (9.443629921209037e-05, array([[ 1.38490930e-06],
       [ 1.67583319e-07],
       [-3.07006025e-08]]), 2.2527237847589645), (9.774002446270759e-05, array([[ 9.75072166e-07],
       [-2.42099756e-07],
       [ 2.91648882e-09]]), 2.2887329315329237), (9.980589468115003e-05, array([[ 6.86215989e-07],
       [ 1.13422926e-07],
       [-2.05401886e-08]]), 2.3040906317754306), (0.00010040848217452697, array([[ 8.41791271e-07],
       [-2.47230305e-08],
       [-2.32564726e-08]]), 2.2948218171804835), (0.00010171087414636453, array([[ 3.27895030e-07],
       [ 2.47980976e-07],
       [-1.19017289e-08]]), 2.3107847098491745), (0.00010294270590125744, array([[-1.51200184e-07],
       [-1.01831087e-07],
       [ 4.06408748e-09]]), 2.334309502148623)]