[(0.00010102478866757596, array([[-1.25244232e-07],
       [ 1.85381686e-08],
       [ 5.26296669e-09]]), 2.290819170476055), (0.00010394813745662754, array([[-3.41772206e-08],
       [ 1.73001793e-08],
       [ 1.44483151e-08]]), 2.361613432860864), (0.00010129102209779273, array([[-8.83986597e-07],
       [-4.51196446e-08],
       [-5.31923318e-09]]), 2.3149921436965517), (9.798970950708953e-05, array([[-7.34186858e-07],
       [-1.75980328e-07],
       [-7.37130951e-09]]), 2.262162694968783), (9.92106773202165e-05, array([[-9.48323624e-07],
       [-1.29703653e-07],
       [ 1.16446876e-08]]), 2.3231705290712577), (9.384014465687443e-05, array([[-1.54221732e-06],
       [ 1.76716371e-07],
       [ 1.84594360e-08]]), 2.2385028595730754), (9.239801311591527e-05, array([[-1.51007918e-06],
       [-2.26164129e-07],
       [ 3.68071166e-08]]), 2.2553583916861655), (8.816051152904462e-05, array([[-1.58901220e-06],
       [-5.31754322e-08],
       [ 3.44090670e-09]]), 2.212279514285225), (8.49011811376252e-05, array([[-2.29901642e-06],
       [-5.23171894e-09],
       [ 5.63658583e-09]]), 2.2010875066315916), (8.068456460489257e-05, array([[-2.16746953e-06],
       [-1.17617621e-08],
       [-2.15550740e-08]]), 2.172507602557701), (7.60475420281593e-05, array([[-1.96708898e-06],
       [-2.25121885e-08],
       [ 7.92406464e-09]]), 2.138816631549886), (7.108905813801285e-05, array([[-2.15324946e-06],
       [-1.62183993e-07],
       [-5.97310442e-08]]), 2.1013794024210206), (6.831561800402294e-05, array([[-2.46296997e-06],
       [-1.43288466e-08],
       [-1.25099583e-08]]), 2.137046470503118), (6.231475820530059e-05, array([[-2.34600638e-06],
       [ 4.59917418e-09],
       [-7.30927390e-09]]), 2.078809223194386), (5.744913726996078e-05, array([[-2.54834438e-06],
       [-2.22114042e-08],
       [-3.27415725e-08]]), 2.0617433486917336), (5.266069169239048e-05, array([[-2.47215090e-06],
       [-1.33920517e-07],
       [-5.48814484e-08]]), 2.0538235192751375), (4.786496158640338e-05, array([[-2.21865459e-06],
       [ 1.66708190e-07],
       [-2.78150909e-08]]), 2.0531406653674193), (4.2503174600048845e-05, array([[-1.96412935e-06],
       [ 4.93653696e-08],
       [-3.81518597e-08]]), 2.0344334051829907), (3.854886197585805e-05, array([[-1.51277040e-06],
       [-9.95393544e-08],
       [ 4.61546292e-09]]), 2.036140795445613), (3.525735100001564e-05, array([[-1.42445407e-06],
       [ 4.38940203e-08],
       [ 2.06675361e-09]]), 2.0271387511130716), (3.196668097190382e-05, array([[-1.05210608e-06],
       [ 1.29870922e-07],
       [ 1.51516701e-08]]), 2.025388784553979), (2.8927573473104757e-05, array([[-7.73442822e-07],
       [ 1.15799612e-07],
       [-1.04410360e-09]]), 2.0501833052993073), (2.539267216742256e-05, array([[-4.29977742e-07],
       [ 3.43415931e-08],
       [-6.58016550e-09]]), 2.051154158646712), (2.2816277069545268e-05, array([[-2.35668261e-07],
       [-1.34873691e-07],
       [ 9.65237253e-09]]), 2.152519465135824), (2.1503696136517416e-05, array([[-1.20410505e-07],
       [-5.06872372e-08],
       [ 1.06891364e-09]]), 2.4499438551814916), (1.7511481108853286e-05, array([[-2.06137588e-08],
       [ 4.32782477e-08],
       [-1.96006695e-09]]), 2.23013364013087), (2.0084271249281167e-05, array([[-9.32913533e-08],
       [-1.01065056e-07],
       [ 2.89624045e-09]]), 2.071955243941927), (2.436306389170114e-05, array([[-2.95904886e-07],
       [ 8.01737894e-08],
       [-5.97793355e-10]]), 2.119349682196142), (2.629521459208125e-05, array([[-3.98175936e-07],
       [-5.79565641e-08],
       [-5.30884471e-09]]), 1.984335404327873), (2.986650301461616e-05, array([[-6.73632771e-07],
       [-2.14275459e-08],
       [ 1.63620759e-08]]), 1.9972389022478627), (3.2386308707186846e-05, array([[-9.79734721e-07],
       [ 2.56398464e-08],
       [-3.74743962e-08]]), 1.9514312879988487), (3.5428325988884616e-05, array([[-1.30949876e-06],
       [-1.77275278e-08],
       [ 1.20623484e-08]]), 1.9496492541005543), (3.6536436785831554e-05, array([[-1.46708458e-06],
       [-4.27519086e-08],
       [-8.49735201e-09]]), 1.8570991546553923), (4.3666585250507296e-05, array([[-1.65082872e-06],
       [-3.19016178e-08],
       [-3.85322492e-08]]), 1.9746479865903792), (4.870175537273215e-05, array([[-1.85783093e-06],
       [-2.82762681e-08],
       [ 2.02472336e-08]]), 1.9887186900682148), (5.483980647478147e-05, array([[-1.90775759e-06],
       [ 1.13605212e-07],
       [ 5.07284602e-09]]), 2.0488752753519965), (5.9833747172990635e-05, array([[-1.79245888e-06],
       [-1.23444836e-07],
       [-1.72881665e-08]]), 2.0678795490612365), (6.466032472909812e-05, array([[-2.39664784e-06],
       [ 5.02156787e-08],
       [-3.74062674e-08]]), 2.086668866131358), (6.961041182983555e-05, array([[-1.82973662e-06],
       [-1.56225149e-07],
       [ 1.57025439e-08]]), 2.114848642321426), (7.49140366477388e-05, array([[-2.06061137e-06],
       [ 3.28938480e-08],
       [ 2.87724404e-08]]), 2.1582666364021414), (7.956163217297405e-05, array([[-1.78291961e-06],
       [-1.15954914e-07],
       [ 3.31384289e-08]]), 2.187820020105124), (8.425805504069813e-05, array([[-1.38743986e-06],
       [-1.20381147e-08],
       [ 2.58018532e-08]]), 2.224651986320533), (8.927724443505344e-05, array([[-1.83550717e-06],
       [ 2.06809833e-07],
       [-3.66946796e-08]]), 2.2756691448217237), (9.045014461869671e-05, array([[-1.16905542e-06],
       [-3.95834913e-08],
       [ 3.33360152e-08]]), 2.2372187003148403), (9.354533164102612e-05, array([[-1.58182772e-06],
       [-1.15827579e-07],
       [ 3.45328190e-08]]), 2.255982279494503), (9.603013243064055e-05, array([[-1.11764840e-06],
       [-4.96254415e-08],
       [ 2.66949694e-09]]), 2.268381097253188), (9.727748900589036e-05, array([[-8.86995282e-07],
       [-1.24704786e-07],
       [-1.01825712e-08]]), 2.2605581246088096), (0.0001027309591199031, array([[-7.22488027e-07],
       [-1.73539632e-07],
       [ 9.08453398e-09]]), 2.3585121749513904), (0.00010002275908348381, array([[-4.15893431e-07],
       [-6.40309746e-08],
       [-4.72441422e-10]]), 2.278051479108088), (0.00010138986364350303, array([[ 7.03856596e-08],
       [ 2.80262982e-07],
       [-1.12075553e-08]]), 2.3001338822359805), (0.00010164477085179677, array([[2.26150337e-09],
       [3.66780741e-07],
       [1.06802460e-08]]), 2.3059167158009224), (0.00010200820444675372, array([[ 6.52360918e-07],
       [ 7.80266933e-08],
       [-8.25207354e-09]]), 2.3232706551029256), (0.00010105667508233864, array([[ 8.13786551e-07],
       [ 1.40237734e-08],
       [-1.15016807e-09]]), 2.320073720557971), (9.756267978084897e-05, array([[ 6.94027996e-07],
       [-1.75820305e-07],
       [-1.44870368e-08]]), 2.2671854577152084), (9.749719504420455e-05, array([[1.19140283e-06],
       [9.30635436e-08],
       [2.57441851e-08]]), 2.303035398115462), (9.295409882121451e-05, array([[1.35934163e-06],
       [2.28331872e-07],
       [4.98437689e-09]]), 2.2417238366502463), (9.147919102742647e-05, array([[ 1.65165084e-06],
       [-7.28588034e-08],
       [-5.17335181e-08]]), 2.2626714166018878), (8.74523157471053e-05, array([[1.47623403e-06],
       [1.31109671e-07],
       [1.17407192e-08]]), 2.229151872330358), (8.260248046221811e-05, array([[ 1.97332311e-06],
       [-2.36834256e-08],
       [-3.29413546e-08]]), 2.1809401148236365), (7.913905383182642e-05, array([[ 1.66899371e-06],
       [-9.65276708e-08],
       [ 1.15693719e-08]]), 2.176199778921337), (7.502048253404746e-05, array([[ 1.76579773e-06],
       [-1.35224875e-07],
       [-1.38251207e-08]]), 2.161333332782187), (7.009654834600417e-05, array([[ 1.97041486e-06],
       [-4.10090863e-08],
       [ 1.69035012e-08]]), 2.1296180586224702), (6.495886453499787e-05, array([[ 2.06360811e-06],
       [ 2.31816564e-08],
       [-4.42981118e-09]]), 2.096303115895519), (6.053705932263969e-05, array([[ 2.07584866e-06],
       [ 4.65931210e-08],
       [-4.72731774e-08]]), 2.092186313714646), (5.365871023274124e-05, array([[ 1.85411549e-06],
       [-1.02319172e-07],
       [ 6.35262729e-10]]), 2.0047482252457898), (4.781810912801392e-05, array([[1.89162718e-06],
       [5.11145189e-08],
       [3.05105324e-09]]), 1.9526353130147514), (4.4318742970402565e-05, array([[1.86260340e-06],
       [1.45596722e-07],
       [2.91563840e-08]]), 2.0041392307795665), (3.847919655938759e-05, array([[ 1.53564518e-06],
       [-1.00823996e-08],
       [ 5.70937019e-09]]), 1.9558470855036627), (3.52261599571431e-05, array([[ 1.22349976e-06],
       [-1.75958287e-07],
       [-4.33664202e-08]]), 1.9385238948862071), (3.154195050376527e-05, array([[9.45994817e-07],
       [6.34654245e-08],
       [8.03513772e-10]]), 1.9005546341840291), (3.048715822379167e-05, array([[ 6.07566096e-07],
       [ 2.28510587e-08],
       [-2.11613764e-08]]), 2.0387434844227985), (2.574432074829632e-05, array([[4.41955797e-07],
       [1.13778104e-08],
       [7.06479980e-10]]), 1.9427628910319399), (2.4284190811575328e-05, array([[2.16214406e-07],
       [4.42984446e-08],
       [3.43842241e-09]]), 2.1124884910897386), (2.1489316005229227e-05, array([[ 9.46225074e-08],
       [-2.68097705e-08],
       [ 6.58472426e-09]]), 2.2169039858667214), (1.8226378849622434e-05, array([[ 3.28144546e-08],
       [-1.20465480e-07],
       [ 6.67005657e-10]]), 2.321177766611799), (2.071901389547792e-05, array([[ 6.20708948e-08],
       [-5.03420819e-09],
       [ 1.23480222e-09]]), 2.3605439946877347), (2.3228672346405403e-05, array([[2.52519624e-07],
       [3.57880594e-08],
       [3.84188869e-09]]), 2.19142541188892), (2.59528854695009e-05, array([[4.98574146e-07],
       [1.17378047e-09],
       [1.41407581e-09]]), 2.096406735323598), (2.973891275121316e-05, array([[ 6.93996046e-07],
       [-7.34787929e-08],
       [ 6.62615887e-09]]), 2.1076853368629975), (3.132777604987352e-05, array([[1.02774108e-06],
       [1.15154943e-08],
       [5.54291982e-09]]), 1.9849081708608078), (3.477729377411905e-05, array([[ 1.39465138e-06],
       [-5.49067180e-08],
       [-2.06205383e-08]]), 1.9995376246028496), (3.9735082729721435e-05, array([[1.86514689e-06],
       [7.41633054e-08],
       [4.64681583e-09]]), 2.0987966650497043), (4.321984609307832e-05, array([[2.04906554e-06],
       [1.30458466e-08],
       [2.31058223e-08]]), 2.0687372057739215), (4.6943216594501416e-05, array([[ 2.09557253e-06],
       [ 9.10294291e-08],
       [-1.62433270e-08]]), 2.013602931224325), (5.166217745545297e-05, array([[ 2.08352313e-06],
       [ 1.59059595e-07],
       [-7.65216531e-09]]), 2.0148803919016394), (5.8116133046335326e-05, array([[2.48094551e-06],
       [2.22069078e-09],
       [3.07148809e-09]]), 2.085680594243107), (6.238903419564241e-05, array([[ 2.16489037e-06],
       [-1.64473371e-07],
       [ 4.56101449e-08]]), 2.0812870569890047), (6.727564016905071e-05, array([[ 2.20468937e-06],
       [-1.26917090e-07],
       [ 7.42816874e-09]]), 2.104513924848653), (7.28391437357792e-05, array([[ 2.35910473e-06],
       [-1.20898343e-09],
       [ 2.75785028e-08]]), 2.1531116088103674), (7.64315478173391e-05, array([[ 2.25814247e-06],
       [-2.19095082e-07],
       [-1.61510364e-08]]), 2.1496166909154493), (8.030368334050788e-05, array([[ 2.13873679e-06],
       [-1.09464470e-07],
       [ 2.41991111e-08]]), 2.162252017160426), (8.515053930603075e-05, array([[ 1.90885735e-06],
       [-9.27871211e-08],
       [ 1.86541180e-08]]), 2.2075521887691045), (8.555528524131889e-05, array([[ 1.79947885e-06],
       [-9.36790852e-08],
       [-2.15458639e-09]]), 2.146904567538075), (9.102068791080999e-05, array([[ 1.56058423e-06],
       [ 1.45074463e-08],
       [-8.67639351e-09]]), 2.2217390328421813), (9.337618914195584e-05, array([[ 1.15377856e-06],
       [-1.19683199e-07],
       [ 5.61450778e-09]]), 2.2274354667141085), (9.619273138643872e-05, array([[ 8.08943471e-07],
       [-6.31235850e-08],
       [ 1.92098093e-08]]), 2.2525006854509657), (9.88400644102588e-05, array([[ 8.52591258e-07],
       [ 1.38100101e-07],
       [-8.29360317e-09]]), 2.281793747546749), (0.00010211597487444848, array([[ 7.90125838e-07],
       [-7.94261628e-08],
       [ 2.51318338e-08]]), 2.333846324030866), (0.00010077556463003004, array([[ 8.71037706e-07],
       [-6.83490525e-08],
       [ 8.68318340e-09]]), 2.289535271699503), (0.00010206869756748747, array([[-2.07212441e-07],
       [-5.15695216e-08],
       [-9.49870558e-09]]), 2.3144906530071085)]