[(0.00010116943529672889, array([[ 4.09818780e-07],
       [ 2.99914923e-07],
       [-6.11816867e-09]]), 2.294099150324354), (0.00010266606082117601, array([[-4.93548573e-08],
       [-1.10208680e-08],
       [ 1.08383831e-08]]), 2.3324857401640826), (0.00010078725220691004, array([[-6.05746729e-07],
       [-5.12102147e-08],
       [-2.08122498e-09]]), 2.3034785532966215), (9.966176085787977e-05, array([[-8.21073691e-07],
       [ 7.49473164e-08],
       [-1.87547687e-08]]), 2.3007631991325), (9.580860188543284e-05, array([[-1.04757304e-06],
       [ 1.58544643e-08],
       [ 1.12964120e-08]]), 2.243505702650844), (9.50022452075196e-05, array([[-1.65139576e-06],
       [ 1.95155589e-07],
       [-1.68591024e-10]]), 2.266224102067346), (9.36344210075244e-05, array([[-1.16483578e-06],
       [-9.48533251e-08],
       [ 1.77362060e-08]]), 2.285538076506761), (8.673325993152273e-05, array([[-1.43897320e-06],
       [ 1.04045456e-07],
       [ 5.48286757e-08]]), 2.176464392342695), (8.393626582590095e-05, array([[-2.01625915e-06],
       [ 9.99776687e-08],
       [ 2.41344066e-08]]), 2.176071800028512), (8.164946349040181e-05, array([[-2.13651995e-06],
       [ 2.80855507e-08],
       [-3.36904790e-09]]), 2.1984884103458264), (7.500705664891964e-05, array([[-2.02877653e-06],
       [ 1.83130401e-07],
       [-8.32223268e-10]]), 2.109553260576263), (6.979583835266416e-05, array([[-2.56329045e-06],
       [-2.94637783e-08],
       [-2.58511981e-08]]), 2.063152064896599), (6.852947647976467e-05, array([[-2.32534195e-06],
       [-1.84805546e-07],
       [-5.51155225e-09]]), 2.1437363829144225), (6.282292634480797e-05, array([[-2.23195637e-06],
       [-1.17889239e-07],
       [ 2.62242954e-08]]), 2.0957616217234976), (5.495181721776358e-05, array([[-2.37621654e-06],
       [ 1.62582666e-08],
       [ 2.67719055e-08]]), 1.9721191480187619), (5.322094821539929e-05, array([[-2.24581359e-06],
       [-4.60942077e-08],
       [-9.94924805e-09]]), 2.075674125235733), (4.85412033778762e-05, array([[-2.19732719e-06],
       [-1.38264429e-07],
       [ 2.24348794e-08]]), 2.0821476775048358), (4.195899120880807e-05, array([[-2.07882247e-06],
       [ 1.46268931e-07],
       [ 2.17481019e-08]]), 2.0083858244998125), (3.7587780871736295e-05, array([[-1.66945625e-06],
       [ 1.65036521e-07],
       [-1.79333804e-08]]), 1.9853767431874747), (3.5997315324112064e-05, array([[-1.36843050e-06],
       [-1.10836336e-07],
       [-2.22738497e-09]]), 2.069683364173094), (3.207362320716632e-05, array([[-1.05569940e-06],
       [-7.71746874e-09],
       [ 1.99850676e-08]]), 2.0321645772640884), (2.9139240349281273e-05, array([[-7.35939533e-07],
       [-1.24219247e-07],
       [ 1.08451460e-08]]), 2.065184767355066), (2.5881499228412355e-05, array([[-4.73651556e-07],
       [ 1.02583342e-07],
       [-9.06165144e-09]]), 2.090640340029963), (2.3197937567555122e-05, array([[-2.75651390e-07],
       [ 2.94780068e-09],
       [-3.25146371e-09]]), 2.188525849899454), (1.9761622103998086e-05, array([[-1.08607312e-07],
       [-4.47915636e-09],
       [-2.52043297e-09]]), 2.2514671121998924), (1.8500709482680866e-05, array([[-1.60639941e-08],
       [-3.09224783e-09],
       [ 2.44907173e-10]]), 2.356114501517261), (2.1681107316964686e-05, array([[-1.28698232e-07],
       [ 1.27293969e-07],
       [-7.16089211e-09]]), 2.2366897679426865), (2.4310590306049717e-05, array([[-3.00608895e-07],
       [ 1.09980077e-08],
       [ 4.96971080e-09]]), 2.1147849904328897), (2.614962138434535e-05, array([[-4.69294319e-07],
       [-6.05477788e-08],
       [-7.06938838e-09]]), 1.9733483954282756), (3.0106417337080007e-05, array([[-6.91974308e-07],
       [-4.63233092e-08],
       [ 2.09824418e-08]]), 2.013282501921944), (3.117728874234129e-05, array([[-8.72382901e-07],
       [-5.19576899e-08],
       [-5.78107287e-09]]), 1.8785820044158963), (3.496051421072656e-05, array([[-1.12782598e-06],
       [-5.00959629e-08],
       [-3.81464620e-11]]), 1.9239051959525217), (3.8202953663661114e-05, array([[-1.62477217e-06],
       [ 5.77282603e-08],
       [-8.49439657e-09]]), 1.9418060214792638), (4.233928155132184e-05, array([[-1.50696535e-06],
       [-6.89215924e-08],
       [-4.54945743e-09]]), 1.9146259454311139), (4.9063811077442196e-05, array([[-1.77221194e-06],
       [ 1.67797242e-07],
       [-2.87214686e-08]]), 2.0035031047426357), (5.370869837132889e-05, array([[-2.12006886e-06],
       [ 1.47384515e-08],
       [ 1.67635571e-08]]), 2.006615836891359), (6.088177652449518e-05, array([[-1.99173206e-06],
       [-9.68538242e-08],
       [ 2.20570146e-10]]), 2.1040998856636954), (6.42782708886342e-05, array([[-2.08396859e-06],
       [ 2.20351690e-08],
       [-2.07597231e-08]]), 2.074339514903661), (7.057182270703527e-05, array([[-2.30331812e-06],
       [-5.18927638e-08],
       [ 2.59912046e-09]]), 2.1440574694912633), (7.36039766100032e-05, array([[-1.97627260e-06],
       [ 2.67872898e-08],
       [-1.73875407e-08]]), 2.120523924920397), (7.93717604683209e-05, array([[-1.99968456e-06],
       [-1.04232407e-08],
       [-2.45986274e-08]]), 2.18259884621331), (8.284616577431143e-05, array([[-1.22669036e-06],
       [-1.08356865e-07],
       [ 1.17775037e-09]]), 2.187374099245942), (8.601649421527268e-05, array([[-1.37551822e-06],
       [-1.31325994e-08],
       [ 4.58952165e-08]]), 2.192552907183768), (9.064880530098817e-05, array([[-1.43369156e-06],
       [ 2.62120564e-08],
       [-2.63559371e-08]]), 2.242132428151467), (9.543517354466697e-05, array([[-1.56071244e-06],
       [ 5.02428046e-08],
       [-2.58107616e-08]]), 2.301558576791953), (9.842349683871861e-05, array([[-1.32024373e-06],
       [-5.28104625e-08],
       [ 8.66089740e-10]]), 2.324916087310023), (0.00010064142770448362, array([[-8.27806075e-07],
       [-4.91483050e-08],
       [ 1.10911945e-08]]), 2.3387301563244978), (0.00010011393289712883, array([[-6.86464195e-07],
       [ 1.97604856e-08],
       [ 3.29831383e-08]]), 2.2984301095111546), (0.00010533655390272652, array([[-2.83624474e-07],
       [-2.12132478e-07],
       [ 5.15164854e-09]]), 2.3990749167594054), (0.00010181458229233967, array([[ 1.51434789e-07],
       [ 7.36134618e-08],
       [-2.30517324e-10]]), 2.30976906389518), (0.00010374030121860313, array([[ 2.57282186e-07],
       [-1.61936728e-07],
       [-6.78646583e-09]]), 2.353455988709833), (0.00010165798394609904, array([[ 2.73816129e-07],
       [ 8.89223238e-09],
       [-5.73455838e-10]]), 2.3152942671604126), (0.00010079992562483812, array([[5.85527473e-07],
       [1.22142741e-07],
       [1.31564431e-08]]), 2.314179229485223), (0.00010179539812435653, array([[ 1.19555218e-06],
       [-2.44224737e-09],
       [-4.54539626e-09]]), 2.365546403689229), (9.707911994374021e-05, array([[6.08180186e-07],
       [2.11901281e-07],
       [2.89608737e-08]]), 2.293159813951184), (9.62864952656497e-05, array([[1.76873018e-06],
       [2.40913815e-07],
       [1.49488182e-08]]), 2.322089443303344), (9.179246254856442e-05, array([[1.27493366e-06],
       [4.00127786e-08],
       [4.69455725e-09]]), 2.2704199603805675), (8.894856176939294e-05, array([[ 1.50779839e-06],
       [-1.34093666e-08],
       [-3.73035734e-08]]), 2.2672910524487504), (8.261726950043659e-05, array([[ 1.55929124e-06],
       [ 1.17169596e-08],
       [-1.13890887e-08]]), 2.1813305874405584), (7.909229401641781e-05, array([[ 2.08663060e-06],
       [ 4.03934760e-09],
       [-1.73185808e-08]]), 2.1749139573828224), (7.395764778197033e-05, array([[1.66202596e-06],
       [8.30472870e-08],
       [1.52389615e-09]]), 2.1307131594733706), (6.946483957673964e-05, array([[1.81497754e-06],
       [1.18035533e-07],
       [1.84255634e-08]]), 2.110425980915942), (6.370496077481832e-05, array([[ 1.62074198e-06],
       [-7.28326266e-08],
       [-3.55034513e-08]]), 2.055838086552506), (5.982246826253456e-05, array([[1.94745410e-06],
       [9.09097117e-08],
       [1.58310251e-08]]), 2.0674897451567533), (5.409015009260441e-05, array([[ 1.75930915e-06],
       [-2.93895949e-08],
       [-4.91558459e-09]]), 2.020867291276438), (4.854983103239074e-05, array([[ 1.89727974e-06],
       [-5.82594526e-08],
       [ 2.00851094e-08]]), 1.982514914191945), (4.33088194358442e-05, array([[ 1.79259862e-06],
       [-1.03247930e-07],
       [-1.06721048e-08]]), 1.958469447747866), (3.856952613637097e-05, array([[ 1.66247047e-06],
       [ 5.44287309e-10],
       [-1.42895843e-08]]), 1.9604384194106752), (3.586979359657639e-05, array([[ 1.33757280e-06],
       [-2.08655528e-08],
       [-4.96558609e-09]]), 1.9739435713741347), (3.2047746610256793e-05, array([[9.62417499e-07],
       [3.32533276e-08],
       [3.38430231e-09]]), 1.9310312888864691), (3.071861142736926e-05, array([[6.27595999e-07],
       [5.13982506e-08],
       [4.40901735e-09]]), 2.054221270423015), (2.5886455013802114e-05, array([[ 4.84900587e-07],
       [-1.35105716e-07],
       [ 3.54837811e-09]]), 1.9534888751924275), (2.4664071129631302e-05, array([[2.91983133e-07],
       [2.65191416e-09],
       [1.64900047e-09]]), 2.1455343852729714), (2.028842397665645e-05, array([[ 1.23228649e-07],
       [-3.37333901e-08],
       [ 4.32522323e-09]]), 2.0930162677052535), (1.7807819564156863e-05, array([[ 7.90425604e-09],
       [-7.10182780e-10],
       [-1.97539467e-09]]), 2.267873129665128), (1.9519009085509276e-05, array([[ 7.94686983e-08],
       [-4.63362717e-08],
       [ 7.21465096e-10]]), 2.2238258978681684), (2.1193332618524807e-05, array([[ 2.56971539e-07],
       [-7.34644362e-09],
       [-1.54817680e-09]]), 1.9994086175156143), (2.7367143503512564e-05, array([[ 4.90294602e-07],
       [-2.62084011e-08],
       [ 2.64879178e-09]]), 2.21064682903001), (2.8546944428856762e-05, array([[ 7.60500220e-07],
       [-1.31049389e-07],
       [ 2.59729174e-09]]), 2.023206991065595), (3.246148714054672e-05, array([[ 1.24246378e-06],
       [-5.79473502e-08],
       [-1.46165505e-08]]), 2.0567393919372825), (3.54404973486974e-05, array([[1.33302089e-06],
       [2.66827490e-08],
       [1.47074821e-08]]), 2.037668840583991), (3.912911215335954e-05, array([[ 1.81934035e-06],
       [-3.05158484e-08],
       [-5.22221782e-09]]), 2.066789457881232), (4.316343427816798e-05, array([[ 2.10378926e-06],
       [-2.34875155e-08],
       [-3.11772475e-08]]), 2.0660370290981662), (4.7839698203891154e-05, array([[ 2.23423332e-06],
       [ 3.63355378e-09],
       [-5.74999207e-09]]), 2.0520570067524027), (5.1601861060460654e-05, array([[ 2.34712751e-06],
       [ 1.38586976e-08],
       [-2.37630962e-08]]), 2.0125279877335225), (5.827459620371378e-05, array([[ 2.22146317e-06],
       [-4.64616186e-09],
       [-1.52838544e-08]]), 2.0913675440610384), (6.325843240316252e-05, array([[ 2.45906694e-06],
       [-1.96781063e-07],
       [ 5.06282596e-08]]), 2.1102900261807833), (6.805618507567339e-05, array([[ 2.56157009e-06],
       [-9.66290568e-08],
       [-2.13626800e-08]]), 2.1289308998611447), (7.151262133976239e-05, array([[ 2.28869006e-06],
       [-2.52170451e-10],
       [ 1.40333320e-09]]), 2.113899852277763), (7.635593865438176e-05, array([[ 2.12156026e-06],
       [-1.82266794e-08],
       [-3.02846465e-08]]), 2.147490203577162), (8.188794501041465e-05, array([[ 2.18449931e-06],
       [-8.06659039e-08],
       [-3.23488488e-08]]), 2.20490974902237), (8.417388520145826e-05, array([[2.11947420e-06],
       [4.08583079e-08],
       [2.29835233e-09]]), 2.182232150589773), (8.711543388400604e-05, array([[ 1.95158596e-06],
       [-4.60246200e-08],
       [ 9.85224225e-09]]), 2.186054577237367), (9.151972601486897e-05, array([[ 1.37018535e-06],
       [ 7.60592369e-08],
       [-5.25708255e-08]]), 2.233920136502371), (9.497639137417021e-05, array([[1.75105096e-06],
       [7.12594704e-08],
       [6.74217077e-09]]), 2.265607373692778), (9.642656627256004e-05, array([[ 1.15136137e-06],
       [ 3.12013113e-07],
       [-2.71523244e-08]]), 2.257976288791042), (9.869693532295383e-05, array([[3.93043142e-07],
       [7.09492457e-08],
       [4.76799511e-09]]), 2.278489509953894), (0.00010058363821406083, array([[ 6.41878863e-07],
       [-2.69492845e-08],
       [-5.72874105e-09]]), 2.298824983967076), (0.00010389254832357303, array([[3.13470497e-07],
       [1.06707406e-07],
       [3.90704570e-10]]), 2.3603504949520686), (0.00010325720281585727, array([[-2.50342224e-08],
       [ 3.44591720e-08],
       [ 1.06567259e-08]]), 2.3414409752308534)]