[(0.0001040143869450408, array([[ 2.92349815e-08],
       [-2.17666532e-07],
       [-8.85239149e-09]]), 2.3586107406081562), (0.00010242246052961563, array([[-4.61017423e-07],
       [-4.35851742e-08],
       [ 3.41768290e-09]]), 2.326951348352225), (0.00010065888413605216, array([[-1.06136679e-07],
       [ 1.01347283e-07],
       [ 1.08406655e-08]]), 2.300544718990452), (9.898023893170532e-05, array([[-3.04755065e-07],
       [-7.61569864e-08],
       [-1.53220645e-09]]), 2.2850297768685675), (9.859051277221393e-05, array([[-8.46187132e-07],
       [ 6.11705577e-08],
       [-2.10403643e-09]]), 2.3086484227817894), (9.552136847232766e-05, array([[-1.08384040e-06],
       [-7.68275113e-08],
       [-1.23493483e-08]]), 2.2786074899765696), (9.073885202998043e-05, array([[-1.26423233e-06],
       [-5.67226656e-08],
       [-3.60009637e-09]]), 2.2148596541902856), (8.817102281649744e-05, array([[-1.91283717e-06],
       [ 6.36070955e-08],
       [-2.63568664e-08]]), 2.2125432821048228), (8.280928947760692e-05, array([[-1.85589990e-06],
       [-1.68088488e-08],
       [ 1.89543887e-08]]), 2.1468546145045764), (8.104085651451271e-05, array([[-2.52695618e-06],
       [ 6.74590724e-08],
       [ 2.30323337e-08]]), 2.182101096507505), (7.611632012037692e-05, array([[-2.20587719e-06],
       [-1.58026820e-07],
       [-7.53176593e-08]]), 2.1407509968639795), (7.087006170151841e-05, array([[-2.37779353e-06],
       [-6.71314900e-08],
       [-3.27303845e-08]]), 2.0949059082869503), (6.73650846455397e-05, array([[-2.34485887e-06],
       [-8.72538345e-08],
       [-2.10122276e-09]]), 2.107311923437724), (6.183470053830393e-05, array([[-2.31961601e-06],
       [ 1.24535367e-07],
       [-1.52233635e-08]]), 2.0627945850162197), (5.745157307139881e-05, array([[-2.38859601e-06],
       [ 6.08499144e-08],
       [ 1.09943557e-08]]), 2.061830765103054), (5.375033838585005e-05, array([[-2.35673259e-06],
       [-2.12947318e-08],
       [ 1.39517955e-08]]), 2.0963209103044895), (4.6768712443804306e-05, array([[-2.06518087e-06],
       [-5.46421284e-08],
       [-9.85703913e-09]]), 2.0061176736121378), (4.268139731329004e-05, array([[-1.99038106e-06],
       [-1.88047325e-08],
       [-5.26170103e-09]]), 2.0429641148250846), (3.8115865358369363e-05, array([[-1.65477855e-06],
       [ 9.54329538e-08],
       [-1.72656362e-08]]), 2.013270027491145), (3.492176756448857e-05, array([[-1.32973663e-06],
       [ 5.20482518e-08],
       [ 1.01732917e-08]]), 2.007844216297105), (3.277528373363148e-05, array([[-1.03033756e-06],
       [ 3.74208163e-08],
       [ 2.94193991e-10]]), 2.0766213465519554), (2.960149810919943e-05, array([[-7.19071414e-07],
       [ 9.17509649e-09],
       [-1.68452223e-08]]), 2.0979463518346764), (2.628961279310023e-05, array([[-4.54352772e-07],
       [ 7.96490203e-08],
       [-1.78019887e-10]]), 2.1236066946495304), (2.2593612801265944e-05, array([[-2.98304177e-07],
       [ 1.40342909e-08],
       [-1.95484621e-09]]), 2.131513006886716), (1.9598089689118506e-05, array([[-9.88076254e-08],
       [-2.29015233e-08],
       [ 1.40808859e-09]]), 2.232835653104967), (1.754643551434752e-05, array([[ 3.81027156e-09],
       [-2.16922025e-09],
       [-8.20871584e-12]]), 2.2345851765302704), (2.124054527970873e-05, array([[-9.85292294e-08],
       [ 4.65188754e-08],
       [-2.47620444e-09]]), 2.191240032075029), (2.3639321081432738e-05, array([[-1.92854452e-07],
       [-1.80748879e-08],
       [ 1.89548746e-08]]), 2.056391094485153), (2.6102943934487145e-05, array([[-4.16656289e-07],
       [-8.02946248e-08],
       [-5.86995702e-09]]), 1.9698259401916767), (2.9039529330728305e-05, array([[-6.52852497e-07],
       [ 5.42013795e-08],
       [ 3.29156889e-09]]), 1.9419373488056082), (3.298374663923496e-05, array([[-9.01697447e-07],
       [ 2.78283394e-08],
       [ 1.69621282e-08]]), 1.987429804649105), (3.6018447611335475e-05, array([[-1.31196007e-06],
       [ 1.89329362e-09],
       [ 3.76006315e-08]]), 1.9821241212845386), (3.832529025734483e-05, array([[-1.72250609e-06],
       [-4.62147059e-08],
       [ 2.37211427e-08]]), 1.9480242300595145), (4.4891094886598085e-05, array([[-1.87855210e-06],
       [-6.82470489e-09],
       [ 1.07663317e-08]]), 2.030021574279815), (4.959382679317769e-05, array([[-1.97740857e-06],
       [ 5.96242611e-08],
       [ 2.48499021e-08]]), 2.025146106146713), (5.41318169660035e-05, array([[-1.84159482e-06],
       [ 1.43856961e-07],
       [-8.70051812e-09]]), 2.022424011334301), (5.926059642270604e-05, array([[-1.95319981e-06],
       [-3.89622173e-08],
       [-6.44060774e-10]]), 2.0480712172912745), (6.49359497643056e-05, array([[-1.67077890e-06],
       [ 4.86160830e-08],
       [ 1.49175698e-09]]), 2.095563627828015), (7.246723693600122e-05, array([[-2.19304579e-06],
       [-2.93858264e-08],
       [ 3.99292981e-08]]), 2.2016424500048726), (7.486288950580399e-05, array([[-1.93093780e-06],
       [ 3.01877576e-08],
       [ 3.61131093e-08]]), 2.156793091857956), (8.033189213084247e-05, array([[-1.93013912e-06],
       [-1.64242255e-07],
       [ 2.36792441e-08]]), 2.2090009600944662), (8.390536938580088e-05, array([[-1.86063944e-06],
       [ 1.43285917e-07],
       [-6.50053101e-08]]), 2.2153400832350063), (8.774383087092759e-05, array([[-1.83654927e-06],
       [ 2.51902117e-08],
       [ 2.58401261e-08]]), 2.2365825673157294), (9.071720430907354e-05, array([[-1.24040703e-06],
       [-1.74057977e-09],
       [ 1.18714491e-08]]), 2.243824227989009), (9.463449862468126e-05, array([[-9.95689911e-07],
       [ 1.62895063e-08],
       [ 1.18922503e-09]]), 2.282249131847602), (9.6003202000677e-05, array([[-1.29742623e-06],
       [ 6.99061292e-08],
       [-3.40998774e-08]]), 2.2677449586087444), (9.863419547172984e-05, array([[-9.18541657e-07],
       [ 1.51761799e-07],
       [ 5.32492293e-09]]), 2.292085601884432), (9.870434919610009e-05, array([[-3.51413375e-07],
       [ 7.33482287e-08],
       [-9.24344793e-11]]), 2.266068683618021), (0.00010260430038623404, array([[-3.77257630e-07],
       [ 1.29933830e-07],
       [-1.34977716e-08]]), 2.336846937631686), (0.00010341339553144682, array([[-2.44026121e-07],
       [ 1.77001229e-09],
       [ 7.06237981e-10]]), 2.346039795213729), (0.0001019053759039996, array([[ 1.91242032e-07],
       [-8.61329717e-08],
       [ 2.27081095e-09]]), 2.3118288108458596), (0.00010050027645006101, array([[ 9.44803034e-10],
       [ 6.49466111e-08],
       [-5.69912989e-09]]), 2.288927095349818), (9.899667935854336e-05, array([[ 6.14600239e-07],
       [ 3.31688010e-08],
       [-1.62708110e-08]]), 2.272780041646161), (9.945404607766736e-05, array([[ 9.95453462e-07],
       [-1.84357040e-08],
       [-7.09102461e-09]]), 2.311137491146347), (9.640273424316019e-05, array([[ 9.78648435e-07],
       [-4.67857177e-08],
       [ 4.57729305e-09]]), 2.277182531625178), (9.534726614903451e-05, array([[ 1.12965264e-06],
       [ 2.51797771e-08],
       [-6.49921203e-10]]), 2.299438561572546), (9.018754101362008e-05, array([[ 1.61680790e-06],
       [-1.53142326e-07],
       [-4.90556402e-08]]), 2.2307233906774244), (8.589855188358694e-05, array([[1.52566145e-06],
       [1.99146111e-07],
       [1.49822493e-08]]), 2.1895465674744274), (8.412427282009187e-05, array([[ 1.50669212e-06],
       [-2.20836635e-08],
       [ 9.72474866e-09]]), 2.2211197556909226), (8.070009340368001e-05, array([[1.78796404e-06],
       [1.55581115e-07],
       [1.31185376e-08]]), 2.2191259172395217), (7.377917566941425e-05, array([[2.15707240e-06],
       [8.42728692e-08],
       [9.78379495e-09]]), 2.125571394013991), (6.946277247810575e-05, array([[ 1.67303267e-06],
       [-8.41911396e-08],
       [-3.60263216e-08]]), 2.110363179955216), (6.429102126928002e-05, array([[ 1.84361899e-06],
       [-3.43005142e-08],
       [ 4.42400251e-08]]), 2.074750985499214), (6.053684574811769e-05, array([[ 2.15987286e-06],
       [ 5.61807132e-08],
       [-1.15950547e-08]]), 2.0921789324890487), (5.377435037128699e-05, array([[ 1.97277067e-06],
       [-1.02594328e-07],
       [-3.64688125e-08]]), 2.009068667565615), (4.999980583340827e-05, array([[1.77349261e-06],
       [1.16689139e-08],
       [1.96470364e-08]]), 2.0417241144526406), (4.351826413179472e-05, array([[ 1.77085555e-06],
       [-6.33687882e-08],
       [-4.61157054e-09]]), 1.967940752746599), (3.783126801461873e-05, array([[ 1.63035795e-06],
       [-6.12704287e-08],
       [-1.53777016e-08]]), 1.922913727502152), (3.364795722155989e-05, array([[ 1.14369344e-06],
       [-1.17070891e-07],
       [-3.64029446e-09]]), 1.851674129892664), (3.155330610773257e-05, array([[ 8.23055024e-07],
       [-1.00926484e-07],
       [-2.01974170e-08]]), 1.9012388640873583), (3.0141849629796027e-05, array([[ 7.56886056e-07],
       [ 2.45809203e-08],
       [-1.15944216e-09]]), 2.015651937452231), (2.6090353895020055e-05, array([[ 4.27957049e-07],
       [-4.69085506e-08],
       [ 8.57288546e-09]]), 1.9688758486467324), (2.41286254033742e-05, array([[ 3.17532630e-07],
       [-4.76750556e-08],
       [-2.35255519e-09]]), 2.0989558131023824), (2.063415084539485e-05, array([[1.51302426e-07],
       [4.02785199e-08],
       [3.94489937e-09]]), 2.1286825156742846), (1.766680987856126e-05, array([[-5.72990824e-09],
       [-5.43368913e-08],
       [-1.08970821e-09]]), 2.24991517159886), (2.0046655365270432e-05, array([[ 1.04284765e-07],
       [ 7.36952539e-08],
       [-9.35800967e-10]]), 2.2839413195428153), (2.232469784647396e-05, array([[ 2.35352857e-07],
       [-6.01265336e-08],
       [ 5.21918415e-10]]), 2.1061431942353614), (2.5980306283390474e-05, array([[ 5.25015414e-07],
       [-7.86648766e-08],
       [ 5.62527064e-09]]), 2.0986217175071284), (2.971819487330992e-05, array([[ 7.62814123e-07],
       [ 3.41994733e-08],
       [-6.23013186e-09]]), 2.1062169991388555), (3.29819565739192e-05, array([[ 1.12523958e-06],
       [-4.44168515e-08],
       [ 5.18849802e-09]]), 2.0897160076197894), (3.499066610292468e-05, array([[ 1.37490919e-06],
       [-3.38418812e-08],
       [-2.84588831e-08]]), 2.011805571679672), (3.95039731779862e-05, array([[ 1.84472741e-06],
       [-2.24510494e-07],
       [ 3.56427348e-08]]), 2.086589519043683), (4.287390467779527e-05, array([[ 2.13559714e-06],
       [ 8.83106049e-08],
       [-1.53733043e-09]]), 2.052178565669723), (4.737579330729004e-05, array([[ 2.12319491e-06],
       [-2.57828660e-08],
       [ 1.42198897e-08]]), 2.032158066556755), (5.355723932897209e-05, array([[ 2.19850020e-06],
       [-5.37382312e-08],
       [ 4.49077117e-09]]), 2.0887898397503393), (5.72250162806406e-05, array([[2.19539961e-06],
       [3.48570371e-08],
       [5.13015645e-08]]), 2.0537000606461393), (6.0918845779930516e-05, array([[2.29398731e-06],
       [4.84137498e-08],
       [1.70949593e-08]]), 2.0322418335710397), (6.700145191539496e-05, array([[ 2.18630447e-06],
       [-3.06848587e-08],
       [-5.84533649e-08]]), 2.095936778701868), (6.995261123199867e-05, array([[1.85053661e-06],
       [1.16748521e-07],
       [3.22812826e-08]]), 2.0677862421964623), (7.533318064813928e-05, array([[ 2.04194336e-06],
       [ 2.99441747e-08],
       [-1.58104468e-08]]), 2.1187254101931465), (8.000503814441569e-05, array([[ 2.16466532e-06],
       [-2.09982350e-08],
       [ 3.66025846e-09]]), 2.1542107150581615), (8.613786381904596e-05, array([[ 1.96257326e-06],
       [-6.15376210e-08],
       [ 4.89702121e-08]]), 2.233148860352108), (8.903866748396915e-05, array([[ 1.39405985e-06],
       [-3.47546954e-08],
       [ 1.27442867e-08]]), 2.234315756994494), (9.264756550818955e-05, array([[ 1.22374121e-06],
       [-3.20062623e-08],
       [ 8.39889082e-09]]), 2.261449757323812), (9.37014220266792e-05, array([[ 1.64438177e-06],
       [-1.51914778e-08],
       [-2.12154798e-08]]), 2.2351937107486046), (9.692598652566865e-05, array([[ 1.30108011e-06],
       [-8.00122466e-08],
       [ 8.66294709e-09]]), 2.269670981791659), (9.931369146762901e-05, array([[ 8.44645405e-07],
       [-9.90409329e-08],
       [-1.82787909e-08]]), 2.2927277677198896), (9.982918507275597e-05, array([[ 6.32454568e-07],
       [-6.34915770e-08],
       [-5.96146895e-09]]), 2.281582062938777), (0.00010254092493404153, array([[-9.88257644e-08],
       [ 6.45123645e-08],
       [-1.69935485e-08]]), 2.3296427590465707), (0.00010132730238701917, array([[-2.09701095e-07],
       [-2.85668955e-07],
       [-8.66158475e-09]]), 2.2976789148711942)]