[(0.00010282805193685624, array([[ 2.99604843e-08],
       [-2.75005109e-07],
       [-2.16322536e-09]]), 2.331709630344035), (0.00010283534556812883, array([[-3.23485889e-07],
       [-1.19931190e-07],
       [-2.25478922e-09]]), 2.3363317458950563), (0.00010113528565004767, array([[-5.05718422e-07],
       [ 9.56569998e-08],
       [-6.43920060e-09]]), 2.3114328089643092), (9.799085404362928e-05, array([[-9.53255798e-07],
       [ 1.14902069e-07],
       [-1.24346100e-08]]), 2.2621891174153466), (9.601454545953737e-05, array([[-1.21889960e-06],
       [ 3.89888295e-09],
       [-3.52038470e-08]]), 2.2483281880418775), (9.55219498697736e-05, array([[-9.73284503e-07],
       [-1.27384651e-09],
       [ 7.96094619e-09]]), 2.278621358879373), (9.143426614031117e-05, array([[-1.63321400e-06],
       [-1.23725365e-07],
       [-2.12847605e-08]]), 2.2318341322828377), (8.799255217902838e-05, array([[-1.63402686e-06],
       [-1.12555746e-07],
       [-8.74226028e-08]]), 2.20806478114871), (8.511394063328847e-05, array([[-1.84556057e-06],
       [ 1.98003772e-07],
       [-1.67532930e-09]]), 2.20660335766625), (7.907333961382414e-05, array([[-1.96557725e-06],
       [-1.69611066e-07],
       [-2.05795483e-08]]), 2.129123857975719), (7.609970319880091e-05, array([[-2.15320084e-06],
       [ 5.45523887e-08],
       [ 1.39188483e-08]]), 2.1402836504214244), (7.1500414967097e-05, array([[-2.23271308e-06],
       [ 1.45909258e-07],
       [ 3.17929132e-09]]), 2.1135390341607527), (6.708141098027716e-05, array([[-1.98732156e-06],
       [-1.13031085e-08],
       [-7.70712163e-10]]), 2.0984380550188173), (6.193932147160852e-05, array([[-2.47026256e-06],
       [ 7.02217212e-08],
       [-1.56554912e-08]]), 2.0662847206976624), (5.71083495057387e-05, array([[-2.05048755e-06],
       [ 1.21279870e-08],
       [-2.49529242e-08]]), 2.049513105739629), (5.260003020645538e-05, array([[-2.08969113e-06],
       [ 1.02956582e-07],
       [ 7.96152898e-09]]), 2.051457656189718), (4.682422039519818e-05, array([[-2.08842374e-06],
       [ 9.76493435e-08],
       [ 8.69100816e-09]]), 2.0084986560360405), (4.17600671034356e-05, array([[-2.05784107e-06],
       [-2.15086403e-08],
       [ 7.85931866e-10]]), 1.998864233492221), (3.916817579280543e-05, array([[-1.78877545e-06],
       [ 7.90633938e-08],
       [-3.05218183e-08]]), 2.068852789087849), (3.5207451535607275e-05, array([[-1.42869454e-06],
       [ 3.80279278e-08],
       [-2.23189527e-08]]), 2.0242697568439922), (3.206263528178302e-05, array([[-1.05141333e-06],
       [ 4.40021491e-08],
       [-1.32300398e-08]]), 2.0314683892282894), (2.984701348457215e-05, array([[-7.23284632e-07],
       [-1.07862389e-07],
       [-8.26725553e-09]]), 2.115346757860831), (2.545637109672089e-05, array([[-5.11091066e-07],
       [ 5.76058156e-08],
       [-2.89123742e-09]]), 2.056299592844033), (2.452817400614077e-05, array([[-2.72231851e-07],
       [-1.60298637e-07],
       [ 5.36092939e-09]]), 2.3140222145588103), (2.0084294307271576e-05, array([[-6.84454909e-08],
       [-1.11226535e-08],
       [-1.95216021e-09]]), 2.288229572784763), (1.6741546378682953e-05, array([[-1.32832482e-08],
       [ 5.36262753e-08],
       [-1.14399459e-09]]), 2.132080406838693), (2.2053113861009556e-05, array([[-1.33848191e-07],
       [ 2.18026994e-08],
       [-1.34974930e-09]]), 2.2750671081084177), (2.3948948649248133e-05, array([[-2.80368620e-07],
       [-7.68629500e-09],
       [-3.84639864e-09]]), 2.0833256824485438), (2.7397562454271785e-05, array([[-4.74273074e-07],
       [ 6.97837544e-10],
       [ 7.46450345e-09]]), 2.0675227037952277), (2.8816218651767444e-05, array([[-6.79236175e-07],
       [ 2.82354779e-09],
       [-1.11584010e-08]]), 1.9270040713780587), (3.2301644100093256e-05, array([[-9.81960988e-07],
       [ 5.00345923e-08],
       [-4.63940987e-09]]), 1.9463298371122306), (3.445128396456321e-05, array([[-1.20590128e-06],
       [ 3.93889006e-08],
       [ 1.30380252e-09]]), 1.895881846220747), (3.799781701028581e-05, array([[-1.53314828e-06],
       [ 3.16410140e-08],
       [-2.41008782e-08]]), 1.9313791944789953), (4.298032618754087e-05, array([[-1.75018985e-06],
       [-9.32289749e-08],
       [ 1.45191758e-08]]), 1.9436146445236253), (4.8652764632703685e-05, array([[-1.87110595e-06],
       [ 5.08136143e-08],
       [ 2.18944870e-09]]), 1.9867181707935149), (5.4647808622939726e-05, array([[-1.64813662e-06],
       [-1.14286721e-07],
       [ 6.38080525e-08]]), 2.0417020251739504), (5.893428991182242e-05, array([[-1.70067490e-06],
       [ 1.62821878e-09],
       [-3.26515545e-08]]), 2.0367939265905783), (6.502652813608529e-05, array([[-2.03463930e-06],
       [-4.02073062e-08],
       [-6.51552360e-09]]), 2.098486704214183), (6.889216571111382e-05, array([[-2.13803124e-06],
       [ 6.69670132e-09],
       [-3.70990684e-08]]), 2.093027455100979), (7.425591924425235e-05, array([[-1.95726565e-06],
       [-1.99568233e-07],
       [ 6.37289592e-08]]), 2.1393063333889772), (7.90733421681715e-05, array([[-1.77371053e-06],
       [ 1.09484749e-07],
       [-9.43213870e-09]]), 2.1743928112992306), (8.50230304017005e-05, array([[-1.67762739e-06],
       [-1.20746663e-07],
       [-3.25791136e-08]]), 2.2448495087475364), (8.576224556778104e-05, array([[-1.13194879e-06],
       [-5.74001816e-09],
       [-2.72794916e-08]]), 2.186072131417551), (9.115666948489361e-05, array([[-1.34128529e-06],
       [-1.02420209e-07],
       [ 1.06593191e-09]]), 2.2546940802554314), (9.359859801177833e-05, array([[-1.23494438e-06],
       [-1.99866581e-07],
       [ 2.67491630e-08]]), 2.2572668758116246), (9.636754141055858e-05, array([[-1.04848208e-06],
       [-2.62927139e-08],
       [-8.72291673e-09]]), 2.2763512221787403), (9.946328219508796e-05, array([[-9.73010389e-07],
       [-1.74345696e-07],
       [-1.29306695e-08]]), 2.3113521223060163), (9.907884607504465e-05, array([[-7.11189776e-07],
       [-2.17622753e-07],
       [-1.66991749e-08]]), 2.2746664369733764), (0.00010169886551998564, array([[-4.38005026e-07],
       [-3.07628820e-08],
       [-1.57925546e-09]]), 2.3162253585511525), (0.00010143867443477352, array([[-3.61286114e-07],
       [ 5.48292372e-08],
       [ 2.63713954e-10]]), 2.301241205500708), (0.00010259908521796865, array([[ 4.77086719e-07],
       [-1.57248757e-07],
       [ 2.22805825e-08]]), 2.3275663238490654), (0.00010074746693094599, array([[9.22077259e-07],
       [2.84506537e-08],
       [7.18654700e-09]]), 2.2945569404546853), (0.00010181850081840565, array([[1.10873562e-06],
       [8.83036327e-08],
       [1.20775342e-08]]), 2.3375638256742706), (9.921743131562536e-05, array([[ 1.24597103e-06],
       [-1.54071047e-07],
       [-2.06514775e-08]]), 2.305638979330278), (9.586143814956814e-05, array([[ 1.32671772e-06],
       [-5.91831067e-08],
       [ 1.71653720e-09]]), 2.2643962759401925), (9.264273916729639e-05, array([[ 1.09964248e-06],
       [-4.73934247e-08],
       [ 1.50756339e-08]]), 2.234214943908444), (9.014413032104365e-05, array([[ 1.51052632e-06],
       [ 1.09281037e-08],
       [-3.43243635e-08]]), 2.229649658693523), (8.809453328002237e-05, array([[ 1.68471500e-06],
       [-1.00960815e-07],
       [-2.43328053e-08]]), 2.2455219410211096), (8.41024187995863e-05, array([[1.83392334e-06],
       [1.63407545e-07],
       [4.68971022e-08]]), 2.2205427474736865), (8.009372732051961e-05, array([[ 2.22033754e-06],
       [-2.00140389e-08],
       [-3.00159423e-08]]), 2.202451801588314), (7.412611496470026e-05, array([[1.96675752e-06],
       [3.63808291e-08],
       [1.82631823e-08]]), 2.135566683807193), (6.966673672652257e-05, array([[1.88647677e-06],
       [4.41878627e-08],
       [1.02605108e-08]]), 2.116559860918703), (6.411417853539055e-05, array([[ 1.83484198e-06],
       [-8.24417950e-08],
       [ 1.89435552e-09]]), 2.069044051168854), (5.838859599850249e-05, array([[1.84364524e-06],
       [7.62144492e-08],
       [1.95913514e-08]]), 2.0179345146914867), (5.261649555314813e-05, array([[ 1.61749615e-06],
       [ 3.08261013e-08],
       [-3.30295337e-08]]), 1.9658099425293987), (4.926305701683443e-05, array([[ 1.68271262e-06],
       [-8.13097692e-08],
       [-2.68658812e-08]]), 2.011639241121229), (4.351019431433872e-05, array([[ 1.42096871e-06],
       [-6.09475231e-08],
       [-1.04236857e-08]]), 1.9675758272847104), (3.9101878126399846e-05, array([[ 1.58390218e-06],
       [ 5.09246308e-09],
       [-2.33080557e-08]]), 1.9874971727438717), (3.49891149749362e-05, array([[ 1.26637148e-06],
       [-1.11157255e-07],
       [-2.75238539e-08]]), 1.9254791189943694), (3.2591516889060023e-05, array([[ 1.07477418e-06],
       [-3.10700126e-08],
       [ 8.24907217e-10]]), 1.9637960706074868), (2.9588586959393977e-05, array([[ 8.09852917e-07],
       [ 1.90829385e-08],
       [-1.48679735e-08]]), 1.9786540429231076), (2.6794090517368416e-05, array([[ 4.48855874e-07],
       [-1.60706200e-08],
       [ 2.56035299e-09]]), 2.0219824506163735), (2.355735217038018e-05, array([[1.68292256e-07],
       [1.05121121e-07],
       [7.09379284e-09]]), 2.0492605961881645), (2.1036176376373565e-05, array([[ 7.37912277e-08],
       [-4.65589924e-08],
       [-2.11479229e-10]]), 2.170156706934259), (1.785028676011907e-05, array([[ 8.32434230e-09],
       [-2.41376284e-09],
       [-3.24194779e-09]]), 2.273281439889068), (1.9760191438947672e-05, array([[ 7.11989250e-08],
       [ 7.34513487e-08],
       [-4.09683605e-09]]), 2.2513041146841686), (2.4246155352983412e-05, array([[2.55294465e-07],
       [1.16961333e-07],
       [9.23571684e-09]]), 2.287416180690876), (2.8476457317696254e-05, array([[ 4.72390503e-07],
       [ 1.35641297e-07],
       [-3.09391238e-09]]), 2.300254320049656), (2.9269513829678395e-05, array([[ 7.85584423e-07],
       [ 1.60151807e-08],
       [-8.09688573e-09]]), 2.0744176369865865), (3.2717694843779254e-05, array([[1.06801198e-06],
       [6.89274670e-09],
       [1.58186624e-08]]), 2.072972550740963), (3.6989461690516745e-05, array([[ 1.48839232e-06],
       [ 6.41665244e-08],
       [-1.54397991e-08]]), 2.126727307891786), (3.908698145380257e-05, array([[ 1.91781382e-06],
       [-7.17975492e-09],
       [ 2.45935462e-08]]), 2.0645641253626654), (4.327041153953835e-05, array([[2.13856855e-06],
       [7.99416822e-08],
       [1.61763461e-08]]), 2.0711575434167986), (4.595708983699528e-05, array([[ 1.80203050e-06],
       [-2.15447033e-08],
       [-1.30123298e-08]]), 1.9713035773767729), (5.220132996729753e-05, array([[ 2.33681851e-06],
       [-9.95869492e-08],
       [-4.14954593e-08]]), 2.035907918766856), (5.625836408697241e-05, array([[ 2.20494885e-06],
       [ 1.16015993e-07],
       [-8.53107156e-09]]), 2.019008700157498), (6.123263669418052e-05, array([[ 2.34187121e-06],
       [-1.61836147e-07],
       [ 1.87209930e-08]]), 2.042709842522441), (6.593957935035618e-05, array([[ 2.34485604e-06],
       [-1.13001178e-08],
       [ 1.14335360e-09]]), 2.0627193229641976), (7.195035998841675e-05, array([[ 2.46784275e-06],
       [-9.53532853e-08],
       [ 1.39887573e-08]]), 2.126839325721624), (7.569620116920484e-05, array([[ 2.12179721e-06],
       [ 7.08071278e-08],
       [-1.36490589e-08]]), 2.128935264546644), (7.962976360271543e-05, array([[ 1.96936164e-06],
       [-4.85325237e-09],
       [ 3.55729601e-08]]), 2.1441060959295517), (8.377843666590681e-05, array([[ 1.85706280e-06],
       [-8.79788474e-08],
       [ 9.34422487e-09]]), 2.1719800337233766), (9.009424442051388e-05, array([[ 1.68667994e-06],
       [-6.22704263e-08],
       [ 2.29904219e-08]]), 2.2608041608384357), (9.38199509672031e-05, array([[1.71801125e-06],
       [1.23358610e-08],
       [4.31966666e-08]]), 2.2900667079930854), (9.721989841417127e-05, array([[ 1.43265734e-06],
       [-4.29589937e-07],
       [ 5.66848740e-08]]), 2.3191249481048586), (9.599825456500739e-05, array([[ 1.49376988e-06],
       [ 9.14140494e-08],
       [-5.44166036e-08]]), 2.247946711701966), (9.759977781664117e-05, array([[8.37502135e-07],
       [1.61956390e-07],
       [9.61219638e-09]]), 2.2531608423440987), (9.932868853162434e-05, array([[ 7.76523702e-07],
       [-1.74653117e-07],
       [-1.08743591e-08]]), 2.270143284489603), (0.00010348452808842806, array([[4.78622468e-07],
       [7.89102712e-08],
       [7.78208618e-09]]), 2.3510806216116302), (0.00010238489312366498, array([[-1.29534974e-07],
       [-1.16311152e-07],
       [ 2.32178107e-09]]), 2.32166064416734)]