[(0.00010295172811106235, array([[-7.14109297e-08],
       [-4.14964571e-08],
       [-1.20550814e-08]]), 2.3345140880869235), (0.00010327934942329942, array([[-5.38508307e-08],
       [ 2.73684135e-07],
       [ 9.71395489e-10]]), 2.346419136533011), (0.00010156122291210732, array([[-1.04393223e-06],
       [-1.70496088e-07],
       [-2.24180422e-08]]), 2.3211675455179965), (9.855213865193604e-05, array([[-4.16614792e-07],
       [ 1.34489602e-07],
       [ 7.03457493e-09]]), 2.275146774995502), (9.794099757485633e-05, array([[-1.24164478e-06],
       [-7.41211987e-09],
       [ 1.13714016e-08]]), 2.2934390259160184), (9.664142031597143e-05, array([[-1.06035180e-06],
       [ 1.24981133e-08],
       [-2.52261806e-09]]), 2.3053256846685577), (9.236369925271696e-05, array([[-1.48640240e-06],
       [ 2.25423814e-07],
       [ 2.97061863e-08]]), 2.254520818921279), (8.911149872192707e-05, array([[-1.81448202e-06],
       [ 6.22162610e-08],
       [-3.84571015e-09]]), 2.236143367258314), (8.304983481975919e-05, array([[-1.63881189e-06],
       [-1.94785053e-07],
       [-4.53387776e-09]]), 2.153090821590218), (8.002687572315957e-05, array([[-2.05015401e-06],
       [-3.71751838e-08],
       [ 4.16896665e-09]]), 2.154798712354482), (7.930085870167258e-05, array([[-2.07141852e-06],
       [ 1.58809412e-07],
       [ 4.18346478e-08]]), 2.2303152865153844), (7.240560037286557e-05, array([[-2.49440758e-06],
       [-1.51295706e-07],
       [-3.08461925e-08]]), 2.1402961472365987), (6.625275265562266e-05, array([[-2.13524696e-06],
       [-8.62599387e-08],
       [-2.28076022e-08]]), 2.072515997959308), (6.0019179656858566e-05, array([[-2.33591400e-06],
       [-3.90918590e-08],
       [ 2.06029767e-08]]), 2.002229132113129), (5.6726865769121364e-05, array([[-2.25151829e-06],
       [-2.06598962e-08],
       [ 3.40789596e-10]]), 2.0358223595599454), (5.15375264067813e-05, array([[-2.04301247e-06],
       [ 5.24342838e-08],
       [ 1.14178965e-08]]), 2.010018867162092), (4.7825829703544514e-05, array([[-2.12509769e-06],
       [ 1.06030206e-07],
       [-2.40470767e-08]]), 2.051462125213054), (4.212422601365173e-05, array([[-1.91769910e-06],
       [ 2.41570845e-08],
       [ 5.69308109e-09]]), 2.0162948621149095), (3.765041939154933e-05, array([[-1.79392631e-06],
       [-6.19762534e-08],
       [ 2.68906031e-09]]), 1.9886852934019408), (3.528090142652325e-05, array([[-1.39910177e-06],
       [ 1.10118243e-08],
       [ 1.64856479e-08]]), 2.0284927944777817), (3.224623873943562e-05, array([[-1.03625607e-06],
       [-9.66723842e-08],
       [-2.60239312e-08]]), 2.043101388733672), (2.959050406786077e-05, array([[-7.56839950e-07],
       [ 1.56731596e-08],
       [ 1.39433325e-08]]), 2.097167171374509), (2.6314808085267672e-05, array([[-5.00434783e-07],
       [-5.77666533e-08],
       [-3.63519598e-09]]), 2.1256419049640187), (2.2315324593568585e-05, array([[-2.57832845e-07],
       [-4.56853620e-08],
       [-7.60906258e-09]]), 2.1052589084568774), (2.0315314821871268e-05, array([[-7.42437280e-08],
       [ 4.11873733e-08],
       [-1.78687538e-09]]), 2.3145500381862076), (1.8644661084834376e-05, array([[ 1.23056203e-08],
       [-5.10116700e-08],
       [-2.62116535e-09]]), 2.37444712047266), (2.1025668027928997e-05, array([[-1.60975883e-07],
       [ 6.85198037e-08],
       [-3.09113918e-09]]), 2.1690726333627266), (2.31817990092955e-05, array([[-2.88785775e-07],
       [ 2.81809834e-08],
       [-1.42993020e-08]]), 2.0165911225894972), (2.6998599937605763e-05, array([[-4.37399612e-07],
       [-8.22978989e-08],
       [ 1.67223879e-08]]), 2.037415497632379), (2.9181378849378596e-05, array([[-7.48446558e-07],
       [ 7.56477681e-08],
       [-4.09919960e-09]]), 1.9514231388485488), (3.23934517422006e-05, array([[-8.90901721e-07],
       [-2.24511051e-08],
       [-1.91183201e-08]]), 1.9518616903069084), (3.540948960819305e-05, array([[-1.20037643e-06],
       [-8.20033784e-09],
       [-6.87982901e-09]]), 1.9486126729316675), (3.730192515443302e-05, array([[-1.56812077e-06],
       [-6.41729835e-08],
       [ 1.02946277e-08]]), 1.8960079242916152), (4.3122328756036905e-05, array([[-1.89501334e-06],
       [ 3.48728003e-08],
       [-3.89381497e-09]]), 1.950036147014895), (4.939981764134587e-05, array([[-2.00869485e-06],
       [ 1.28529485e-07],
       [-2.30279195e-08]]), 2.0172238121074257), (5.3660575789108976e-05, array([[-1.73714363e-06],
       [-5.32946932e-08],
       [ 3.03597817e-08]]), 2.0048179244763724), (5.9214859982451326e-05, array([[-2.03902023e-06],
       [ 1.08989977e-07],
       [-9.69063474e-10]]), 2.046490546617647), (6.422486908464798e-05, array([[-2.03180768e-06],
       [ 1.25193398e-07],
       [-1.25295110e-08]]), 2.0726161724639174), (6.882330557053929e-05, array([[-1.88478568e-06],
       [-8.54769224e-08],
       [ 1.00540933e-08]]), 2.0909354006083243), (7.371333740593973e-05, array([[-1.79395905e-06],
       [-5.43952511e-08],
       [ 5.47286028e-08]]), 2.1236745995838118), (7.84008947436799e-05, array([[-1.84990376e-06],
       [ 4.61447763e-08],
       [-1.64747156e-08]]), 2.1559015624699915), (8.363157872744329e-05, array([[-1.62176596e-06],
       [ 1.51177761e-08],
       [ 2.25628550e-09]]), 2.208111232157717), (8.845988008030461e-05, array([[-1.44355927e-06],
       [-1.67404396e-07],
       [ 3.86488467e-08]]), 2.254834598975809), (9.300918372000304e-05, array([[-1.43952435e-06],
       [-6.23758072e-08],
       [ 2.13555538e-08]]), 2.300514675754287), (9.659027977716312e-05, array([[-1.68750843e-06],
       [ 1.05880961e-08],
       [-1.56553128e-08]]), 2.329415650423857), (9.759839685873276e-05, array([[-9.38797337e-07],
       [ 1.95192773e-07],
       [-2.20694327e-08]]), 2.3054259423881085), (9.831494796356578e-05, array([[-9.86143762e-07],
       [-1.68817089e-07],
       [ 9.75320357e-09]]), 2.284666850067167), (0.00010001107542988592, array([[5.16840325e-08],
       [9.69681053e-08],
       [4.98758007e-09]]), 2.296068692944471), (0.00010107085388972118, array([[-2.83065126e-07],
       [ 3.25449993e-07],
       [-2.70414809e-08]]), 2.301922185590017), (0.00010224225895974518, array([[-2.74467557e-07],
       [ 5.75680456e-08],
       [-6.65378728e-09]]), 2.319471351263866), (0.00010455921302023043, array([[ 1.44635793e-07],
       [-7.47373122e-08],
       [ 1.57353626e-09]]), 2.3720338495905695), (0.00010199914593656746, array([[ 4.94670074e-07],
       [ 1.51983860e-07],
       [-7.09505750e-09]]), 2.323064344532037), (0.00010040162109953789, array([[ 4.54604866e-07],
       [-5.41803707e-08],
       [-1.28395996e-08]]), 2.3050348967513834), (9.898852286272796e-05, array([[ 5.00807597e-07],
       [-3.39283704e-08],
       [-2.72616207e-08]]), 2.3003195486143238), (9.69199802770095e-05, array([[9.99439447e-07],
       [6.25986045e-08],
       [1.04276759e-08]]), 2.289400687490582), (9.598091861267429e-05, array([[1.37206518e-06],
       [1.01059198e-08],
       [1.94402387e-08]]), 2.3147200160743595), (9.09760499410895e-05, array([[1.65508054e-06],
       [1.46153877e-07],
       [2.21017822e-08]]), 2.250226586889397), (8.841911834292234e-05, array([[ 1.50962166e-06],
       [-6.02603753e-08],
       [-2.87543591e-08]]), 2.253795585858444), (8.196084913433483e-05, array([[ 1.50934932e-06],
       [-8.31511960e-08],
       [-7.08637364e-10]]), 2.163999225227128), (7.881763186353286e-05, array([[ 1.57683293e-06],
       [-9.70422580e-08],
       [-2.13782033e-08]]), 2.1673611792354306), (7.44380177119651e-05, array([[2.02369453e-06],
       [6.18945019e-08],
       [3.04344727e-08]]), 2.144552573813217), (6.943875544663595e-05, array([[ 1.48773766e-06],
       [ 6.75536216e-08],
       [-5.87071762e-08]]), 2.1096335134432485), (6.305612805996262e-05, array([[ 1.90293499e-06],
       [-8.37244584e-08],
       [-1.31827056e-08]]), 2.034899450208052), (5.8840376802130925e-05, array([[ 1.74033142e-06],
       [-2.30812746e-08],
       [ 2.68078210e-08]]), 2.033548249893139), (5.4364818215295705e-05, array([[ 1.88291351e-06],
       [ 1.08839850e-07],
       [-1.29166473e-08]]), 2.0311291933815876), (4.933486226634821e-05, array([[ 1.82785552e-06],
       [-4.83577707e-08],
       [ 5.96354000e-09]]), 2.0145713826972393), (4.2921150150773885e-05, array([[ 1.78832145e-06],
       [-5.82940216e-08],
       [ 1.11312717e-08]]), 1.9409386431558553), (3.761780567968273e-05, array([[ 1.46524891e-06],
       [-1.67663627e-08],
       [ 1.93843796e-08]]), 1.9120637170294792), (3.517211861376576e-05, array([[1.28914247e-06],
       [5.61013831e-08],
       [3.13187833e-09]]), 1.9355499563253145), (3.201403681478516e-05, array([[ 1.01193856e-06],
       [-2.60655763e-08],
       [ 1.29241957e-08]]), 1.929000111138176), (3.085311650282706e-05, array([[7.85522279e-07],
       [1.41251592e-07],
       [1.41036225e-08]]), 2.06321592135763), (2.5998354862598542e-05, array([[ 4.29220644e-07],
       [ 2.84135573e-08],
       [-1.41504153e-08]]), 1.961933256999167), (2.2926016044119416e-05, array([[2.14320742e-07],
       [2.87017995e-08],
       [9.97566092e-09]]), 1.9943404915372276), (2.0990801547739173e-05, array([[ 7.72282669e-08],
       [-1.06321164e-07],
       [ 7.92645026e-10]]), 2.1654756999430114), (1.778243676644963e-05, array([[-2.35709969e-08],
       [-5.63502744e-08],
       [-1.59021209e-09]]), 2.2646405629452913), (1.898158606481686e-05, array([[1.28579068e-07],
       [4.69319681e-08],
       [1.13180081e-09]]), 2.1625965994805987), (2.292805800336691e-05, array([[ 2.78879027e-07],
       [ 1.29547384e-08],
       [-1.20358717e-09]]), 2.16306503464959), (2.6741187817291573e-05, array([[3.89612463e-07],
       [1.57307160e-08],
       [4.36722340e-09]]), 2.160083753176656), (3.005510486507429e-05, array([[ 7.62079331e-07],
       [-5.74353688e-08],
       [ 9.70879163e-09]]), 2.13009481388699), (3.1688803525229574e-05, array([[ 9.62287275e-07],
       [-3.99008472e-08],
       [-1.20972169e-10]]), 2.0077826444461224), (3.470775565095851e-05, array([[ 1.34882976e-06],
       [-7.08150789e-08],
       [ 3.88311625e-08]]), 1.9955394959817194), (3.745591580139653e-05, array([[ 1.63379566e-06],
       [-1.92752429e-08],
       [-3.78266522e-09]]), 1.9784116647013377), (4.155712731177324e-05, array([[ 2.08049920e-06],
       [ 1.06182296e-07],
       [-3.14094957e-09]]), 1.9891504298696971), (4.680745473771642e-05, array([[ 1.99596677e-06],
       [-5.46494217e-08],
       [ 7.30086036e-09]]), 2.0077795025672707), (5.208085287310823e-05, array([[ 2.24814236e-06],
       [ 1.01142262e-07],
       [-4.18473441e-08]]), 2.0312091827338152), (5.680862470861921e-05, array([[ 2.02495582e-06],
       [-2.69239106e-08],
       [-1.72379518e-08]]), 2.0387565367768037), (6.160243351895833e-05, array([[ 2.32431019e-06],
       [ 2.11406881e-07],
       [-5.79759044e-08]]), 2.0550461986633644), (6.869002054228419e-05, array([[ 2.03400494e-06],
       [ 1.90009525e-07],
       [-6.16105907e-08]]), 2.148758515952103), (7.142715331484567e-05, array([[ 2.35310866e-06],
       [ 8.02481431e-09],
       [-2.04732915e-08]]), 2.111373433278416), (7.590653771760426e-05, array([[ 2.35011847e-06],
       [-3.29311288e-08],
       [ 1.50463194e-08]]), 2.134850923303542), (7.977145149742288e-05, array([[ 2.39469430e-06],
       [ 1.64027395e-07],
       [-3.86233686e-08]]), 2.1479211754301932), (8.306696550810781e-05, array([[ 1.97779859e-06],
       [-1.53600616e-07],
       [ 2.63576868e-08]]), 2.153534939605998), (8.859810469215281e-05, array([[ 1.20547665e-06],
       [-9.38868624e-08],
       [ 1.03959620e-08]]), 2.2232603760513996), (9.15317583907939e-05, array([[ 1.56151110e-06],
       [-1.27856389e-07],
       [ 2.08935859e-09]]), 2.2342138367573776), (9.429473864158856e-05, array([[ 1.39143636e-06],
       [-8.50184554e-08],
       [ 1.40032773e-08]]), 2.249346938495249), (9.856328493465005e-05, array([[ 1.38690405e-06],
       [ 1.09624974e-07],
       [-2.90765539e-08]]), 2.3080108411070412), (9.819913927766128e-05, array([[ 6.74736963e-07],
       [-9.39819425e-08],
       [ 7.10508699e-10]]), 2.266997531367282), (0.00010159330182871752, array([[ 1.05371063e-06],
       [-1.16446064e-08],
       [-6.10959448e-09]]), 2.3219007046706337), (0.0001029998058540204, array([[ 2.51471569e-07],
       [-2.30481290e-08],
       [-9.97546379e-09]]), 2.340068143966602), (0.00010145610200661146, array([[ 1.39767402e-07],
       [-1.78009664e-07],
       [ 2.09807074e-09]]), 2.300599550901258)]