[(0.00010198271624536422, array([[ 1.47522605e-08],
       [-1.21144930e-10],
       [ 2.29646856e-09]]), 2.3125409566640562), (0.00010321144564869161, array([[-1.48398892e-07],
       [-4.95733177e-08],
       [-3.11410757e-09]]), 2.344876420423041), (0.00010015667357485295, array([[-5.80517545e-07],
       [ 5.41022124e-09],
       [-1.63198863e-08]]), 2.2890667668523528), (9.927463214102927e-05, array([[-6.33787731e-07],
       [ 5.05902107e-08],
       [ 1.97516520e-08]]), 2.2918260551628364), (9.789142445069486e-05, array([[-1.20456693e-06],
       [ 1.79968909e-08],
       [ 6.46949201e-10]]), 2.2922781950034925), (9.507935004126433e-05, array([[-1.01886599e-06],
       [-1.52050944e-07],
       [ 1.27398527e-08]]), 2.2680633936781547), (9.25594898965924e-05, array([[-1.40993166e-06],
       [-4.03924802e-08],
       [ 9.55469390e-09]]), 2.259299905146046), (8.916117853990365e-05, array([[-1.60780226e-06],
       [-1.33405079e-08],
       [ 1.15238785e-08]]), 2.2373900211363016), (8.495023299537994e-05, array([[-1.77696351e-06],
       [ 1.89771302e-07],
       [ 3.68460766e-09]]), 2.2023591901327437), (8.206049855162968e-05, array([[-1.95320733e-06],
       [-5.75601968e-08],
       [-3.45981470e-09]]), 2.2095559150142616), (7.704970364433433e-05, array([[-1.85487916e-06],
       [ 2.28874352e-08],
       [-1.63900164e-08]]), 2.1670021570121345), (7.211355909333506e-05, array([[-2.22825670e-06],
       [-6.59360777e-08],
       [ 4.61020384e-09]]), 2.131663461060469), (6.779249976790007e-05, array([[-2.61423677e-06],
       [ 4.24115151e-08],
       [ 2.72444112e-08]]), 2.120682306453598), (6.242439362247177e-05, array([[-2.34346459e-06],
       [ 6.85707658e-10],
       [-9.93552107e-09]]), 2.0824666411635513), (5.767223166221081e-05, array([[-2.48155817e-06],
       [-1.26073195e-07],
       [-3.76674999e-08]]), 2.0697497940660217), (5.247023253951315e-05, array([[-2.40014132e-06],
       [-2.17013086e-08],
       [-3.62073223e-09]]), 2.0463954078115503), (4.8587569270088765e-05, array([[-2.22155124e-06],
       [-7.68595634e-08],
       [ 2.83376793e-08]]), 2.084136516430692), (4.103755566973093e-05, array([[-2.03238561e-06],
       [ 5.86261212e-08],
       [-4.16919289e-09]]), 1.964280901536736), (3.833943095392903e-05, array([[-1.69284053e-06],
       [-1.52038198e-08],
       [-1.34891382e-08]]), 2.025078703707377), (3.6105171247443405e-05, array([[-1.49153507e-06],
       [ 2.02090747e-08],
       [ 1.78974301e-08]]), 2.075884593576913), (3.2908254550100505e-05, array([[-1.00435788e-06],
       [-8.74981998e-09],
       [-1.20138940e-08]]), 2.0850462937832948), (2.8913632180573358e-05, array([[-7.57064633e-07],
       [-1.58512670e-09],
       [-1.38681626e-08]]), 2.0491952443674513), (2.5942816651794223e-05, array([[-4.88320316e-07],
       [-1.14635143e-08],
       [ 9.13750046e-09]]), 2.095593402359834), (2.3346203945224664e-05, array([[-2.59781550e-07],
       [-3.01399764e-08],
       [ 4.45705391e-09]]), 2.202513507175271), (2.0649344838840444e-05, array([[-1.43517915e-07],
       [-9.50975357e-08],
       [ 6.88627060e-10]]), 2.3526065091447084), (1.8027660600611385e-05, array([[ 6.92685239e-09],
       [-1.71858258e-08],
       [ 1.61245703e-09]]), 2.295870469686276), (2.0204922570654937e-05, array([[-8.89920492e-08],
       [-1.00429245e-08],
       [-3.41731402e-10]]), 2.084402005634505), (2.3993376344172208e-05, array([[-2.78702346e-07],
       [-1.66571982e-08],
       [-9.15187230e-09]]), 2.0871904599468336), (2.701357418765511e-05, array([[-4.17366760e-07],
       [-4.10154275e-08],
       [ 1.64366113e-08]]), 2.0385455106399593), (2.960437183999731e-05, array([[-6.78512858e-07],
       [ 2.12363332e-08],
       [ 6.64816538e-09]]), 1.979709612689441), (3.26197687827977e-05, array([[-1.02697748e-06],
       [-2.22690295e-08],
       [-9.84805528e-09]]), 1.9654983834546664), (3.503559200704157e-05, array([[-1.36043789e-06],
       [ 8.72105719e-08],
       [ 5.15182180e-09]]), 1.928036787426276), (3.8474629457070334e-05, array([[-1.63380623e-06],
       [-1.47460458e-07],
       [ 1.60315341e-08]]), 1.9556149456838332), (4.4697162076462354e-05, array([[-1.59066443e-06],
       [-9.01372261e-08],
       [-1.84666576e-09]]), 2.021251732743743), (4.86327851308869e-05, array([[-1.62182253e-06],
       [ 7.32164427e-08],
       [-3.27822828e-08]]), 1.9859023150121942), (5.384840344009086e-05, array([[-2.08284237e-06],
       [-1.40216262e-07],
       [-6.45148516e-09]]), 2.0118353713796764), (5.75572337458549e-05, array([[-1.96439451e-06],
       [-8.38060471e-08],
       [-4.21539354e-08]]), 1.9892022844478925), (6.415318355571161e-05, array([[-1.67230038e-06],
       [-1.30758059e-07],
       [-3.19192027e-08]]), 2.0703027915458603), (6.971591382730245e-05, array([[-1.90989419e-06],
       [ 4.03290697e-08],
       [-2.60258831e-08]]), 2.1180539208169837), (7.389434317667303e-05, array([[-1.77428109e-06],
       [ 1.74098097e-08],
       [ 1.35088375e-08]]), 2.128889359506667), (7.915954544936847e-05, array([[-1.67206400e-06],
       [-1.93542799e-07],
       [ 9.10317889e-08]]), 2.176763266244039), (8.100348509860912e-05, array([[-1.67799695e-06],
       [-1.58602989e-07],
       [ 3.01523832e-08]]), 2.1387220953114148), (8.669747701459362e-05, array([[-1.52485783e-06],
       [-2.98625182e-08],
       [-1.50876151e-08]]), 2.2099110991214275), (9.056577885399375e-05, array([[-1.75106628e-06],
       [ 2.22119166e-07],
       [-4.64661588e-08]]), 2.240078829225565), (9.459569243609071e-05, array([[-1.06215544e-06],
       [-5.56204474e-08],
       [ 4.20208530e-08]]), 2.281313263939934), (9.556203834292683e-05, array([[-1.25003066e-06],
       [-1.94631485e-07],
       [ 2.83351445e-08]]), 2.2573239868084776), (9.88087582260769e-05, array([[-9.52566608e-07],
       [-3.16886377e-08],
       [-7.57725098e-10]]), 2.2961421339416006), (0.00010172948760572491, array([[-8.67661002e-07],
       [-9.31095457e-08],
       [ 9.54887367e-09]]), 2.335520247500392), (0.00010046737785346144, array([[-9.04290895e-07],
       [ 8.51653042e-08],
       [-1.38835695e-08]]), 2.288177818911826), (0.00010282547566730252, array([[-7.02801162e-08],
       [ 7.61258548e-09],
       [-1.62434422e-09]]), 2.3327022252539478), (0.00010359333433887583, array([[7.29471713e-08],
       [9.95836376e-08],
       [1.36105410e-08]]), 2.350121893096332), (0.0001002884215369513, array([[ 2.44500569e-07],
       [-3.89710889e-08],
       [ 7.82329069e-09]]), 2.2841020295089214), (0.000100903776061706, array([[ 6.49893179e-07],
       [-1.12064496e-07],
       [-1.68677510e-08]]), 2.3165634427917596), (9.822842954147377e-05, array([[9.16746657e-07],
       [1.20489049e-08],
       [2.73909418e-09]]), 2.282656313775706), (9.509140729419517e-05, array([[8.56923756e-07],
       [1.21009605e-07],
       [4.06353247e-08]]), 2.246206949398429), (9.452279766013934e-05, array([[1.34409666e-06],
       [1.28502604e-07],
       [2.37797009e-08]]), 2.2795552999675026), (8.898487086915084e-05, array([[ 1.13600623e-06],
       [-4.64993747e-08],
       [-2.48750372e-08]]), 2.200976217260957), (8.606519072036624e-05, array([[1.69296280e-06],
       [6.46379965e-08],
       [1.81864051e-08]]), 2.1937941768354383), (8.303887639581494e-05, array([[1.63396025e-06],
       [5.91547490e-08],
       [1.11313457e-09]]), 2.1924622070441306), (7.942753055693154e-05, array([[ 2.13516987e-06],
       [-1.26224514e-07],
       [-3.48698178e-08]]), 2.1841324361240853), (7.349949943774467e-05, array([[ 2.12457887e-06],
       [-2.21569048e-07],
       [-5.98623094e-09]]), 2.1175139470144995), (6.85741070159028e-05, array([[ 2.04976352e-06],
       [ 9.61573123e-08],
       [-2.87708447e-08]]), 2.0833644466218737), (6.313088385205853e-05, array([[ 2.12623429e-06],
       [ 2.12701520e-07],
       [-1.50798176e-08]]), 2.0373119123257895), (5.9423950952931224e-05, array([[ 2.23496076e-06],
       [-7.63880481e-08],
       [-9.25568873e-09]]), 2.0537168187830623), (5.3322589427031017e-05, array([[ 1.93222383e-06],
       [-2.56662430e-08],
       [-6.32475708e-08]]), 1.9921903835497627), (4.888198669849244e-05, array([[ 1.78979773e-06],
       [-8.59055320e-08],
       [-4.60651522e-08]]), 1.9960783715279888), (4.37810258857817e-05, array([[ 1.85052466e-06],
       [ 1.60602175e-08],
       [-1.93324161e-08]]), 1.9798231100568107), (3.849807031417379e-05, array([[ 1.57407719e-06],
       [ 1.91938584e-08],
       [-2.89348660e-09]]), 1.9568064137015402), (3.373841740782572e-05, array([[1.07291397e-06],
       [1.57270403e-08],
       [7.11232185e-09]]), 1.8566522266487542), (3.215167113046131e-05, array([[ 1.01820952e-06],
       [-5.16634111e-08],
       [-1.10539863e-08]]), 1.937293242422173), (2.8984852099947736e-05, array([[ 6.24882904e-07],
       [-7.86833076e-08],
       [-7.28857218e-09]]), 1.9382809618382857), (2.5793218435144523e-05, array([[ 3.71758011e-07],
       [ 5.92385795e-08],
       [-4.58965266e-09]]), 1.9464528936696002), (2.39164803850127e-05, array([[ 2.76180795e-07],
       [-1.03460823e-07],
       [-7.00188367e-09]]), 2.0805012591414136), (2.1325711456952677e-05, array([[ 1.17453659e-07],
       [-1.42040692e-07],
       [ 4.56967982e-09]]), 2.2000260370715177), (1.7895276099456046e-05, array([[ 2.06780816e-08],
       [ 5.01366556e-09],
       [-9.62261118e-10]]), 2.2790109517721002), (1.900145316706569e-05, array([[ 9.05186693e-08],
       [ 2.17509566e-08],
       [-2.18195650e-09]]), 2.16486008408184), (2.317434750509661e-05, array([[3.10765608e-07],
       [4.16494420e-08],
       [3.95936488e-09]]), 2.1863003304393405), (2.5561851417514933e-05, array([[4.75688873e-07],
       [5.25801214e-09],
       [1.12076892e-08]]), 2.064820019415356), (2.9795153207804135e-05, array([[7.06173136e-07],
       [7.09978187e-08],
       [8.57974916e-10]]), 2.1116712655580687), (3.272993622345253e-05, array([[1.01425768e-06],
       [4.47480405e-08],
       [2.23918392e-08]]), 2.0737481568515728), (3.5298462077358256e-05, array([[1.49891259e-06],
       [1.08952844e-07],
       [1.31790405e-08]]), 2.029502452741742), (3.7905589661243665e-05, array([[ 1.84005711e-06],
       [-2.83125202e-08],
       [-1.24749026e-09]]), 2.0021633202302), (4.285854953548667e-05, array([[ 1.93492189e-06],
       [ 1.60076815e-09],
       [-3.34095920e-08]]), 2.05144358493598), (4.800243582260926e-05, array([[2.11547799e-06],
       [5.74222407e-09],
       [1.66576021e-08]]), 2.0590375455787435), (5.306526887641801e-05, array([[ 2.11006487e-06],
       [-1.34981572e-07],
       [ 8.69304116e-09]]), 2.069602463858161), (5.572534406371693e-05, array([[ 2.25508855e-06],
       [ 7.20752411e-08],
       [-2.89334704e-10]]), 1.9998795967472518), (6.399601777983254e-05, array([[ 2.40942781e-06],
       [-1.00160142e-07],
       [ 1.01091306e-08]]), 2.134895742837236), (6.765590698328978e-05, array([[ 2.63374807e-06],
       [-1.47733046e-07],
       [ 5.11145339e-08]]), 2.116409416347701), (7.223595708323869e-05, array([[ 2.33988306e-06],
       [-1.25666265e-08],
       [ 2.84228787e-08]]), 2.1352815229903648), (7.41119024467758e-05, array([[ 1.60873734e-06],
       [-2.69304736e-07],
       [ 4.67041093e-08]]), 2.0843772898047415), (8.040415138215221e-05, array([[2.16497504e-06],
       [9.86508429e-09],
       [1.89433080e-10]]), 2.164957213443696), (8.464310637214582e-05, array([[ 2.18078460e-06],
       [-8.34338647e-08],
       [ 7.32232940e-10]]), 2.194396844211329), (8.815162472658966e-05, array([[ 1.45965187e-06],
       [ 3.81110932e-08],
       [-5.12775411e-10]]), 2.212056510916966), (9.17033471120042e-05, array([[ 1.17193523e-06],
       [ 2.40367503e-07],
       [-2.09772844e-08]]), 2.2384021742470037), (9.514824542657249e-05, array([[ 1.03213497e-06],
       [-1.03262149e-07],
       [ 3.25603588e-08]]), 2.2697068536023446), (9.794168834096126e-05, array([[ 1.41158587e-06],
       [ 1.29213008e-07],
       [-8.29721326e-09]]), 2.2934552012663016), (0.00010248208630339669, array([[ 8.90200653e-07],
       [-5.55851171e-08],
       [ 9.75374286e-09]]), 2.3658724339961665), (0.00010237776832802681, array([[ 9.64090594e-07],
       [ 7.83700560e-08],
       [-4.73392677e-10]]), 2.3398295767985187), (0.00010390365837009363, array([[1.95601577e-07],
       [1.97606976e-08],
       [3.75409273e-10]]), 2.360602905776781), (0.00010111710562877766, array([[-5.19118197e-07],
       [ 1.29040118e-09],
       [ 9.44340032e-09]]), 2.2929125325832196)]