[(0.00010268099782853105, array([[-7.37122236e-08],
       [ 2.41809250e-07],
       [-3.46826657e-09]]), 2.3283750589493137), (0.00010138898275832625, array([[-2.66122239e-07],
       [ 6.83139023e-08],
       [ 3.89660796e-09]]), 2.3034716107931135), (0.00010086979284396974, array([[-5.64684807e-07],
       [-1.45472085e-07],
       [ 6.87332350e-09]]), 2.3053650080126613), (9.878735645680448e-05, array([[-8.16847033e-07],
       [-1.57588558e-07],
       [-2.63768163e-08]]), 2.2805769466537544), (9.891882479560381e-05, array([[-1.25165496e-06],
       [-1.77598512e-07],
       [-3.12559529e-08]]), 2.31633635353361), (9.430498720685105e-05, array([[-1.10662231e-06],
       [-5.09710168e-08],
       [ 1.70856954e-08]]), 2.249591412144884), (9.130667236289231e-05, array([[-1.81833498e-06],
       [ 7.22280188e-08],
       [-2.17232875e-08]]), 2.22871967465627), (8.953837738053503e-05, array([[-1.81087424e-06],
       [ 3.11586744e-08],
       [-8.53596396e-09]]), 2.2468553617232376), (8.443871951802548e-05, array([[-1.92258374e-06],
       [ 2.06463456e-07],
       [ 6.66255588e-09]]), 2.1890980563134916), (8.181437694293685e-05, array([[-2.14305883e-06],
       [ 3.31059148e-08],
       [ 3.89166541e-08]]), 2.20292885978186), (7.55750050174981e-05, array([[-2.14139293e-06],
       [-2.03999952e-08],
       [-5.59316437e-09]]), 2.125526655431384), (7.068625364477793e-05, array([[-2.34696846e-06],
       [-2.33723956e-08],
       [-3.98816025e-08]]), 2.0894725761462487), (6.545198174773409e-05, array([[-2.21137747e-06],
       [ 2.21895351e-08],
       [ 3.35951316e-08]]), 2.047466313972199), (6.255930697105885e-05, array([[-2.40778188e-06],
       [-1.04326681e-07],
       [ 1.87510941e-08]]), 2.086967326417771), (5.644276595017947e-05, array([[-2.12952522e-06],
       [-2.39223433e-08],
       [ 2.45507773e-08]]), 2.025626542182993), (5.3198671673619394e-05, array([[-2.27753348e-06],
       [ 6.02400782e-08],
       [ 4.05921663e-08]]), 2.0748053161873647), (4.668533897177332e-05, array([[-2.32356634e-06],
       [ 6.06886297e-08],
       [ 3.39776126e-08]]), 2.0025414153186745), (4.267514461614514e-05, array([[-2.19436545e-06],
       [-1.00495306e-07],
       [ 1.22627414e-08]]), 2.0426648266880507), (3.873174177086932e-05, array([[-1.82512537e-06],
       [ 9.48626147e-08],
       [ 7.42297294e-10]]), 2.0458004583305613), (3.5248612938039034e-05, array([[-1.51928675e-06],
       [-4.31952956e-08],
       [-3.91566012e-09]]), 2.0266363519384316), (3.312952627499278e-05, array([[-9.60262140e-07],
       [ 1.07475114e-07],
       [-1.22720551e-08]]), 2.0990659309902235), (2.9310821792379252e-05, array([[-8.03743058e-07],
       [ 8.46836677e-08],
       [-2.66360992e-09]]), 2.077345255356789), (2.619951567806832e-05, array([[-5.21645191e-07],
       [ 4.96254047e-08],
       [ 1.46206721e-09]]), 2.1163288835171965), (2.3127976910599e-05, array([[-2.80014905e-07],
       [-4.24537223e-09],
       [ 2.46835909e-09]]), 2.181925663750209), (1.9384707793740297e-05, array([[-8.16068048e-08],
       [ 7.86151897e-08],
       [ 1.64553886e-09]]), 2.208524778357205), (1.802880195487883e-05, array([[ 9.03335863e-10],
       [ 1.24809702e-08],
       [-1.63939108e-09]]), 2.296015824184351), (2.0254363832448056e-05, array([[-1.49721516e-07],
       [-1.62869487e-08],
       [-5.16885751e-09]]), 2.0895025183873903), (2.2735411264551804e-05, array([[-2.52710060e-07],
       [ 3.47843226e-10],
       [ 1.03972620e-08]]), 1.977759728920614), (2.6158542979072887e-05, array([[-4.29430496e-07],
       [ 6.68744568e-08],
       [-3.94776052e-09]]), 1.974021652389877), (2.893242964823336e-05, array([[-5.73793903e-07],
       [-3.15435737e-08],
       [ 2.16484181e-09]]), 1.9347753569181547), (3.138647869919874e-05, array([[-9.97414105e-07],
       [ 5.26041943e-09],
       [ 1.57971619e-08]]), 1.8911867081701146), (3.3952999852075886e-05, array([[-1.23433219e-06],
       [-7.31433817e-08],
       [-8.31928042e-09]]), 1.8684608710229393), (3.843523985939353e-05, array([[-1.43509722e-06],
       [ 5.29155188e-08],
       [ 8.19371054e-09]]), 1.9536128241037625), (4.379480265882125e-05, array([[-1.58824233e-06],
       [-3.37923630e-08],
       [-2.92979343e-08]]), 1.980446109931614), (4.909760743144088e-05, array([[-1.80690864e-06],
       [ 3.33950578e-08],
       [-1.36005502e-08]]), 2.0048831667206684), (5.4624337869876856e-05, array([[-1.84399364e-06],
       [-5.05449411e-08],
       [ 3.44461790e-08]]), 2.0408251321151365), (5.907120730881472e-05, array([[-2.12036586e-06],
       [-1.37060061e-07],
       [ 3.79726145e-08]]), 2.041525849602729), (6.512068870994527e-05, array([[-2.08007150e-06],
       [-1.71190798e-07],
       [ 3.00320424e-08]]), 2.101525382703873), (6.994382899252642e-05, array([[-2.09525384e-06],
       [-6.14555326e-08],
       [ 4.17187025e-09]]), 2.1249782596488904), (7.436138014951456e-05, array([[-2.37417610e-06],
       [-9.52244885e-08],
       [-1.06176766e-09]]), 2.142344652553949), (8.013430823137703e-05, array([[-2.05152145e-06],
       [ 1.09301595e-07],
       [-1.49430158e-08]]), 2.2035677129488933), (8.26761500263315e-05, array([[-1.48891698e-06],
       [-1.02968134e-07],
       [-7.60004250e-08]]), 2.182885200573089), (8.875518356960113e-05, array([[-1.11185016e-06],
       [ 2.02080429e-07],
       [-3.61994069e-08]]), 2.2623618590654635), (9.120869652488502e-05, array([[-1.34182939e-06],
       [-9.33604941e-08],
       [ 3.42436474e-08]]), 2.2559809313409827), (9.328726153075947e-05, array([[-1.20261989e-06],
       [-2.39768126e-07],
       [ 6.42837268e-09]]), 2.2497585419181276), (9.710154435816395e-05, array([[-7.39714977e-07],
       [ 6.82896266e-08],
       [-4.80218056e-09]]), 2.2936895134997353), (0.00010255210808800395, array([[-6.82149101e-07],
       [-5.10099305e-08],
       [ 1.74996380e-08]]), 2.383131015234785), (0.00010052965381933723, array([[-3.66168071e-07],
       [ 1.46610046e-07],
       [ 3.75798126e-09]]), 2.3079742903969396), (0.00010217844537533946, array([[-4.82786890e-07],
       [ 1.57481606e-07],
       [ 2.37055384e-09]]), 2.3271479486581432), (0.00010418514131889594, array([[-1.25938726e-07],
       [-3.62212524e-08],
       [ 4.03209557e-09]]), 2.363547646298588), (0.00010204824048425448, array([[-3.11064915e-08],
       [-7.36734464e-08],
       [-1.32911736e-08]]), 2.315069841554522), (0.0001009857022871088, array([[ 7.26593537e-07],
       [-1.82835908e-07],
       [-3.16723018e-09]]), 2.2999828296268636), (0.00010076129790898323, array([[ 5.23333305e-07],
       [ 2.62181851e-08],
       [-7.67707843e-09]]), 2.3132924088138807), (9.979646604695797e-05, array([[ 7.01459484e-07],
       [-1.24422012e-08],
       [ 1.34080797e-08]]), 2.3190947302930254), (9.744741420304336e-05, array([[ 9.71153334e-07],
       [-1.28924577e-07],
       [-3.37917179e-09]]), 2.301859497216054), (9.642101250613558e-05, array([[1.49755280e-06],
       [1.17545366e-07],
       [1.53258092e-08]]), 2.3253335229971035), (9.0943359998495e-05, array([[ 1.27331358e-06],
       [-1.36209398e-07],
       [-2.22694489e-08]]), 2.2494180248777726), (8.692562940670003e-05, array([[1.31650792e-06],
       [2.10841671e-09],
       [2.40955860e-09]]), 2.2157266836224867), (8.349202059334865e-05, array([[ 1.89747278e-06],
       [-1.20004198e-07],
       [-5.18843944e-08]]), 2.2044265010056523), (7.859028065834864e-05, array([[ 1.96320758e-06],
       [ 3.16894377e-08],
       [-7.62393238e-09]]), 2.1611093778996353), (7.512235674327034e-05, array([[2.24642433e-06],
       [8.84943066e-08],
       [9.75422517e-09]]), 2.1642683195578893), (7.034347951126624e-05, array([[ 2.03161680e-06],
       [-1.16266312e-08],
       [-4.20950071e-09]]), 2.1371201265728494), (6.451855282743186e-05, array([[ 1.63865675e-06],
       [-6.91172954e-08],
       [-4.94758232e-08]]), 2.0820937110491853), (5.7909673825373066e-05, array([[ 1.70174125e-06],
       [-5.23996302e-09],
       [-2.79676487e-08]]), 2.001382762307619), (5.5395018560481854e-05, array([[ 1.99391790e-06],
       [ 7.47880680e-08],
       [-2.11467775e-08]]), 2.0696186073965994), (4.873039632908492e-05, array([[ 1.68797863e-06],
       [ 1.12430944e-07],
       [-2.11828434e-08]]), 1.9898882332348655), (4.292604928607725e-05, array([[1.67088408e-06],
       [9.28157821e-09],
       [3.47523240e-08]]), 1.9411601871031854), (3.7561773616510243e-05, array([[ 1.57395313e-06],
       [-9.62423456e-10],
       [ 2.76825321e-08]]), 1.909215680759244), (3.521211426264161e-05, array([[ 1.18259357e-06],
       [ 6.33551515e-08],
       [-7.69798978e-09]]), 1.9377509490287952), (3.1808521011070995e-05, array([[ 9.90805025e-07],
       [-9.77995226e-08],
       [-2.84434798e-08]]), 1.9166167928300586), (2.9184813485057525e-05, array([[ 7.42226200e-07],
       [-1.14417952e-07],
       [ 1.10634135e-08]]), 1.9516528205086223), (2.6856931288400348e-05, array([[ 4.78133093e-07],
       [-1.02871112e-08],
       [-1.06802604e-08]]), 2.0267246506222816), (2.3172514597406338e-05, array([[2.92369075e-07],
       [7.56541105e-08],
       [1.81820756e-09]]), 2.0157834690253096), (2.1104639103817113e-05, array([[ 9.95742739e-08],
       [ 1.02208620e-08],
       [-2.34846296e-09]]), 2.1772195326340613), (1.7768825700729514e-05, array([[-1.00208028e-09],
       [-1.82762954e-10],
       [ 7.00592420e-10]]), 2.2629071575667408), (1.9729595204347472e-05, array([[ 1.13401170e-07],
       [ 1.98408618e-08],
       [-2.51585832e-09]]), 2.24781824618628), (2.1941354492179276e-05, array([[ 2.95263820e-07],
       [ 4.95781327e-09],
       [-7.92961432e-09]]), 2.0699780464579804), (2.6120424723453707e-05, array([[ 5.47572032e-07],
       [-2.70779506e-08],
       [-1.63160849e-09]]), 2.1099401214601996), (2.8608699177774204e-05, array([[ 7.00534790e-07],
       [-4.68683764e-08],
       [ 3.18667108e-10]]), 2.027583734084542), (3.312030546368851e-05, array([[9.49168237e-07],
       [2.43724759e-09],
       [2.12702098e-09]]), 2.09848170619014), (3.530892120420605e-05, array([[ 1.37609029e-06],
       [-3.81720112e-08],
       [-3.83703388e-09]]), 2.030103805388342), (3.85611147112211e-05, array([[ 1.75893685e-06],
       [ 1.06506145e-08],
       [-1.14153281e-08]]), 2.036787981719079), (4.3792256313214126e-05, array([[ 2.01068064e-06],
       [-3.50451742e-08],
       [ 2.07339543e-09]]), 2.0961358762090256), (4.8783055660787344e-05, array([[2.32293939e-06],
       [1.94901507e-08],
       [2.37005950e-08]]), 2.092521795452481), (5.114009473634342e-05, array([[ 2.20027873e-06],
       [-1.37909651e-07],
       [ 3.38375680e-08]]), 1.9945186052814072), (5.699139039903648e-05, array([[2.11001841e-06],
       [5.86406279e-08],
       [2.63586942e-08]]), 2.045315659585144), (6.05522943870128e-05, array([[ 2.27126268e-06],
       [ 7.28717453e-08],
       [-1.97960585e-08]]), 2.0200137444583186), (6.70050741188808e-05, array([[ 2.35758166e-06],
       [-4.21768348e-08],
       [-1.55027655e-08]]), 2.0960500883285835), (6.973089528612438e-05, array([[ 2.07710295e-06],
       [-5.08291574e-08],
       [ 5.21113258e-08]]), 2.061232359868411), (7.532141332878322e-05, array([[ 2.23306522e-06],
       [ 1.89364007e-07],
       [-1.99180015e-08]]), 2.1183944575064952), (8.064067305734311e-05, array([[1.99708603e-06],
       [1.95867496e-07],
       [1.92761441e-08]]), 2.171325781459625), (8.477769817306407e-05, array([[2.05922828e-06],
       [4.19474640e-08],
       [1.06010000e-08]]), 2.1978861753081014), (8.859220045950057e-05, array([[ 1.65968521e-06],
       [-1.31253399e-07],
       [ 2.06680555e-08]]), 2.2231122166008976), (9.180284653674642e-05, array([[ 1.28659521e-06],
       [-2.41618695e-07],
       [ 2.62103600e-09]]), 2.240830872170181), (9.424308825191824e-05, array([[ 1.32624295e-06],
       [ 4.21528211e-08],
       [-1.13793646e-08]]), 2.248114848056793), (9.600132304034811e-05, array([[ 1.28484835e-06],
       [-5.55955917e-08],
       [-4.37149783e-09]]), 2.248018564769331), (9.765257102450625e-05, array([[ 7.13997812e-07],
       [ 7.78532945e-08],
       [-1.92090608e-08]]), 2.2543796113962866), (0.00010058677916837242, array([[2.99634865e-07],
       [1.07424571e-07],
       [6.36148781e-09]]), 2.29889677003858), (0.00010225894547415589, array([[ 6.00666880e-07],
       [-4.83860045e-08],
       [-1.36279709e-08]]), 2.3232364251136066), (0.00010151339937342581, array([[ 7.06943821e-08],
       [ 6.77454735e-08],
       [-2.63645285e-08]]), 2.301898815250605)]