[(1.5418780677957416e-05, Vec([[ 3.45006760e-09],
     [ 2.20117310e-08],
     [-9.36735182e-10]]), 2.107205473968409), (1.5751434761172273e-05, Vec([[-6.80295143e-08],
     [ 8.70523786e-09],
     [ 6.27667283e-10]]), 2.0522159650384717), (1.6443908420476288e-05, Vec([[-1.27301315e-07],
     [ 1.37167807e-08],
     [-2.40043220e-10]]), 2.0548248047638378), (1.708644869704456e-05, Vec([[-1.94637834e-07],
     [-6.46458330e-09],
     [-3.29995385e-09]]), 2.0592000547249536), (1.7523870746066808e-05, Vec([[-2.40007797e-07],
     [ 8.43185761e-09],
     [ 1.81622391e-09]]), 2.04736443644821), (1.7786640949198015e-05, Vec([[-2.84810813e-07],
     [ 2.16262834e-09],
     [ 2.70274771e-09]]), 2.02434054879738), (1.803381675173104e-05, Vec([[-3.24256190e-07],
     [-4.45346779e-09],
     [ 2.17636247e-09]]), 2.0086312409858897), (1.846812468148396e-05, Vec([[-3.55165315e-07],
     [ 8.82869830e-09],
     [-5.15061762e-10]]), 2.021957576154803), (1.8396108382438086e-05, Vec([[-3.70820135e-07],
     [ 1.13349567e-09],
     [ 9.06369770e-10]]), 1.9882035334592354), (1.8673047006349665e-05, Vec([[-4.07895976e-07],
     [-4.48996670e-09],
     [ 2.38558926e-09]]), 2.000494594454704), (1.8803352605446373e-05, Vec([[-4.05184033e-07],
     [-3.77236115e-09],
     [-3.16839180e-09]]), 2.00500305987257), (1.8693704055609642e-05, Vec([[-4.01865941e-07],
     [-6.22320999e-09],
     [ 1.66019359e-09]]), 1.9919861399000027), (1.8654289051472717e-05, Vec([[-3.52558017e-07],
     [ 3.95345750e-09],
     [ 2.24269115e-09]]), 1.9944913508910536), (1.84235637179214e-05, Vec([[-3.09181316e-07],
     [-1.03442461e-08],
     [ 4.04697710e-09]]), 1.984507605209853), (1.8041227870250757e-05, Vec([[-2.32803660e-07],
     [ 1.76073012e-09],
     [-5.44805889e-09]]), 1.9658958102394763), (1.7661275852888925e-05, Vec([[-1.66090748e-07],
     [-7.72267108e-10],
     [ 7.92432223e-10]]), 1.955074298839782), (1.7473140311300187e-05, Vec([[-1.24677845e-07],
     [-8.18329562e-09],
     [ 1.79612943e-09]]), 1.9735550742828212), (1.7086102454611064e-05, Vec([[-5.41718218e-08],
     [-3.96865649e-11],
     [ 1.62066352e-10]]), 1.9780008608926862), (1.6609049673069406e-05, Vec([[ 1.51336783e-08],
     [-8.08928858e-09],
     [-1.41026054e-09]]), 1.9801642825948442), (1.6106402781340973e-05, Vec([[7.86573826e-08],
     [3.38267781e-09],
     [5.80433257e-10]]), 1.9875650130044744), (1.5732316124715738e-05, Vec([[ 1.34661484e-07],
     [-7.45074516e-09],
     [-1.79410226e-10]]), 2.0203755815264297), (1.5420859355874148e-05, Vec([[ 2.00405462e-07],
     [ 3.87032775e-09],
     [-5.71765640e-11]]), 2.073054253327404), (1.4900675330201374e-05, Vec([[2.37465721e-07],
     [5.67905624e-09],
     [1.09759754e-09]]), 2.110383233981639), (1.4262140777347245e-05, Vec([[ 3.04957244e-07],
     [-5.99735793e-09],
     [-8.84184854e-10]]), 2.1433444373295685), (1.3588938953419073e-05, Vec([[3.32760270e-07],
     [3.22141223e-10],
     [5.21113557e-10]]), 2.18441411888058), (1.333411074976651e-05, Vec([[ 3.47304808e-07],
     [-3.72870456e-09],
     [ 5.82956745e-10]]), 2.224444068480461), (1.4060701173953261e-05, Vec([[ 2.83359409e-07],
     [-5.47737794e-09],
     [ 4.70878733e-11]]), 2.183084470536321), (1.4512224617967044e-05, Vec([[ 2.75946509e-07],
     [-2.58527697e-09],
     [-7.80487229e-10]]), 2.115221030742966), (1.5152008935341343e-05, Vec([[ 2.09655443e-07],
     [-7.86687514e-09],
     [ 1.22548742e-09]]), 2.088971725962887), (1.562546391558167e-05, Vec([[ 1.53212262e-07],
     [-7.64466288e-09],
     [-1.36744442e-10]]), 2.051499625542415), (1.588296226158172e-05, Vec([[8.71712799e-08],
     [6.04420504e-09],
     [1.55012329e-09]]), 1.9980558075994872), (1.6419881230281417e-05, Vec([[ 1.94810163e-08],
     [-4.13044771e-09],
     [-1.30717357e-09]]), 1.9903362547831158), (1.681644199928954e-05, Vec([[-2.86729391e-08],
     [ 6.56821857e-09],
     [ 5.68644717e-10]]), 1.9744148458503037), (1.726097646183955e-05, Vec([[-8.78761364e-08],
     [-9.33735874e-11],
     [ 2.26866047e-09]]), 1.9726250800504974), (1.7810617916102336e-05, Vec([[-1.76252960e-07],
     [-1.53713248e-08],
     [-5.25432585e-09]]), 1.9904352363212072), (1.794303133801246e-05, Vec([[-2.22130493e-07],
     [-6.69900969e-09],
     [ 3.24633816e-09]]), 1.9696153402650562), (1.8307801087161056e-05, Vec([[-2.79512471e-07],
     [ 1.79067075e-10],
     [-1.65024827e-09]]), 1.982426104032036), (1.836829074585117e-05, Vec([[-3.28830648e-07],
     [ 1.15139822e-08],
     [-3.64899458e-10]]), 1.970213713054595), (1.867693651553161e-05, Vec([[-3.69734047e-07],
     [ 4.41027527e-09],
     [ 1.65466799e-10]]), 1.9925467756275743), (1.878185711560533e-05, Vec([[-3.80424911e-07],
     [ 3.77328159e-09],
     [ 2.47847644e-09]]), 2.001037160512912), (1.8634762760447785e-05, Vec([[-4.05818134e-07],
     [ 4.40588106e-09],
     [-3.29434371e-09]]), 1.9906959559334194), (1.870000907549913e-05, Vec([[-3.89767506e-07],
     [ 6.42606575e-09],
     [-5.63185833e-09]]), 2.011163905704538), (1.848904198471244e-05, Vec([[-3.74368116e-07],
     [-5.43380729e-10],
     [-7.75059242e-10]]), 2.010151053196), (1.8227426186520262e-05, Vec([[-3.30922616e-07],
     [ 1.09360045e-08],
     [-2.19250821e-09]]), 2.0117384354436387), (1.7894101750653562e-05, Vec([[-2.98936582e-07],
     [-4.93698204e-09],
     [-6.89378724e-10]]), 2.0135711931511917), (1.74242829522134e-05, Vec([[-2.60920123e-07],
     [-4.55282071e-09],
     [ 5.65672176e-10]]), 2.0080584149080662), (1.6980331018403155e-05, Vec([[-2.05468569e-07],
     [-1.52803284e-08],
     [ 9.68592602e-10]]), 2.013636437931098), (1.6796319821388228e-05, Vec([[-1.55577479e-07],
     [ 8.43047238e-09],
     [-6.64666723e-11]]), 2.0598354303439725), (1.630316161105798e-05, Vec([[-9.87244713e-08],
     [-9.40126289e-09],
     [ 4.11983494e-10]]), 2.078714489911707), (1.5601974223650684e-05, Vec([[-2.70401669e-08],
     [-1.21791018e-08],
     [-4.57520154e-10]]), 2.0802560335882254), (1.554757791640001e-05, Vec([[ 2.84342593e-08],
     [-3.85178940e-10],
     [-3.44650175e-10]]), 2.073003217711143), (1.6092389355229428e-05, Vec([[9.68418081e-08],
     [8.59097395e-09],
     [7.29436933e-11]]), 2.0518402336959665), (1.6666301792986376e-05, Vec([[ 1.58704292e-07],
     [ 1.80769113e-08],
     [-4.42676575e-10]]), 2.043890524297079), (1.7073221912547997e-05, Vec([[ 2.06308041e-07],
     [-1.24509169e-09],
     [-1.44674617e-10]]), 2.0246520352712993), (1.7559470068754747e-05, Vec([[ 2.62772482e-07],
     [-2.03631791e-09],
     [-2.43038004e-11]]), 2.0236380303047232), (1.798537579739714e-05, Vec([[ 2.92134503e-07],
     [ 1.63372000e-08],
     [-6.38903079e-11]]), 2.023841995998197), (1.811068074996043e-05, Vec([[ 3.44596195e-07],
     [ 2.99460836e-09],
     [-7.77353748e-10]]), 1.998853386315653), (1.836883022141311e-05, Vec([[ 3.55829861e-07],
     [ 1.09584120e-08],
     [-1.81591544e-09]]), 1.9970814845940952), (1.8480450087437277e-05, Vec([[ 3.91700425e-07],
     [-9.80093416e-09],
     [-2.41160614e-09]]), 1.9875505956692199), (1.8702649025848257e-05, Vec([[ 3.98996061e-07],
     [-2.47869459e-08],
     [-2.52998362e-09]]), 1.9979480425702822), (1.873814647039748e-05, Vec([[3.95369260e-07],
     [3.15238210e-09],
     [1.39791628e-10]]), 1.9963801862407446), (1.8441496881035925e-05, Vec([[3.68171885e-07],
     [1.45903786e-08],
     [2.96991737e-09]]), 1.9674289259106679), (1.86973427239621e-05, Vec([[3.43275617e-07],
     [1.44672616e-09],
     [4.60052302e-10]]), 2.0055083808357175), (1.815474083218865e-05, Vec([[ 2.74508413e-07],
     [-1.39316776e-08],
     [-3.64750634e-09]]), 1.96585225971821), (1.817189815620341e-05, Vec([[ 2.45750092e-07],
     [-4.42712611e-09],
     [ 1.67125166e-09]]), 1.994738163019737), (1.7809120723309203e-05, Vec([[ 1.63244536e-07],
     [-3.66769541e-09],
     [ 9.24010212e-10]]), 1.9902679167310022), (1.7439921471546447e-05, Vec([[ 1.06979595e-07],
     [-5.74042835e-09],
     [-9.02114997e-10]]), 1.9930753375940438), (1.6861851082819532e-05, Vec([[3.02859949e-08],
     [2.02435754e-08],
     [2.58372139e-09]]), 1.9797463166014806), (1.6620911305171262e-05, Vec([[-5.32990431e-08],
     [ 2.71811386e-09],
     [-9.62131503e-10]]), 2.0147041196137776), (1.6229753987725984e-05, Vec([[-1.10402833e-07],
     [ 1.13376916e-08],
     [ 1.17880708e-09]]), 2.0416817516166184), (1.558027755284625e-05, Vec([[-1.57623936e-07],
     [-9.00170204e-09],
     [ 2.14181441e-10]]), 2.045567014086387), (1.5331904155446455e-05, Vec([[-2.03131727e-07],
     [-7.20982026e-10],
     [ 4.58701577e-10]]), 2.113773455557893), (1.4700283920170028e-05, Vec([[-2.61128274e-07],
     [-3.82978637e-09],
     [ 5.72679210e-10]]), 2.1426315071873643), (1.4006026327136485e-05, Vec([[-3.26470564e-07],
     [ 8.37892765e-11],
     [-1.68761793e-10]]), 2.1745955760254434), (1.3483600169964573e-05, Vec([[-3.51334708e-07],
     [-6.85092922e-09],
     [-8.72909962e-11]]), 2.249382428473158), (1.3592692788971404e-05, Vec([[-3.33062661e-07],
     [ 4.63986894e-09],
     [ 1.60149271e-11]]), 2.1850175457859895), (1.4331840886376884e-05, Vec([[-2.74762671e-07],
     [-4.13901192e-09],
     [ 6.58852179e-10]]), 2.153819115942139), (1.4807486291219089e-05, Vec([[-2.45432869e-07],
     [ 7.89318090e-10],
     [-1.65883661e-11]]), 2.0971848667196906), (1.5236662700512506e-05, Vec([[-2.05656706e-07],
     [-9.90928595e-09],
     [ 1.00979881e-10]]), 2.0482923609429378), (1.5877028654499804e-05, Vec([[-1.45554860e-07],
     [-9.85674622e-10],
     [ 1.33505862e-09]]), 2.038959854763688), (1.628203009584278e-05, Vec([[-8.74966427e-08],
     [-4.31914748e-09],
     [ 2.30952657e-09]]), 2.0092378042770327), (1.6795478410150265e-05, Vec([[-4.60081540e-08],
     [-6.74143130e-09],
     [ 6.71379404e-10]]), 2.002390691310771), (1.6875165884235825e-05, Vec([[ 5.60448926e-08],
     [-4.32213155e-09],
     [ 4.47449745e-10]]), 1.9535814405535936), (1.748865518994635e-05, Vec([[ 1.30494020e-07],
     [-4.71883625e-09],
     [-2.56968323e-09]]), 1.9753074477505277), (1.7784478253966355e-05, Vec([[ 1.87773702e-07],
     [-5.82940532e-10],
     [ 1.15858741e-09]]), 1.9687126027714001), (1.7907247287474236e-05, Vec([[2.49146969e-07],
     [2.11324152e-09],
     [1.68561324e-09]]), 1.951296367882887), (1.851078261601416e-05, Vec([[ 3.00180707e-07],
     [-6.52540451e-09],
     [ 2.40433924e-10]]), 1.9939024524409978), (1.865081756519634e-05, Vec([[ 3.44508109e-07],
     [-6.41912353e-09],
     [ 1.73802564e-09]]), 1.994120184274419), (1.864965689873936e-05, Vec([[3.73826664e-07],
     [1.24211727e-08],
     [1.11075194e-09]]), 1.9872925101235501), (1.877558606452579e-05, Vec([[ 4.12469991e-07],
     [-1.22638375e-08],
     [-4.46543000e-09]]), 2.002042311293526), (1.872899860644613e-05, Vec([[ 3.93458235e-07],
     [ 6.70806561e-09],
     [-7.38658157e-09]]), 2.006488842394315), (1.8705465514700048e-05, Vec([[3.88222853e-07],
     [3.77510073e-09],
     [2.03273405e-10]]), 2.0216380474704283), (1.82590949123907e-05, Vec([[ 3.60705075e-07],
     [-1.77058798e-08],
     [ 1.70276967e-09]]), 1.9990722354637838), (1.813202727140521e-05, Vec([[ 3.29302037e-07],
     [ 3.86438802e-09],
     [-8.02968664e-10]]), 2.0195700633509364), (1.7824306124213493e-05, Vec([[ 2.89157139e-07],
     [-1.38627411e-08],
     [ 1.89805420e-09]]), 2.0286273133010964), (1.735894216232056e-05, Vec([[ 2.36970831e-07],
     [ 8.28500688e-09],
     [-1.94035688e-09]]), 2.028095353617772), (1.6992868354767878e-05, Vec([[ 1.80166921e-07],
     [-4.17994306e-09],
     [ 1.39353111e-09]]), 2.047922073597684), (1.665384984883737e-05, Vec([[ 1.30896573e-07],
     [-8.28536141e-09],
     [-1.16415157e-09]]), 2.081059009158136), (1.5985115448739355e-05, Vec([[ 7.00417174e-08],
     [-6.09335187e-09],
     [-7.32722200e-10]]), 2.0826616510993046), (1.5297360802370314e-05, Vec([[-4.34080578e-10],
     [-8.70525863e-09],
     [-1.00917245e-09]]), 2.0906116438965223)]