[(1.511298169169129e-05, Vec([[1.79211205e-09],
     [5.30383954e-09],
     [3.03545247e-10]]), 2.0654134988925086), (1.603086456982293e-05, Vec([[-6.73000490e-08],
     [ 1.75204449e-08],
     [ 2.02321996e-11]]), 2.0886221923514334), (1.655912898074762e-05, Vec([[-1.26465931e-07],
     [ 2.38733374e-09],
     [ 7.32301683e-10]]), 2.069222723993885), (1.6767547938423862e-05, Vec([[-1.83410037e-07],
     [-4.05184655e-09],
     [-2.13229010e-09]]), 2.020767231658733), (1.7366092016752365e-05, Vec([[-2.45769764e-07],
     [-1.09767884e-08],
     [-2.52635891e-10]]), 2.0289306917631844), (1.810365815835562e-05, Vec([[-2.89936244e-07],
     [ 5.56383688e-09],
     [ 2.01923993e-09]]), 2.060421042747715), (1.8060350781720836e-05, Vec([[-3.23642977e-07],
     [ 6.51926555e-09],
     [-1.24028262e-09]]), 2.011586637634336), (1.83729645427849e-05, Vec([[-3.49975292e-07],
     [ 9.95216187e-10],
     [-1.83390043e-09]]), 2.011539097467391), (1.851436911397215e-05, Vec([[-3.85319393e-07],
     [ 7.84060869e-09],
     [ 1.27044195e-09]]), 2.0009848456486092), (1.8780717115450436e-05, Vec([[-3.96329634e-07],
     [ 1.73139378e-09],
     [-4.13473121e-10]]), 2.0120295877081986), (1.883949394538506e-05, Vec([[-3.99932359e-07],
     [-5.58356911e-09],
     [-2.03084147e-09]]), 2.0088568139708665), (1.8622114212856697e-05, Vec([[-3.70170487e-07],
     [ 1.07291407e-08],
     [ 1.76415902e-09]]), 1.9843575835637481), (1.8452609477341495e-05, Vec([[-3.38951196e-07],
     [ 1.00838177e-08],
     [ 4.20034061e-09]]), 1.9729280436459378), (1.8436609460923095e-05, Vec([[-3.04620531e-07],
     [ 1.43299965e-08],
     [ 4.52168430e-10]]), 1.9859128369336858), (1.813995036661505e-05, Vec([[-2.50044435e-07],
     [-7.73482332e-09],
     [-1.08384709e-09]]), 1.9766532899063105), (1.801033314132327e-05, Vec([[-2.17764447e-07],
     [ 2.61342432e-09],
     [-4.25596068e-11]]), 1.9937143687376238), (1.7444790031472795e-05, Vec([[-1.06359754e-07],
     [ 5.49128289e-09],
     [-9.92771543e-10]]), 1.9703529687875372), (1.6988745029114517e-05, Vec([[-4.48170448e-08],
     [-8.29853639e-09],
     [-1.94091498e-09]]), 1.9667301177868177), (1.6692508181111987e-05, Vec([[ 1.48206503e-08],
     [ 1.13953774e-08],
     [-6.67771322e-10]]), 1.9901143736571005), (1.6269983322730028e-05, Vec([[ 8.45676766e-08],
     [-3.62994642e-09],
     [-1.37538015e-09]]), 2.0077512063641656), (1.5720061467587783e-05, Vec([[ 1.29294961e-07],
     [-4.53165864e-09],
     [ 1.57785613e-09]]), 2.018801813886305), (1.5168601990958938e-05, Vec([[ 2.00240038e-07],
     [ 4.29957033e-09],
     [-2.43786954e-10]]), 2.0391428356040175), (1.4969483138484186e-05, Vec([[ 2.43363598e-07],
     [ 8.49747481e-09],
     [-2.26334221e-10]]), 2.1201284865792007), (1.4271110638120965e-05, Vec([[2.68090342e-07],
     [2.11605457e-09],
     [8.38487073e-10]]), 2.144692446824995), (1.3720087803241351e-05, Vec([[ 3.22243000e-07],
     [-5.61665133e-09],
     [ 6.74758744e-10]]), 2.205496221037986), (1.3219164537328205e-05, Vec([[ 3.46757588e-07],
     [-6.12129905e-09],
     [ 2.01408057e-10]]), 2.205268330011575), (1.3945982379715997e-05, Vec([[ 3.09627653e-07],
     [-1.85140417e-09],
     [ 3.92745073e-10]]), 2.1652730673154097), (1.4772168417167426e-05, Vec([[2.57042610e-07],
     [5.45052043e-10],
     [6.85400391e-10]]), 2.1531089910904884), (1.531956916464966e-05, Vec([[ 2.19650349e-07],
     [-4.30580993e-09],
     [-4.76758371e-10]]), 2.112072859476906), (1.5729089316930647e-05, Vec([[ 1.48711415e-07],
     [-2.46735252e-09],
     [-2.66250123e-10]]), 2.065104819808175), (1.607503512628854e-05, Vec([[ 8.50269907e-08],
     [-1.16011608e-09],
     [ 2.89663544e-10]]), 2.0222183219018732), (1.6596356415489365e-05, Vec([[2.41852983e-08],
     [5.80048684e-10],
     [9.68911506e-10]]), 2.011727698135408), (1.698305570141208e-05, Vec([[-2.50167285e-08],
     [-1.10625483e-08],
     [-4.51792380e-10]]), 1.9939769248564763), (1.745366425918772e-05, Vec([[-8.52239965e-08],
     [-1.28379555e-09],
     [-1.34270585e-09]]), 1.9946458957621123), (1.7722049245594016e-05, Vec([[-1.58474191e-07],
     [-5.24224037e-10],
     [-4.01824673e-09]]), 1.9805371966549643), (1.790797882981398e-05, Vec([[-2.15488479e-07],
     [-2.18095430e-09],
     [-1.09941262e-09]]), 1.9657676092678844), (1.8145884723809147e-05, Vec([[-2.88118407e-07],
     [ 3.42928474e-09],
     [-1.59212323e-09]]), 1.9648932925354183), (1.856800968951142e-05, Vec([[-3.34303670e-07],
     [-5.86231255e-09],
     [ 3.29166427e-09]]), 1.9916359023590122), (1.8602201449940722e-05, Vec([[-3.73808688e-07],
     [ 1.44616056e-10],
     [-1.66532147e-09]]), 1.984573673944351), (1.859381584856344e-05, Vec([[-3.97730885e-07],
     [ 2.34926226e-08],
     [-1.62396305e-09]]), 1.981003062673454), (1.884813916099438e-05, Vec([[-4.16705938e-07],
     [-1.91750248e-08],
     [ 1.29644989e-09]]), 2.0134903184439694), (1.8504469855185162e-05, Vec([[-3.97777796e-07],
     [-1.36755191e-08],
     [-3.61732314e-10]]), 1.990133893341586), (1.8242242706772356e-05, Vec([[-3.61794581e-07],
     [-1.41250860e-09],
     [-3.58280877e-09]]), 1.9833187365789748), (1.819836886868691e-05, Vec([[-3.33194621e-07],
     [-4.14070949e-09],
     [ 3.05872684e-09]]), 2.008531415290706), (1.796960867895099e-05, Vec([[-3.05324974e-07],
     [-1.27758074e-08],
     [-2.71299926e-10]]), 2.0220677680461834), (1.767045436203475e-05, Vec([[-2.68191753e-07],
     [ 5.17737301e-09],
     [-3.08416080e-09]]), 2.0364283956043883), (1.7069486568008756e-05, Vec([[-2.10613075e-07],
     [-2.76500544e-10],
     [ 7.05570811e-10]]), 2.02420907418507), (1.6686950036563557e-05, Vec([[-1.50087565e-07],
     [ 1.35131412e-08],
     [-3.74853273e-10]]), 2.0464227446969607), (1.617282887432599e-05, Vec([[-9.19815385e-08],
     [ 1.40259682e-09],
     [ 6.12848842e-10]]), 2.0620965752508553), (1.5502278253226953e-05, Vec([[-3.30704611e-08],
     [ 3.16035518e-09],
     [-1.27420119e-09]]), 2.0669632835153524), (1.5702707925161603e-05, Vec([[2.69435259e-08],
     [1.78553583e-08],
     [3.74690107e-10]]), 2.0936871473274157), (1.6121587797261823e-05, Vec([[ 9.39654221e-08],
     [-1.42542009e-08],
     [-1.61604340e-09]]), 2.05556314499278), (1.651907674734294e-05, Vec([[1.58421481e-07],
     [1.09912856e-08],
     [1.41597189e-09]]), 2.0258354164832713), (1.7261814191305244e-05, Vec([[ 2.06693756e-07],
     [-4.81039132e-09],
     [-5.32436059e-10]]), 2.0470165159169635), (1.7519449209184332e-05, Vec([[ 2.54187309e-07],
     [ 3.40175188e-09],
     [-2.38347222e-09]]), 2.019025833403845), (1.790962857035609e-05, Vec([[2.94947214e-07],
     [5.90634271e-09],
     [1.02373278e-09]]), 2.0153183809849224), (1.8261301657017786e-05, Vec([[3.39292376e-07],
     [2.77200050e-09],
     [6.17644099e-10]]), 2.0154772291340506), (1.8231057915148513e-05, Vec([[3.67360479e-07],
     [1.19565644e-08],
     [4.47434734e-09]]), 1.9821027124777244), (1.8627729892745696e-05, Vec([[ 3.85958978e-07],
     [ 4.45349026e-09],
     [-2.34339711e-09]]), 2.003390364905673), (1.8708239917435885e-05, Vec([[ 4.06804823e-07],
     [-8.37168055e-10],
     [-2.73788278e-09]]), 1.9985453007922747), (1.8818319299149758e-05, Vec([[3.87518959e-07],
     [2.60299422e-08],
     [2.14062806e-09]]), 2.0049218766928267), (1.8746605835331277e-05, Vec([[3.64888220e-07],
     [4.43629522e-09],
     [4.53853987e-09]]), 1.9999794388168257), (1.838823127557877e-05, Vec([[ 3.09151605e-07],
     [-4.07220299e-09],
     [ 6.44971474e-10]]), 1.972352567761245), (1.833684168986849e-05, Vec([[2.96446262e-07],
     [6.84236805e-09],
     [4.07543195e-10]]), 1.985570711547157), (1.8043805887106244e-05, Vec([[2.36217532e-07],
     [9.95814202e-09],
     [2.42674345e-10]]), 1.9806774118885353), (1.7613575456134647e-05, Vec([[1.66101621e-07],
     [6.84465151e-09],
     [9.12776537e-11]]), 1.9684146496566357), (1.7288094084213766e-05, Vec([[ 1.24102204e-07],
     [-7.55288782e-09],
     [-1.73492412e-09]]), 1.9757241458608812), (1.6740283532972476e-05, Vec([[ 2.84925351e-08],
     [-4.86270807e-09],
     [ 8.75806121e-10]]), 1.9654730966657885), (1.6502250385046825e-05, Vec([[-3.20426980e-08],
     [ 4.94492106e-09],
     [ 1.49352328e-09]]), 2.000320633641051), (1.6046139321914047e-05, Vec([[-9.55373026e-08],
     [ 2.46830757e-09],
     [-1.18222214e-09]]), 2.018583267634611), (1.562257227243488e-05, Vec([[-1.40669638e-07],
     [ 5.50920059e-09],
     [ 2.15242032e-10]]), 2.0511199757051437), (1.5178814738055612e-05, Vec([[-2.16420923e-07],
     [-2.85066737e-09],
     [ 2.41108791e-09]]), 2.092667378744033), (1.4435580966882861e-05, Vec([[-2.49813834e-07],
     [-1.58524610e-09],
     [ 7.13018066e-10]]), 2.1040498790474857), (1.412786364944656e-05, Vec([[-3.08672370e-07],
     [ 4.59203352e-09],
     [ 2.12775774e-10]]), 2.1935122120435375), (1.3245016553914699e-05, Vec([[-3.42225400e-07],
     [ 3.33188855e-09],
     [-1.29109220e-10]]), 2.2095810559243314), (1.3694974868871024e-05, Vec([[-2.93027678e-07],
     [ 3.70720394e-10],
     [-3.32812657e-11]]), 2.201459331285731), (1.4304993838345552e-05, Vec([[-2.77800516e-07],
     [ 6.69037560e-09],
     [-2.58862920e-10]]), 2.149784485240129), (1.4890172110198428e-05, Vec([[-2.61574828e-07],
     [ 8.40213963e-10],
     [ 8.33142925e-11]]), 2.108895662518882), (1.5320228201714367e-05, Vec([[-1.87053118e-07],
     [-3.72664683e-09],
     [-9.57949812e-10]]), 2.059526223706362), (1.608359359454263e-05, Vec([[-1.56072000e-07],
     [ 1.07016500e-09],
     [-1.11487561e-09]]), 2.0654873385463426), (1.6338053069931494e-05, Vec([[-8.76957922e-08],
     [ 1.59608330e-09],
     [-2.87827786e-09]]), 2.016151160706451), (1.670197205646432e-05, Vec([[-2.67411721e-08],
     [ 5.51386507e-10],
     [ 7.78195226e-10]]), 1.9912426758969326), (1.6953247510830426e-05, Vec([[4.03449693e-08],
     [1.15485226e-08],
     [8.51624456e-10]]), 1.962620688974016), (1.769101079922528e-05, Vec([[ 1.07712072e-07],
     [ 4.71121004e-09],
     [-4.05130653e-11]]), 1.9981630954696585), (1.79931777186918e-05, Vec([[ 1.87596648e-07],
     [ 8.65694705e-09],
     [-4.42464242e-09]]), 1.9918152915615532), (1.813753107945446e-05, Vec([[2.27613717e-07],
     [1.00234442e-08],
     [8.68600082e-10]]), 1.9763896677999333), (1.8368450016765342e-05, Vec([[ 3.10829370e-07],
     [ 5.13537271e-09],
     [-2.40091556e-09]]), 1.9785709926863464), (1.8404497292429677e-05, Vec([[ 3.46709437e-07],
     [-1.61595299e-09],
     [-7.87895215e-10]]), 1.967783953918674), (1.865279399387384e-05, Vec([[ 3.74358412e-07],
     [-1.01551112e-09],
     [ 3.80361258e-11]]), 1.9876267964698433), (1.877764202314277e-05, Vec([[ 3.85895153e-07],
     [-1.35535263e-08],
     [ 4.64826844e-09]]), 2.0022615383326876), (1.8729261008553817e-05, Vec([[ 3.97501391e-07],
     [ 1.22468885e-08],
     [-1.92058853e-09]]), 2.006516954249751), (1.856930629248036e-05, Vec([[ 3.76940111e-07],
     [-3.88604598e-09],
     [ 6.88832856e-11]]), 2.0069223129736318), (1.8311099575123447e-05, Vec([[ 3.47742000e-07],
     [ 4.43639412e-09],
     [-3.49156162e-09]]), 2.00476589541147), (1.8102177380485836e-05, Vec([[ 3.23442931e-07],
     [-1.24263040e-08],
     [ 8.31244195e-10]]), 2.016245341564855), (1.790039738619743e-05, Vec([[ 2.84284801e-07],
     [ 5.52596457e-09],
     [-8.06067960e-10]]), 2.0372874435349724), (1.7438664137024372e-05, Vec([[ 2.33224943e-07],
     [ 1.14188741e-08],
     [-3.14450983e-10]]), 2.037409502196997), (1.6890069763547474e-05, Vec([[ 1.80144155e-07],
     [ 4.18550831e-09],
     [-1.01494724e-09]]), 2.035533140799535), (1.648292492199835e-05, Vec([[ 1.23025339e-07],
     [-4.84928665e-10],
     [ 6.44879722e-10]]), 2.059700292578085), (1.5778925147387914e-05, Vec([[ 7.31149865e-08],
     [-5.69166696e-09],
     [-2.56892047e-10]]), 2.0557976203182746), (1.539361017708418e-05, Vec([[ 1.42540984e-09],
     [-1.23512429e-08],
     [-1.34052559e-09]]), 2.10376555103738)]