[(2.0145284796734736e-05, Vec([[ 1.09933212e-09],
     [-2.60161134e-08],
     [-1.37770594e-09]]), 2.164322773879625), (1.977960789048246e-05, Vec([[-4.53581637e-10],
     [-2.05313451e-07],
     [ 4.06174039e-10]]), 2.129323035648424), (1.9634514630814934e-05, Vec([[ 1.60839565e-09],
     [-4.37021849e-07],
     [-8.84054773e-10]]), 2.126556367566761), (1.97260492402788e-05, Vec([[-4.34842977e-09],
     [-6.25336319e-07],
     [ 1.43724671e-09]]), 2.1582849287467134), (1.944934696549353e-05, Vec([[-4.59487414e-09],
     [-8.81274570e-07],
     [-2.29094694e-10]]), 2.1587447793544), (1.8863978071163162e-05, Vec([[ 7.56196991e-10],
     [-1.01675313e-06],
     [-1.27482582e-10]]), 2.1331715605873236), (1.8206530112264352e-05, Vec([[ 4.72967312e-10],
     [-1.11394054e-06],
     [-7.32757064e-10]]), 2.1069569915737922), (1.86151753548946e-05, Vec([[-1.52103941e-09],
     [-1.08298430e-06],
     [-8.20728122e-10]]), 2.0995691976146897), (1.9190307089884003e-05, Vec([[ 4.55330557e-09],
     [-1.07912611e-06],
     [ 1.59345982e-09]]), 2.094519853638901), (1.944031392239328e-05, Vec([[ 7.75088017e-10],
     [-9.97940071e-07],
     [-7.39092818e-10]]), 2.063460106847256), (1.9926975784999306e-05, Vec([[ 1.89140089e-09],
     [-9.46064482e-07],
     [ 1.41935100e-09]]), 2.066608738376305), (2.01815887772793e-05, Vec([[-1.33073321e-09],
     [-8.82115010e-07],
     [ 1.38157844e-09]]), 2.054176147480075), (2.0680419804405402e-05, Vec([[-9.66562545e-11],
     [-8.10773686e-07],
     [ 1.21931195e-09]]), 2.0748036423395915), (2.0831288052647267e-05, Vec([[-4.37051084e-09],
     [-7.86253139e-07],
     [ 5.00034254e-10]]), 2.066649666497038), (2.147844056129307e-05, Vec([[ 9.57701137e-10],
     [-7.57264080e-07],
     [-1.43838262e-10]]), 2.1145797947399187), (2.154327194037272e-05, Vec([[-2.52315325e-09],
     [-6.86165594e-07],
     [ 6.99152166e-10]]), 2.1133327965142437), (2.169083617182837e-05, Vec([[-1.52491340e-09],
     [-6.84819439e-07],
     [ 2.19301470e-10]]), 2.1287223909575386), (2.2132809096203912e-05, Vec([[-2.13672798e-09],
     [-6.52411392e-07],
     [ 6.82659577e-11]]), 2.1818198698647664), (2.1909740900556804e-05, Vec([[-3.78524929e-09],
     [-6.25159175e-07],
     [-2.36679587e-10]]), 2.1783521749229653), (2.2072137373903744e-05, Vec([[ 5.99456988e-09],
     [-6.20821503e-07],
     [ 9.75597394e-10]]), 2.2225070580755797), (2.1734434234451923e-05, Vec([[-7.76041237e-09],
     [-4.87464251e-07],
     [ 8.93842269e-10]]), 2.225874824159405), (2.1211249916603448e-05, Vec([[ 3.98329236e-09],
     [-3.90364608e-07],
     [ 1.92185424e-10]]), 2.2191249011899083), (2.07059590933744e-05, Vec([[ 2.59973063e-09],
     [-3.18343159e-07],
     [-6.65417987e-10]]), 2.223139837200733), (2.0241830544541888e-05, Vec([[ 5.46044083e-09],
     [-2.07273051e-07],
     [ 9.12461908e-10]]), 2.2411777117847747), (1.9463131212887184e-05, Vec([[-3.39349280e-09],
     [-1.00266398e-07],
     [-7.57049333e-10]]), 2.233710757776192), (1.8916447852656137e-05, Vec([[-1.71841299e-09],
     [-5.09063351e-08],
     [ 1.53088673e-10]]), 2.214804926060286), (1.952585703844229e-05, Vec([[ 2.94467046e-10],
     [-1.59280682e-07],
     [-3.93889977e-10]]), 2.1995905154650104), (2.0159929821668582e-05, Vec([[-3.12365148e-09],
     [-2.60562003e-07],
     [ 1.30135857e-10]]), 2.1966858277059895), (2.0722674848321528e-05, Vec([[ 3.84590866e-09],
     [-3.70299034e-07],
     [-3.23938920e-10]]), 2.194997860336139), (2.114107532033043e-05, Vec([[ 3.01153786e-09],
     [-4.67226809e-07],
     [-1.45606691e-09]]), 2.1870948362620544), (2.168271755386303e-05, Vec([[ 8.82732491e-10],
     [-5.93034445e-07],
     [-8.71595060e-10]]), 2.200670504182588), (2.1621044819190265e-05, Vec([[ 6.47210133e-09],
     [-6.59625134e-07],
     [-1.44328898e-09]]), 2.1621909568537157), (2.1847340043791992e-05, Vec([[ 1.14832441e-09],
     [-6.57924538e-07],
     [-1.41165986e-09]]), 2.161785050346133), (2.1819216740087123e-05, Vec([[ 2.01178822e-10],
     [-7.14286161e-07],
     [-2.01539529e-10]]), 2.1450228055781477), (2.144764818692286e-05, Vec([[-4.29587479e-09],
     [-7.33830537e-07],
     [ 6.35979704e-10]]), 2.103344668100946), (2.1549919936829895e-05, Vec([[ 1.16614849e-09],
     [-7.59047728e-07],
     [-1.62430440e-09]]), 2.1167278923215895), (2.1343718184185993e-05, Vec([[-5.48866791e-09],
     [-8.13585806e-07],
     [ 7.29438777e-10]]), 2.108308785304699), (2.080474109277537e-05, Vec([[ 6.55333483e-09],
     [-7.82784192e-07],
     [-5.31565330e-10]]), 2.075139581700684), (2.058912536096971e-05, Vec([[ 1.71498585e-09],
     [-8.69562432e-07],
     [ 5.84913989e-10]]), 2.0794950378904384), (1.9965104014098075e-05, Vec([[-2.13683854e-09],
     [-8.97329746e-07],
     [-1.69200897e-09]]), 2.050139564154396), (1.9559738487427328e-05, Vec([[-7.31146339e-09],
     [-8.99707685e-07],
     [ 2.05071400e-10]]), 2.0510202843464413), (1.9191715978049343e-05, Vec([[ 2.63996214e-10],
     [-1.01369028e-06],
     [-1.13621117e-09]]), 2.064431975757195), (1.8699984445522376e-05, Vec([[ 5.20132487e-09],
     [-1.05145520e-06],
     [ 1.31170521e-09]]), 2.0734655335941508), (1.8360760230319906e-05, Vec([[ 4.50228724e-10],
     [-1.11750879e-06],
     [ 1.70810726e-09]]), 2.109283360310116), (1.8629735650335584e-05, Vec([[-7.36936534e-10],
     [-1.04092720e-06],
     [-1.26740547e-10]]), 2.1299504180150346), (1.9114440727982992e-05, Vec([[-1.30276402e-09],
     [-9.53656994e-07],
     [-8.92485602e-10]]), 2.1402692632799916), (1.9658634261145084e-05, Vec([[-4.50875852e-09],
     [-7.73931180e-07],
     [-2.69163979e-09]]), 2.1652395296190146), (1.974947634020364e-05, Vec([[ 6.07357190e-09],
     [-5.37959154e-07],
     [-2.50487098e-09]]), 2.1487900057588285), (1.9872729268098728e-05, Vec([[-2.95495072e-10],
     [-2.99335128e-07],
     [ 8.17242323e-11]]), 2.1447521838210486), (1.9773364142220184e-05, Vec([[-2.53460051e-09],
     [-1.19175223e-07],
     [-1.66193090e-09]]), 2.125435284599679), (1.9948379541514637e-05, Vec([[ 2.63307347e-09],
     [ 1.04709074e-07],
     [-1.03419560e-09]]), 2.144247657766593), (1.9810315571818102e-05, Vec([[1.76334785e-10],
     [3.52744733e-07],
     [1.60400621e-09]]), 2.138016223722549), (1.9807033560952728e-05, Vec([[ 7.43316987e-10],
     [ 5.20615538e-07],
     [-9.44744212e-10]]), 2.1550523682931257), (1.9592012626172956e-05, Vec([[-6.13715708e-10],
     [ 7.44878006e-07],
     [ 7.49171522e-10]]), 2.1579016954819505), (1.941774087413314e-05, Vec([[ 2.46661106e-09],
     [ 9.42367590e-07],
     [-4.26162699e-10]]), 2.1742301826493544), (1.8686230862763328e-05, Vec([[8.26805076e-09],
     [1.06214768e-06],
     [5.37892753e-10]]), 2.13640955428969), (1.8378289656028254e-05, Vec([[-1.68097374e-09],
     [ 1.09645513e-06],
     [-8.86185595e-11]]), 2.111297139995631), (1.8777307773824282e-05, Vec([[-3.26465877e-09],
     [ 1.03795824e-06],
     [-8.71242593e-12]]), 2.0820391907885654), (1.908077970433156e-05, Vec([[ 4.43731677e-09],
     [ 1.01200034e-06],
     [-1.80439741e-09]]), 2.0524986816736277), (1.964782814380522e-05, Vec([[-4.68900791e-09],
     [ 9.59042797e-07],
     [ 9.88208445e-10]]), 2.060257303143411), (1.9955851901808473e-05, Vec([[6.04190946e-09],
     [8.86184936e-07],
     [1.15444592e-09]]), 2.0491895004110003), (2.025614970143089e-05, Vec([[-6.51436825e-09],
     [ 8.07512393e-07],
     [-7.04095699e-11]]), 2.0458646033960304), (2.071446881513764e-05, Vec([[-1.65384578e-09],
     [ 8.11028361e-07],
     [ 1.78134644e-10]]), 2.066135500581819), (2.1006715555648095e-05, Vec([[-1.67993225e-09],
     [ 7.55790650e-07],
     [ 1.35820964e-10]]), 2.0750200398159366), (2.1347666642172963e-05, Vec([[-6.84420450e-09],
     [ 7.10715323e-07],
     [-1.45481119e-09]]), 2.0968616844020613), (2.1766833024518436e-05, Vec([[2.00564079e-10],
     [7.45262123e-07],
     [2.05571298e-10]]), 2.1346467353693117), (2.1584281475779295e-05, Vec([[ 3.36956684e-09],
     [ 6.89586503e-07],
     [-5.87202793e-10]]), 2.1219265823828883), (2.1831544080023847e-05, Vec([[4.16849174e-09],
     [6.38934067e-07],
     [2.89832726e-10]]), 2.16022204641699), (2.177773714937523e-05, Vec([[1.90165844e-09],
     [6.82463792e-07],
     [7.51017182e-10]]), 2.177860816574536), (2.1589306006532714e-05, Vec([[-7.81996833e-10],
     [ 5.76177356e-07],
     [-6.31253435e-10]]), 2.191189772053452), (2.101811553463325e-05, Vec([[-3.16105077e-09],
     [ 4.50174396e-07],
     [-1.19973234e-10]]), 2.1743743521669257), (2.0681109550048605e-05, Vec([[ 1.63244272e-09],
     [ 3.73608106e-07],
     [-7.83458107e-10]]), 2.1905951593604653), (2.0253811979750104e-05, Vec([[-6.16159205e-09],
     [ 2.75327856e-07],
     [-4.33754126e-10]]), 2.2069155064775132), (1.972828090373387e-05, Vec([[ 3.75619413e-09],
     [ 1.53822180e-07],
     [-4.11402820e-10]]), 2.2223935920891256), (1.9010856464526144e-05, Vec([[-4.79395863e-10],
     [ 5.20574220e-08],
     [-6.10079403e-10]]), 2.2258586217784684), (1.9297061504547537e-05, Vec([[ 1.29826542e-09],
     [ 9.02577072e-08],
     [-5.31710890e-11]]), 2.214651558616424), (2.0149813476295317e-05, Vec([[-2.96501860e-09],
     [ 1.89493294e-07],
     [ 9.94105659e-10]]), 2.230989571833491), (2.0709632619143378e-05, Vec([[-5.68587501e-09],
     [ 2.88789069e-07],
     [ 1.72784474e-10]]), 2.2235342531967848), (2.1431704484439787e-05, Vec([[-9.68324508e-10],
     [ 4.08061706e-07],
     [ 2.23781798e-10]]), 2.2421888989736374), (2.1689790592947606e-05, Vec([[1.79358662e-09],
     [4.67263299e-07],
     [5.21490163e-11]]), 2.221302763225527), (2.188495448398075e-05, Vec([[-7.04776857e-09],
     [ 5.87008348e-07],
     [ 4.04108113e-10]]), 2.203659073987881), (2.212426160227425e-05, Vec([[ 1.81028835e-09],
     [ 6.05122834e-07],
     [-1.41650036e-09]]), 2.199680662524584), (2.1976895481797825e-05, Vec([[-2.56338005e-09],
     [ 6.57814487e-07],
     [-1.76132009e-09]]), 2.166450134355143), (2.182955544308063e-05, Vec([[7.21551279e-09],
     [6.59650861e-07],
     [1.22354069e-09]]), 2.1423361961807554), (2.1577855785456328e-05, Vec([[-4.19995885e-09],
     [ 7.19948634e-07],
     [-2.14284600e-10]]), 2.1167253718968047), (2.1309072963520116e-05, Vec([[-1.09090295e-10],
     [ 7.26666812e-07],
     [-4.92955579e-10]]), 2.097905339296457), (2.1119918627553284e-05, Vec([[-2.85962625e-09],
     [ 7.95725840e-07],
     [-9.79031655e-10]]), 2.0952843951735765), (2.061318853701839e-05, Vec([[ 7.19320745e-09],
     [ 8.25149757e-07],
     [-5.67887335e-10]]), 2.0680585336922332), (2.016062844538364e-05, Vec([[-9.38169540e-10],
     [ 8.69819196e-07],
     [ 3.72538015e-10]]), 2.0520427072292353), (2.0014015553242693e-05, Vec([[-1.27744611e-09],
     [ 9.57961581e-07],
     [-1.01743609e-09]]), 2.075635554466152), (1.949418919157323e-05, Vec([[-5.90225274e-09],
     [ 9.75022653e-07],
     [ 7.04131807e-10]]), 2.069178608572191), (1.891332779501143e-05, Vec([[ 8.19388575e-09],
     [ 1.03578915e-06],
     [-1.00927190e-10]]), 2.064289038183982), (1.8513716040518108e-05, Vec([[ 4.15918362e-09],
     [ 1.09050448e-06],
     [-1.39970747e-09]]), 2.088125800106217), (1.833661362098068e-05, Vec([[-1.40294369e-09],
     [ 1.15254000e-06],
     [ 1.73517891e-09]]), 2.122010950592247), (1.8961019297051086e-05, Vec([[-5.87450167e-09],
     [ 1.00824334e-06],
     [-1.47887212e-09]]), 2.1441451517613443), (1.942791522347281e-05, Vec([[-1.12650978e-09],
     [ 8.44702053e-07],
     [-3.53496893e-10]]), 2.1563660022529483), (1.9631392139417477e-05, Vec([[ 2.81165160e-09],
     [ 6.98945814e-07],
     [-1.19275201e-09]]), 2.147928217592881), (1.988560354892628e-05, Vec([[-6.34883252e-09],
     [ 4.44788864e-07],
     [-4.78469612e-10]]), 2.1537510676994107), (1.9645044628194046e-05, Vec([[1.48642047e-09],
     [2.10326798e-07],
     [4.12362769e-10]]), 2.1148369722376024), (2.01155528291514e-05, Vec([[ 3.89827463e-11],
     [-4.58378860e-08],
     [ 1.47531634e-10]]), 2.1611284991298674)]