[(1.5157019799768324e-05, Vec([[ 7.60775853e-10],
     [-2.26923000e-08],
     [ 6.84674372e-10]]), 2.0714319606853917), (1.5915653645239476e-05, Vec([[-6.98751453e-08],
     [ 1.29592935e-08],
     [ 4.47427812e-10]]), 2.0736116423690385), (1.6512346513711842e-05, Vec([[-1.19874402e-07],
     [-6.24278713e-10],
     [ 4.62925944e-10]]), 2.0633768039586298), (1.69403929277422e-05, Vec([[-1.84212994e-07],
     [-6.87022540e-09],
     [ 5.36749567e-11]]), 2.0415979155400956), (1.7377820507589525e-05, Vec([[-2.39234285e-07],
     [ 1.18680843e-08],
     [ 2.12267973e-09]]), 2.030300965225091), (1.7862978367713843e-05, Vec([[-2.83128259e-07],
     [ 3.24265091e-09],
     [ 4.88258405e-11]]), 2.0330286947004472), (1.801440034196392e-05, Vec([[-3.27893495e-07],
     [ 1.55746231e-08],
     [ 3.50016348e-09]]), 2.0064686146387922), (1.8408464749831034e-05, Vec([[-3.64526338e-07],
     [-6.59751513e-09],
     [ 1.37023125e-09]]), 2.015425789474835), (1.842157728484915e-05, Vec([[-3.87393338e-07],
     [ 7.12059380e-09],
     [ 2.17928984e-09]]), 1.9909561461702665), (1.8633637805027464e-05, Vec([[-3.91102722e-07],
     [-7.12853294e-09],
     [ 1.03379105e-10]]), 1.9962725789373632), (1.872438348822404e-05, Vec([[-4.11866801e-07],
     [ 1.58470552e-09],
     [-4.89930576e-09]]), 1.9965825763030411), (1.8607070449304336e-05, Vec([[-3.82084382e-07],
     [ 3.22225016e-09],
     [ 2.06922253e-09]]), 1.9827545321621056), (1.8492703026107797e-05, Vec([[-3.51296930e-07],
     [-8.45369381e-09],
     [-3.78360309e-09]]), 1.9772147916436915), (1.8395808429892212e-05, Vec([[-3.15222552e-07],
     [-1.01425925e-09],
     [-3.24259147e-10]]), 1.9815179241132943), (1.819281944016059e-05, Vec([[-2.48715012e-07],
     [ 3.40986852e-09],
     [ 5.11139793e-10]]), 1.9824142664275264), (1.7758677668913415e-05, Vec([[-1.65051468e-07],
     [ 1.02136185e-08],
     [ 1.92831660e-09]]), 1.9658565202804064), (1.7794412718603328e-05, Vec([[-1.01540359e-07],
     [-1.34534917e-09],
     [-1.21446097e-09]]), 2.009842128490823), (1.6976269924191622e-05, Vec([[-3.10470052e-08],
     [ 1.79762698e-08],
     [-2.70363773e-09]]), 1.9652859166682326), (1.6607647679167377e-05, Vec([[ 2.27600155e-08],
     [ 3.06344165e-09],
     [-9.53499400e-10]]), 1.9799971340641425), (1.625987736063464e-05, Vec([[8.76871765e-08],
     [6.41696706e-09],
     [7.39725525e-10]]), 2.0065041087374493), (1.571179648177615e-05, Vec([[ 1.32132445e-07],
     [ 6.33368252e-10],
     [-3.86752901e-10]]), 2.0177404078362917), (1.5387964852195742e-05, Vec([[ 1.83392433e-07],
     [-1.21718511e-09],
     [-3.38540535e-10]]), 2.068632185193073), (1.477852764772582e-05, Vec([[ 2.40163679e-07],
     [-2.46743258e-09],
     [ 4.00058483e-11]]), 2.0930834529010025), (1.4218506275372059e-05, Vec([[ 2.64542120e-07],
     [-4.72766717e-09],
     [ 9.95672555e-10]]), 2.136786952829576), (1.3762431647875922e-05, Vec([[ 3.24285928e-07],
     [-2.34718126e-09],
     [ 8.93519433e-10]]), 2.2123029697020655), (1.3332148370896993e-05, Vec([[3.65432367e-07],
     [6.22053643e-10],
     [1.15078854e-11]]), 2.224116697415504), (1.3872556421305666e-05, Vec([[ 3.03342667e-07],
     [ 2.34684305e-09],
     [-3.22960398e-11]]), 2.1538728485384984), (1.4706233058740564e-05, Vec([[ 2.58967398e-07],
     [-1.22988000e-08],
     [-8.04710256e-10]]), 2.143498620490146), (1.502486970318795e-05, Vec([[2.20852354e-07],
     [4.75253614e-09],
     [9.55061942e-11]]), 2.071443339967179), (1.572142555113153e-05, Vec([[ 1.67606050e-07],
     [ 1.14815632e-09],
     [-5.42383668e-10]]), 2.0640986280719122), (1.6136069273510945e-05, Vec([[ 9.51900147e-08],
     [ 2.02412804e-10],
     [-1.55204798e-09]]), 2.0298963375208228), (1.6591324185101565e-05, Vec([[ 3.24439742e-08],
     [-7.16932576e-09],
     [ 8.03094987e-10]]), 2.0111177162212406), (1.7036432005540008e-05, Vec([[-1.97445586e-08],
     [-2.00707448e-09],
     [-1.23828125e-09]]), 2.0002438252680648), (1.7408945596798962e-05, Vec([[-8.46115520e-08],
     [-4.64002831e-10],
     [ 1.56471343e-09]]), 1.9895353416072301), (1.77907544517722e-05, Vec([[-1.74939992e-07],
     [ 9.92353888e-09],
     [ 2.09866643e-09]]), 1.9882153841238073), (1.8005466754837344e-05, Vec([[-2.11400142e-07],
     [-1.82377738e-08],
     [ 1.39755333e-09]]), 1.9764689065570358), (1.8449096780535347e-05, Vec([[-2.75702383e-07],
     [-9.57016065e-09],
     [ 1.41022728e-09]]), 1.9977260447293885), (1.8294702481455545e-05, Vec([[-3.37901837e-07],
     [-3.24804478e-09],
     [ 1.13094548e-10]]), 1.9623205122316005), (1.865875759868305e-05, Vec([[-3.57451650e-07],
     [ 6.17123919e-09],
     [-1.73211525e-09]]), 1.990607360021547), (1.869717054549805e-05, Vec([[-4.06587427e-07],
     [ 3.58307518e-09],
     [-2.50067800e-09]]), 1.9920145717061721), (1.8752174336400187e-05, Vec([[-4.24552939e-07],
     [ 3.39602603e-09],
     [-7.21644166e-10]]), 2.0032386833312863), (1.8535712542964015e-05, Vec([[-3.95125350e-07],
     [-4.96163061e-09],
     [ 3.03623852e-09]]), 1.9934940075385543), (1.8577199164639156e-05, Vec([[-3.69872530e-07],
     [ 3.70428412e-09],
     [-3.20714650e-10]]), 2.019735608643654), (1.8319292714745802e-05, Vec([[-3.35555569e-07],
     [-1.78341813e-09],
     [-1.88284670e-09]]), 2.0218776302959958), (1.7978325871496403e-05, Vec([[-3.09589377e-07],
     [-9.83971091e-09],
     [ 8.89988350e-10]]), 2.023048688353846), (1.7540251044275793e-05, Vec([[-2.71445721e-07],
     [ 9.62342427e-10],
     [ 2.23106165e-10]]), 2.0214231372191866), (1.6920590691018024e-05, Vec([[-2.02780953e-07],
     [ 5.59786403e-09],
     [-1.37800650e-09]]), 2.0065520471788654), (1.6673550241462e-05, Vec([[-1.52401590e-07],
     [ 9.21592132e-09],
     [-1.57949245e-09]]), 2.044779445867036), (1.6089260892865818e-05, Vec([[-9.39167972e-08],
     [-1.00475956e-08],
     [-6.20570078e-10]]), 2.0514413429653513), (1.5693652956025112e-05, Vec([[-3.41454063e-08],
     [-1.93325205e-08],
     [-1.47067590e-09]]), 2.0924798222857177), (1.5267659648296416e-05, Vec([[ 2.69737347e-08],
     [-2.23952881e-08],
     [-4.22475481e-11]]), 2.035680911073091), (1.605439272332067e-05, Vec([[ 9.47416728e-08],
     [ 6.40672738e-09],
     [-7.65378532e-10]]), 2.0469955200630596), (1.6721188076980173e-05, Vec([[1.46987095e-07],
     [2.37399805e-09],
     [5.62294655e-10]]), 2.050621565001983), (1.7234529331486637e-05, Vec([[ 2.12032682e-07],
     [ 2.59771907e-08],
     [-1.30972144e-10]]), 2.0437809024371654), (1.7453194435278107e-05, Vec([[2.60024156e-07],
     [6.31791526e-09],
     [6.13755043e-10]]), 2.0113903136734144), (1.7865131502819524e-05, Vec([[ 3.07916662e-07],
     [-1.13941896e-08],
     [-1.31297678e-09]]), 2.0103112554739666), (1.7934522723860773e-05, Vec([[ 3.37663152e-07],
     [-5.04769617e-09],
     [-1.30338873e-09]]), 1.9794110433216296), (1.8374459140757224e-05, Vec([[3.57159380e-07],
     [2.53037969e-09],
     [1.47719069e-09]]), 1.997693467527407), (1.8506308027221922e-05, Vec([[3.98138081e-07],
     [1.68886093e-08],
     [1.87305780e-09]]), 1.9903315865746676), (1.876223537639113e-05, Vec([[ 3.85538465e-07],
     [-5.18155362e-10],
     [ 2.30990352e-09]]), 2.004313474133827), (1.871788495353593e-05, Vec([[ 3.90666130e-07],
     [ 1.83594339e-09],
     [-1.35376155e-10]]), 1.9942215047046876), (1.8468712002636865e-05, Vec([[ 3.69010148e-07],
     [-2.00100466e-10],
     [-6.91064594e-10]]), 1.970332367957985), (1.8546181160293535e-05, Vec([[ 3.34087354e-07],
     [-1.98321545e-08],
     [-6.26373421e-10]]), 1.9892945376563322), (1.8430575652870855e-05, Vec([[ 2.90301412e-07],
     [ 2.98388306e-09],
     [-1.23140223e-09]]), 1.9957205189546987), (1.7968030922996614e-05, Vec([[ 2.20365585e-07],
     [ 3.21272057e-09],
     [-1.43650584e-09]]), 1.9723595569560648), (1.7642810332867313e-05, Vec([[1.55888007e-07],
     [1.45166510e-08],
     [4.03660353e-09]]), 1.97168180911468), (1.7320025751007145e-05, Vec([[ 9.24040195e-08],
     [-3.92943699e-09],
     [-4.55077783e-10]]), 1.9793733720158262), (1.6918051831951674e-05, Vec([[ 4.15254435e-08],
     [-2.56273140e-09],
     [ 7.50900995e-10]]), 1.9863448344948078), (1.6556894771055617e-05, Vec([[-4.67923967e-08],
     [-8.67324936e-09],
     [ 1.16247191e-09]]), 2.006944354060727), (1.623477775750618e-05, Vec([[-1.04535581e-07],
     [-3.44718269e-09],
     [ 7.59473926e-10]]), 2.0423137352617378), (1.572866882917104e-05, Vec([[-1.58725377e-07],
     [ 1.50636590e-09],
     [-3.73394416e-10]]), 2.065049613096487), (1.5211366148644206e-05, Vec([[-2.29925131e-07],
     [-8.95841211e-10],
     [ 4.17177767e-10]]), 2.097155164928027), (1.462369258994345e-05, Vec([[-2.76380636e-07],
     [-1.64857085e-08],
     [ 8.93133058e-10]]), 2.1314679814886737), (1.4147779294743923e-05, Vec([[-3.01671327e-07],
     [ 1.95416679e-09],
     [ 6.71248579e-10]]), 2.196604343469381), (1.341681290813397e-05, Vec([[-3.57939825e-07],
     [ 2.81627556e-09],
     [ 5.75967660e-10]]), 2.23824073847094), (1.3391340298505953e-05, Vec([[-3.33648082e-07],
     [-1.15994300e-09],
     [-6.12659918e-10]]), 2.1526502487842003), (1.4441448970723085e-05, Vec([[-2.91292794e-07],
     [-4.53517066e-09],
     [-6.56216618e-11]]), 2.1702912488103627), (1.4870984927358078e-05, Vec([[-2.49074407e-07],
     [ 1.68071365e-09],
     [-8.36810557e-10]]), 2.106178181057384), (1.5383390867955845e-05, Vec([[-2.04494268e-07],
     [ 5.30959018e-10],
     [-1.21372369e-09]]), 2.068017296148023), (1.5850203933926237e-05, Vec([[-1.33120835e-07],
     [-7.94770976e-09],
     [ 6.24213382e-10]]), 2.035514970361514), (1.6252495089701884e-05, Vec([[-7.83060875e-08],
     [ 6.72167261e-09],
     [-2.68541742e-09]]), 2.0055931205036623), (1.677964096346886e-05, Vec([[-1.43724033e-08],
     [-7.06339224e-09],
     [-1.95607309e-09]]), 2.000502519087596), (1.7121122316096187e-05, Vec([[ 4.69345845e-08],
     [-3.64356007e-09],
     [-2.93743110e-10]]), 1.9820549929775164), (1.7511853428729066e-05, Vec([[ 1.40540950e-07],
     [ 1.35738971e-09],
     [-7.81922840e-11]]), 1.9779276408611182), (1.7602990019523513e-05, Vec([[ 1.81085928e-07],
     [ 3.00891808e-09],
     [-1.77960243e-09]]), 1.9486221525878156), (1.8049905300536673e-05, Vec([[ 2.31409772e-07],
     [-5.52156176e-09],
     [ 7.64632893e-10]]), 1.966841362502626), (1.845684409414585e-05, Vec([[2.98433224e-07],
     [1.18482954e-08],
     [1.23289034e-09]]), 1.9880924252117211), (1.8531832821571972e-05, Vec([[ 3.49345823e-07],
     [-7.04580405e-09],
     [-1.69889503e-09]]), 1.981398496442094), (1.8616673653748357e-05, Vec([[ 3.72380953e-07],
     [-3.03973210e-09],
     [-2.13492373e-09]]), 1.9837778419403183), (1.8767807289436433e-05, Vec([[3.99254147e-07],
     [1.29989391e-08],
     [2.29570827e-09]]), 2.00121285985561), (1.8478978803280403e-05, Vec([[ 3.95520572e-07],
     [-6.37951372e-09],
     [ 2.78148335e-09]]), 1.979703537105382), (1.8303667735570227e-05, Vec([[3.67198943e-07],
     [7.09612855e-09],
     [1.90291642e-09]]), 1.9782127888453696), (1.8263376180194408e-05, Vec([[ 3.63610359e-07],
     [ 5.67615679e-09],
     [-5.62265020e-11]]), 1.9995409642611333), (1.7951743453894162e-05, Vec([[ 3.20557416e-07],
     [-1.18329204e-08],
     [ 2.23958712e-09]]), 1.9994898045193095), (1.7852694401467294e-05, Vec([[ 2.80071326e-07],
     [ 4.48447037e-09],
     [-7.90543709e-10]]), 2.0318582516733), (1.7379537118933658e-05, Vec([[ 2.32133110e-07],
     [ 9.43124198e-09],
     [-3.20360466e-09]]), 2.0305015218868068), (1.699521606587297e-05, Vec([[ 1.84733594e-07],
     [-1.67809531e-09],
     [ 1.22793891e-09]]), 2.048205011668772), (1.6340281006085035e-05, Vec([[1.24745498e-07],
     [1.48715162e-09],
     [6.76036478e-10]]), 2.0418755608189163), (1.583540084973051e-05, Vec([[ 6.46409275e-08],
     [-1.64957400e-08],
     [ 1.47752692e-10]]), 2.0631557016449316), (1.5275496140390597e-05, Vec([[ 2.02805025e-09],
     [-4.37888508e-09],
     [ 2.17884533e-10]]), 2.087623512968894)]