[(2.0078060960833617e-05, Vec([[ 2.11797351e-09],
     [-3.25002482e-08],
     [ 1.08922349e-09]]), 2.15710053401276), (1.9915139301498876e-05, Vec([[ 1.42612809e-09],
     [-2.18772183e-07],
     [-1.38358444e-10]]), 2.1439133226313154), (1.9909595472671526e-05, Vec([[-1.86280774e-09],
     [-4.45789723e-07],
     [ 2.05833970e-10]]), 2.156349562195962), (1.959881625956995e-05, Vec([[ 2.38122829e-09],
     [-6.61839499e-07],
     [-4.04466372e-10]]), 2.144363994992644), (1.9226070616126338e-05, Vec([[ 4.69613412e-09],
     [-8.67555525e-07],
     [-6.23801955e-10]]), 2.1339626283441437), (1.901030122925273e-05, Vec([[-1.84589853e-10],
     [-9.96237957e-07],
     [-8.75207082e-10]]), 2.1497180386586234), (1.8419851967557627e-05, Vec([[ 2.69322937e-09],
     [-1.12417498e-06],
     [-6.73635345e-10]]), 2.1316437370268915), (1.8734777943159284e-05, Vec([[ 4.51824359e-09],
     [-1.09071158e-06],
     [-7.92312184e-12]]), 2.1130589394778787), (1.8858532579960643e-05, Vec([[-1.07252747e-10],
     [-1.02843276e-06],
     [ 4.72430572e-10]]), 2.058308432179569), (1.929072905053188e-05, Vec([[-3.12945054e-10],
     [-9.75319349e-07],
     [-8.20019857e-10]]), 2.0475826669609427), (1.9753156995178893e-05, Vec([[ 3.99511063e-09],
     [-9.03192410e-07],
     [ 1.96394554e-10]]), 2.0485821479988897), (2.0229016901873393e-05, Vec([[ 5.11718229e-09],
     [-8.89969152e-07],
     [ 9.33351539e-10]]), 2.0590036030058054), (2.0632344934147165e-05, Vec([[-4.91127750e-09],
     [-8.37288400e-07],
     [ 9.10520177e-11]]), 2.0699804367731574), (2.0972519660204518e-05, Vec([[ 5.07550189e-09],
     [-7.96565982e-07],
     [-2.48169208e-10]]), 2.0806611022718866), (2.1418630221944872e-05, Vec([[-6.22214238e-12],
     [-7.36966178e-07],
     [-5.44132494e-10]]), 2.108691390749819), (2.1703913562825156e-05, Vec([[-4.31863791e-09],
     [-7.01608802e-07],
     [-1.56895903e-09]]), 2.129091276013255), (2.166500805139495e-05, Vec([[-3.76221914e-09],
     [-6.79268553e-07],
     [ 2.97971831e-10]]), 2.1261876385926493), (2.1996700412760872e-05, Vec([[ 9.53628901e-09],
     [-6.32848950e-07],
     [ 5.67356388e-10]]), 2.1684024754117464), (2.206537258589274e-05, Vec([[-3.55059550e-09],
     [-6.36589097e-07],
     [-7.69064735e-10]]), 2.1938256860784464), (2.2218351850164086e-05, Vec([[ 1.22368245e-09],
     [-5.73433509e-07],
     [-3.58448198e-10]]), 2.237229814643126), (2.184763289789884e-05, Vec([[ 8.75393256e-10],
     [-4.82335706e-07],
     [ 3.20308347e-11]]), 2.237467767061759), (2.1319184950557382e-05, Vec([[-7.98502779e-09],
     [-3.67234545e-07],
     [ 1.38668279e-09]]), 2.2304170844652784), (2.0599038361105962e-05, Vec([[ 8.11700403e-09],
     [-2.50795375e-07],
     [ 3.95951132e-10]]), 2.211660062791022), (2.031854486050753e-05, Vec([[-3.16528094e-09],
     [-1.92125905e-07],
     [-4.19769842e-10]]), 2.2496715293147003), (1.9390835531355433e-05, Vec([[ 2.34682223e-09],
     [-9.08640264e-08],
     [-3.08113952e-11]]), 2.225413652864763), (1.8902485321172176e-05, Vec([[-9.12421072e-09],
     [-2.95753176e-08],
     [ 7.22424340e-10]]), 2.2131701432642865), (1.9635143976876344e-05, Vec([[ 1.07400948e-09],
     [-1.71294906e-07],
     [ 5.33749936e-11]]), 2.2119017043040192), (1.9964848863068243e-05, Vec([[-6.52783016e-09],
     [-2.60130630e-07],
     [-1.18856283e-10]]), 2.1754292270727835), (2.0643587921262718e-05, Vec([[-1.11074148e-09],
     [-3.73864763e-07],
     [ 8.39614236e-11]]), 2.1866207740311485), (2.1105759433419083e-05, Vec([[ 2.62829000e-09],
     [-4.84652481e-07],
     [ 9.64325124e-10]]), 2.1834413232438425), (2.15879651360001e-05, Vec([[ 2.54620509e-09],
     [-6.06501350e-07],
     [ 3.16959307e-11]]), 2.1910536814447115), (2.175617893343765e-05, Vec([[-4.60841548e-09],
     [-6.25101984e-07],
     [ 5.53354760e-10]]), 2.175704908757132), (2.179848884129832e-05, Vec([[ 1.99362362e-09],
     [-6.71081076e-07],
     [ 3.13106723e-10]]), 2.1569512445358807), (2.1737901555499315e-05, Vec([[-4.71119683e-09],
     [-6.99421038e-07],
     [ 1.03887049e-09]]), 2.1370288006851954), (2.166138115979155e-05, Vec([[-9.58490784e-10],
     [-7.03041806e-07],
     [ 4.37171479e-11]]), 2.124305199762167), (2.1182696709524682e-05, Vec([[ 3.02375686e-09],
     [-7.27315388e-07],
     [-3.28177322e-10]]), 2.0806576122359157), (2.0953289766690674e-05, Vec([[-1.25021733e-09],
     [-7.71218949e-07],
     [ 2.89533215e-09]]), 2.069742699698871), (2.087973788589464e-05, Vec([[-1.56094733e-10],
     [-8.13004436e-07],
     [ 2.03147613e-09]]), 2.0826200311428766), (2.0447351384820515e-05, Vec([[ 2.79459398e-09],
     [-8.58556359e-07],
     [-6.82213566e-10]]), 2.065175911908374), (2.0129175744646825e-05, Vec([[ 5.49301695e-09],
     [-9.11915822e-07],
     [-4.06204838e-10]]), 2.0669874576549634), (1.941402160418538e-05, Vec([[-6.26097129e-09],
     [-9.36961081e-07],
     [ 3.58888449e-10]]), 2.0357405154736066), (1.907763008620834e-05, Vec([[ 7.2522288e-09],
     [-1.0083658e-06],
     [ 1.7592296e-09]]), 2.0521598806840537), (1.870720652433109e-05, Vec([[ 1.69920940e-09],
     [-1.01072628e-06],
     [-1.33467189e-10]]), 2.074266322040494), (1.8493251539835003e-05, Vec([[-1.88141482e-09],
     [-1.10169312e-06],
     [-4.43114588e-10]]), 2.1245039563551753), (1.878317384316636e-05, Vec([[ 9.95358303e-10],
     [-1.05442113e-06],
     [ 8.69263579e-10]]), 2.1474931115397005), (1.9287185044643488e-05, Vec([[-6.00161011e-09],
     [-9.36077127e-07],
     [-1.96150861e-09]]), 2.1596116733780026), (1.941125618840062e-05, Vec([[-1.51940537e-09],
     [-7.29091494e-07],
     [-2.19524638e-10]]), 2.1379928361431637), (1.9419983790994813e-05, Vec([[ 2.22281064e-09],
     [-5.52146613e-07],
     [-1.89830601e-09]]), 2.1129404326098613), (1.9753393200726226e-05, Vec([[-1.16608906e-09],
     [-3.52455015e-07],
     [ 5.04825714e-10]]), 2.1318729115453148), (1.9883741793672636e-05, Vec([[-3.90495294e-09],
     [-1.17094460e-07],
     [ 4.52461343e-10]]), 2.137299758107622), (1.9878439862564715e-05, Vec([[-3.46734655e-10],
     [ 1.42404433e-07],
     [-7.49185989e-10]]), 2.13672985450537), (1.9911288738084907e-05, Vec([[-5.21713706e-11],
     [ 3.24111815e-07],
     [-2.07917222e-09]]), 2.148913691097888), (1.9716936823365267e-05, Vec([[-7.26423284e-10],
     [ 5.47641001e-07],
     [-9.91305044e-10]]), 2.1452496289219907), (1.962303323819912e-05, Vec([[-1.45211227e-09],
     [ 7.61961374e-07],
     [ 1.31318684e-09]]), 2.1613183649463585), (1.9088880792371653e-05, Vec([[-2.47841749e-09],
     [ 9.25422291e-07],
     [ 1.35812186e-09]]), 2.1374072834115316), (1.854446144859429e-05, Vec([[-3.93147628e-10],
     [ 1.05345595e-06],
     [ 5.11687187e-10]]), 2.120200960209846), (1.8313537888136716e-05, Vec([[2.52279179e-09],
     [1.11210421e-06],
     [6.18216603e-10]]), 2.103858459633216), (1.8692512330771154e-05, Vec([[ 2.37970013e-09],
     [ 1.03246883e-06],
     [-1.42785441e-10]]), 2.0726370210119693), (1.933965626073047e-05, Vec([[ 2.33898869e-09],
     [ 9.91702690e-07],
     [-5.24923468e-10]]), 2.080345750764015), (1.9442078720988374e-05, Vec([[3.95992379e-09],
     [9.15407566e-07],
     [3.86055313e-10]]), 2.0386825648123654), (1.9968982075930468e-05, Vec([[2.32989502e-09],
     [9.03338185e-07],
     [6.35303053e-10]]), 2.0505377873737296), (2.0527243447766444e-05, Vec([[ 2.02563591e-09],
     [ 8.76106411e-07],
     [-8.87831684e-10]]), 2.073244984564459), (2.0917493321452526e-05, Vec([[2.04112368e-09],
     [8.16342397e-07],
     [1.09557078e-09]]), 2.086385893856627), (2.1243968766607607e-05, Vec([[1.13299864e-09],
     [7.72373075e-07],
     [1.11923842e-09]]), 2.0984556485834056), (2.111524861073489e-05, Vec([[-8.83371378e-10],
     [ 7.45436944e-07],
     [ 5.32300876e-10]]), 2.074032563399962), (2.1479643594868153e-05, Vec([[ 9.85891972e-10],
     [ 6.86437249e-07],
     [-1.82331398e-09]]), 2.1064824186887456), (2.1720391069043145e-05, Vec([[8.26143049e-09],
     [7.09590403e-07],
     [4.50612939e-10]]), 2.1353073643370144), (2.1890850385731947e-05, Vec([[-7.14651390e-09],
     [ 6.75582180e-07],
     [-1.29410486e-09]]), 2.16609038026514), (2.1768240081358682e-05, Vec([[-4.61824414e-09],
     [ 6.47348005e-07],
     [-2.00886706e-10]]), 2.1769110717886697), (2.13396047754699e-05, Vec([[-5.09119778e-09],
     [ 5.98280318e-07],
     [ 1.85908959e-09]]), 2.165846540390126), (2.121004736975564e-05, Vec([[4.71976317e-09],
     [4.75945189e-07],
     [9.32692178e-10]]), 2.1942301598375415), (2.0598881016650884e-05, Vec([[9.44775329e-09],
     [3.65435347e-07],
     [1.95379509e-09]]), 2.1818853062074495), (2.0311186373937858e-05, Vec([[6.38300366e-09],
     [2.88559565e-07],
     [8.18230348e-10]]), 2.213167190868299), (1.9724134645593956e-05, Vec([[ 3.85218260e-09],
     [ 1.41502896e-07],
     [-5.62698683e-10]]), 2.2219265155320627), (1.8840870170554704e-05, Vec([[1.09216907e-09],
     [5.18058565e-08],
     [8.35124874e-10]]), 2.20595602250702), (1.935140281420135e-05, Vec([[-7.66733597e-09],
     [ 8.31688631e-08],
     [ 7.46362527e-11]]), 2.220888107434684), (1.997938577147508e-05, Vec([[-1.27355088e-09],
     [ 1.92411389e-07],
     [-8.58325797e-10]]), 2.2121197975473534), (2.0575568265952546e-05, Vec([[ 3.26514310e-10],
     [ 2.71079661e-07],
     [-4.48006943e-10]]), 2.2091401455399966), (2.120888093381131e-05, Vec([[ 4.15626621e-09],
     [ 3.83410040e-07],
     [-2.26053289e-10]]), 2.2188770577707224), (2.1782757523155527e-05, Vec([[ 1.65651911e-09],
     [ 4.75268104e-07],
     [-8.67052169e-10]]), 2.2308237264674036), (2.2153184244772226e-05, Vec([[3.71354986e-10],
     [5.99689220e-07],
     [1.08427989e-10]]), 2.230667900838054), (2.2386360347583565e-05, Vec([[3.03016883e-09],
     [6.75234465e-07],
     [4.03563003e-10]]), 2.225739545396842), (2.1826819938553672e-05, Vec([[3.09531596e-10],
     [6.29486679e-07],
     [5.75813133e-10]]), 2.151655907340959), (2.1782471745633404e-05, Vec([[1.54780738e-09],
     [7.01909779e-07],
     [1.14010074e-09]]), 2.137715437432176), (2.1403547154727767e-05, Vec([[-8.57497351e-10],
     [ 6.77543808e-07],
     [ 9.15246802e-10]]), 2.0996261983333024), (2.1037059589583344e-05, Vec([[ 5.79304988e-10],
     [ 7.41059026e-07],
     [-2.22474234e-10]]), 2.071125276619919), (2.1035986155078497e-05, Vec([[7.51885072e-09],
     [7.79806582e-07],
     [8.95057451e-10]]), 2.0869575449178503), (2.0677447134390124e-05, Vec([[6.34321933e-09],
     [8.25241914e-07],
     [1.47487833e-09]]), 2.074505403395048), (2.036607056337912e-05, Vec([[-7.05293348e-10],
     [ 9.10319538e-07],
     [-2.49653655e-10]]), 2.07295356331353), (1.981140263718949e-05, Vec([[-1.34713250e-09],
     [ 9.38022310e-07],
     [-3.29819193e-10]]), 2.054622751151629), (1.9381526281863893e-05, Vec([[ 2.74505558e-09],
     [ 9.58971798e-07],
     [-2.64029376e-10]]), 2.0572201895551627), (1.8965732352971617e-05, Vec([[ 5.41293725e-10],
     [ 1.03718410e-06],
     [-2.29571509e-10]]), 2.070008716694319), (1.8464005659986173e-05, Vec([[ 2.71266969e-10],
     [ 1.07371392e-06],
     [-1.65083489e-09]]), 2.08251906357128), (1.8217164793469508e-05, Vec([[-3.17521530e-09],
     [ 1.10825306e-06],
     [-2.85728136e-10]]), 2.1081876937328627), (1.8469629493225238e-05, Vec([[1.36656403e-09],
     [9.77820035e-07],
     [7.70296034e-11]]), 2.0885779352002594), (1.944284907410952e-05, Vec([[3.09371524e-09],
     [8.67684243e-07],
     [3.28606120e-10]]), 2.158023557756218), (1.95993393937917e-05, Vec([[ 9.13694062e-09],
     [ 6.85149240e-07],
     [-2.15876609e-09]]), 2.144421232642858), (1.9768809553070445e-05, Vec([[-4.63717067e-09],
     [ 4.44798607e-07],
     [ 1.11798744e-10]]), 2.1411014544927265), (2.0165770959986983e-05, Vec([[-5.53323223e-09],
     [ 2.40718601e-07],
     [ 1.88750011e-09]]), 2.1708944320060004), (2.011308563045572e-05, Vec([[ 3.05391832e-09],
     [ 1.77048032e-08],
     [-2.28994764e-10]]), 2.1608634339109525)]