[(1.5130569231395754e-05, Vec([[-2.87093046e-10],
     [ 1.04415326e-08],
     [-2.44432173e-10]]), 2.067817097511164), (1.5942635609924103e-05, Vec([[-6.34890885e-08],
     [-5.78835038e-09],
     [-8.85314642e-10]]), 2.077127056649292), (1.6415929881979784e-05, Vec([[-1.22672149e-07],
     [ 1.42020893e-08],
     [ 9.59947127e-10]]), 2.051328616787501), (1.7075710158579168e-05, Vec([[-1.88153887e-07],
     [ 1.58003209e-08],
     [ 1.01630161e-09]]), 2.0579058829875914), (1.734308703525367e-05, Vec([[-2.29295688e-07],
     [-5.91905670e-09],
     [ 2.16694857e-09]]), 2.0262429533254798), (1.771222222523768e-05, Vec([[-2.86225469e-07],
     [-8.28140943e-09],
     [ 3.07522678e-10]]), 2.0158707741539863), (1.8126096054039325e-05, Vec([[-3.20882129e-07],
     [-1.09782988e-08],
     [-1.57974276e-09]]), 2.018909436226784), (1.835212226510038e-05, Vec([[-3.52581703e-07],
     [-1.25341100e-08],
     [ 1.03459191e-09]]), 2.00925720897057), (1.848216841353895e-05, Vec([[-3.73621045e-07],
     [ 7.13021582e-09],
     [ 1.19175143e-09]]), 1.9975046777212302), (1.8640665721884094e-05, Vec([[-4.16995760e-07],
     [ 2.05892061e-09],
     [-3.13456396e-09]]), 1.997025498890769), (1.8797433788859366e-05, Vec([[-4.07110926e-07],
     [ 1.07941414e-09],
     [ 3.54994883e-09]]), 2.0043719359652123), (1.8691309934349792e-05, Vec([[-3.97463861e-07],
     [ 7.12060278e-09],
     [-4.25223271e-09]]), 1.9917310242550414), (1.8619077390990733e-05, Vec([[-3.38419445e-07],
     [-2.03417391e-09],
     [ 1.82633553e-09]]), 1.9907265677847108), (1.833759179036129e-05, Vec([[-3.27240896e-07],
     [-3.47644348e-09],
     [-3.07648598e-09]]), 1.9752470763192551), (1.8292922686305046e-05, Vec([[-2.43282474e-07],
     [ 8.56809500e-10],
     [ 2.13255908e-10]]), 1.9933222020515349), (1.7847510731243678e-05, Vec([[-1.90344161e-07],
     [-3.55819446e-09],
     [ 4.77275517e-11]]), 1.9756901947270193), (1.7404675407137805e-05, Vec([[-1.04406412e-07],
     [ 1.45535489e-08],
     [ 4.12919550e-09]]), 1.9658221049016635), (1.7208770500056812e-05, Vec([[-5.02761667e-08],
     [-4.52336974e-10],
     [-6.67730561e-10]]), 1.9922017297064063), (1.655690876269476e-05, Vec([[ 3.39570006e-08],
     [-8.71736377e-09],
     [-2.40265272e-09]]), 1.9739479384681082), (1.627738549999924e-05, Vec([[ 9.48160623e-08],
     [-5.05015485e-09],
     [-2.35683940e-10]]), 2.0086646510830186), (1.5882168259726564e-05, Vec([[ 1.35686225e-07],
     [-9.46107173e-09],
     [ 8.71053791e-10]]), 2.039619893172306), (1.5331068430385327e-05, Vec([[ 1.90562589e-07],
     [ 8.82234511e-09],
     [-1.41148769e-09]]), 2.060983495420913), (1.484486213280716e-05, Vec([[ 2.58041221e-07],
     [-6.02052666e-09],
     [ 1.20224555e-09]]), 2.102478408636111), (1.413805384379755e-05, Vec([[2.91152410e-07],
     [6.71999281e-09],
     [7.65165838e-10]]), 2.124696392627089), (1.3704592688178124e-05, Vec([[ 3.23171437e-07],
     [ 1.65941231e-09],
     [-7.67451792e-10]]), 2.2030053902061), (1.3390306389217619e-05, Vec([[ 3.45935801e-07],
     [ 3.51728890e-10],
     [-4.22032560e-10]]), 2.2338188261375227), (1.4007354549718345e-05, Vec([[ 3.03160458e-07],
     [-6.12878423e-09],
     [ 5.02621400e-11]]), 2.1748017977533647), (1.4411301152898114e-05, Vec([[ 2.52865309e-07],
     [ 1.02280799e-09],
     [-2.99584139e-10]]), 2.1005109885937454), (1.518985633131748e-05, Vec([[2.05481905e-07],
     [5.83202871e-10],
     [6.14635995e-10]]), 2.094189657158206), (1.5512851702737355e-05, Vec([[1.60775293e-07],
     [3.78117698e-09],
     [1.08682160e-10]]), 2.0367145341217863), (1.604253898358911e-05, Vec([[ 1.17631670e-07],
     [-2.33436220e-09],
     [-2.51025559e-09]]), 2.0181303497984433), (1.6554161079160594e-05, Vec([[ 2.91631418e-08],
     [-6.47278041e-09],
     [-6.40924698e-10]]), 2.0066129895391587), (1.6895611643746952e-05, Vec([[-3.61897919e-08],
     [-3.77877344e-09],
     [ 2.14866467e-09]]), 1.983710136813993), (1.733742861686131e-05, Vec([[-1.19961217e-07],
     [-1.09492055e-09],
     [ 2.29544788e-09]]), 1.9813622125501125), (1.7459743309504144e-05, Vec([[-1.53625313e-07],
     [-5.94872434e-09],
     [ 3.10628410e-10]]), 1.9512230549250766), (1.791699963231631e-05, Vec([[-2.28340513e-07],
     [-3.44633420e-09],
     [-2.57124602e-09]]), 1.9667578271778567), (1.8166250533215076e-05, Vec([[-2.86140130e-07],
     [-5.72717751e-09],
     [ 1.97828129e-09]]), 1.9670985662328897), (1.8644133294554454e-05, Vec([[-3.32841646e-07],
     [ 2.85244921e-09],
     [ 4.99436948e-09]]), 1.9998010480776913), (1.867663494490059e-05, Vec([[-3.73680517e-07],
     [ 4.54831914e-09],
     [ 8.75426965e-10]]), 1.9925146026002702), (1.8954576718281392e-05, Vec([[-4.07532897e-07],
     [-1.05601239e-08],
     [ 3.28106018e-09]]), 2.019438873462621), (1.862414685154858e-05, Vec([[-3.91322786e-07],
     [ 5.30605625e-09],
     [-2.44542336e-09]]), 1.989561890145415), (1.863221180730716e-05, Vec([[-3.76551388e-07],
     [ 5.84205133e-09],
     [-1.67548567e-09]]), 2.003872389527056), (1.847944927050901e-05, Vec([[-3.77046940e-07],
     [-4.92909918e-09],
     [-2.98422894e-09]]), 2.0091081216814857), (1.8353007170222778e-05, Vec([[-3.56770882e-07],
     [-1.02063525e-08],
     [ 6.02611365e-10]]), 2.025598652958166), (1.7844332430627497e-05, Vec([[-3.00657344e-07],
     [-1.17141862e-09],
     [ 1.74703945e-09]]), 2.0079707964113247), (1.7927180798983247e-05, Vec([[-2.71050932e-07],
     [ 8.24730262e-09],
     [ 7.97936834e-10]]), 2.0660147885399036), (1.7112820468038238e-05, Vec([[-2.08689009e-07],
     [-1.24186393e-08],
     [ 1.82964891e-10]]), 2.0293478856724585), (1.660661393175791e-05, Vec([[-1.53129079e-07],
     [-1.13964677e-08],
     [-1.22937819e-09]]), 2.036570636808197), (1.6109272077836455e-05, Vec([[-9.41439823e-08],
     [ 4.68153039e-10],
     [ 1.08955355e-09]]), 2.053992844395022), (1.5565126441421875e-05, Vec([[-3.01267853e-08],
     [-1.00147778e-08],
     [ 2.90249316e-10]]), 2.075343012953335), (1.541664599663475e-05, Vec([[ 3.03821953e-08],
     [-2.44682503e-09],
     [ 7.73204099e-10]]), 2.055545688799956), (1.6017557154705987e-05, Vec([[ 9.12680497e-08],
     [-2.19150750e-08],
     [-4.92944405e-10]]), 2.042298846371771), (1.6564098483782408e-05, Vec([[1.55145363e-07],
     [1.95384137e-08],
     [4.01223557e-10]]), 2.031356707387457), (1.6955330119031913e-05, Vec([[ 2.16782805e-07],
     [-1.54418427e-08],
     [-1.44353000e-09]]), 2.0106716711135126), (1.753465854822064e-05, Vec([[ 2.61542176e-07],
     [-3.47170316e-11],
     [-7.20377570e-10]]), 2.0207786309979157), (1.7987400507565794e-05, Vec([[ 2.96712883e-07],
     [ 3.53291211e-09],
     [-1.64257945e-09]]), 2.0240698307410017), (1.7930766989413387e-05, Vec([[3.34317427e-07],
     [2.52278567e-09],
     [6.48242112e-10]]), 1.9789965275658774), (1.8488030375420908e-05, Vec([[ 3.60797639e-07],
     [ 6.23482875e-09],
     [-1.34933317e-09]]), 2.0100410698077598), (1.84496102969188e-05, Vec([[ 3.95253851e-07],
     [-3.07521276e-10],
     [ 1.34378433e-09]]), 1.984233812597092), (1.8651116013644022e-05, Vec([[4.05448109e-07],
     [1.16186818e-08],
     [1.43853810e-09]]), 1.9924429250482185), (1.8846224631925778e-05, Vec([[ 3.94376171e-07],
     [-8.22135007e-09],
     [-2.01128490e-09]]), 2.007894937744117), (1.8638668126052656e-05, Vec([[ 3.80231069e-07],
     [-1.46219426e-08],
     [-4.37686761e-09]]), 1.9884641169966286), (1.8453838133051586e-05, Vec([[3.17730103e-07],
     [3.92848050e-09],
     [3.10249346e-09]]), 1.979389669473747), (1.8173234572179003e-05, Vec([[2.96793996e-07],
     [2.07885590e-09],
     [8.15548114e-10]]), 1.9678548198696724), (1.79279238463004e-05, Vec([[ 2.27814763e-07],
     [ 7.22554061e-09],
     [-1.12415582e-09]]), 1.9679569834986639), (1.7881408813096145e-05, Vec([[ 1.40081772e-07],
     [-5.09018030e-09],
     [-2.04541773e-10]]), 1.9983465112949892), (1.735023823343595e-05, Vec([[ 8.18580486e-08],
     [ 3.38456097e-09],
     [-2.85693385e-09]]), 1.9828261257288853), (1.7031996265967506e-05, Vec([[ 1.86971490e-08],
     [-5.29948516e-09],
     [-2.18644460e-09]]), 1.9997230260368932), (1.6572445555975985e-05, Vec([[-4.82814693e-08],
     [ 1.02107259e-09],
     [-4.41221586e-10]]), 2.0088293427877013), (1.6128828236645383e-05, Vec([[-9.09669366e-08],
     [ 5.42212104e-09],
     [-5.11661536e-10]]), 2.02898542458632), (1.5741589208474763e-05, Vec([[-1.51796844e-07],
     [ 8.72683149e-10],
     [-1.54310067e-09]]), 2.066745956542458), (1.5237238478500677e-05, Vec([[-2.20251372e-07],
     [-1.17169352e-08],
     [ 1.78546486e-10]]), 2.100722122008477), (1.4759505114668837e-05, Vec([[-2.67027689e-07],
     [-3.39434110e-09],
     [-5.42529718e-11]]), 2.151263258649818), (1.4037227591843881e-05, Vec([[-3.11876332e-07],
     [-1.51399337e-09],
     [ 7.68603173e-10]]), 2.1794399287786326), (1.3406281917059667e-05, Vec([[-3.41827838e-07],
     [ 2.99406021e-09],
     [ 2.57735970e-10]]), 2.2364839208570726), (1.376690718611472e-05, Vec([[-3.41005075e-07],
     [-5.99747981e-09],
     [ 6.22396874e-10]]), 2.2130224098991196), (1.4239005091138759e-05, Vec([[-2.80188605e-07],
     [-6.94885025e-10],
     [ 2.65521431e-10]]), 2.1398675578685613), (1.4935582196142246e-05, Vec([[-2.47990060e-07],
     [-1.16512541e-08],
     [-1.20372853e-09]]), 2.1153270947798926), (1.5245458826824559e-05, Vec([[-1.89266795e-07],
     [-3.05981862e-09],
     [-1.65664337e-12]]), 2.0494748402486103), (1.5799103559523328e-05, Vec([[-1.55436118e-07],
     [ 2.11809063e-09],
     [-5.54899441e-10]]), 2.0289525578195806), (1.6109814500224676e-05, Vec([[-8.54887329e-08],
     [ 1.82791419e-09],
     [ 8.12692669e-10]]), 1.9879860265094476), (1.671870650829375e-05, Vec([[-1.83451251e-08],
     [ 4.47679121e-09],
     [-1.94547689e-10]]), 1.9932377908766397), (1.7196849984224778e-05, Vec([[ 4.59955355e-08],
     [-6.89311264e-09],
     [ 2.27857578e-10]]), 1.9908217315095873), (1.7401371934769416e-05, Vec([[ 1.17532313e-07],
     [-1.04137588e-08],
     [-1.60977986e-09]]), 1.9654489845272363), (1.7842497622064103e-05, Vec([[ 1.72417851e-07],
     [-1.06516258e-09],
     [-1.54566460e-09]]), 1.9751352517548415), (1.8199346155854174e-05, Vec([[ 2.63771320e-07],
     [-3.70475833e-09],
     [ 1.05404636e-09]]), 1.983125462091641), (1.849685973899906e-05, Vec([[ 3.18947921e-07],
     [-4.49363654e-09],
     [ 6.66620655e-10]]), 1.9924027395870731), (1.8688914455758676e-05, Vec([[ 3.38441912e-07],
     [ 5.42848735e-09],
     [-4.09538315e-10]]), 1.9981934522779736), (1.866921874329017e-05, Vec([[ 3.87540659e-07],
     [ 6.80309535e-10],
     [-2.58159598e-09]]), 1.9893770046196746), (1.876750519352056e-05, Vec([[ 4.09774936e-07],
     [-1.78577266e-08],
     [ 8.89622859e-10]]), 2.001180647342852), (1.8747493366664842e-05, Vec([[ 3.91284469e-07],
     [-9.51551542e-09],
     [ 1.74714822e-09]]), 2.0084702366376157), (1.861175727401554e-05, Vec([[ 3.79990593e-07],
     [-1.25338501e-08],
     [ 6.77308720e-10]]), 2.011510304614714), (1.8404953829028976e-05, Vec([[ 3.58870641e-07],
     [-3.51729953e-09],
     [-2.04354241e-09]]), 2.015041401073878), (1.811276515958064e-05, Vec([[ 3.18252289e-07],
     [-9.69275429e-09],
     [ 1.62992193e-09]]), 2.017424622920281), (1.7733366667705914e-05, Vec([[ 2.72667394e-07],
     [ 2.21108921e-08],
     [-9.54380019e-10]]), 2.0182772742004205), (1.7491967390008566e-05, Vec([[ 2.42129281e-07],
     [-3.00473888e-08],
     [ 1.00354024e-09]]), 2.0436370752080193), (1.6992863697973482e-05, Vec([[ 1.83503349e-07],
     [-1.06313070e-08],
     [ 1.00601762e-09]]), 2.0479215123768335), (1.664654404013495e-05, Vec([[ 1.21835503e-07],
     [ 1.16000854e-08],
     [-2.09754131e-10]]), 2.0801460779646064), (1.5938594371506683e-05, Vec([[ 7.63375334e-08],
     [-1.37887794e-08],
     [ 4.88904353e-10]]), 2.076600533565871), (1.5264353822832495e-05, Vec([[-2.71797728e-10],
     [ 5.14273995e-09],
     [-2.36057883e-09]]), 2.0861007497205204)]