[(1.5088574217378094e-05, Vec([[-3.51947561e-09],
     [-7.88267621e-09],
     [-1.21236721e-09]]), 2.0620778548780607), (1.5572908700677827e-05, Vec([[-6.99405197e-08],
     [ 2.81694127e-09],
     [-7.62210180e-10]]), 2.0289562406338577), (1.6451723299665373e-05, Vec([[-1.15216963e-07],
     [ 1.09636930e-08],
     [ 3.20472295e-10]]), 2.0558013492198968), (1.7012281937857767e-05, Vec([[-1.89813064e-07],
     [ 1.86500887e-08],
     [ 1.03767937e-09]]), 2.050261731888879), (1.7299779241665384e-05, Vec([[-2.33266304e-07],
     [-6.12567937e-09],
     [-7.07387255e-10]]), 2.0211831787072723), (1.77619059367264e-05, Vec([[-2.74559432e-07],
     [ 7.72003946e-10],
     [-1.86004378e-09]]), 2.021525397310131), (1.7912533639103427e-05, Vec([[-3.20511272e-07],
     [-1.23536108e-08],
     [-1.04874648e-09]]), 1.9951225615764436), (1.839835074897927e-05, Vec([[-3.50008144e-07],
     [ 1.83148699e-08],
     [ 3.08833985e-09]]), 2.0143184718126377), (1.852607884489146e-05, Vec([[-3.85683686e-07],
     [ 8.76097755e-09],
     [ 1.04324554e-09]]), 2.002250402901569), (1.8787275930390073e-05, Vec([[-3.99273417e-07],
     [ 1.18974867e-08],
     [ 1.72668462e-09]]), 2.0127322514902968), (1.8815580622088923e-05, Vec([[-3.85488694e-07],
     [-1.03268176e-08],
     [-1.25461110e-09]]), 2.006306934309163), (1.87611462672001e-05, Vec([[-3.84956411e-07],
     [-9.79792061e-09],
     [-2.96551947e-09]]), 1.9991727279797518), (1.8640573778457836e-05, Vec([[-3.45932860e-07],
     [ 1.34900874e-08],
     [ 1.66127304e-09]]), 1.993024932453567), (1.8411895679470032e-05, Vec([[-2.94025853e-07],
     [-4.40611805e-09],
     [ 1.13348099e-09]]), 1.9832507739366452), (1.8229461278895585e-05, Vec([[-2.35139149e-07],
     [-2.41870424e-09],
     [ 9.77500046e-10]]), 1.9864070122520712), (1.7934445621003207e-05, Vec([[-1.83197105e-07],
     [ 6.88992164e-09],
     [-2.74710337e-09]]), 1.9853137445802151), (1.7517313400135144e-05, Vec([[-1.37450467e-07],
     [ 1.13378537e-08],
     [-4.72311066e-10]]), 1.9785443333435178), (1.711491311986654e-05, Vec([[-1.54250956e-08],
     [ 2.30254830e-09],
     [ 2.30144623e-09]]), 1.981336175124215), (1.6680433908765045e-05, Vec([[ 3.29695754e-08],
     [-5.02772941e-09],
     [ 7.07421089e-10]]), 1.988674854641241), (1.6255418663074697e-05, Vec([[8.59158315e-08],
     [2.59776587e-09],
     [9.53736408e-10]]), 2.0059538957945584), (1.5649036510498525e-05, Vec([[1.25084339e-07],
     [1.85445680e-09],
     [3.91269492e-11]]), 2.0096806464851067), (1.5482343566972667e-05, Vec([[ 2.03826311e-07],
     [ 1.42840027e-09],
     [-2.54089388e-10]]), 2.0813196879824263), (1.5027433592080363e-05, Vec([[ 2.58475423e-07],
     [-2.41091978e-09],
     [ 2.93380186e-10]]), 2.1283360116048033), (1.4463685510379576e-05, Vec([[ 2.96714555e-07],
     [ 5.11997292e-09],
     [-1.20825977e-09]]), 2.1736330026411683), (1.3534307668578986e-05, Vec([[ 3.26927114e-07],
     [-5.72626712e-09],
     [ 8.43053391e-11]]), 2.1756321712725777), (1.3396737201484974e-05, Vec([[ 3.65747909e-07],
     [-1.09190887e-08],
     [-2.60935318e-11]]), 2.234891637251221), (1.4047458798417236e-05, Vec([[3.25091244e-07],
     [7.60883080e-09],
     [3.48655091e-12]]), 2.181028440468684), (1.4707514071570465e-05, Vec([[ 2.59170764e-07],
     [ 1.21652760e-09],
     [-4.50913883e-10]]), 2.1436853337853012), (1.5056442626136516e-05, Vec([[ 1.97159927e-07],
     [ 4.70014794e-09],
     [-2.98432564e-11]]), 2.0757962243686485), (1.560313330175828e-05, Vec([[ 1.49971004e-07],
     [ 3.09395887e-09],
     [-1.21987652e-09]]), 2.0485677928528823), (1.6153038393885963e-05, Vec([[ 1.14559885e-07],
     [ 1.02359808e-08],
     [-1.44349538e-09]]), 2.0320310305936116), (1.6589333943135697e-05, Vec([[ 4.28834204e-08],
     [-7.83451957e-09],
     [-2.11722005e-09]]), 2.0108764689987484), (1.708151355576796e-05, Vec([[-2.39311229e-08],
     [ 5.78928966e-09],
     [ 1.83563542e-09]]), 2.005536840404547), (1.7347868380340287e-05, Vec([[-7.57236670e-08],
     [ 5.38169352e-10],
     [ 4.85079610e-10]]), 1.9825552933305628), (1.7512181175616086e-05, Vec([[-1.77513195e-07],
     [ 3.76481548e-09],
     [ 6.01624046e-09]]), 1.9570832770082387), (1.8098150050773617e-05, Vec([[-2.10889635e-07],
     [-6.10454648e-09],
     [-7.55492094e-10]]), 1.9866427973575091), (1.820862040348814e-05, Vec([[-2.60152015e-07],
     [ 1.12491747e-08],
     [-5.19800368e-10]]), 1.9716865086326287), (1.8661237633252102e-05, Vec([[-3.43276308e-07],
     [ 1.14370184e-08],
     [-2.98454719e-09]]), 2.001635688171378), (1.83706389993926e-05, Vec([[-3.80794402e-07],
     [-3.92294453e-09],
     [ 1.66955229e-09]]), 1.959869461140908), (1.8582575030506368e-05, Vec([[-3.91213310e-07],
     [ 2.64903649e-09],
     [-8.94182669e-10]]), 1.9798054550828779), (1.8494821961752835e-05, Vec([[-3.86610351e-07],
     [ 1.40319185e-08],
     [-2.86935297e-09]]), 1.9757464990708178), (1.8704271348418973e-05, Vec([[-3.98492268e-07],
     [ 6.55497342e-09],
     [-1.80098331e-09]]), 2.0116223081265927), (1.8516415353879814e-05, Vec([[-3.73266887e-07],
     [-2.07777309e-10],
     [-2.48710582e-09]]), 2.0131271190682507), (1.825765439331262e-05, Vec([[-3.45854176e-07],
     [ 1.20530377e-08],
     [ 8.79355625e-10]]), 2.015074685159668), (1.7888803096375062e-05, Vec([[-2.92653858e-07],
     [ 1.52700970e-08],
     [ 5.73183428e-11]]), 2.0129749510058006), (1.754765926508418e-05, Vec([[-2.65371419e-07],
     [-1.04298478e-09],
     [-2.55721220e-09]]), 2.0222768963193216), (1.712039045260929e-05, Vec([[-2.06650873e-07],
     [-1.96107086e-08],
     [ 1.93949165e-09]]), 2.03024558294057), (1.6720301128104334e-05, Vec([[-1.49300250e-07],
     [-6.11121875e-09],
     [ 1.02374764e-09]]), 2.0505127930365297), (1.5975649515431065e-05, Vec([[-9.62916477e-08],
     [ 3.01786035e-09],
     [ 6.12190242e-10]]), 2.0369554645739933), (1.5682665379975215e-05, Vec([[-2.42604181e-08],
     [-7.00361023e-09],
     [-3.65744151e-10]]), 2.0910148172136247), (1.5434665564336105e-05, Vec([[3.16538678e-08],
     [1.21607136e-08],
     [4.30493499e-12]]), 2.057948289515484), (1.612873166532644e-05, Vec([[ 9.73450995e-08],
     [-1.74025942e-09],
     [ 1.16717888e-10]]), 2.05647401506904), (1.6674967423032823e-05, Vec([[ 1.53508677e-07],
     [-2.21201496e-09],
     [-2.07914293e-10]]), 2.044953243510915), (1.72558793522058e-05, Vec([[2.11395675e-07],
     [2.35054424e-09],
     [9.57131674e-10]]), 2.0463127246745585), (1.752671641407905e-05, Vec([[ 2.62885181e-07],
     [-5.96461221e-09],
     [ 2.18045589e-09]]), 2.0198633411498865), (1.784001659319629e-05, Vec([[ 3.06396347e-07],
     [-9.19418827e-09],
     [-1.00567607e-09]]), 2.0074851477854883), (1.812627770290018e-05, Vec([[3.34826490e-07],
     [2.12890665e-08],
     [1.31195765e-09]]), 2.000574802679303), (1.8458942152020664e-05, Vec([[ 3.53973205e-07],
     [-1.32091610e-08],
     [-1.32284935e-09]]), 2.0068785629049173), (1.8616639461646994e-05, Vec([[ 3.95043942e-07],
     [-2.28342934e-09],
     [-2.10255889e-09]]), 2.0021976021302987), (1.8663023502558228e-05, Vec([[ 4.07180375e-07],
     [-3.36580311e-09],
     [-3.62325501e-09]]), 1.9937149664651954), (1.8836741890717924e-05, Vec([[3.94248050e-07],
     [1.34418502e-08],
     [1.21622710e-09]]), 2.0068846373556277), (1.8783044563508526e-05, Vec([[ 3.60045989e-07],
     [-1.82137546e-09],
     [ 2.95125091e-09]]), 2.003866900246979), (1.850923798513201e-05, Vec([[3.34820462e-07],
     [4.85954311e-09],
     [2.29514696e-09]]), 1.985331950646245), (1.83055274910621e-05, Vec([[ 2.89326426e-07],
     [-4.24579737e-09],
     [-9.94951674e-10]]), 1.9821799119178025), (1.807714961724498e-05, Vec([[ 2.24850365e-07],
     [-4.66194471e-09],
     [ 3.37883227e-10]]), 1.9843375694809584), (1.7570109593425433e-05, Vec([[1.63996421e-07],
     [3.96437594e-09],
     [1.66394397e-09]]), 1.963557098665364), (1.7438420188831112e-05, Vec([[ 1.08602626e-07],
     [ 5.46765467e-09],
     [-2.19259578e-09]]), 1.992903767466301), (1.694671479525186e-05, Vec([[ 3.03011315e-08],
     [-7.67888614e-10],
     [ 1.79250582e-09]]), 1.9897101468639962), (1.6528204038587172e-05, Vec([[-4.86453481e-08],
     [-3.00333274e-09],
     [ 1.01431454e-09]]), 2.0034666063104614), (1.618743532263965e-05, Vec([[-1.22716617e-07],
     [ 3.92207100e-11],
     [-1.49942723e-09]]), 2.0363581190880615), (1.5639035142646416e-05, Vec([[-1.45497095e-07],
     [-3.05677584e-09],
     [-3.31904536e-10]]), 2.0532814201433243), (1.5174771327497064e-05, Vec([[-1.96763431e-07],
     [ 2.19993299e-09],
     [-3.00966022e-10]]), 2.0921099232693625), (1.4633300523900479e-05, Vec([[-2.70436256e-07],
     [-7.75918462e-09],
     [-5.75402977e-10]]), 2.132868380428388), (1.410426239661888e-05, Vec([[-3.13027775e-07],
     [-2.90883256e-09],
     [-6.21210932e-10]]), 2.1898478479484695), (1.321099945398998e-05, Vec([[-3.38713934e-07],
     [ 5.33519152e-09],
     [-1.46986060e-10]]), 2.203906201592124), (1.3873968816059845e-05, Vec([[-3.21438383e-07],
     [ 2.26539724e-09],
     [-1.79347654e-10]]), 2.230232505318943), (1.4141995220389552e-05, Vec([[-2.93620054e-07],
     [-5.55958422e-09],
     [ 3.75178701e-11]]), 2.1252887109701613), (1.4842561934328003e-05, Vec([[-2.45538680e-07],
     [-1.66243527e-09],
     [ 1.00076064e-09]]), 2.1021526314349006), (1.5334607706535395e-05, Vec([[-2.07192355e-07],
     [ 1.02934547e-09],
     [ 2.00179773e-10]]), 2.0614592867699724), (1.5926579303459454e-05, Vec([[-1.30672598e-07],
     [ 1.05392639e-08],
     [ 4.10055463e-10]]), 2.0453232484568513), (1.6306344526003923e-05, Vec([[-8.10617935e-08],
     [ 1.93809417e-09],
     [-4.69507832e-10]]), 2.0122382576591757), (1.681301155901122e-05, Vec([[-2.19908493e-08],
     [ 2.40269149e-09],
     [ 1.59236761e-09]]), 2.0044810285557837), (1.689766128108067e-05, Vec([[6.82944962e-08],
     [6.00902291e-09],
     [5.44059080e-10]]), 1.956185657310658), (1.7514987252765008e-05, Vec([[ 1.00204052e-07],
     [ 1.24075009e-08],
     [-6.15989849e-09]]), 1.9782815998071266), (1.791110540102646e-05, Vec([[ 1.68456671e-07],
     [ 5.80169315e-09],
     [-5.56991816e-10]]), 1.9827300204718392), (1.803701911773474e-05, Vec([[ 2.47700981e-07],
     [ 7.49910165e-09],
     [-1.15583948e-09]]), 1.965437195726257), (1.848512408158182e-05, Vec([[ 3.03850577e-07],
     [-1.92416704e-08],
     [-2.76037419e-10]]), 1.9911386246876308), (1.8697770956938837e-05, Vec([[ 3.70604153e-07],
     [-1.54658945e-08],
     [ 7.06331094e-10]]), 1.99914037740357), (1.854771312242527e-05, Vec([[ 3.76454768e-07],
     [-1.76841259e-08],
     [ 1.75797405e-09]]), 1.9764294629252719), (1.8932317065107806e-05, Vec([[4.17653912e-07],
     [7.42288519e-09],
     [1.73165865e-09]]), 2.0187545509849096), (1.8714344776538276e-05, Vec([[ 4.09580003e-07],
     [ 1.26382179e-08],
     [-7.33795176e-10]]), 2.0049189375197245), (1.8574322678980045e-05, Vec([[ 3.81765499e-07],
     [ 1.52491710e-09],
     [-3.89703402e-10]]), 2.0074644709755596), (1.825520997613381e-05, Vec([[ 3.61457634e-07],
     [-1.23880975e-08],
     [ 2.52397009e-09]]), 1.9986468984881585), (1.814606929772651e-05, Vec([[ 3.26114318e-07],
     [-1.43540697e-08],
     [ 1.84449896e-09]]), 2.0211340834995277), (1.768539931517161e-05, Vec([[ 2.86648124e-07],
     [-3.18692388e-09],
     [ 7.27358150e-10]]), 2.012817994000691), (1.7433773522096362e-05, Vec([[ 2.39651520e-07],
     [-1.72764761e-08],
     [ 1.08854697e-09]]), 2.0368381175285606), (1.687682862868945e-05, Vec([[ 1.80599632e-07],
     [-3.09283667e-09],
     [ 2.51559372e-09]]), 2.033937364748718), (1.653042393809699e-05, Vec([[1.27548110e-07],
     [3.29750140e-09],
     [1.35395077e-09]]), 2.0656357523231557), (1.584322786410501e-05, Vec([[6.04927461e-08],
     [3.77225165e-09],
     [5.73047743e-10]]), 2.0641754642317354), (1.5257758805240091e-05, Vec([[-4.24577800e-09],
     [ 4.31878848e-09],
     [ 1.87262238e-09]]), 2.0851994425768563)]