[(2.0051917482402577e-05, Vec([[ 7.07020605e-10],
     [-7.41209927e-09],
     [ 6.26648244e-10]]), 2.1542917911070303), (1.970228137857232e-05, Vec([[ 5.55232579e-10],
     [-2.12814990e-07],
     [ 3.26986950e-10]]), 2.1209986480271796), (1.9778521586678883e-05, Vec([[ 1.52733290e-09],
     [-4.14713336e-07],
     [-4.45330562e-10]]), 2.1421533362071656), (1.955153281551961e-05, Vec([[-4.74504216e-09],
     [-6.73749308e-07],
     [ 6.71162834e-10]]), 2.1391905746371522), (1.9335579819085313e-05, Vec([[-2.25526669e-09],
     [-8.70864683e-07],
     [ 4.93835774e-10]]), 2.1461174025171976), (1.883462993293775e-05, Vec([[-3.80112018e-09],
     [-1.00578521e-06],
     [ 1.65705076e-09]]), 2.1298528219001565), (1.818660052484995e-05, Vec([[ 4.94039132e-09],
     [-1.12317860e-06],
     [-1.96080460e-10]]), 2.1046506331802357), (1.8474554352130402e-05, Vec([[ 2.14964765e-09],
     [-1.07807168e-06],
     [ 6.71395193e-10]]), 2.0837088299140025), (1.9156318088766574e-05, Vec([[-5.33755500e-10],
     [-1.08130762e-06],
     [ 3.41548683e-10]]), 2.090810135117338), (1.930675344471291e-05, Vec([[ 1.73281763e-09],
     [-9.81822561e-07],
     [ 1.28659788e-09]]), 2.0492835498922037), (1.9901381494245473e-05, Vec([[ 1.49818501e-09],
     [-9.32988276e-07],
     [ 3.19530602e-10]]), 2.0639543774991154), (2.057307482086915e-05, Vec([[ 6.71694785e-09],
     [-8.87846424e-07],
     [-3.49698528e-10]]), 2.094023421234804), (2.0692914505977e-05, Vec([[-2.96164544e-09],
     [-8.25350549e-07],
     [-1.52111649e-09]]), 2.076057197759446), (2.1028648977957832e-05, Vec([[ 2.79294486e-09],
     [-8.18453531e-07],
     [ 1.49005695e-09]]), 2.086229631472886), (2.1170356676510686e-05, Vec([[ 7.53818346e-09],
     [-7.46100100e-07],
     [ 5.19230094e-10]]), 2.084248544387422), (2.1493235972740174e-05, Vec([[-3.17736018e-09],
     [-6.85723334e-07],
     [ 2.85155840e-10]]), 2.1084244125094433), (2.1478409060336958e-05, Vec([[ 2.86935713e-09],
     [-6.41923946e-07],
     [ 6.12891831e-10]]), 2.1078749535837087), (2.220688092751429e-05, Vec([[-6.07413984e-09],
     [-6.54164545e-07],
     [ 7.10216386e-10]]), 2.18912176239218), (2.2249513278512893e-05, Vec([[ 1.82984793e-09],
     [-6.27535976e-07],
     [-1.65104026e-09]]), 2.2121336742961772), (2.2193817358701794e-05, Vec([[-2.25657785e-09],
     [-5.83449899e-07],
     [ 6.75171873e-11]]), 2.23475936606275), (2.1827332802747606e-05, Vec([[-2.64166543e-09],
     [-4.68108926e-07],
     [ 9.29983931e-10]]), 2.2353887862961344), (2.1319975594337622e-05, Vec([[-5.17734650e-09],
     [-4.31857324e-07],
     [-8.52515181e-11]]), 2.2304998017642403), (2.093216381408359e-05, Vec([[ 1.70538316e-09],
     [-3.41837512e-07],
     [-6.40660337e-10]]), 2.2474267936128305), (2.003197821510407e-05, Vec([[-1.44092782e-09],
     [-2.06800845e-07],
     [-3.57417726e-10]]), 2.2179428387100684), (1.935563503989776e-05, Vec([[ 4.24644191e-10],
     [-8.98196346e-08],
     [-2.49886706e-10]]), 2.2213738241451195), (1.8870965623637623e-05, Vec([[ 7.27586201e-10],
     [-7.24932871e-08],
     [-9.18877005e-10]]), 2.2094797050852355), (1.97800652827158e-05, Vec([[ 1.09094876e-09],
     [-1.50977511e-07],
     [-4.58792400e-10]]), 2.2282271095953563), (2.0173588794938944e-05, Vec([[-2.26873623e-09],
     [-2.91814318e-07],
     [-1.34694840e-09]]), 2.1981741500002348), (2.061883296692529e-05, Vec([[-2.39925488e-09],
     [-3.27496787e-07],
     [ 3.46427173e-10]]), 2.1839986669816924), (2.1102153591573832e-05, Vec([[-1.69973388e-09],
     [-4.38848320e-07],
     [ 3.05999399e-10]]), 2.183068290275527), (2.175150920243051e-05, Vec([[-2.34781049e-09],
     [-5.83790613e-07],
     [-3.26067618e-10]]), 2.207652458891931), (2.1968088771774356e-05, Vec([[-7.28838389e-10],
     [-6.64823104e-07],
     [ 4.22745050e-11]]), 2.1968967401395485), (2.16293724090012e-05, Vec([[-2.86736270e-09],
     [-6.38650201e-07],
     [-4.47978124e-10]]), 2.140217245139388), (2.1787838217511937e-05, Vec([[ 3.11295886e-09],
     [-6.66114621e-07],
     [-9.41068108e-10]]), 2.1419380181024605), (2.158804610660417e-05, Vec([[-2.87741410e-10],
     [-7.35673191e-07],
     [-3.50200504e-10]]), 2.1171133206450605), (2.1151838149262178e-05, Vec([[-9.53730354e-10],
     [-7.59562536e-07],
     [ 5.04105266e-10]]), 2.077626548760228), (2.11523122021503e-05, Vec([[-9.87273128e-10],
     [-7.79135639e-07],
     [-4.53890788e-10]]), 2.089401914908298), (2.093308513227454e-05, Vec([[-4.11127788e-09],
     [-8.28220302e-07],
     [ 9.15982022e-10]]), 2.087941077054672), (2.036655516171526e-05, Vec([[ 4.22343452e-09],
     [-8.35641751e-07],
     [-3.55307672e-10]]), 2.057015519367068), (1.9926341968273213e-05, Vec([[-7.12223873e-09],
     [-8.83185486e-07],
     [ 7.51875299e-10]]), 2.04615923909939), (1.943388446303401e-05, Vec([[ 1.27636473e-09],
     [-9.48031846e-07],
     [ 2.92050030e-10]]), 2.03782332074372), (1.9163792224277844e-05, Vec([[ 4.30226531e-09],
     [-1.00168033e-06],
     [-5.21544130e-11]]), 2.0614282479907464), (1.8654213906275076e-05, Vec([[ 1.83270469e-09],
     [-1.04182051e-06],
     [ 6.60738618e-10]]), 2.0683904686463817), (1.809207684520651e-05, Vec([[ 3.56091070e-10],
     [-1.06444521e-06],
     [-7.73272892e-10]]), 2.0784170243685565), (1.8796126801285324e-05, Vec([[-1.91245714e-09],
     [-1.05776640e-06],
     [ 7.92900067e-11]]), 2.1489740321001336), (1.899933257492152e-05, Vec([[ 4.44252272e-10],
     [-9.42249758e-07],
     [-3.26694873e-10]]), 2.1273804508132095), (1.9443332929432612e-05, Vec([[ 6.08927366e-09],
     [-7.32358532e-07],
     [-5.05014613e-10]]), 2.141525829673701), (1.9607849637535122e-05, Vec([[ 3.17302485e-09],
     [-5.48940451e-07],
     [-1.30635825e-09]]), 2.13338068360768), (1.9986879675055233e-05, Vec([[-1.52232713e-09],
     [-3.32317738e-07],
     [-2.22602011e-09]]), 2.157071796859658), (1.991264698360226e-05, Vec([[ 5.52928919e-09],
     [-1.20371039e-07],
     [-5.43910800e-10]]), 2.1404067716710498), (1.9925229435955643e-05, Vec([[4.72602355e-09],
     [1.18702916e-07],
     [7.09628181e-11]]), 2.1417592571665036), (1.9847220989527433e-05, Vec([[ 3.52134595e-09],
     [ 3.13869033e-07],
     [-8.01049710e-10]]), 2.141999218416387), (1.9629173282892644e-05, Vec([[-1.72306471e-09],
     [ 5.57151513e-07],
     [ 9.14961836e-10]]), 2.1357007469471463), (1.935097058904358e-05, Vec([[-4.16329485e-09],
     [ 7.42044035e-07],
     [-7.69054365e-10]]), 2.1313528650718965), (1.9288152208438577e-05, Vec([[1.46324501e-09],
     [9.39237063e-07],
     [4.18716832e-10]]), 2.1597199679900525), (1.852702760728126e-05, Vec([[3.91020903e-09],
     [1.03465036e-06],
     [1.75839463e-10]]), 2.118207737209302), (1.8213951154762384e-05, Vec([[ 1.79610821e-09],
     [ 1.06948748e-06],
     [-1.07954723e-09]]), 2.092417939906411), (1.8596302822234827e-05, Vec([[-3.61396561e-10],
     [ 1.06944377e-06],
     [ 1.55183827e-09]]), 2.0619692527827893), (1.912617132238349e-05, Vec([[-3.97018530e-10],
     [ 9.83620531e-07],
     [ 1.65956825e-10]]), 2.057381408567093), (1.9713677525725183e-05, Vec([[5.24551251e-10],
     [9.39852415e-07],
     [9.80231763e-10]]), 2.067162222558174), (1.9801146369634416e-05, Vec([[1.87689424e-10],
     [8.85931906e-07],
     [3.32881624e-11]]), 2.033303385714096), (2.0416402715001435e-05, Vec([[-3.63381956e-09],
     [ 8.48235361e-07],
     [-6.62710433e-10]]), 2.062050106212904), (2.0853273010141907e-05, Vec([[-1.63313495e-09],
     [ 8.06665269e-07],
     [-1.49595572e-09]]), 2.079980329405932), (2.130967043349425e-05, Vec([[ 4.85357139e-09],
     [ 7.66600593e-07],
     [-8.48706271e-10]]), 2.1049455862929887), (2.1172928267110768e-05, Vec([[ 1.43918950e-09],
     [ 7.36632493e-07],
     [-6.55285404e-10]]), 2.079698112869669), (2.1673710820304073e-05, Vec([[3.38824995e-09],
     [7.12533854e-07],
     [8.50437721e-10]]), 2.125514354512957), (2.185191565828422e-05, Vec([[ 5.52081486e-09],
     [ 6.92361235e-07],
     [-1.17719537e-10]]), 2.1482373996713293), (2.1902236369600228e-05, Vec([[-2.99341399e-09],
     [ 6.84232624e-07],
     [-4.23217085e-10]]), 2.1672170185497364), (2.183609896239826e-05, Vec([[-3.45691780e-09],
     [ 6.70050218e-07],
     [ 4.56980768e-10]]), 2.183697231299137), (2.160640751563132e-05, Vec([[-1.91755328e-09],
     [ 5.84887300e-07],
     [-7.77856587e-10]]), 2.1929254763791124), (2.1182168351603455e-05, Vec([[-5.70766608e-09],
     [ 4.90991571e-07],
     [-6.11439301e-11]]), 2.191346008690222), (2.0507976688165957e-05, Vec([[2.65596169e-09],
     [3.75999664e-07],
     [1.08589472e-09]]), 2.172256491009595), (2.0289760044284032e-05, Vec([[-5.52438423e-09],
     [ 2.93620016e-07],
     [ 5.35582992e-10]]), 2.210832514353714), (1.966941987673242e-05, Vec([[8.97201738e-09],
     [1.50835437e-07],
     [4.44368045e-10]]), 2.2157628891976717), (1.877338364016678e-05, Vec([[-1.93394781e-10],
     [ 2.63345864e-08],
     [ 1.16617143e-09]]), 2.1980544597448066), (1.9373566194309657e-05, Vec([[-1.78787340e-10],
     [ 1.11540190e-07],
     [-7.45642264e-12]]), 2.2234317156565626), (2.0189259828520894e-05, Vec([[4.61912409e-09],
     [1.87216088e-07],
     [6.06324293e-10]]), 2.235357076305215), (2.068363672474889e-05, Vec([[9.48324075e-10],
     [2.53025636e-07],
     [2.24333094e-09]]), 2.2207431480771698), (2.1324813254959846e-05, Vec([[2.31336639e-09],
     [3.93484481e-07],
     [1.90474179e-10]]), 2.231005918715974), (2.1985236570315926e-05, Vec([[ 1.01562840e-09],
     [ 5.04501230e-07],
     [-2.74487297e-10]]), 2.2515600846643746), (2.2267392629537605e-05, Vec([[4.09523455e-09],
     [6.46574343e-07],
     [6.03728867e-10]]), 2.242167871907125), (2.211085940419742e-05, Vec([[-1.73135091e-10],
     [ 6.38151402e-07],
     [ 1.54043747e-10]]), 2.1983481635479003), (2.200370233635172e-05, Vec([[4.63344171e-09],
     [6.59182791e-07],
     [1.71935152e-10]]), 2.1690927147732024), (2.1896939254730394e-05, Vec([[ 3.69662509e-09],
     [ 6.89256669e-07],
     [-6.85516868e-10]]), 2.148949192909449), (2.143524993326472e-05, Vec([[-1.13929533e-09],
     [ 7.14770875e-07],
     [-4.50941736e-10]]), 2.102736149403326), (2.1160025405184176e-05, Vec([[-7.51556879e-09],
     [ 7.33125873e-07],
     [ 1.60816551e-10]]), 2.0832314175835145), (2.1091699823568424e-05, Vec([[-4.69073322e-09],
     [ 8.41060746e-07],
     [ 4.05801490e-11]]), 2.092484838002802), (2.0633405367466116e-05, Vec([[ 1.91465902e-09],
     [ 8.02225195e-07],
     [-8.29371359e-10]]), 2.070086826823912), (2.031503220351293e-05, Vec([[-9.37111423e-10],
     [ 8.70329442e-07],
     [-6.57723095e-10]]), 2.0677586412189095), (1.9928273251316623e-05, Vec([[-8.50088491e-09],
     [ 9.11948282e-07],
     [-3.37220198e-10]]), 2.066743297441265), (1.954188563612256e-05, Vec([[1.26172037e-09],
     [9.68125070e-07],
     [4.63544077e-10]]), 2.0742412691320404), (1.8975587833554725e-05, Vec([[-3.97558100e-09],
     [ 1.03042590e-06],
     [ 1.05177049e-09]]), 2.0710843899314266), (1.8510488683169164e-05, Vec([[-3.54338001e-09],
     [ 1.09635775e-06],
     [-1.63969860e-09]]), 2.087761792786901), (1.8051521690472882e-05, Vec([[3.35567744e-09],
     [1.10523687e-06],
     [1.17940826e-09]]), 2.089018588372714), (1.883532278377243e-05, Vec([[ 4.51319893e-09],
     [ 1.01113353e-06],
     [-1.11780472e-10]]), 2.1299311706816644), (1.9440637476155888e-05, Vec([[2.73688221e-09],
     [8.86187839e-07],
     [1.44632729e-09]]), 2.157778085476614), (1.9599461631779416e-05, Vec([[-5.44230977e-09],
     [ 6.57769295e-07],
     [-1.35279811e-09]]), 2.1444346070597726), (1.974131330917273e-05, Vec([[-3.48037556e-09],
     [ 4.36824178e-07],
     [-4.61705359e-11]]), 2.1381234174164705), (1.9797366955009e-05, Vec([[5.01030828e-09],
     [2.33149511e-07],
     [6.94348130e-10]]), 2.1312348422624536), (2.0008951301017177e-05, Vec([[1.85036485e-09],
     [1.43132456e-10],
     [2.04862413e-09]]), 2.149675689333469)]