[(1.5161645086012215e-05, Vec([[-2.67577092e-09],
     [-1.26207566e-08],
     [-2.67209534e-11]]), 2.0720640747737478), (1.609165718512463e-05, Vec([[-6.76202951e-08],
     [-6.33057859e-09],
     [ 2.37743860e-11]]), 2.0965427137242627), (1.6422722955367924e-05, Vec([[-1.25150034e-07],
     [-1.19440500e-08],
     [-4.02627498e-10]]), 2.052177476762976), (1.701429078875215e-05, Vec([[-1.81960702e-07],
     [-1.72927147e-08],
     [-1.57489316e-09]]), 2.0505038316923545), (1.747748061277322e-05, Vec([[-2.35699843e-07],
     [-1.07433839e-08],
     [-5.74828948e-10]]), 2.041944543178985), (1.7827769548371506e-05, Vec([[-2.74522966e-07],
     [-1.79901375e-09],
     [ 1.83379262e-09]]), 2.029021493966281), (1.8032991661629206e-05, Vec([[-3.18388441e-07],
     [ 4.23230305e-09],
     [-6.64859624e-10]]), 2.008539341318837), (1.8257414595606234e-05, Vec([[-3.47727099e-07],
     [-1.32239207e-08],
     [ 1.16745767e-10]]), 1.99888826826022), (1.8518727582899973e-05, Vec([[-3.78975760e-07],
     [ 1.83761832e-09],
     [ 1.40033445e-09]]), 2.0014558976310517), (1.8657028587733375e-05, Vec([[-3.87318962e-07],
     [ 5.22201106e-09],
     [ 2.27153304e-09]]), 1.9987784974597838), (1.8735725205637762e-05, Vec([[-3.90269347e-07],
     [ 2.56573052e-09],
     [-3.29652261e-09]]), 1.9977919445787888), (1.867181600960452e-05, Vec([[-3.78715086e-07],
     [ 8.91509630e-09],
     [ 1.92479794e-09]]), 1.989653767239026), (1.8475054523340532e-05, Vec([[-3.44211159e-07],
     [ 8.49939972e-09],
     [-5.66236734e-11]]), 1.9753278376017356), (1.8334946640959554e-05, Vec([[-3.06566895e-07],
     [-1.28036443e-08],
     [-3.00898685e-09]]), 1.9749621521219045), (1.8322297587308123e-05, Vec([[-2.55265233e-07],
     [ 1.10929843e-09],
     [ 6.01841061e-10]]), 1.9965230925465423), (1.7818347254333532e-05, Vec([[-1.95976857e-07],
     [ 1.01721764e-08],
     [ 7.98475380e-10]]), 1.9724618456175462), (1.737793761869471e-05, Vec([[-1.19409669e-07],
     [-4.85699889e-09],
     [-3.06841220e-09]]), 1.9628021269745797), (1.707810675106019e-05, Vec([[-5.07174996e-08],
     [-1.87271283e-09],
     [-5.75334105e-10]]), 1.9770752250697075), (1.6587698657859453e-05, Vec([[ 2.71820195e-08],
     [-8.04607631e-09],
     [-4.66122313e-09]]), 1.977618771650625), (1.6378586162651394e-05, Vec([[ 9.23652882e-08],
     [-2.95016649e-09],
     [ 8.92222154e-10]]), 2.021153032201447), (1.587628375408411e-05, Vec([[ 1.36795794e-07],
     [-8.35195860e-09],
     [-2.61215074e-09]]), 2.038864193158709), (1.523729249479265e-05, Vec([[ 1.92496591e-07],
     [-3.38314851e-09],
     [-1.20732784e-10]]), 2.048377025336864), (1.4751099944702911e-05, Vec([[ 2.32404069e-07],
     [-3.57213789e-09],
     [-1.03663713e-09]]), 2.08919886624144), (1.435992527368257e-05, Vec([[ 3.05331440e-07],
     [ 3.87713081e-09],
     [-4.82422366e-10]]), 2.1580396965861786), (1.3577186554876345e-05, Vec([[ 3.27141598e-07],
     [ 1.34849494e-09],
     [-7.07702267e-10]]), 2.182524927576134), (1.3489660757684606e-05, Vec([[ 3.64162604e-07],
     [-1.21346034e-10],
     [-3.80541430e-10]]), 2.250393477403104), (1.4268355537856629e-05, Vec([[3.11118099e-07],
     [4.11063016e-09],
     [5.51109737e-10]]), 2.215325182536964), (1.4713112339197125e-05, Vec([[2.68889648e-07],
     [5.88925512e-09],
     [3.21931555e-10]]), 2.1445013060935705), (1.5199535350620267e-05, Vec([[ 2.37532292e-07],
     [-2.85307657e-09],
     [ 1.33038743e-09]]), 2.0955240807151654), (1.5710574683535955e-05, Vec([[ 1.59347003e-07],
     [-1.12256850e-08],
     [-1.15711144e-09]]), 2.062673995118331), (1.622361638150351e-05, Vec([[ 9.73969470e-08],
     [ 3.76782061e-09],
     [-1.78991811e-09]]), 2.040909648808869), (1.6586841598007975e-05, Vec([[3.44969281e-08],
     [4.45434551e-09],
     [7.95819789e-10]]), 2.010574359330745), (1.698026280170352e-05, Vec([[-2.26708076e-08],
     [-9.58585566e-09],
     [ 2.12714834e-10]]), 1.9936490111011296), (1.744160544071332e-05, Vec([[-1.14072396e-07],
     [ 6.84191249e-10],
     [ 1.30510564e-09]]), 1.9932677855601215), (1.776611574853713e-05, Vec([[-1.54716556e-07],
     [ 6.26580789e-09],
     [-2.28653235e-09]]), 1.9854618725203719), (1.8013636986527745e-05, Vec([[-2.18155466e-07],
     [ 1.59403474e-09],
     [-2.89263327e-09]]), 1.9773657568922876), (1.8327601398586488e-05, Vec([[-2.71986712e-07],
     [-1.64486537e-08],
     [-2.45819374e-09]]), 1.9845701438351153), (1.8563300304528242e-05, Vec([[-3.34096503e-07],
     [ 3.46096343e-09],
     [ 3.81101608e-09]]), 1.9911307658167887), (1.8405602605751686e-05, Vec([[-3.77932958e-07],
     [-7.64080397e-09],
     [ 3.51682962e-09]]), 1.9635995493733749), (1.876186155292644e-05, Vec([[-3.94256610e-07],
     [ 6.71362257e-10],
     [-1.51453902e-09]]), 1.9989068139918225), (1.8546401114321718e-05, Vec([[-4.08448223e-07],
     [-9.57571779e-10],
     [-2.59197512e-09]]), 1.9812565456299982), (1.8511925703667217e-05, Vec([[-3.98647391e-07],
     [-2.06698617e-09],
     [-1.91453355e-09]]), 1.9909357610461933), (1.8334480251689007e-05, Vec([[-3.59392871e-07],
     [-1.17997987e-08],
     [ 1.80465522e-09]]), 1.9933469142537148), (1.8398446044250054e-05, Vec([[-3.38461648e-07],
     [ 1.52993144e-08],
     [-1.23154508e-09]]), 2.0306136851634022), (1.8096037359294346e-05, Vec([[-3.03700832e-07],
     [-9.29469120e-09],
     [ 2.83325328e-09]]), 2.0362944195023376), (1.748584990635988e-05, Vec([[-2.54621153e-07],
     [-1.29466232e-08],
     [ 3.62666445e-10]]), 2.01515368767729), (1.7170701876047784e-05, Vec([[-2.08359701e-07],
     [-7.48108802e-09],
     [ 2.12246109e-10]]), 2.0362118338558277), (1.6566788710954793e-05, Vec([[-1.51561936e-07],
     [-1.88581803e-08],
     [ 1.30543702e-09]]), 2.031686626399734), (1.6175197642263328e-05, Vec([[-8.88098951e-08],
     [-1.42744778e-09],
     [ 5.85673102e-10]]), 2.0623986020817275), (1.555061347704936e-05, Vec([[-3.41582368e-08],
     [-5.91026225e-09],
     [ 4.09594364e-10]]), 2.073407957730938), (1.555811324415398e-05, Vec([[3.04568055e-08],
     [7.74213508e-09],
     [1.68120864e-09]]), 2.0744079232190393), (1.6027098899988853e-05, Vec([[ 9.23400627e-08],
     [-6.08368268e-09],
     [-4.59988077e-10]]), 2.043515454821821), (1.678709379824684e-05, Vec([[ 1.58846867e-07],
     [ 2.14731804e-08],
     [-1.30269213e-10]]), 2.058703986697394), (1.7283632441610686e-05, Vec([[ 2.17739592e-07],
     [-1.02457911e-08],
     [-1.75279689e-09]]), 2.049603863818446), (1.745948857451907e-05, Vec([[2.53493359e-07],
     [8.58245748e-09],
     [4.95040095e-10]]), 2.012115680639854), (1.7773952224398372e-05, Vec([[2.95124235e-07],
     [6.75335840e-09],
     [1.62362986e-09]]), 2.000051116630482), (1.829099217243538e-05, Vec([[ 3.46853639e-07],
     [-1.57641750e-10],
     [ 8.81657318e-10]]), 2.018754134519512), (1.8404565503775787e-05, Vec([[ 3.62269527e-07],
     [-4.00169869e-09],
     [-1.10544094e-09]]), 2.000966667803533), (1.848453884085239e-05, Vec([[ 3.69209275e-07],
     [-1.40214691e-08],
     [-7.48494681e-09]]), 1.987990336273334), (1.8774315927662822e-05, Vec([[ 4.04861273e-07],
     [-1.30568450e-08],
     [-6.90970816e-10]]), 2.0056040032847027), (1.880516367689572e-05, Vec([[ 3.79090230e-07],
     [-4.37192524e-10],
     [ 2.08080503e-09]]), 2.0035202640174687), (1.8622970264615118e-05, Vec([[ 3.73797107e-07],
     [-8.28488321e-10],
     [ 1.41365979e-10]]), 1.9867893924953375), (1.845123341412934e-05, Vec([[ 3.48166055e-07],
     [-1.02651676e-08],
     [ 6.98394241e-10]]), 1.9791102829477893), (1.828971008164762e-05, Vec([[2.88324063e-07],
     [6.64063930e-09],
     [1.70604475e-09]]), 1.9804671532324676), (1.8091907559151546e-05, Vec([[ 2.37731613e-07],
     [-1.29101607e-08],
     [-1.56250103e-09]]), 1.9859575559939582), (1.7620742875601865e-05, Vec([[ 1.97052714e-07],
     [-7.28005363e-09],
     [-2.98075407e-09]]), 1.9692156484949828), (1.7358630676941222e-05, Vec([[ 1.08054192e-07],
     [-3.85307935e-09],
     [ 9.52343302e-11]]), 1.9837852339565112), (1.6987133477639994e-05, Vec([[ 6.15187616e-08],
     [-2.03132094e-09],
     [-5.18616922e-10]]), 1.9944556956881894), (1.6716031266343732e-05, Vec([[-2.24515324e-08],
     [-1.88999957e-09],
     [-4.59034935e-10]]), 2.026234087743266), (1.621970632189835e-05, Vec([[-8.84645118e-08],
     [-1.45703321e-08],
     [ 1.25700008e-09]]), 2.0404177684421274), (1.5664394942759182e-05, Vec([[-1.58853782e-07],
     [ 5.18750936e-09],
     [ 4.91897231e-10]]), 2.0566109609951186), (1.506718877459523e-05, Vec([[-2.09802040e-07],
     [-5.97371354e-09],
     [ 8.68864440e-10]]), 2.07727777050481), (1.4531990842491521e-05, Vec([[-2.59149053e-07],
     [ 1.96290139e-10],
     [ 4.22667513e-10]]), 2.118102045536576), (1.4168586358187072e-05, Vec([[-3.23606090e-07],
     [ 1.14797703e-08],
     [-3.68073954e-10]]), 2.199834877744894), (1.321781112484926e-05, Vec([[-3.42389021e-07],
     [ 7.21164151e-11],
     [ 7.45688647e-11]]), 2.2050425488989465), (1.3752295757170295e-05, Vec([[-3.21990163e-07],
     [-4.75805666e-09],
     [ 5.64493035e-10]]), 2.210673631102436), (1.4236142865242569e-05, Vec([[-2.93377947e-07],
     [ 8.42636757e-09],
     [-5.27015498e-10]]), 2.1394374165560643), (1.489833181660578e-05, Vec([[-2.22129473e-07],
     [-1.93786209e-09],
     [ 1.90237812e-10]]), 2.1100513220587813), (1.5248179171806205e-05, Vec([[-1.86246014e-07],
     [ 1.21788984e-08],
     [ 1.45801233e-09]]), 2.049840541186838), (1.5900341631949045e-05, Vec([[-1.63380002e-07],
     [ 5.19972638e-09],
     [ 1.21319070e-09]]), 2.0419537540724573), (1.6098155463370683e-05, Vec([[-8.47190601e-08],
     [ 3.02099768e-09],
     [-4.50965720e-10]]), 1.9865472760913112), (1.6509561757282887e-05, Vec([[-2.07414989e-08],
     [ 2.75134457e-09],
     [ 1.23880896e-09]]), 1.9683031333257375), (1.7130893974228097e-05, Vec([[5.57764467e-08],
     [4.05705639e-10],
     [7.87053233e-10]]), 1.983186225114782), (1.7377439591970585e-05, Vec([[ 1.12781624e-07],
     [ 4.73963007e-09],
     [-2.66316322e-10]]), 1.9627458758857081), (1.7652778960463677e-05, Vec([[ 1.91769373e-07],
     [-4.98610177e-09],
     [-4.10033487e-09]]), 1.9541337067705022), (1.8066190419326984e-05, Vec([[ 2.49926025e-07],
     [ 1.22117234e-08],
     [-3.70168479e-09]]), 1.968615900634363), (1.8447516811917844e-05, Vec([[3.13194335e-07],
     [1.58013756e-09],
     [9.11466501e-10]]), 1.987087730202611), (1.8568120119086294e-05, Vec([[ 3.30696486e-07],
     [ 3.97914094e-09],
     [-4.62666746e-10]]), 1.9852782852048725), (1.8693188724786225e-05, Vec([[ 3.91419200e-07],
     [-4.07197052e-09],
     [ 2.10026505e-09]]), 1.9919312266599805), (1.8522295768668417e-05, Vec([[ 3.73916794e-07],
     [-3.72622780e-09],
     [ 1.03997852e-09]]), 1.9750339458766604), (1.881290529085734e-05, Vec([[ 4.00770537e-07],
     [-2.91363800e-09],
     [ 3.30516013e-09]]), 2.015477994970547), (1.859023939701001e-05, Vec([[3.92191093e-07],
     [1.32161891e-08],
     [3.33221852e-10]]), 2.0091847084502676), (1.841317696216642e-05, Vec([[ 3.52467780e-07],
     [ 1.77973304e-08],
     [-3.49348334e-09]]), 2.0159416996495994), (1.8109062846455852e-05, Vec([[3.17958379e-07],
     [3.50373587e-09],
     [1.51518512e-10]]), 2.0170122542071716), (1.7717650100804227e-05, Vec([[2.82242622e-07],
     [1.91091965e-09],
     [2.14549138e-09]]), 2.0164885337767595), (1.744144086961936e-05, Vec([[ 2.40763217e-07],
     [ 2.05672900e-09],
     [-4.60871195e-10]]), 2.03773391588658), (1.7230002913331037e-05, Vec([[ 1.83652038e-07],
     [-1.82157627e-09],
     [-5.87297403e-10]]), 2.0765007153405346), (1.660689113993152e-05, Vec([[1.22145120e-07],
     [1.49163837e-08],
     [2.83020561e-10]]), 2.0751910660030113), (1.587923538241261e-05, Vec([[ 6.07280662e-08],
     [ 2.88485425e-08],
     [-1.45192435e-09]]), 2.068866795850264), (1.5497483749969604e-05, Vec([[-3.19228143e-10],
     [ 2.40605101e-08],
     [ 2.12084559e-11]]), 2.1179614181397466)]