[(1.9945915302742538e-05, Vec([[-5.17915716e-09],
     [ 1.73732965e-08],
     [ 1.01552541e-09]]), 2.1429033727335014), (1.9747470182086935e-05, Vec([[-1.39483386e-09],
     [-2.01930656e-07],
     [-1.56283423e-09]]), 2.1258633329496432), (1.9699853083462858e-05, Vec([[ 9.42182278e-09],
     [-4.53907733e-07],
     [-1.97325617e-11]]), 2.1336329826569727), (1.9512707167001436e-05, Vec([[ 7.97517308e-09],
     [-6.63771945e-07],
     [-6.53517219e-10]]), 2.134942546508211), (1.9337613477169165e-05, Vec([[-1.93655316e-09],
     [-8.47222204e-07],
     [ 2.14877664e-09]]), 2.146343124685623), (1.9113341032705664e-05, Vec([[-1.44027702e-09],
     [-1.02277358e-06],
     [ 9.74689541e-10]]), 2.1613699594520597), (1.8108025944116254e-05, Vec([[ 1.10361320e-09],
     [-1.10162112e-06],
     [ 1.62638072e-10]]), 2.0955575626601526), (1.8614979380473e-05, Vec([[-5.06046703e-09],
     [-1.07929358e-06],
     [-8.28070641e-10]]), 2.0995470940432073), (1.9137360284604932e-05, Vec([[ 2.02760689e-09],
     [-1.04467045e-06],
     [-9.10502879e-10]]), 2.0887409917205195), (1.934766990893778e-05, Vec([[-8.18175310e-10],
     [-9.84615381e-07],
     [ 2.65878632e-10]]), 2.0536265606058324), (1.9991351851565067e-05, Vec([[ 2.78280558e-09],
     [-9.51631403e-07],
     [ 8.35954077e-10]]), 2.0732851223465834), (2.0246341915547875e-05, Vec([[ 2.90430696e-09],
     [-8.88569836e-07],
     [ 4.54570375e-10]]), 2.0607670236283164), (2.0392412709384138e-05, Vec([[ 1.45291346e-10],
     [-8.33082809e-07],
     [ 1.07081749e-09]]), 2.04590876615132), (2.0767065541062238e-05, Vec([[-4.81335412e-09],
     [-7.73398881e-07],
     [ 2.58020749e-10]]), 2.0602782202468894), (2.1353615443268685e-05, Vec([[-1.58398484e-09],
     [-7.62300001e-07],
     [-5.90029201e-10]]), 2.1022906030876127), (2.1570448285735212e-05, Vec([[-2.28247478e-09],
     [-7.13824187e-07],
     [-6.85836044e-10]]), 2.115998717554599), (2.154844341662887e-05, Vec([[-9.53643961e-10],
     [-6.90196280e-07],
     [ 9.52835706e-10]]), 2.114748072775329), (2.1915305013716825e-05, Vec([[ 5.42577164e-10],
     [-6.61519640e-07],
     [-1.06211107e-09]]), 2.1603786363148676), (2.2024676831198256e-05, Vec([[-4.42058120e-10],
     [-6.16320180e-07],
     [ 8.71895726e-10]]), 2.1897795549009382), (2.1991399424320835e-05, Vec([[-2.28214786e-09],
     [-5.50746531e-07],
     [-2.06130574e-10]]), 2.214377321486738), (2.179556762157627e-05, Vec([[ 3.43185321e-09],
     [-4.73076278e-07],
     [-3.59937263e-10]]), 2.2321356389497886), (2.125884882020234e-05, Vec([[-1.21959763e-09],
     [-3.79212760e-07],
     [ 1.10229360e-09]]), 2.224104707314533), (2.072101359767316e-05, Vec([[ 2.23279881e-09],
     [-2.85638350e-07],
     [-1.65750478e-09]]), 2.2247561964374603), (2.0054216945184275e-05, Vec([[-1.09797688e-09],
     [-1.87711489e-07],
     [-3.44901829e-11]]), 2.220405113358819), (1.9567099049437124e-05, Vec([[ 2.01320571e-09],
     [-8.55411661e-08],
     [-8.06045494e-10]]), 2.245642757433603), (1.8974040302134285e-05, Vec([[-4.75959360e-09],
     [-8.31592815e-08],
     [ 8.59022404e-10]]), 2.221548054675216), (1.9568869058770724e-05, Vec([[ 3.50931834e-09],
     [-1.53008899e-07],
     [-4.56550975e-10]]), 2.204435825546875), (2.0195359893899837e-05, Vec([[ 5.04025057e-09],
     [-2.61763013e-07],
     [ 2.95925645e-10]]), 2.2005463936024707), (2.0717579620594575e-05, Vec([[-1.46032922e-09],
     [-3.78864281e-07],
     [ 1.50816956e-09]]), 2.194458160995178), (2.109481389146181e-05, Vec([[ 2.64805218e-09],
     [-4.69562906e-07],
     [-4.46379436e-10]]), 2.182308980733724), (2.174667818288846e-05, Vec([[-2.55216669e-09],
     [-5.87111211e-07],
     [ 1.63947500e-09]]), 2.2071621383320235), (2.1806245733376712e-05, Vec([[ 4.86330087e-09],
     [-6.54601418e-07],
     [ 4.73308074e-10]]), 2.1807117889968306), (2.1716042170475604e-05, Vec([[ 5.71680132e-09],
     [-6.67503502e-07],
     [-1.27742848e-10]]), 2.148793181353905), (2.170785783657877e-05, Vec([[-8.42517284e-10],
     [-7.09590467e-07],
     [ 1.71385946e-10]]), 2.134075236264592), (2.164369153133292e-05, Vec([[-4.62186286e-09],
     [-6.92658912e-07],
     [ 1.93908268e-10]]), 2.1225703994999248), (2.140259930709525e-05, Vec([[-1.26835325e-09],
     [-7.42700682e-07],
     [-2.53725862e-10]]), 2.102257412292531), (2.115527474684733e-05, Vec([[-2.61789092e-09],
     [-7.63569175e-07],
     [ 3.34091080e-09]]), 2.0896945517842958), (2.085173993715071e-05, Vec([[-2.62883833e-09],
     [-7.94889807e-07],
     [-6.19892532e-10]]), 2.0798274152008727), (2.043474571961323e-05, Vec([[-3.39965372e-09],
     [-8.61748325e-07],
     [-8.47891750e-10]]), 2.063902743777709), (2.0032454679691095e-05, Vec([[-5.03857168e-09],
     [-8.87333407e-07],
     [ 1.60836097e-09]]), 2.057055544362006), (1.9595530851613425e-05, Vec([[-5.28627451e-09],
     [-9.62839399e-07],
     [ 1.90156700e-09]]), 2.054773446231381), (1.9194203190467272e-05, Vec([[-3.47199837e-09],
     [-1.01363432e-06],
     [ 1.14610057e-10]]), 2.0646995224868334), (1.8700361423157577e-05, Vec([[-2.60512904e-09],
     [-1.05128085e-06],
     [ 1.20662433e-09]]), 2.0735073331013), (1.8407427925444396e-05, Vec([[-1.39307475e-10],
     [-1.10037567e-06],
     [ 9.33872242e-11]]), 2.114644543156323), (1.8553974366218033e-05, Vec([[ 2.95057291e-09],
     [-1.05167965e-06],
     [-6.50413876e-10]]), 2.121288578587773), (1.941450640806174e-05, Vec([[-8.14959604e-10],
     [-9.78368115e-07],
     [-1.23990200e-09]]), 2.173868015196262), (1.9555719488708176e-05, Vec([[-2.09811223e-09],
     [-7.49689557e-07],
     [ 8.83542788e-10]]), 2.153904299994108), (1.999546050226613e-05, Vec([[-3.31671773e-09],
     [-5.58233487e-07],
     [-3.65126123e-10]]), 2.1755536677369864), (1.9872077384622936e-05, Vec([[-1.05198175e-08],
     [-3.50728322e-07],
     [ 1.83656758e-10]]), 2.144681829694575), (1.9752065187257356e-05, Vec([[-6.69837450e-10],
     [-9.52897265e-08],
     [ 6.31198512e-10]]), 2.123145863837612), (1.9821260215119877e-05, Vec([[6.09837355e-09],
     [1.11141366e-07],
     [7.70351603e-10]]), 2.130583624690043), (1.989150864119025e-05, Vec([[-5.10513607e-09],
     [ 3.14455325e-07],
     [-1.27234107e-09]]), 2.146778936206464), (1.9839457631379376e-05, Vec([[ 1.64672164e-10],
     [ 5.46189024e-07],
     [-4.33165614e-10]]), 2.1585801842857437), (1.963537987323218e-05, Vec([[-6.08577406e-09],
     [ 7.21221051e-07],
     [-1.29423879e-09]]), 2.1626782469135506), (1.9146595619384522e-05, Vec([[ 1.49226808e-09],
     [ 9.53362360e-07],
     [-8.98764677e-10]]), 2.1438696890894717), (1.8606555004836378e-05, Vec([[8.97427237e-10],
     [1.03880977e-06],
     [1.27657507e-09]]), 2.1273001589615737), (1.8252060189762785e-05, Vec([[2.35891673e-09],
     [1.08843674e-06],
     [1.66347620e-09]]), 2.0967959042387965), (1.8796434886036776e-05, Vec([[ 5.90329208e-10],
     [ 1.04184217e-06],
     [-1.75884023e-09]]), 2.0841600165061127), (1.8955895511608722e-05, Vec([[ 2.46187041e-09],
     [ 9.71260563e-07],
     [-2.00616280e-09]]), 2.039065025140855), (1.939686109939583e-05, Vec([[ 6.15491213e-09],
     [ 9.39001865e-07],
     [-7.89396630e-10]]), 2.0339410771306246), (1.9905428020907562e-05, Vec([[-1.34128329e-09],
     [ 8.86340445e-07],
     [ 3.04836710e-10]]), 2.0440116664693306), (2.0392735801605335e-05, Vec([[ 3.68186991e-09],
     [ 8.66824061e-07],
     [-6.38574181e-10]]), 2.0596597555735965), (2.0883233674969728e-05, Vec([[ 1.42626883e-09],
     [ 7.87684174e-07],
     [-7.01513362e-10]]), 2.0829687136978117), (2.094491672178987e-05, Vec([[-4.77587081e-09],
     [ 7.46611701e-07],
     [ 7.57069991e-10]]), 2.068915619619768), (2.1291313267570908e-05, Vec([[-8.65223501e-09],
     [ 7.53410827e-07],
     [ 2.31820177e-10]]), 2.0913264081599094), (2.1283362805214696e-05, Vec([[-2.17330911e-09],
     [ 7.13223365e-07],
     [ 4.43876531e-11]]), 2.0872334013246894), (2.1720129744875944e-05, Vec([[ 1.18389260e-09],
     [ 6.82749284e-07],
     [-1.00382575e-09]]), 2.1352816738502765), (2.1804984561662538e-05, Vec([[-5.69849121e-09],
     [ 6.74894423e-07],
     [ 3.79488679e-10]]), 2.157593993316576), (2.1702546790682143e-05, Vec([[-9.39415361e-10],
     [ 6.58237791e-07],
     [-1.46832085e-09]]), 2.1703414799759417), (2.166877987436973e-05, Vec([[ 2.65236862e-09],
     [ 5.76834023e-07],
     [-5.00513152e-10]]), 2.1992559102747222), (2.1298054502632766e-05, Vec([[-4.05703323e-09],
     [ 4.63177582e-07],
     [-8.93287002e-10]]), 2.2033347083504875), (2.0751521546138825e-05, Vec([[-6.00183205e-09],
     [ 3.63704409e-07],
     [ 1.02514016e-09]]), 2.1980533751502356), (2.007837836371305e-05, Vec([[ 2.39787918e-09],
     [ 2.41802589e-07],
     [-4.30954127e-10]]), 2.1877997386419725), (1.9548332119074697e-05, Vec([[ 3.67629593e-09],
     [ 1.49898110e-07],
     [-8.66919233e-10]]), 2.202122336429182), (1.9037830130130046e-05, Vec([[-2.89085443e-09],
     [ 3.73427742e-08],
     [-4.80965447e-10]]), 2.2290167943867067), (1.9460278805738726e-05, Vec([[8.15520512e-09],
     [1.13873579e-07],
     [7.32469056e-10]]), 2.2333833976786073), (2.006753105289612e-05, Vec([[3.55361385e-09],
     [1.76981129e-07],
     [9.06662088e-10]]), 2.2218792528340248), (2.0589282951252552e-05, Vec([[-1.83745854e-09],
     [ 3.20596015e-07],
     [-2.70405194e-10]]), 2.210612652227932), (2.1222095601688862e-05, Vec([[ 8.23817918e-10],
     [ 3.94593143e-07],
     [-6.22634519e-10]]), 2.220259578775535), (2.1609858444730356e-05, Vec([[-3.02196091e-10],
     [ 4.77901717e-07],
     [-8.15971348e-10]]), 2.213116722841934), (2.1913755994692952e-05, Vec([[2.05831028e-09],
     [5.63802217e-07],
     [5.07640469e-10]]), 2.206559181021321), (2.1963104807247736e-05, Vec([[ 9.79431993e-10],
     [ 6.46635993e-07],
     [-2.91933116e-09]]), 2.1836578233434647), (2.193694070320179e-05, Vec([[-7.16486333e-09],
     [ 6.75030153e-07],
     [-4.06410656e-10]]), 2.1625114508623273), (2.170267707518341e-05, Vec([[ 3.95314201e-09],
     [ 6.60360523e-07],
     [-1.00655841e-09]]), 2.129884448330585), (2.128721463843848e-05, Vec([[-1.28036482e-10],
     [ 6.68654557e-07],
     [-6.47391231e-11]]), 2.0882143142585137), (2.1238235438669207e-05, Vec([[-3.76085139e-09],
     [ 7.56415634e-07],
     [ 1.46840529e-10]]), 2.0909312948665715), (2.095023922846763e-05, Vec([[-3.96883764e-09],
     [ 7.81168867e-07],
     [ 7.87005136e-10]]), 2.0784506846202233), (2.0636987995020578e-05, Vec([[ 1.28936848e-10],
     [ 8.39750726e-07],
     [-8.65996638e-11]]), 2.07044626095385), (2.020547854075187e-05, Vec([[-4.71615486e-09],
     [ 8.76314973e-07],
     [ 1.59225723e-09]]), 2.056607758927313), (1.9883843681664423e-05, Vec([[ 3.91160380e-09],
     [ 9.14531548e-07],
     [-1.03245058e-09]]), 2.062135546728051), (1.959356901019196e-05, Vec([[ 3.07995567e-09],
     [ 1.02789947e-06],
     [-3.87800257e-10]]), 2.0797271157600945), (1.9129862863144917e-05, Vec([[ 2.72122769e-09],
     [ 1.05426598e-06],
     [-1.22689779e-09]]), 2.087922688082879), (1.8577027359267123e-05, Vec([[-4.03246760e-09],
     [ 1.09211846e-06],
     [-9.83640674e-10]]), 2.0952665598450637), (1.852741259290411e-05, Vec([[2.00647671e-09],
     [1.13278083e-06],
     [5.75731682e-11]]), 2.144091227580797), (1.8913209836656094e-05, Vec([[ 2.24025214e-09],
     [ 1.02497489e-06],
     [-1.42550337e-09]]), 2.1387387745456325), (1.938655669507971e-05, Vec([[3.56593759e-10],
     [8.71001691e-07],
     [9.35589220e-10]]), 2.1517754878563062), (1.948905376114792e-05, Vec([[-2.64700733e-11],
     [ 6.68907128e-07],
     [ 8.41647333e-10]]), 2.132354557968523), (1.9869268448635607e-05, Vec([[-3.90116341e-09],
     [ 4.62832614e-07],
     [ 1.97079882e-10]]), 2.151981861167386), (2.002633425737771e-05, Vec([[-1.36804891e-09],
     [ 2.46658430e-07],
     [-1.10025614e-09]]), 2.1558837308573873), (2.0341251148824733e-05, Vec([[ 2.52844466e-09],
     [-1.97446665e-08],
     [-1.65570113e-10]]), 2.185376556093278)]