[(1.5136628698185614e-05, Vec([[-1.61903968e-09],
     [ 2.73824137e-09],
     [ 3.36017154e-10]]), 2.068645213680374), (1.5922477621478572e-05, Vec([[-6.78375194e-08],
     [ 1.22951370e-09],
     [ 6.64340429e-10]]), 2.0745007215669182), (1.6520992674328375e-05, Vec([[-1.25836431e-07],
     [ 2.62772240e-09],
     [-7.70226533e-10]]), 2.0644572250389803), (1.7003650827878027e-05, Vec([[-1.83711432e-07],
     [ 7.57937465e-09],
     [ 7.15226088e-10]]), 2.049221540187388), (1.741335646470838e-05, Vec([[-2.38289645e-07],
     [-1.10743020e-08],
     [-1.48293002e-10]]), 2.0344527337398532), (1.779883915899852e-05, Vec([[-2.83670227e-07],
     [ 3.06204608e-08],
     [ 2.64004920e-09]]), 2.0257288565049696), (1.8237179790904487e-05, Vec([[-3.21274308e-07],
     [-3.41141166e-09],
     [-5.51513565e-10]]), 2.0312820951766093), (1.8500542062301033e-05, Vec([[-3.54151590e-07],
     [-1.38411092e-08],
     [ 5.33351730e-10]]), 2.0255067491148435), (1.85834782466407e-05, Vec([[-3.85616249e-07],
     [ 1.80592288e-08],
     [ 2.95421338e-09]]), 2.0084539809086017), (1.8706333174695227e-05, Vec([[-4.06117587e-07],
     [-5.76668671e-09],
     [-3.68142152e-09]]), 2.0040606327034567), (1.866041425990783e-05, Vec([[-3.91614175e-07],
     [-2.21785987e-09],
     [ 2.07087965e-10]]), 1.989761532141239), (1.8636921506828187e-05, Vec([[-3.72836099e-07],
     [ 9.53076653e-11],
     [ 8.44643501e-10]]), 1.9859354369561468), (1.8739194588896975e-05, Vec([[-3.73026383e-07],
     [-8.74096254e-09],
     [-1.72154230e-10]]), 2.0035693360969318), (1.8371362440120746e-05, Vec([[-2.99182696e-07],
     [ 4.46872700e-09],
     [-1.59731452e-10]]), 1.9788847064925816), (1.8127444053988256e-05, Vec([[-2.47739191e-07],
     [-4.20285460e-09],
     [-2.15301041e-09]]), 1.9752905163871588), (1.769883275057624e-05, Vec([[-1.62804158e-07],
     [-2.68709060e-09],
     [-2.94109595e-09]]), 1.9592317858766322), (1.7068295158770346e-05, Vec([[-1.21623660e-07],
     [ 6.37097582e-09],
     [ 1.84415751e-09]]), 1.9278286512793186), (1.7044354719165243e-05, Vec([[-5.06139931e-08],
     [ 2.66896861e-09],
     [-2.24980883e-10]]), 1.973167865370652), (1.6886643688312532e-05, Vec([[ 3.28438231e-08],
     [ 9.28539438e-11],
     [-7.02552803e-10]]), 2.013259598995626), (1.6380801218020884e-05, Vec([[ 9.64607441e-08],
     [-1.81916866e-09],
     [-4.59281578e-10]]), 2.0214263748350585), (1.5819628437266658e-05, Vec([[ 1.55490789e-07],
     [ 5.38879192e-09],
     [-7.00450368e-10]]), 2.031588403773712), (1.526937032511801e-05, Vec([[ 2.05020779e-07],
     [-1.00553742e-09],
     [-7.08064772e-10]]), 2.052689306582602), (1.4908167202408555e-05, Vec([[ 2.34587037e-07],
     [-1.34812211e-09],
     [-2.23987190e-10]]), 2.1114443081374605), (1.4299971089657322e-05, Vec([[ 2.78472237e-07],
     [ 1.63981945e-09],
     [-4.65033662e-10]]), 2.149029656029767), (1.3746965105331295e-05, Vec([[3.30769288e-07],
     [4.14092385e-12],
     [4.23445911e-10]]), 2.2098167318861064), (1.341548075787547e-05, Vec([[ 3.49079796e-07],
     [-1.61530724e-09],
     [ 3.51240653e-10]]), 2.238018504398008), (1.4205489880210762e-05, Vec([[ 3.20544792e-07],
     [ 9.27769929e-10],
     [-8.34087634e-10]]), 2.205564571082468), (1.4525785869655779e-05, Vec([[ 2.49130046e-07],
     [-4.69714672e-09],
     [-3.11915071e-10]]), 2.1171976432562323), (1.5329415111695643e-05, Vec([[ 2.18764024e-07],
     [-3.64252443e-09],
     [ 5.27340542e-10]]), 2.113430296968011), (1.568398907195411e-05, Vec([[1.57089439e-07],
     [6.21376035e-09],
     [3.86347139e-10]]), 2.059183514931654), (1.6216811050858115e-05, Vec([[8.91513488e-08],
     [6.35639664e-09],
     [1.53660520e-09]]), 2.0400535471450403), (1.652795816521335e-05, Vec([[ 5.21621799e-08],
     [-5.65693872e-09],
     [ 1.25430382e-09]]), 2.0034368027641913), (1.6930558608345238e-05, Vec([[-2.39867798e-08],
     [ 2.26724947e-09],
     [-8.51744812e-10]]), 1.9878132524268661), (1.740802709135563e-05, Vec([[-1.07278340e-07],
     [ 5.43958665e-09],
     [ 1.44240028e-10]]), 1.9894303726399365), (1.761652022682494e-05, Vec([[-1.68253353e-07],
     [ 1.80744613e-09],
     [ 2.60896008e-10]]), 1.968743744097517), (1.7989393368519307e-05, Vec([[-2.39726026e-07],
     [ 3.93826672e-09],
     [-2.90923515e-09]]), 1.9747045230665523), (1.8472385565906143e-05, Vec([[-2.87470058e-07],
     [-3.00399948e-09],
     [-2.18519868e-09]]), 2.0002478274290403), (1.861358518881755e-05, Vec([[-3.15475099e-07],
     [ 5.67245325e-09],
     [ 4.71446231e-10]]), 1.9965244069539498), (1.878944456128712e-05, Vec([[-3.95451447e-07],
     [ 2.20630268e-09],
     [ 1.41588996e-09]]), 2.0045496832573066), (1.870025326186e-05, Vec([[-4.17018836e-07],
     [-8.62896382e-09],
     [ 2.98937384e-09]]), 1.992343007278736), (1.8643442352974655e-05, Vec([[-3.93835194e-07],
     [-2.04802095e-09],
     [ 3.58599580e-09]]), 1.9916231708362604), (1.8350314100561735e-05, Vec([[-3.83505391e-07],
     [-5.91462925e-09],
     [ 6.40875693e-10]]), 1.9735546238715251), (1.8256358036225392e-05, Vec([[-3.71163354e-07],
     [ 1.55743486e-09],
     [ 3.06792298e-09]]), 1.9848533723048116), (1.8065855626699094e-05, Vec([[-3.44590481e-07],
     [-7.06200995e-10],
     [ 1.11235789e-10]]), 1.9939060930217136), (1.7943120818400993e-05, Vec([[-3.07423003e-07],
     [-2.42183529e-08],
     [ 4.11953113e-09]]), 2.0190871661855883), (1.7507928166561408e-05, Vec([[-2.55079827e-07],
     [-1.72737837e-08],
     [ 3.30265681e-09]]), 2.0176980928792605), (1.6986040315802247e-05, Vec([[-2.04028100e-07],
     [ 6.22318944e-09],
     [ 1.06442802e-09]]), 2.014313482993726), (1.659220638026295e-05, Vec([[-1.50730857e-07],
     [-9.33767450e-09],
     [ 2.33444271e-09]]), 2.034803750648049), (1.6086089909858036e-05, Vec([[-9.72368935e-08],
     [-6.84468340e-09],
     [ 7.14267831e-10]]), 2.051037030692506), (1.54417377621608e-05, Vec([[-2.89845860e-08],
     [ 7.47673017e-09],
     [-3.78381951e-10]]), 2.058891245963473), (1.5589306752257167e-05, Vec([[ 3.12789577e-08],
     [ 1.02188414e-08],
     [-1.03307769e-09]]), 2.0785670432451497), (1.6142392619728455e-05, Vec([[9.48747443e-08],
     [5.73921385e-09],
     [5.31788534e-10]]), 2.058215838191386), (1.6760581257960176e-05, Vec([[1.52059691e-07],
     [6.42756395e-09],
     [2.65903111e-10]]), 2.0554525917244697), (1.7088465006413407e-05, Vec([[2.07833982e-07],
     [9.74784138e-09],
     [1.70337773e-09]]), 2.0264596589978883), (1.7587592312534963e-05, Vec([[ 2.66744848e-07],
     [-1.35536138e-08],
     [-8.45411020e-10]]), 2.026878973327965), (1.7832370436060042e-05, Vec([[ 3.06143062e-07],
     [-1.98497274e-08],
     [-1.72656973e-09]]), 2.0066247479754056), (1.813318126424292e-05, Vec([[ 3.33953291e-07],
     [-6.27988000e-09],
     [-2.33008044e-10]]), 2.001336740187787), (1.839824530932853e-05, Vec([[3.49876200e-07],
     [1.84307689e-09],
     [1.64621322e-09]]), 2.000279528603186), (1.851707176324148e-05, Vec([[ 3.95721237e-07],
     [ 5.60545198e-09],
     [-5.69388175e-10]]), 1.991489213679856), (1.8794163749014456e-05, Vec([[ 4.01679634e-07],
     [ 8.75369664e-09],
     [-3.54050689e-10]]), 2.0077242866608156), (1.884592055409561e-05, Vec([[ 3.98542219e-07],
     [-4.28643122e-09],
     [ 1.04708714e-09]]), 2.007862540998997), (1.870798949762071e-05, Vec([[ 3.73855562e-07],
     [-3.68047128e-09],
     [ 1.46191676e-09]]), 1.9958596593697124), (1.8360137375123813e-05, Vec([[3.13763632e-07],
     [1.23949585e-08],
     [1.36199650e-09]]), 1.9693391688176307), (1.8276145949212493e-05, Vec([[ 2.93024218e-07],
     [-8.45543685e-09],
     [-1.35393752e-09]]), 1.9789983864433853), (1.7921623535773138e-05, Vec([[ 2.36768624e-07],
     [-1.00047355e-08],
     [-7.70128935e-10]]), 1.9672653953255639), (1.7681402303008637e-05, Vec([[1.69605143e-07],
     [8.56321311e-09],
     [2.81255345e-09]]), 1.975994675606465), (1.7218748073045915e-05, Vec([[ 1.18868362e-07],
     [-2.95284004e-09],
     [ 1.01611718e-09]]), 1.967799120232488), (1.6754060190966044e-05, Vec([[2.17494459e-08],
     [5.41241106e-09],
     [1.81381581e-09]]), 1.9670906111239508), (1.652574038441018e-05, Vec([[-5.57235168e-08],
     [ 1.27153855e-09],
     [-1.73977195e-09]]), 2.003167974416665), (1.5982218985673142e-05, Vec([[-8.88350677e-08],
     [-8.09048132e-09],
     [-3.23670878e-09]]), 2.010542173224988), (1.5706287103608315e-05, Vec([[-1.48929263e-07],
     [ 1.99077463e-09],
     [ 7.67029886e-10]]), 2.0621110698404923), (1.5050955406973596e-05, Vec([[-2.17935019e-07],
     [-8.03578979e-09],
     [ 5.74550175e-10]]), 2.075039714407862), (1.4637539698277753e-05, Vec([[-2.60601459e-07],
     [-5.88437138e-09],
     [ 1.13510271e-09]]), 2.1334862588744463), (1.3946027364238533e-05, Vec([[-2.88540933e-07],
     [-1.00115730e-08],
     [ 2.30567187e-10]]), 2.1652800516763846), (1.3262258777529745e-05, Vec([[-3.49760451e-07],
     [-1.16539837e-10],
     [-3.49411825e-10]]), 2.212457465365327), (1.3881416182578542e-05, Vec([[-3.34530286e-07],
     [ 2.61070851e-09],
     [ 6.71279498e-10]]), 2.231429665202264), (1.4370779886533064e-05, Vec([[-2.85201050e-07],
     [ 1.42116596e-09],
     [-6.93250030e-10]]), 2.1596709505778255), (1.479966576609724e-05, Vec([[-2.48118078e-07],
     [ 3.02587407e-09],
     [-6.28222974e-10]]), 2.096077245438618), (1.5491883184687355e-05, Vec([[-1.98332892e-07],
     [-2.42362473e-10],
     [-1.16413196e-09]]), 2.0826021161936015), (1.577071659031941e-05, Vec([[-1.34703926e-07],
     [ 3.55399501e-09],
     [ 1.01733467e-09]]), 2.02530704631584), (1.642760952302338e-05, Vec([[-8.98671081e-08],
     [ 6.03306318e-09],
     [ 9.11652153e-10]]), 2.0272026211269254), (1.6634497784671966e-05, Vec([[-2.22867873e-08],
     [-1.14358029e-09],
     [ 1.09242442e-09]]), 1.983198257605261), (1.7257125500059032e-05, Vec([[ 5.72185597e-08],
     [ 6.93965338e-09],
     [-2.73425349e-09]]), 1.9977996261188244), (1.7704817045788206e-05, Vec([[ 1.07749862e-07],
     [-3.82754246e-09],
     [ 2.54213447e-09]]), 1.9997224824759794), (1.7944838275285832e-05, Vec([[ 1.89966341e-07],
     [ 5.12476619e-09],
     [-7.25206125e-10]]), 1.9864641943808947), (1.8228817261793707e-05, Vec([[ 2.68790536e-07],
     [-1.61165910e-08],
     [-5.04796630e-10]]), 1.986336835735737), (1.8308683231111303e-05, Vec([[3.06360784e-07],
     [1.24560875e-08],
     [2.02291435e-09]]), 1.972133169771879), (1.868675048343851e-05, Vec([[ 3.40117273e-07],
     [ 3.09036838e-09],
     [-1.33556053e-10]]), 1.9979620832848037), (1.865512102302545e-05, Vec([[ 3.88515909e-07],
     [ 1.30263795e-08],
     [-4.89925629e-09]]), 1.9878747628334577), (1.877168169275037e-05, Vec([[ 4.08632848e-07],
     [-3.69860254e-09],
     [-4.58687638e-10]]), 2.001625987804792), (1.8679297327560452e-05, Vec([[ 4.01465362e-07],
     [-1.12016463e-08],
     [ 2.69079689e-09]]), 2.001164208459935), (1.8530342507162803e-05, Vec([[ 3.78621973e-07],
     [ 6.99609406e-09],
     [-2.88570331e-09]]), 2.0027112084272343), (1.8363564857131565e-05, Vec([[3.61324510e-07],
     [8.60024325e-09],
     [1.05101206e-09]]), 2.0105099856356268), (1.7966190519960245e-05, Vec([[3.14740932e-07],
     [1.04621033e-08],
     [1.07023889e-09]]), 2.001098938550137), (1.8046531530326778e-05, Vec([[ 2.87744670e-07],
     [-5.97686580e-09],
     [ 6.48180747e-10]]), 2.0539193232906707), (1.7432113719233732e-05, Vec([[2.36625195e-07],
     [1.35005122e-08],
     [4.91786746e-10]]), 2.0366441979658276), (1.694757889900004e-05, Vec([[1.87207223e-07],
     [1.21107060e-09],
     [1.53154754e-09]]), 2.042463944091128), (1.6548952150268167e-05, Vec([[1.26762334e-07],
     [1.55348600e-09],
     [2.75541090e-10]]), 2.0679510309651756), (1.589742814551288e-05, Vec([[ 6.60718604e-08],
     [-7.76874964e-09],
     [-3.12839104e-11]]), 2.0712370865221064), (1.5059074222906944e-05, Vec([[-2.33149311e-09],
     [-1.38422691e-08],
     [ 2.78659938e-10]]), 2.0580462423186763)]