[(1.5302495444326753e-05, Vec([[ 1.33192356e-09],
     [ 9.41054499e-09],
     [-1.97436261e-09]]), 2.091313369011074), (1.605634852774976e-05, Vec([[-6.65697379e-08],
     [-2.19904284e-08],
     [-4.68530132e-10]]), 2.0919424349898206), (1.643726674127097e-05, Vec([[-1.24333316e-07],
     [-3.73133189e-09],
     [-9.85663967e-10]]), 2.0539948629502858), (1.6772399659373373e-05, Vec([[-1.79414550e-07],
     [ 1.65329973e-09],
     [ 8.66192092e-10]]), 2.0213519443876264), (1.738838405115995e-05, Vec([[-2.38533468e-07],
     [-2.40734474e-08],
     [ 3.45088361e-10]]), 2.0315351345329087), (1.785809996847311e-05, Vec([[-2.83313796e-07],
     [ 1.17285473e-08],
     [ 1.81587240e-09]]), 2.032473472304918), (1.822698368694591e-05, Vec([[-3.27835674e-07],
     [ 5.51191965e-09],
     [-4.25066375e-10]]), 2.0301464391349917), (1.835061266634497e-05, Vec([[-3.61998357e-07],
     [-8.22570544e-10],
     [-7.02451083e-10]]), 2.009091932598816), (1.8508761454128988e-05, Vec([[-3.96448597e-07],
     [-1.36531115e-08],
     [-7.06435659e-10]]), 2.0003787843620136), (1.882828198631932e-05, Vec([[-3.95436344e-07],
     [-1.20072155e-08],
     [-1.36890041e-10]]), 2.0171253424089066), (1.8693754244324256e-05, Vec([[-3.94086446e-07],
     [-9.87255537e-09],
     [-5.53567757e-09]]), 1.9933165774660646), (1.883884329669576e-05, Vec([[-3.90174646e-07],
     [ 2.93403686e-10],
     [-1.97480122e-09]]), 2.0074520612465214), (1.8576442964771044e-05, Vec([[-3.44261273e-07],
     [-8.33076195e-10],
     [-1.50449116e-09]]), 1.9861681526067996), (1.8383187709236436e-05, Vec([[-3.24263330e-07],
     [ 2.31943796e-08],
     [ 1.04457314e-09]]), 1.9801584739814913), (1.8249774424677876e-05, Vec([[-2.34402996e-07],
     [ 1.01653893e-08],
     [-3.19607368e-10]]), 1.988620471805566), (1.7728572862018822e-05, Vec([[-1.94668834e-07],
     [-1.74224313e-09],
     [ 1.05870972e-10]]), 1.9625239674840282), (1.749001289512881e-05, Vec([[-1.28786421e-07],
     [-5.78057932e-09],
     [-4.53310734e-12]]), 1.9754607977439729), (1.7090861570485353e-05, Vec([[-4.07152681e-08],
     [-5.03741897e-09],
     [ 7.54826398e-10]]), 1.978551807799474), (1.6670557658510252e-05, Vec([[2.49547140e-08],
     [1.04578946e-08],
     [1.19982789e-09]]), 1.9874973882367533), (1.6306462523955018e-05, Vec([[8.21354361e-08],
     [4.41681374e-09],
     [1.82034798e-09]]), 2.012252818862093), (1.620066330445576e-05, Vec([[1.47980815e-07],
     [2.32949672e-09],
     [9.30177716e-10]]), 2.080521665429292), (1.5342944087843157e-05, Vec([[ 1.97547367e-07],
     [ 1.18406431e-08],
     [-2.66033640e-10]]), 2.06257996171607), (1.4994212520933086e-05, Vec([[2.26909943e-07],
     [3.24117749e-09],
     [1.86811699e-09]]), 2.1236309099895747), (1.4363511455215502e-05, Vec([[2.89382927e-07],
     [4.90917177e-09],
     [1.30004275e-10]]), 2.15857863547059), (1.3534747704503917e-05, Vec([[ 3.34241443e-07],
     [-1.04973088e-09],
     [-7.48398801e-10]]), 2.175702906794352), (1.3436044266982042e-05, Vec([[ 3.49807972e-07],
     [-4.06337560e-09],
     [ 3.04264238e-10]]), 2.241448982569195), (1.4047035499275143e-05, Vec([[3.06355070e-07],
     [1.05954338e-08],
     [6.94460876e-10]]), 2.180962718441591), (1.470557761030834e-05, Vec([[ 2.51961815e-07],
     [ 4.60433395e-09],
     [-1.37094131e-10]]), 2.143403085977354), (1.519359705588981e-05, Vec([[ 2.07761433e-07],
     [-1.52840099e-11],
     [ 9.68882737e-10]]), 2.0947053820300403), (1.57674869480384e-05, Vec([[ 1.56623511e-07],
     [ 1.07298457e-08],
     [-1.34913121e-10]]), 2.0701461245825383), (1.6183117776164835e-05, Vec([[1.00641127e-07],
     [9.80410039e-09],
     [1.88244456e-10]]), 2.035814977407908), (1.6438018940651697e-05, Vec([[ 4.51293959e-08],
     [ 3.37571279e-10],
     [-2.88099975e-09]]), 1.9925348177338724), (1.6983728568592145e-05, Vec([[-2.87675854e-08],
     [ 7.95167834e-09],
     [-2.65977745e-10]]), 1.994055926047671), (1.7254807667152018e-05, Vec([[-1.04832162e-07],
     [-9.28536790e-09],
     [-1.77987599e-09]]), 1.9719200956516596), (1.7692511791139253e-05, Vec([[-1.71077037e-07],
     [-5.64784795e-09],
     [ 1.43041055e-09]]), 1.977236222459968), (1.7957726174837653e-05, Vec([[-2.27209455e-07],
     [-1.25590484e-08],
     [ 1.32561699e-09]]), 1.9712283997023583), (1.85956826253216e-05, Vec([[-2.79208251e-07],
     [ 6.89973158e-09],
     [-1.71244839e-09]]), 2.01359881960838), (1.8404263303171345e-05, Vec([[-3.19127008e-07],
     [ 4.24761773e-09],
     [-2.75092043e-10]]), 1.974072189964966), (1.883638796453611e-05, Vec([[-3.70121057e-07],
     [-3.57626736e-09],
     [ 2.71234152e-09]]), 2.009557834712069), (1.869403879095411e-05, Vec([[-3.84556215e-07],
     [-5.95745020e-09],
     [-4.52043784e-09]]), 1.9916809115584317), (1.8884495531123002e-05, Vec([[-4.01057365e-07],
     [-1.34727880e-08],
     [-1.23122544e-10]]), 2.0173741606971736), (1.870474547181744e-05, Vec([[-3.88742557e-07],
     [ 1.52241109e-08],
     [ 3.86128267e-10]]), 2.0116732995385216), (1.8312210561243788e-05, Vec([[-3.56487176e-07],
     [ 1.08642609e-10],
     [-1.78464679e-09]]), 1.9909257265177671), (1.821986156443613e-05, Vec([[-3.39249082e-07],
     [-1.73191162e-08],
     [ 4.36107941e-09]]), 2.010903537480507), (1.788834011447095e-05, Vec([[-3.03770375e-07],
     [-7.35674294e-09],
     [-2.02647669e-09]]), 2.0129228529995378), (1.746186973497706e-05, Vec([[-2.57319951e-07],
     [-4.89889024e-09],
     [-1.20197443e-09]]), 2.0123900970567594), (1.7243710842059562e-05, Vec([[-2.13838558e-07],
     [ 2.33179822e-09],
     [-1.13643220e-09]]), 2.0448697047829407), (1.659593129476165e-05, Vec([[-1.55494852e-07],
     [-2.21471708e-08],
     [ 7.01575156e-10]]), 2.035260559695568), (1.6049566647740657e-05, Vec([[-9.41694306e-08],
     [ 3.67714467e-09],
     [-6.85237843e-10]]), 2.046380177255517), (1.549387561708458e-05, Vec([[-2.70325463e-08],
     [ 4.65554080e-09],
     [ 1.30267063e-09]]), 2.065842935905322), (1.5488927587571083e-05, Vec([[3.55145098e-08],
     [1.60387708e-08],
     [4.67938575e-10]]), 2.065183200919078), (1.5964772593277723e-05, Vec([[ 9.16674708e-08],
     [-1.83562481e-08],
     [-1.48804811e-09]]), 2.035568616045762), (1.6974906774832207e-05, Vec([[ 1.59205761e-07],
     [ 9.45066881e-09],
     [-9.13349615e-10]]), 2.0817366407289204), (1.7008591284159574e-05, Vec([[ 2.15869515e-07],
     [-7.72431997e-09],
     [-2.89643335e-10]]), 2.016987721296015), (1.7557916724381933e-05, Vec([[ 2.54577978e-07],
     [-2.51227449e-09],
     [ 5.19050597e-10]]), 2.023459015406513), (1.8067948983112207e-05, Vec([[ 3.00895402e-07],
     [ 8.89799604e-09],
     [-6.83765016e-10]]), 2.033133716275607), (1.8227954934446073e-05, Vec([[ 3.44257360e-07],
     [ 3.75517511e-09],
     [-1.84986764e-09]]), 2.0117967926968316), (1.831600855044822e-05, Vec([[ 3.61122734e-07],
     [-2.92199906e-09],
     [-2.39230446e-10]]), 1.9913386485072155), (1.8708639850111488e-05, Vec([[3.85349324e-07],
     [4.05506973e-09],
     [3.18717323e-09]]), 2.0120921353277725), (1.8864972171593595e-05, Vec([[ 3.91629511e-07],
     [-1.85085524e-08],
     [-2.31130022e-10]]), 2.015288538606834), (1.880574554973696e-05, Vec([[ 3.98786756e-07],
     [-1.51680716e-08],
     [ 1.63795069e-09]]), 2.0035822573108293), (1.863208774684014e-05, Vec([[3.70994886e-07],
     [5.11241708e-10],
     [2.82432385e-09]]), 1.9877620900142374), (1.8411070944630423e-05, Vec([[3.29138711e-07],
     [1.07399826e-09],
     [1.68453388e-09]]), 1.9748023890205997), (1.820925072315698e-05, Vec([[ 2.82920875e-07],
     [-3.11594841e-09],
     [ 1.71943444e-09]]), 1.9717547616226758), (1.8104318800480574e-05, Vec([[ 2.21621336e-07],
     [-2.22686193e-08],
     [-1.79885789e-09]]), 1.987319944034913), (1.7787874973270935e-05, Vec([[ 1.63194521e-07],
     [-2.51002002e-09],
     [-7.99933280e-10]]), 1.9878935864468175), (1.7247825056527343e-05, Vec([[ 1.02754476e-07],
     [ 5.34023244e-09],
     [-3.13032435e-09]]), 1.9711221064490838), (1.6817422063271328e-05, Vec([[ 3.91592023e-08],
     [-5.01849765e-10],
     [ 2.95970101e-09]]), 1.9745299149520559), (1.6508209755471674e-05, Vec([[-4.12742208e-08],
     [-6.37526686e-09],
     [ 6.63302311e-10]]), 2.001042998854655), (1.60624862183962e-05, Vec([[-1.06359894e-07],
     [ 3.72183668e-09],
     [ 3.53617104e-10]]), 2.0206396857582876), (1.545299806145496e-05, Vec([[-1.46903066e-07],
     [ 4.78508657e-09],
     [ 2.16139858e-10]]), 2.028856225188268), (1.4973452686378355e-05, Vec([[-1.98260099e-07],
     [ 4.03162156e-10],
     [-4.31939082e-10]]), 2.0643545971604036), (1.4665343749935308e-05, Vec([[-2.57256556e-07],
     [ 7.26642506e-09],
     [-8.90854349e-10]]), 2.1375388225822265), (1.4175726781281444e-05, Vec([[-3.08939084e-07],
     [-8.01905901e-09],
     [ 6.85717811e-10]]), 2.200943509994277), (1.337620983536616e-05, Vec([[-3.38425070e-07],
     [ 2.90017381e-09],
     [-5.53527941e-10]]), 2.231467188582582), (1.3718518636285844e-05, Vec([[-3.32895727e-07],
     [ 3.59936230e-09],
     [-7.86231112e-10]]), 2.205243978352648), (1.4374930505682475e-05, Vec([[-2.91701534e-07],
     [ 4.78351351e-09],
     [-2.86099935e-10]]), 2.160294714331406), (1.4704602210433706e-05, Vec([[-2.35647636e-07],
     [ 1.20117832e-09],
     [-7.07609234e-10]]), 2.082613390305262), (1.5325705914868308e-05, Vec([[-1.93500803e-07],
     [-4.35769999e-09],
     [-9.67797180e-10]]), 2.0602626026778723), (1.5944515004018335e-05, Vec([[-1.37955471e-07],
     [ 3.08137130e-09],
     [ 9.23050893e-11]]), 2.0476265870854085), (1.623218888803917e-05, Vec([[-8.36441576e-08],
     [-6.41478391e-09],
     [ 8.66882271e-10]]), 2.0030872912058517), (1.6720263326243456e-05, Vec([[-3.41240225e-08],
     [-5.25713371e-09],
     [ 1.60983674e-09]]), 1.9934233978414684), (1.70009509099985e-05, Vec([[5.59887345e-08],
     [1.27652109e-08],
     [1.02592218e-09]]), 1.9681431517400338), (1.7573381711605323e-05, Vec([[ 1.26280825e-07],
     [-1.01445074e-08],
     [ 4.29298218e-09]]), 1.9848771332087427), (1.7751057894702775e-05, Vec([[ 1.85128788e-07],
     [-9.11303104e-10],
     [-1.82983773e-10]]), 1.9650130237603214), (1.8144264809532007e-05, Vec([[ 2.52845830e-07],
     [ 6.31083346e-10],
     [-1.32887403e-09]]), 1.9771234211698223), (1.8415341537586047e-05, Vec([[ 3.09158661e-07],
     [-1.42759528e-08],
     [-1.77713074e-09]]), 1.983621947057244), (1.8692131362441717e-05, Vec([[3.47505234e-07],
     [7.93906191e-09],
     [3.21708691e-09]]), 1.9985373995888707), (1.8884461084087087e-05, Vec([[ 3.86441264e-07],
     [-3.48580437e-09],
     [ 8.37422684e-10]]), 2.0123130561540106), (1.8701222491038806e-05, Vec([[ 4.00653288e-07],
     [-1.02156377e-08],
     [ 1.14895379e-09]]), 1.9941129172374212), (1.8738595888693917e-05, Vec([[4.08555237e-07],
     [1.28452551e-08],
     [9.32905342e-10]]), 2.007517025488998), (1.856689087371604e-05, Vec([[3.82535359e-07],
     [2.05887571e-09],
     [3.89235764e-10]]), 2.0066612607976952), (1.824563103209943e-05, Vec([[ 3.45193137e-07],
     [ 1.35337614e-08],
     [-8.25463331e-10]]), 1.9975981607957332), (1.8072614048467193e-05, Vec([[3.25872894e-07],
     [1.53628431e-08],
     [6.61379235e-10]]), 2.0129525371021177), (1.789334703391556e-05, Vec([[2.80285123e-07],
     [7.05796987e-09],
     [6.60596927e-10]]), 2.036485025920075), (1.7354523775445793e-05, Vec([[ 2.38436433e-07],
     [ 7.80622064e-09],
     [-2.12825065e-09]]), 2.0275791407168122), (1.703426221408424e-05, Vec([[ 1.84662998e-07],
     [-1.10800101e-08],
     [-2.56138127e-10]]), 2.0529107192127487), (1.6495348260483474e-05, Vec([[ 1.22267506e-07],
     [-6.27106898e-09],
     [ 1.29479814e-09]]), 2.061252708428652), (1.581058269190778e-05, Vec([[ 6.52598575e-08],
     [ 8.73474165e-09],
     [-6.11281340e-10]]), 2.059922204476013), (1.5453513640678214e-05, Vec([[7.23576020e-09],
     [6.44662980e-09],
     [3.23043917e-10]]), 2.111952249391256)]