[(2.0058411843184878e-05, Vec([[ 6.66878106e-10],
     [-1.25893705e-09],
     [ 4.16278576e-10]]), 2.154989517303743), (1.9929634072208142e-05, Vec([[-7.54541641e-09],
     [-2.27311047e-07],
     [-1.50709762e-09]]), 2.1454737200536793), (1.9655419129719623e-05, Vec([[-6.09272053e-10],
     [-4.44655089e-07],
     [-2.69306530e-11]]), 2.128820472185206), (1.9702256905216253e-05, Vec([[ 2.32007957e-09],
     [-6.39141711e-07],
     [ 2.32817528e-10]]), 2.1556817395546104), (1.930541271254044e-05, Vec([[ 5.63554959e-09],
     [-8.79042211e-07],
     [-9.52788458e-10]]), 2.142769059568845), (1.8825868566423913e-05, Vec([[ 1.43704521e-10],
     [-9.84234807e-07],
     [-5.52655252e-10]]), 2.128862071284953), (1.837290598709968e-05, Vec([[ 3.01257012e-09],
     [-1.09463325e-06],
     [-1.47997824e-10]]), 2.1262108972083076), (1.850751970811844e-05, Vec([[ 1.85027924e-09],
     [-1.06237483e-06],
     [ 1.13333020e-09]]), 2.0874269279013355), (1.8964515856254367e-05, Vec([[-6.50056257e-09],
     [-1.01699121e-06],
     [ 6.58664654e-10]]), 2.069875942554008), (1.938551635766111e-05, Vec([[-2.91332492e-09],
     [-9.68551592e-07],
     [-3.53412337e-10]]), 2.0576437095797733), (1.987531448530502e-05, Vec([[ 2.36332735e-10],
     [-9.40488178e-07],
     [-8.32415699e-10]]), 2.061250991443905), (2.0391282175597102e-05, Vec([[ 2.91387730e-09],
     [-8.92456776e-07],
     [ 5.00507055e-10]]), 2.0755197186855994), (2.0556336507328602e-05, Vec([[ 3.25544775e-09],
     [-8.38212923e-07],
     [-4.35180007e-10]]), 2.06235474240606), (2.0961505244676156e-05, Vec([[-3.16047628e-09],
     [-8.08013024e-07],
     [-9.75825405e-10]]), 2.0795683739623927), (2.1315702451970376e-05, Vec([[-2.19996380e-09],
     [-7.60698277e-07],
     [ 9.88227759e-10]]), 2.0985580208673733), (2.1620164562098482e-05, Vec([[-1.07680859e-09],
     [-7.28317027e-07],
     [ 5.20147761e-10]]), 2.120875740768616), (2.1930859430580798e-05, Vec([[ 8.58195644e-09],
     [-6.48794035e-07],
     [ 4.45342288e-10]]), 2.152278093522869), (2.2144167127351224e-05, Vec([[ 4.63147960e-09],
     [-6.37995146e-07],
     [ 1.05228659e-09]]), 2.1829395279222696), (2.2239874621438365e-05, Vec([[ 9.65098774e-10],
     [-6.68289709e-07],
     [-2.57050431e-09]]), 2.211175361292982), (2.2049411262430752e-05, Vec([[-1.95450993e-09],
     [-5.88547816e-07],
     [ 1.90148894e-10]]), 2.220218700482669), (2.163697581010268e-05, Vec([[ 1.08453024e-09],
     [-4.86407696e-07],
     [-7.37736688e-10]]), 2.2158938763775957), (2.117140342502757e-05, Vec([[-5.13021226e-09],
     [-3.98264317e-07],
     [-4.85786343e-10]]), 2.214956153849288), (2.068417624424304e-05, Vec([[-9.67379609e-11],
     [-2.96256750e-07],
     [ 4.25999579e-10]]), 2.220801074748181), (1.9939866230148646e-05, Vec([[ 5.64280975e-09],
     [-1.86845510e-07],
     [-2.46615359e-10]]), 2.2077441895703034), (1.922676406312767e-05, Vec([[ 1.04714488e-09],
     [-1.10699368e-07],
     [-1.98693237e-10]]), 2.206583784247229), (1.9072631261708535e-05, Vec([[-9.00300277e-10],
     [-5.14169293e-08],
     [ 1.09965726e-09]]), 2.2330914345227915), (1.9582762082004737e-05, Vec([[ 1.54057928e-10],
     [-1.40420520e-07],
     [ 1.14909982e-09]]), 2.206000876549579), (2.0293000564382397e-05, Vec([[-3.58361604e-09],
     [-2.71283170e-07],
     [-3.85936946e-10]]), 2.2111856110478714), (2.0801626871714558e-05, Vec([[-4.36371775e-09],
     [-3.89466204e-07],
     [-2.25248674e-09]]), 2.203360657305419), (2.1381045487133717e-05, Vec([[-1.37965839e-09],
     [-4.39115705e-07],
     [-2.55366315e-09]]), 2.2119203243093772), (2.1535563016077136e-05, Vec([[ 1.46525152e-09],
     [-5.50758857e-07],
     [-1.96783831e-09]]), 2.1857351691602327), (2.1860374124679347e-05, Vec([[ 4.19030243e-09],
     [-6.58103400e-07],
     [-1.06168212e-09]]), 2.186124844617515), (2.165055511140888e-05, Vec([[ 6.45633497e-09],
     [-6.92633357e-07],
     [-1.31756113e-09]]), 2.1423132645769516), (2.189173686113628e-05, Vec([[ 7.69678427e-10],
     [-7.07842731e-07],
     [-1.53678161e-09]]), 2.152152177606793), (2.118793527546842e-05, Vec([[-2.97057755e-09],
     [-6.97373660e-07],
     [-1.05932411e-09]]), 2.0778749400084395), (2.150702044558185e-05, Vec([[-7.32309788e-09],
     [-7.50569717e-07],
     [-6.89718837e-10]]), 2.1125141156598977), (2.1240069190627447e-05, Vec([[ 9.05074107e-09],
     [-7.78551966e-07],
     [ 1.48602432e-11]]), 2.098070452797602), (2.096819178649816e-05, Vec([[-9.60971746e-10],
     [-8.15950393e-07],
     [ 1.63267836e-09]]), 2.09144274080697), (2.0403349892025527e-05, Vec([[ 4.45939815e-09],
     [-8.40445388e-07],
     [-2.25356988e-10]]), 2.0607317752914587), (2.016783587721342e-05, Vec([[ 6.63586901e-09],
     [-9.00910273e-07],
     [-7.92306963e-10]]), 2.0709573176303615), (1.9762072548118312e-05, Vec([[-4.16580529e-09],
     [-9.31590435e-07],
     [ 2.72914626e-10]]), 2.0722368902309287), (1.9222883898535263e-05, Vec([[ 5.17425835e-09],
     [-9.90476241e-07],
     [ 1.26334063e-09]]), 2.0677846750021494), (1.867160841928711e-05, Vec([[-3.39206368e-09],
     [-1.05529682e-06],
     [ 7.19095117e-10]]), 2.0703191827214753), (1.818513977983399e-05, Vec([[-9.13023003e-10],
     [-1.08047705e-06],
     [-9.66772692e-10]]), 2.0891080903706727), (1.8753391816208115e-05, Vec([[ 2.50043045e-09],
     [-1.06858169e-06],
     [-2.38614747e-09]]), 2.1440881120292588), (1.917426876723278e-05, Vec([[-7.12529705e-10],
     [-9.75186979e-07],
     [-4.90559956e-10]]), 2.1469682881330274), (1.9484579265146085e-05, Vec([[ 1.83786291e-09],
     [-7.48928810e-07],
     [ 3.62877503e-11]]), 2.1460687798782967), (1.963744616989939e-05, Vec([[ 1.74218959e-09],
     [-5.44677464e-07],
     [-3.38632196e-10]]), 2.1366008567329793), (1.9979610081858265e-05, Vec([[ 5.84339940e-09],
     [-3.43459069e-07],
     [-1.15988497e-09]]), 2.1562872304483545), (1.9743353661489692e-05, Vec([[ 8.38518204e-10],
     [-6.92826031e-08],
     [-6.33463361e-10]]), 2.12220946353081), (1.9983349873869285e-05, Vec([[2.97599506e-09],
     [1.06229559e-07],
     [2.35310332e-09]]), 2.148006612376752), (2.0043478981591238e-05, Vec([[-1.41742181e-09],
     [ 3.51446161e-07],
     [-8.02423989e-10]]), 2.1631802424917708), (1.9918282048129774e-05, Vec([[-2.54409674e-09],
     [ 5.39390554e-07],
     [-2.81048759e-09]]), 2.1671564683352713), (1.969496044238993e-05, Vec([[-5.24468819e-09],
     [ 7.52399779e-07],
     [-4.99987640e-10]]), 2.1692405646119144), (1.9103576014246104e-05, Vec([[ 6.90830786e-10],
     [ 9.43070762e-07],
     [-1.34037057e-09]]), 2.13905272688239), (1.8635022047961547e-05, Vec([[-2.70362980e-09],
     [ 1.05286274e-06],
     [ 2.60375543e-09]]), 2.1305548154710454), (1.82353984908432e-05, Vec([[1.55171993e-10],
     [1.06975557e-06],
     [1.71670597e-09]]), 2.0948818089701513), (1.8768788185617563e-05, Vec([[-2.35499136e-09],
     [ 1.05288471e-06],
     [ 3.47695368e-10]]), 2.081094533719009), (1.9179160762026328e-05, Vec([[-1.71508073e-09],
     [ 1.00568884e-06],
     [-1.10244887e-09]]), 2.063081424850225), (1.9751155033346503e-05, Vec([[-4.60737218e-09],
     [ 9.64815240e-07],
     [ 2.72406341e-10]]), 2.0710920873867598), (1.9848912056503852e-05, Vec([[-1.28176398e-09],
     [ 9.20521533e-07],
     [-4.18858425e-10]]), 2.038208259958221), (2.0320128084457552e-05, Vec([[-4.69798466e-10],
     [ 8.41065552e-07],
     [ 6.54495976e-10]]), 2.052326399499735), (2.0823929716574737e-05, Vec([[-6.37908542e-09],
     [ 8.15455544e-07],
     [ 7.15205626e-11]]), 2.077053523940429), (2.091959011435921e-05, Vec([[4.52863704e-09],
     [7.55885830e-07],
     [1.17975773e-09]]), 2.0664138854567113), (2.1128022601062652e-05, Vec([[-5.03659788e-09],
     [ 7.54800966e-07],
     [-1.18734878e-10]]), 2.0752872808978586), (2.1647813387505822e-05, Vec([[-8.68009045e-10],
     [ 7.57917189e-07],
     [ 6.56800180e-10]]), 2.1229746249016275), (2.1773391680207494e-05, Vec([[ 1.46641320e-09],
     [ 6.81036650e-07],
     [-1.40402631e-10]]), 2.140517795170136), (2.1654531210791304e-05, Vec([[-9.41603027e-10],
     [ 6.61211706e-07],
     [-3.22376526e-10]]), 2.14270669792794), (2.1919626969597626e-05, Vec([[5.17200405e-10],
     [6.64811637e-07],
     [2.06997687e-10]]), 2.1920503660953883), (2.16327034343267e-05, Vec([[-3.07914855e-09],
     [ 6.10338524e-07],
     [ 8.29181946e-10]]), 2.1955943601345522), (2.123645481455007e-05, Vec([[1.36194357e-10],
     [4.55198738e-07],
     [1.05816646e-09]]), 2.196962073199263), (2.0617992094043398e-05, Vec([[-5.00676947e-09],
     [ 3.54593400e-07],
     [ 3.20445319e-10]]), 2.18390959961032), (2.0309770701629064e-05, Vec([[1.15910667e-09],
     [2.50430538e-07],
     [3.99014798e-10]]), 2.213012935009032), (1.9636660740371308e-05, Vec([[-2.29432800e-11],
     [ 1.57013805e-07],
     [ 8.61717189e-10]]), 2.2120725679230224), (1.924875879839333e-05, Vec([[ 5.23412642e-09],
     [ 5.53732233e-08],
     [-1.51643416e-10]]), 2.2537130723113834), (1.9467666038363325e-05, Vec([[2.88768526e-09],
     [8.33138095e-08],
     [6.64630142e-10]]), 2.234231202731313), (2.0018509490923226e-05, Vec([[-4.90545013e-11],
     [ 2.14558692e-07],
     [ 1.50119198e-09]]), 2.2164515800823548), (2.0857695044873368e-05, Vec([[-7.92496772e-09],
     [ 2.87201223e-07],
     [ 9.31228509e-10]]), 2.2394312940220145), (2.1437839952944504e-05, Vec([[1.62027018e-09],
     [3.89039914e-07],
     [3.88797808e-11]]), 2.242830792826796), (2.1813377864095485e-05, Vec([[5.79857823e-09],
     [4.73340049e-07],
     [9.38468150e-10]]), 2.2339596280174603), (2.226798602733788e-05, Vec([[ 3.82728683e-11],
     [ 6.08904534e-07],
     [-1.79479798e-10]]), 2.242227622840033), (2.211071739525737e-05, Vec([[-1.31895143e-09],
     [ 6.41882759e-07],
     [ 2.08135268e-10]]), 2.1983340444633876), (2.2148403281312172e-05, Vec([[7.08280562e-09],
     [6.65466038e-07],
     [9.13089042e-10]]), 2.183357121768746), (2.1636385725855395e-05, Vec([[ 3.84453508e-09],
     [ 6.73297376e-07],
     [-7.48344519e-10]]), 2.12337866503466), (2.1481751172595358e-05, Vec([[3.27765632e-09],
     [7.02573875e-07],
     [7.99210495e-10]]), 2.1072977867640756), (2.1251887786781837e-05, Vec([[-3.60086531e-09],
     [ 7.73976003e-07],
     [-2.34187879e-12]]), 2.092275385904621), (2.084791884750932e-05, Vec([[ 1.99969046e-09],
     [ 7.64778918e-07],
     [-2.35328940e-10]]), 2.068299589755186), (2.0764328496088434e-05, Vec([[ 1.85408215e-09],
     [ 8.16698202e-07],
     [-2.34005096e-09]]), 2.083221946260618), (2.040782524891733e-05, Vec([[-2.08300970e-09],
     [ 8.65448560e-07],
     [-7.81648283e-10]]), 2.077203549775185), (1.9988094455301988e-05, Vec([[ 2.53897622e-09],
     [ 9.47250080e-07],
     [-1.06265788e-09]]), 2.0729473007095085), (1.9511242069158477e-05, Vec([[-5.01266146e-09],
     [ 1.00044973e-06],
     [-8.21159399e-10]]), 2.0709886581806787), (1.8947089693055354e-05, Vec([[-1.13654562e-09],
     [ 1.02713843e-06],
     [-1.04804066e-09]]), 2.067973969614121), (1.8603640628319996e-05, Vec([[-3.11014579e-10],
     [ 1.10266226e-06],
     [-1.17268824e-09]]), 2.098268218378275), (1.8494918803201497e-05, Vec([[-9.34660060e-10],
     [ 1.12485542e-06],
     [-1.84588571e-10]]), 2.1403308725337618), (1.881754517795381e-05, Vec([[7.43184677e-10],
     [1.03970158e-06],
     [1.19045915e-09]]), 2.127920847991267), (1.9426708576018596e-05, Vec([[-7.98661675e-10],
     [ 8.86708114e-07],
     [ 8.26647249e-10]]), 2.156232072620405), (1.969665288879161e-05, Vec([[ 6.35699536e-10],
     [ 6.82194749e-07],
     [-1.61337452e-09]]), 2.1550685876739464), (1.9886497506921475e-05, Vec([[-2.85972152e-09],
     [ 4.41975168e-07],
     [ 1.07929963e-09]]), 2.153847889653137), (1.9942218736725408e-05, Vec([[-1.22630114e-09],
     [ 2.29061463e-07],
     [-1.49035519e-09]]), 2.1468284898853613), (2.0069682196056055e-05, Vec([[ 5.33960247e-09],
     [ 1.70572138e-08],
     [-8.03000168e-10]]), 2.1562003555537275)]