[(1.53555981492054e-05, Vec([[-8.29749100e-10],
     [-1.14622051e-09],
     [ 6.99907773e-10]]), 2.0985706426399013), (1.6019087230087974e-05, Vec([[-7.09923433e-08],
     [-7.77132324e-09],
     [ 3.83673804e-10]]), 2.087087751521361), (1.6459712412509078e-05, Vec([[-1.26981069e-07],
     [-4.15687431e-09],
     [-1.17419405e-10]]), 2.056799665849954), (1.7091824382200948e-05, Vec([[-1.89622984e-07],
     [ 1.25143870e-08],
     [-1.41999412e-09]]), 2.0598479138187007), (1.741748672301745e-05, Vec([[-2.30628736e-07],
     [-5.15768185e-09],
     [ 2.60670088e-10]]), 2.034935283748232), (1.7658294867057697e-05, Vec([[-2.79586538e-07],
     [ 7.72732750e-09],
     [-1.04837437e-09]]), 2.0097331713224533), (1.7980912434514768e-05, Vec([[-3.27183338e-07],
     [-3.57596030e-09],
     [-3.53462532e-10]]), 2.002738685582529), (1.850457495320166e-05, Vec([[-3.61830779e-07],
     [ 1.67213067e-08],
     [-3.94900666e-10]]), 2.0259482847039174), (1.8504756167342024e-05, Vec([[-3.85023369e-07],
     [-1.06299932e-08],
     [-3.21921838e-09]]), 1.999945903386494), (1.85876513682629e-05, Vec([[-4.00221229e-07],
     [ 7.82541982e-09],
     [-8.73507016e-10]]), 1.9913459261990896), (1.8836900566561337e-05, Vec([[-4.03317115e-07],
     [ 1.71610523e-08],
     [ 1.21532151e-09]]), 2.0085802817701426), (1.8775682553175915e-05, Vec([[-3.49921443e-07],
     [ 1.86931698e-08],
     [ 2.21677190e-09]]), 2.000721702977072), (1.8630913592322663e-05, Vec([[-3.51112342e-07],
     [ 1.13687953e-08],
     [ 3.61334815e-09]]), 1.9919920784197607), (1.8416525403934103e-05, Vec([[-3.03493341e-07],
     [ 1.08118900e-09],
     [ 3.98047821e-10]]), 1.9837494680845118), (1.8301269431208006e-05, Vec([[-2.33009534e-07],
     [ 4.18177300e-09],
     [ 3.54313711e-09]]), 1.9942317205694466), (1.766750417331635e-05, Vec([[-1.78437693e-07],
     [ 8.35596525e-09],
     [ 8.43436890e-11]]), 1.9557637637059686), (1.7395585910510463e-05, Vec([[-1.18738022e-07],
     [-2.94972120e-09],
     [ 1.05653400e-09]]), 1.9647954650491828), (1.7093544746440956e-05, Vec([[-5.04179384e-08],
     [-3.05185451e-09],
     [ 1.21269760e-10]]), 1.9788624300940676), (1.6638561739064026e-05, Vec([[ 3.57511243e-08],
     [-2.84197288e-09],
     [-3.76967230e-11]]), 1.9836827704155466), (1.6281398995989584e-05, Vec([[ 9.42929230e-08],
     [-4.97762076e-09],
     [ 2.13721754e-10]]), 2.0091599251872707), (1.5869980350675717e-05, Vec([[ 1.34736904e-07],
     [-3.42230512e-09],
     [ 8.07731842e-10]]), 2.0380546974540796), (1.5466674753119617e-05, Vec([[ 2.14294579e-07],
     [ 6.77170503e-09],
     [-2.49600063e-10]]), 2.0792133007537346), (1.4779245486902921e-05, Vec([[ 2.55149811e-07],
     [-6.94425506e-09],
     [-2.84115533e-10]]), 2.0931851204919325), (1.4162880626991114e-05, Vec([[2.81432619e-07],
     [7.88549769e-09],
     [7.60924967e-12]]), 2.1284274136908574), (1.3746961337670534e-05, Vec([[ 3.20285731e-07],
     [ 8.85072700e-09],
     [-2.42961988e-10]]), 2.2098161262368063), (1.3363576870166599e-05, Vec([[ 3.53616999e-07],
     [-2.11877362e-09],
     [ 3.85412271e-10]]), 2.229359712123683), (1.3894200747900463e-05, Vec([[ 3.07608574e-07],
     [-5.31078814e-09],
     [ 1.17170306e-10]]), 2.157233377482236), (1.4650743849138793e-05, Vec([[ 2.65249156e-07],
     [-8.83542075e-09],
     [ 3.48381190e-10]]), 2.1354108223600337), (1.5197181004410545e-05, Vec([[ 2.01200252e-07],
     [-1.13057435e-09],
     [-1.19228253e-10]]), 2.0951994925575006), (1.5612477675818658e-05, Vec([[ 1.43450613e-07],
     [ 4.95561894e-09],
     [-2.16550544e-09]]), 2.0497946351398935), (1.6246816452969783e-05, Vec([[ 1.02364349e-07],
     [-9.09567602e-09],
     [-1.62103558e-09]]), 2.043828187351395), (1.6582737428884068e-05, Vec([[ 3.90467607e-08],
     [ 7.70690373e-10],
     [-9.00958556e-11]]), 2.0100768723825437), (1.70382589134275e-05, Vec([[-4.06101320e-08],
     [-2.24937762e-09],
     [ 2.46420164e-09]]), 2.0004583221310286), (1.7292093923420094e-05, Vec([[-9.60235446e-08],
     [ 1.24478725e-09],
     [-4.90033551e-10]]), 1.9761812569143609), (1.757637345980315e-05, Vec([[-1.68412165e-07],
     [-6.26953502e-09],
     [-1.06814974e-09]]), 1.9642571204395978), (1.800081477510642e-05, Vec([[-2.27459268e-07],
     [-3.88211796e-09],
     [ 1.17758230e-09]]), 1.975958256462967), (1.8200916874459885e-05, Vec([[-2.98865153e-07],
     [ 2.91333392e-09],
     [ 3.56497242e-09]]), 1.9708523463557899), (1.8299289533510203e-05, Vec([[-3.28884026e-07],
     [ 9.00494840e-09],
     [-2.01145470e-09]]), 1.9628125271384653), (1.8661129229902065e-05, Vec([[-3.76939725e-07],
     [-9.93595834e-09],
     [-1.09955930e-09]]), 1.9908603772192282), (1.8527171951409976e-05, Vec([[-3.76589645e-07],
     [ 1.29371029e-09],
     [ 7.50800518e-10]]), 1.9739027576341468), (1.8628928548055884e-05, Vec([[-3.77429909e-07],
     [-5.49622698e-09],
     [-6.54300592e-10]]), 1.9900727044778515), (1.8596193450058326e-05, Vec([[-3.90536072e-07],
     [ 8.83032525e-09],
     [-4.79567260e-10]]), 1.9999986577149933), (1.857761576580521e-05, Vec([[-3.65356319e-07],
     [-9.90189842e-09],
     [-4.50092909e-10]]), 2.0197809020273456), (1.816194306918683e-05, Vec([[-3.31659126e-07],
     [-3.19596614e-10],
     [-1.22493571e-09]]), 2.004511144949397), (1.7895734093151054e-05, Vec([[-2.94153634e-07],
     [ 1.10459270e-08],
     [-9.36831080e-10]]), 2.0137548759018604), (1.7514850529267193e-05, Vec([[-2.63438087e-07],
     [ 5.20702436e-09],
     [ 3.73099570e-10]]), 2.018495859348074), (1.7225005252921703e-05, Vec([[-2.14396856e-07],
     [-2.15875634e-08],
     [ 2.52502599e-09]]), 2.0426514761842087), (1.656613362805952e-05, Vec([[-1.49923764e-07],
     [ 1.21278228e-08],
     [-1.17804512e-09]]), 2.03160628957763), (1.5868663029146395e-05, Vec([[-9.26225275e-08],
     [ 7.15949124e-09],
     [ 2.06703025e-09]]), 2.0233142847482446), (1.5499095475147145e-05, Vec([[-3.74172556e-08],
     [-1.16038183e-08],
     [-1.53738786e-10]]), 2.066538914572731), (1.5553056987560953e-05, Vec([[ 2.74254257e-08],
     [ 6.89703120e-09],
     [-9.40368995e-10]]), 2.073733758005443), (1.608105488899626e-05, Vec([[ 9.60016828e-08],
     [-8.27979975e-09],
     [-8.13446909e-10]]), 2.0503950465748177), (1.6428565868172757e-05, Vec([[ 1.55300128e-07],
     [-9.73942679e-09],
     [-9.04875305e-10]]), 2.0147355137826266), (1.7184976008545356e-05, Vec([[2.04071482e-07],
     [6.86548948e-09],
     [7.79285809e-10]]), 2.0379045519356946), (1.7579880516030387e-05, Vec([[2.61642588e-07],
     [1.49120926e-08],
     [1.27316946e-10]]), 2.025990228700278), (1.7728926192611857e-05, Vec([[ 3.11062144e-07],
     [-6.09545540e-09],
     [-2.61954996e-09]]), 1.994984468311914), (1.843086072802344e-05, Vec([[ 3.48303822e-07],
     [-3.75602600e-09],
     [-2.46414300e-09]]), 2.034191253633706), (1.8392606631639063e-05, Vec([[3.68103165e-07],
     [2.33875596e-08],
     [1.04671573e-09]]), 1.9996664847307404), (1.8620603613816053e-05, Vec([[3.91510897e-07],
     [1.84045143e-08],
     [3.88055769e-09]]), 2.0026239420174585), (1.8585873942834014e-05, Vec([[ 4.14533873e-07],
     [-9.25988821e-09],
     [-1.73683462e-10]]), 1.9854733098087982), (1.877264945982135e-05, Vec([[ 3.86830183e-07],
     [ 5.06457872e-09],
     [-6.02967747e-10]]), 2.0000561679906315), (1.8699347294663302e-05, Vec([[3.71024771e-07],
     [8.68483503e-09],
     [3.43696648e-09]]), 1.9949376669635814), (1.8420243630299545e-05, Vec([[ 3.42652717e-07],
     [-8.53092358e-09],
     [ 6.64122561e-09]]), 1.9757862666900516), (1.818761265134862e-05, Vec([[ 2.99236549e-07],
     [-4.96541761e-09],
     [-3.82218754e-09]]), 1.9694117233632151), (1.8169197333264077e-05, Vec([[ 2.48155798e-07],
     [-1.02431569e-08],
     [-1.41655530e-09]]), 1.994441692362553), (1.7535334479240204e-05, Vec([[ 1.53789040e-07],
     [-1.17214583e-08],
     [-2.39396007e-09]]), 1.9596707869749208), (1.738828237487492e-05, Vec([[ 1.08746140e-07],
     [-1.10408730e-08],
     [-2.03789479e-09]]), 1.98717389989551), (1.6924599254818276e-05, Vec([[ 4.46367932e-08],
     [ 5.48329743e-09],
     [-2.28750791e-09]]), 1.9871135660083123), (1.6684540023329637e-05, Vec([[-4.21938264e-08],
     [ 1.38836722e-08],
     [-6.79793317e-10]]), 2.0224168760472674), (1.6228875139631296e-05, Vec([[-9.14105660e-08],
     [-6.09121299e-09],
     [ 1.11309092e-09]]), 2.041571193679713), (1.5412434459541444e-05, Vec([[-1.47770560e-07],
     [-9.42665183e-09],
     [ 1.82691385e-10]]), 2.0235305456061567), (1.5238095623174203e-05, Vec([[-2.16470534e-07],
     [ 1.21713860e-08],
     [-9.53873649e-11]]), 2.1008402945224782), (1.4717859283987916e-05, Vec([[-2.55328175e-07],
     [ 1.83731747e-09],
     [ 1.68710845e-11]]), 2.145193194326945), (1.4143487190694346e-05, Vec([[-3.12263787e-07],
     [-2.04279977e-09],
     [ 1.16761926e-10]]), 2.1959379452876235), (1.3466522963969956e-05, Vec([[-3.45471000e-07],
     [ 4.49482737e-09],
     [ 2.61958733e-10]]), 2.2465335478620823), (1.3478175633062959e-05, Vec([[-3.24986473e-07],
     [ 3.17794185e-09],
     [ 3.81422448e-10]]), 2.1666089788568166), (1.4208039575337479e-05, Vec([[-2.92370481e-07],
     [ 1.02438692e-08],
     [ 1.93453152e-10]]), 2.135213995189729), (1.4768976660704574e-05, Vec([[-2.35940958e-07],
     [ 4.56915716e-10],
     [-5.45321412e-10]]), 2.091730746232954), (1.5273631420325606e-05, Vec([[-1.99911162e-07],
     [-1.20989758e-09],
     [-7.50213040e-10]]), 2.053262133384279), (1.5776215327054004e-05, Vec([[-1.33704453e-07],
     [-5.31674097e-09],
     [-9.35634626e-11]]), 2.0260132051127866), (1.610818480787906e-05, Vec([[-7.77249378e-08],
     [-3.48530543e-09],
     [ 1.37698593e-09]]), 1.987784918941726), (1.6750038095684987e-05, Vec([[-2.80249555e-08],
     [ 4.46312298e-09],
     [-1.99462215e-09]]), 1.9969732056950877), (1.6969393315185515e-05, Vec([[ 5.34164850e-08],
     [-2.84745114e-09],
     [-1.31388344e-10]]), 1.964489834672926), (1.7538231009780387e-05, Vec([[1.33097451e-07],
     [4.56406267e-09],
     [5.30102938e-10]]), 1.9809069341079921), (1.8010618397609126e-05, Vec([[ 1.72740814e-07],
     [-1.15833233e-09],
     [-9.71800449e-10]]), 1.9937459461410756), (1.8065081601658096e-05, Vec([[ 2.48340551e-07],
     [-6.64349809e-09],
     [-1.05298275e-09]]), 1.9684950762633577), (1.8304856568321297e-05, Vec([[ 2.99857413e-07],
     [-4.95348552e-09],
     [ 1.60745665e-09]]), 1.9717209779980391), (1.8527042553283953e-05, Vec([[ 3.45769787e-07],
     [ 1.44176990e-09],
     [-2.44730971e-09]]), 1.9808863274367496), (1.882417693332134e-05, Vec([[ 3.94602257e-07],
     [-1.36762185e-08],
     [ 2.09526642e-10]]), 2.0058892253057325), (1.876056423815681e-05, Vec([[ 4.07887642e-07],
     [-8.32599977e-09],
     [ 1.25737067e-09]]), 2.0004405326923016), (1.8633776138749393e-05, Vec([[ 3.94847610e-07],
     [ 3.25142438e-09],
     [-3.49809982e-09]]), 1.9962873990073204), (1.868168050703478e-05, Vec([[3.70041129e-07],
     [1.20044611e-08],
     [7.19836141e-10]]), 2.0190674257225925), (1.8496123912544597e-05, Vec([[ 3.64150026e-07],
     [-4.16068139e-09],
     [ 1.81030883e-09]]), 2.0250230339826), (1.812405774307847e-05, Vec([[ 3.23597971e-07],
     [-1.33286743e-08],
     [ 2.56768692e-09]]), 2.0186824063566693), (1.7691071286088808e-05, Vec([[ 2.85643906e-07],
     [ 1.02610705e-08],
     [-3.97921164e-09]]), 2.013463534704643), (1.7401333237527045e-05, Vec([[ 2.42132032e-07],
     [ 1.15240850e-08],
     [-3.78585458e-10]]), 2.0330480253795193), (1.6911321764539947e-05, Vec([[ 1.86482253e-07],
     [-8.68775377e-10],
     [-5.94031741e-10]]), 2.038094358895972), (1.669257703357688e-05, Vec([[ 1.24621612e-07],
     [-1.29348590e-08],
     [ 1.60921539e-09]]), 2.0858983440526506), (1.5778262549080614e-05, Vec([[6.18978845e-08],
     [8.19856545e-09],
     [3.98544693e-10]]), 2.0557112920030916), (1.543889538173114e-05, Vec([[2.05658838e-09],
     [7.40258344e-09],
     [1.39423432e-09]]), 2.109954447106073)]