[(1.5235807489914519e-05, Vec([[-1.91324608e-09],
     [ 3.90122735e-10],
     [ 1.32313923e-10]]), 2.0821994691820094), (1.5798935284537687e-05, Vec([[-6.89896730e-08],
     [ 1.76338496e-09],
     [ 8.49590520e-10]]), 2.0584046922164227), (1.6457015019507527e-05, Vec([[-1.26212141e-07],
     [ 2.06504731e-09],
     [-1.09196091e-09]]), 2.0564626006032953), (1.6727056074635777e-05, Vec([[-1.76992852e-07],
     [ 1.62915523e-08],
     [-2.43047301e-10]]), 2.015887291443727), (1.7351988230719567e-05, Vec([[-2.30798193e-07],
     [-6.38507634e-09],
     [-3.97122878e-10]]), 2.027282905702602), (1.7895761154966916e-05, Vec([[-2.80655524e-07],
     [-1.00738350e-08],
     [-1.22224299e-09]]), 2.036759782865354), (1.8200631170010298e-05, Vec([[-3.24489662e-07],
     [ 1.35739519e-08],
     [-1.67294307e-10]]), 2.027211259659443), (1.8425967905412165e-05, Vec([[-3.60179039e-07],
     [-1.77104779e-08],
     [ 7.90377659e-10]]), 2.017342098718153), (1.859877246915255e-05, Vec([[-3.89469888e-07],
     [-1.35350842e-09],
     [-8.83384377e-10]]), 2.0101069406872365), (1.874995782898388e-05, Vec([[-4.01310294e-07],
     [-4.05761962e-09],
     [ 7.16563898e-10]]), 2.0087342612258787), (1.8590452838732305e-05, Vec([[-4.06342866e-07],
     [-1.45700900e-09],
     [-1.60794450e-10]]), 1.9823015399540302), (1.8720844966156086e-05, Vec([[-3.70056535e-07],
     [ 7.96447279e-09],
     [ 2.45121945e-09]]), 1.9948782536015972), (1.8558167691204632e-05, Vec([[-3.45397558e-07],
     [ 7.11603474e-09],
     [ 3.14331876e-10]]), 1.9842141850788602), (1.833435260851651e-05, Vec([[-3.11625861e-07],
     [ 8.52423918e-09],
     [ 2.68384740e-10]]), 1.9748981654839766), (1.825101194465291e-05, Vec([[-2.58669633e-07],
     [ 2.53757095e-09],
     [ 1.38928048e-09]]), 1.9887553204617388), (1.789819445878796e-05, Vec([[-1.71361228e-07],
     [-7.51791401e-09],
     [ 3.54925109e-09]]), 1.9813008003206694), (1.7643657067838405e-05, Vec([[-1.24851784e-07],
     [-7.34254060e-09],
     [ 2.96375932e-09]]), 1.9928145894083658), (1.7211881576641042e-05, Vec([[-3.33086966e-08],
     [-5.77295660e-09],
     [-2.43057379e-11]]), 1.992561888623764), (1.6734548641186728e-05, Vec([[1.15952265e-08],
     [7.28772976e-09],
     [7.45622014e-10]]), 1.9951265217993774), (1.6195493935061838e-05, Vec([[ 7.80565449e-08],
     [-7.51195942e-09],
     [-7.33181644e-10]]), 1.9985590544740528), (1.568299721926358e-05, Vec([[ 1.43949825e-07],
     [-6.26952196e-09],
     [-3.92106933e-10]]), 2.014041948799167), (1.552823816630307e-05, Vec([[ 1.93755255e-07],
     [ 9.36647156e-09],
     [-1.67349574e-09]]), 2.087489382689512), (1.4773717160032683e-05, Vec([[ 2.43396229e-07],
     [-5.79276959e-09],
     [-3.46722090e-10]]), 2.09240214333953), (1.4327746279747656e-05, Vec([[ 2.99741861e-07],
     [ 3.54182984e-10],
     [-1.25126359e-10]]), 2.1532037698676034), (1.3932727887281226e-05, Vec([[ 3.42293979e-07],
     [ 5.30694111e-09],
     [-1.45001763e-09]]), 2.2396779922129744), (1.354930631302859e-05, Vec([[ 3.66534223e-07],
     [-2.01270779e-09],
     [-7.76440205e-12]]), 2.260343762374186), (1.3955495517800548e-05, Vec([[ 3.00595567e-07],
     [-1.28650070e-09],
     [-5.18079917e-10]]), 2.166750090670185), (1.4662827246098621e-05, Vec([[ 2.59648608e-07],
     [ 1.12743348e-09],
     [-9.26273336e-10]]), 2.137172030999307), (1.4946426346372708e-05, Vec([[ 2.11045063e-07],
     [ 4.94874870e-09],
     [-1.21349478e-10]]), 2.060628539423177), (1.5579508489339842e-05, Vec([[ 1.27884184e-07],
     [-1.70920041e-09],
     [-5.39215420e-10]]), 2.0454660421405975), (1.6176815171081812e-05, Vec([[9.54098038e-08],
     [7.59294230e-09],
     [1.58633860e-09]]), 2.0350221179600454), (1.628205747876027e-05, Vec([[ 2.43916369e-08],
     [ 1.09548471e-08],
     [-1.25539501e-09]]), 1.9736299457924718), (1.7100044824079824e-05, Vec([[-4.64797150e-08],
     [ 1.18383406e-08],
     [-7.59686708e-11]]), 2.007712592639706), (1.7309839536781436e-05, Vec([[-8.09528480e-08],
     [ 3.07196292e-09],
     [-2.65070512e-09]]), 1.9782092674417406), (1.7462777267053563e-05, Vec([[-1.83901131e-07],
     [ 7.49143815e-09],
     [ 5.71476834e-10]]), 1.9515621164916268), (1.8063538293191454e-05, Vec([[-2.26038640e-07],
     [ 5.32890007e-09],
     [ 1.37106930e-10]]), 1.9828434477714143), (1.821617193934418e-05, Vec([[-2.99142305e-07],
     [ 1.04518517e-08],
     [ 1.54569571e-09]]), 1.972504212612221), (1.852221974829973e-05, Vec([[-3.33059269e-07],
     [-7.61920220e-10],
     [-3.28382321e-09]]), 1.9867243963651509), (1.8759307005409316e-05, Vec([[-3.81483902e-07],
     [ 1.35649777e-08],
     [ 2.60483520e-09]]), 2.0013344616528594), (1.8595895879413583e-05, Vec([[-3.80441662e-07],
     [-1.68869989e-08],
     [ 2.05678689e-09]]), 1.981224671165124), (1.8810731334064554e-05, Vec([[-3.92120926e-07],
     [ 1.80094188e-09],
     [ 1.21278046e-09]]), 2.0094941522063436), (1.843451809738403e-05, Vec([[-3.94623925e-07],
     [ 1.10385573e-08],
     [ 2.29212365e-09]]), 1.982610664349438), (1.8345870978893895e-05, Vec([[-3.65516178e-07],
     [ 2.07759320e-09],
     [ 8.42454919e-10]]), 1.9945853279209296), (1.807521118825408e-05, Vec([[-3.36858477e-07],
     [ 4.98635844e-10],
     [ 1.05438092e-09]]), 1.9949386547543866), (1.800158591620423e-05, Vec([[-3.04014851e-07],
     [-1.18145786e-09],
     [-9.76287565e-10]]), 2.0256660734915704), (1.7649433138847898e-05, Vec([[-2.60401844e-07],
     [-1.24237617e-09],
     [-1.75110186e-09]]), 2.034005808446696), (1.7099324026149435e-05, Vec([[-2.05266720e-07],
     [-1.58988393e-08],
     [ 1.12119932e-09]]), 2.0277473911273134), (1.6690642893783295e-05, Vec([[-1.54640042e-07],
     [-1.63290717e-09],
     [ 3.15327443e-10]]), 2.04687562236429), (1.6193081171038948e-05, Vec([[-9.00813439e-08],
     [-2.16849979e-08],
     [ 9.36834647e-10]]), 2.0646788193355037), (1.5471127820884395e-05, Vec([[-2.78643380e-08],
     [ 1.18954611e-08],
     [ 5.86997763e-10]]), 2.062809906904125), (1.5349992755739504e-05, Vec([[ 3.08104806e-08],
     [-2.10713347e-08],
     [-1.19761374e-09]]), 2.0466586207569666), (1.6149410280398387e-05, Vec([[ 9.49027585e-08],
     [-1.12692507e-08],
     [-1.00679901e-09]]), 2.0591106163496287), (1.6630169753560538e-05, Vec([[ 1.51478442e-07],
     [-8.35057998e-09],
     [ 4.26432241e-10]]), 2.039459431309367), (1.6977830674484246e-05, Vec([[ 2.10674918e-07],
     [ 1.49645076e-08],
     [-2.03021763e-10]]), 2.0133399311305524), (1.74374129227485e-05, Vec([[ 2.62789744e-07],
     [-9.34719699e-09],
     [-8.37436756e-11]]), 2.0095715760460493), (1.7946831558279826e-05, Vec([[ 3.00018665e-07],
     [ 6.83554527e-09],
     [-1.78498566e-09]]), 2.0195047249448614), (1.830983325932359e-05, Vec([[ 3.40289917e-07],
     [-1.45062869e-08],
     [-2.95002831e-09]]), 2.0208336019259736), (1.8336213542292636e-05, Vec([[3.71340514e-07],
     [1.77620296e-08],
     [3.42516682e-11]]), 1.9935353597088803), (1.8554839700507846e-05, Vec([[ 3.83196921e-07],
     [-2.62624481e-09],
     [ 3.17341807e-09]]), 1.9955511107578927), (1.870573691660144e-05, Vec([[4.11243504e-07],
     [7.37320616e-09],
     [2.28916858e-09]]), 1.9982779127013781), (1.8647077208324457e-05, Vec([[ 4.07049758e-07],
     [-3.52726342e-10],
     [ 8.59563366e-10]]), 1.986677579279839), (1.859909442190256e-05, Vec([[3.65898082e-07],
     [1.14475815e-08],
     [3.20281490e-09]]), 1.9842422010235063), (1.8441318898106427e-05, Vec([[ 3.63589216e-07],
     [-8.81825842e-09],
     [-1.72640725e-09]]), 1.9780468353087617), (1.8298720452302248e-05, Vec([[ 2.97669111e-07],
     [-1.57296649e-08],
     [-2.78012824e-09]]), 1.9814428244180837), (1.801406620299916e-05, Vec([[ 2.37035438e-07],
     [-1.56406269e-09],
     [-5.06586192e-09]]), 1.9774128721946285), (1.768892991048097e-05, Vec([[ 1.55945406e-07],
     [ 8.78978516e-09],
     [-1.43377223e-09]]), 1.9768359274500957), (1.7338544302967785e-05, Vec([[ 1.02392029e-07],
     [-6.17964703e-09],
     [-1.67957966e-09]]), 1.9814897157884126), (1.6790421210973873e-05, Vec([[ 2.21740470e-08],
     [-3.23859665e-10],
     [-4.32162899e-10]]), 1.9713597506789615), (1.6597014529856465e-05, Vec([[-3.77715386e-08],
     [ 3.41423061e-09],
     [ 1.97480203e-09]]), 2.011807471482503), (1.61365725123436e-05, Vec([[-8.68401466e-08],
     [ 2.04945489e-09],
     [ 1.04980533e-09]]), 2.0299596443055155), (1.5730813627614203e-05, Vec([[-1.59215762e-07],
     [-1.20944241e-09],
     [-1.62087300e-09]]), 2.065331208140755), (1.5103917059497562e-05, Vec([[-2.20545596e-07],
     [-8.99547720e-09],
     [-1.06756464e-09]]), 2.0823414124965414), (1.4678176462639454e-05, Vec([[-2.60628310e-07],
     [ 1.81391793e-09],
     [ 4.22112258e-10]]), 2.1394092473108848), (1.3883322773844208e-05, Vec([[-3.23500567e-07],
     [-1.04862707e-08],
     [-2.46941319e-10]]), 2.1555444477525367), (1.3548545067532599e-05, Vec([[-3.45714251e-07],
     [ 2.27537571e-09],
     [-2.29505022e-10]]), 2.260216768676594), (1.3783503601927372e-05, Vec([[-3.43231454e-07],
     [ 7.71625320e-09],
     [-4.23659252e-10]]), 2.2156902741928843), (1.430164901391619e-05, Vec([[-3.09662441e-07],
     [-4.75314393e-09],
     [-5.05612223e-10]]), 2.149281818007598), (1.490615485170827e-05, Vec([[-2.51433779e-07],
     [-4.34137010e-09],
     [ 5.21774385e-10]]), 2.1111592988285106), (1.524096969998146e-05, Vec([[-1.93900258e-07],
     [-5.45784653e-10],
     [-3.81093020e-10]]), 2.0488713587382064), (1.5650925450868128e-05, Vec([[-1.32696753e-07],
     [ 2.53957002e-09],
     [-5.20221291e-10]]), 2.0099232279948755), (1.6193688624382376e-05, Vec([[-6.73725789e-08],
     [ 8.72919744e-09],
     [-1.53155744e-09]]), 1.9983362752232923), (1.6695141806444573e-05, Vec([[-2.67397254e-08],
     [ 8.08094188e-09],
     [ 1.12337637e-09]]), 1.9904283597622634), (1.7321344880739644e-05, Vec([[4.62842267e-08],
     [1.30972583e-08],
     [1.31129941e-09]]), 2.0052340887535705), (1.7647642722371044e-05, Vec([[ 1.21493880e-07],
     [ 3.56059174e-09],
     [-4.08551409e-09]]), 1.9932647608479073), (1.785042043017978e-05, Vec([[ 1.97013115e-07],
     [ 8.49113602e-09],
     [-2.29863186e-09]]), 1.9760122936316922), (1.8253207016993215e-05, Vec([[ 2.54085912e-07],
     [-7.54597630e-09],
     [-3.32469455e-11]]), 1.9889945105849383), (1.8512638113758815e-05, Vec([[3.29194112e-07],
     [1.20503836e-08],
     [2.92805859e-09]]), 1.9941023187340827), (1.845897459542767e-05, Vec([[ 3.54371067e-07],
     [-1.92900334e-08],
     [-7.04820920e-10]]), 1.9736085934613314), (1.8759497386528917e-05, Vec([[ 3.82830040e-07],
     [ 4.91358321e-09],
     [-2.29037356e-09]]), 1.9989970245753557), (1.867364573899952e-05, Vec([[ 3.95446507e-07],
     [ 1.31336692e-08],
     [-1.41426979e-09]]), 1.9911724058626519), (1.86969995326637e-05, Vec([[ 4.01437015e-07],
     [ 4.66752586e-09],
     [-1.43762374e-09]]), 2.0030606941061677), (1.852054844614771e-05, Vec([[ 3.67524338e-07],
     [-5.58382899e-09],
     [ 2.25076630e-09]]), 2.0016526917935904), (1.823931938919815e-05, Vec([[3.56225351e-07],
     [2.49669047e-09],
     [1.03855129e-09]]), 1.996907139135314), (1.8068320973428528e-05, Vec([[ 3.21324578e-07],
     [-6.19279187e-09],
     [-1.94728328e-09]]), 2.0124743685168833), (1.7696253777965017e-05, Vec([[2.86980116e-07],
     [1.74877978e-08],
     [2.95696326e-12]]), 2.0140533666171883), (1.7361984426613315e-05, Vec([[ 2.34765563e-07],
     [-1.08903645e-08],
     [ 2.50432249e-09]]), 2.0284507901425854), (1.6989539319922227e-05, Vec([[1.87349805e-07],
     [1.44677168e-09],
     [7.59133883e-11]]), 2.0475208697631193), (1.6368888255054352e-05, Vec([[ 1.22430700e-07],
     [-1.22260816e-09],
     [ 7.78556648e-10]]), 2.045450312226861), (1.600541962037461e-05, Vec([[ 7.15452865e-08],
     [-4.33898942e-09],
     [-2.55805023e-11]]), 2.0853070320324414), (1.5482365885785847e-05, Vec([[-2.52724831e-09],
     [-9.96484864e-09],
     [-1.29623464e-09]]), 2.1158953373757687)]