[(2.002605151721795e-05, Vec([[-1.58248668e-09],
     [-4.53929692e-09],
     [ 5.33777964e-10]]), 2.151512863031189), (2.0064272476111304e-05, Vec([[ 8.07170119e-10],
     [-2.37710368e-07],
     [-9.98020885e-10]]), 2.1599678726426137), (1.9650981602960065e-05, Vec([[-3.01239586e-09],
     [-4.61801708e-07],
     [-1.21538453e-10]]), 2.1283398567503853), (1.963357485401111e-05, Vec([[ 6.83284966e-10],
     [-6.88564016e-07],
     [-1.01198745e-09]]), 2.1481670348012236), (1.9374879869322645e-05, Vec([[-5.64810406e-09],
     [-8.73895493e-07],
     [ 2.19879221e-09]]), 2.1504794398868188), (1.8750733394550075e-05, Vec([[ 3.15051666e-09],
     [-9.97512995e-07],
     [ 1.67780940e-09]]), 2.1203656549279954), (1.8499244225517363e-05, Vec([[-3.24303221e-10],
     [-1.12789666e-06],
     [ 2.54882615e-10]]), 2.1408314335266447), (1.8387572383631725e-05, Vec([[ 5.78840678e-10],
     [-1.06032023e-06],
     [-3.05470373e-10]]), 2.073898303914327), (1.9288990042158263e-05, Vec([[ 5.15047515e-09],
     [-1.04010353e-06],
     [-1.05263572e-09]]), 2.1052905725120286), (1.9443622831115153e-05, Vec([[-1.43886996e-09],
     [-9.70128861e-07],
     [ 8.82560203e-10]]), 2.063811325514405), (1.978757368251103e-05, Vec([[ 3.63875186e-09],
     [-9.22906714e-07],
     [ 2.10391827e-10]]), 2.0521514716912534), (2.0111151530196e-05, Vec([[-1.69467723e-11],
     [-8.69295626e-07],
     [-2.05095447e-10]]), 2.047006716249984), (2.0586850464217302e-05, Vec([[-5.01787973e-09],
     [-8.40690956e-07],
     [-9.83607019e-11]]), 2.0654161149262347), (2.103206849572665e-05, Vec([[-3.59096289e-09],
     [-7.78715357e-07],
     [ 2.07361171e-10]]), 2.0865688781502225), (2.1239911345158692e-05, Vec([[-4.11902701e-09],
     [-7.45196925e-07],
     [ 5.96549148e-10]]), 2.0910962899922843), (2.1553879148478702e-05, Vec([[-3.96895580e-09],
     [-6.79050213e-07],
     [ 6.99900720e-11]]), 2.114373333013614), (2.185133352319262e-05, Vec([[ 1.92160879e-09],
     [-6.73867554e-07],
     [-5.63092140e-10]]), 2.1444734806265573), (2.2125446644064926e-05, Vec([[ 1.32821133e-10],
     [-6.47943906e-07],
     [-4.70508789e-10]]), 2.181094090127637), (2.2002154418654205e-05, Vec([[ 1.94260838e-09],
     [-6.57228968e-07],
     [ 5.54902369e-10]]), 2.187540288513785), (2.2018972209269306e-05, Vec([[ 6.02840621e-10],
     [-5.76732384e-07],
     [-1.03783763e-09]]), 2.2171537045855136), (2.1611780478547148e-05, Vec([[ 2.74971812e-09],
     [-4.81362554e-07],
     [ 1.44352893e-10]]), 2.213313562871808), (2.1063749822512137e-05, Vec([[ 5.12640765e-09],
     [-3.68918243e-07],
     [-2.01766261e-09]]), 2.2036934139832227), (2.089964845194403e-05, Vec([[ 7.68190624e-09],
     [-3.26150931e-07],
     [ 1.14829825e-09]]), 2.2439357118151952), (2.0101890577715048e-05, Vec([[ 6.93064465e-11],
     [-1.94421011e-07],
     [ 1.74930894e-09]]), 2.2256835432138997), (1.9311770586240774e-05, Vec([[-1.69561152e-09],
     [-9.87262323e-08],
     [ 5.90576896e-10]]), 2.216339664895722), (1.884648784570168e-05, Vec([[-7.47263600e-10],
     [-3.01758029e-08],
     [ 1.96965264e-10]]), 2.206613759873227), (1.956754435733635e-05, Vec([[ 7.90471491e-09],
     [-1.31366121e-07],
     [-5.74196184e-10]]), 2.2042865977457526), (2.0062149978745676e-05, Vec([[ 1.08714674e-09],
     [-2.56328676e-07],
     [-7.96835596e-11]]), 2.1860314456181507), (2.0771753707069912e-05, Vec([[ 6.54655681e-09],
     [-3.57759588e-07],
     [-1.52603485e-10]]), 2.200196416542273), (2.1154604217544837e-05, Vec([[ 9.98027346e-11],
     [-4.71543834e-07],
     [ 6.33050010e-10]]), 2.1884944330559555), (2.1729165501910396e-05, Vec([[-6.83733312e-09],
     [-5.50007921e-07],
     [-4.42030682e-10]]), 2.2053847024371986), (2.1801188331021927e-05, Vec([[ 5.93585421e-10],
     [-6.79824247e-07],
     [ 1.08624973e-10]]), 2.1802060285339047), (2.160239636395556e-05, Vec([[ 3.27446053e-09],
     [-6.17449730e-07],
     [ 7.09346262e-10]]), 2.137547976899857), (2.1731563165923277e-05, Vec([[ 8.96071328e-09],
     [-7.14746334e-07],
     [ 1.67262432e-10]]), 2.1364056806917877), (2.1602238756460892e-05, Vec([[ 7.13667555e-09],
     [-7.03586393e-07],
     [ 9.45491982e-10]]), 2.1185051764859524), (2.1269805236458152e-05, Vec([[-5.29681349e-09],
     [-7.26087850e-07],
     [ 1.43038279e-10]]), 2.089213794772075), (2.1008394281084743e-05, Vec([[ 1.79088382e-09],
     [-7.62440923e-07],
     [-1.41736506e-10]]), 2.075185862450759), (2.0871176969719583e-05, Vec([[-3.90460536e-09],
     [-8.16258712e-07],
     [-5.38048285e-10]]), 2.081766134623268), (2.0556502510189473e-05, Vec([[-2.60820568e-10],
     [-8.71223077e-07],
     [ 2.00176449e-09]]), 2.0762001404564785), (1.9814169771199323e-05, Vec([[-4.10044291e-09],
     [-8.92816894e-07],
     [ 5.07701013e-10]]), 2.034640708614554), (1.956041221622276e-05, Vec([[-7.68914961e-09],
     [-9.41209447e-07],
     [-8.79746075e-10]]), 2.051090931069375), (1.9144744498913743e-05, Vec([[ 1.70461226e-09],
     [-9.83163343e-07],
     [ 4.99104332e-10]]), 2.0593793049284344), (1.8584748865366277e-05, Vec([[-4.39437316e-09],
     [-1.02753442e-06],
     [-1.87817697e-10]]), 2.060688143089176), (1.8291657974277745e-05, Vec([[-3.92390165e-09],
     [-1.09132984e-06],
     [ 7.99772819e-10]]), 2.1013448960525785), (1.8701926880801334e-05, Vec([[ 2.55555542e-09],
     [-1.03877454e-06],
     [-1.71190990e-09]]), 2.1382040907666804), (1.924664645554424e-05, Vec([[-8.38456206e-09],
     [-9.46054422e-07],
     [ 1.00787190e-09]]), 2.155072513825255), (1.9428130753205295e-05, Vec([[ 2.96175254e-09],
     [-7.43067350e-07],
     [ 1.16438542e-10]]), 2.139851432944693), (1.987263961330577e-05, Vec([[ 2.19443437e-09],
     [-5.30252038e-07],
     [ 1.77191282e-09]]), 2.162190462852451), (1.9881302634097437e-05, Vec([[ 1.46327913e-09],
     [-3.19271701e-07],
     [-4.18838846e-10]]), 2.145677459116674), (1.9890002623904774e-05, Vec([[ 3.95444356e-09],
     [-1.04403165e-07],
     [-1.25329682e-10]]), 2.1379727336008445), (1.9935148169117405e-05, Vec([[-2.48588410e-09],
     [ 1.14078655e-07],
     [ 1.48397889e-09]]), 2.1428254199746584), (1.9952287745402776e-05, Vec([[6.43356462e-10],
     [3.25517907e-07],
     [1.45851689e-09]]), 2.1533384839531227), (1.961386729074398e-05, Vec([[-6.86965816e-10],
     [ 5.50216230e-07],
     [ 3.60505466e-10]]), 2.1340354185915626), (1.97113783491851e-05, Vec([[-5.82378757e-09],
     [ 8.15709163e-07],
     [ 4.31894713e-10]]), 2.1710488642279646), (1.9075517271275966e-05, Vec([[ 5.55726375e-09],
     [ 9.43789390e-07],
     [-6.00735150e-10]]), 2.1359109522419555), (1.8374378857711445e-05, Vec([[3.06055555e-09],
     [1.04218167e-06],
     [4.47241516e-10]]), 2.1007553012725726), (1.843436884837418e-05, Vec([[-3.34755676e-09],
     [ 1.09969026e-06],
     [-3.31254873e-10]]), 2.1177395152454075), (1.8977138881988732e-05, Vec([[ 5.94217797e-09],
     [ 1.05431910e-06],
     [-6.49460986e-10]]), 2.104196584369613), (1.9060376074093237e-05, Vec([[ 3.33656521e-09],
     [ 9.68137015e-07],
     [-2.02811888e-09]]), 2.0503038854014397), (1.950292312888159e-05, Vec([[-6.59232020e-10],
     [ 9.54108230e-07],
     [-4.98269687e-10]]), 2.0450626662057587), (1.9862871754113995e-05, Vec([[-1.63711305e-09],
     [ 8.85454782e-07],
     [-8.86827943e-10]]), 2.0396417274900696), (2.0239992167360975e-05, Vec([[9.26143375e-09],
     [8.37450560e-07],
     [5.74986989e-10]]), 2.0442326976528835), (2.0862903293861796e-05, Vec([[-2.29435648e-09],
     [ 8.55489746e-07],
     [-4.08215513e-10]]), 2.080940888484318), (2.1439030553785873e-05, Vec([[ 3.13658212e-10],
     [ 8.13133793e-07],
     [-8.35349893e-10]]), 2.117723635352921), (2.1268951836075907e-05, Vec([[1.05195274e-09],
     [7.40519336e-07],
     [2.92374383e-09]]), 2.0891299700340853), (2.1520653009929168e-05, Vec([[ 1.59986367e-09],
     [ 7.26951928e-07],
     [-1.08748525e-09]]), 2.110504161947436), (2.1701488077275232e-05, Vec([[1.95908991e-09],
     [6.77368282e-07],
     [4.67710182e-10]]), 2.133449032348344), (2.1869734890009547e-05, Vec([[-3.60761859e-09],
     [ 6.82628520e-07],
     [-1.29706568e-10]]), 2.164001010900639), (2.1861057368058986e-05, Vec([[5.47630390e-09],
     [6.44127074e-07],
     [2.58751905e-09]]), 2.186193171688161), (2.153302035030925e-05, Vec([[-2.49746545e-09],
     [ 5.73381203e-07],
     [ 1.20874929e-09]]), 2.1854771032815674), (2.112302126889022e-05, Vec([[-1.89501147e-09],
     [ 4.76924578e-07],
     [ 1.14404082e-09]]), 2.1852271014339917), (2.093635608098652e-05, Vec([[-8.54324510e-10],
     [ 3.56051050e-07],
     [ 7.25504527e-10]]), 2.217631514144188), (2.0193595390740333e-05, Vec([[-1.65419412e-10],
     [ 2.75216746e-07],
     [ 4.21093009e-10]]), 2.200354128097694), (1.954234485888133e-05, Vec([[-2.30649996e-09],
     [ 1.33272965e-07],
     [ 7.71372992e-10]]), 2.2014478707343335), (1.899569207383469e-05, Vec([[-1.42946436e-09],
     [ 6.58832299e-08],
     [ 3.06813646e-10]]), 2.224083121036165), (1.941518359576412e-05, Vec([[2.44162931e-09],
     [9.03093330e-08],
     [7.07454414e-10]]), 2.2282079891308935), (2.008506537735819e-05, Vec([[ 6.46276073e-09],
     [ 1.61322599e-07],
     [-5.28307322e-10]]), 2.223820655173557), (2.0784721528737073e-05, Vec([[-1.93518804e-09],
     [ 2.78044165e-07],
     [ 5.74509417e-10]]), 2.231596335493814), (2.145633676734983e-05, Vec([[-1.96101764e-09],
     [ 3.83311550e-07],
     [ 1.29338817e-09]]), 2.244765932981239), (2.1978696726625926e-05, Vec([[-9.68951908e-11],
     [ 4.91847597e-07],
     [ 7.68546761e-10]]), 2.250890323801659), (2.1951526432394998e-05, Vec([[-1.10403698e-09],
     [ 5.92839483e-07],
     [-3.00444408e-10]]), 2.210362395134996), (2.203023882915437e-05, Vec([[4.27890485e-09],
     [6.21328051e-07],
     [2.80005539e-10]]), 2.190332550502284), (2.1981418603577696e-05, Vec([[ 1.84963446e-09],
     [ 6.30765102e-07],
     [-2.36175387e-10]]), 2.1668960170684604), (2.1744754821159187e-05, Vec([[-7.81376797e-10],
     [ 6.67191828e-07],
     [-1.13624359e-09]]), 2.1340139267568707), (2.1481077868115947e-05, Vec([[-6.14790069e-10],
     [ 6.98832441e-07],
     [-1.69410363e-09]]), 2.1072317375380196), (2.1348711704032215e-05, Vec([[-2.92157811e-09],
     [ 7.72709981e-07],
     [ 8.83765930e-10]]), 2.10180782372202), (2.0953473020482156e-05, Vec([[-2.16521612e-09],
     [ 7.85360375e-07],
     [-9.77486448e-10]]), 2.078771505645378), (2.0646666817555317e-05, Vec([[ 3.97060814e-09],
     [ 8.52219218e-07],
     [-1.88291378e-09]]), 2.0714173077913207), (2.0311635988674084e-05, Vec([[2.79893245e-09],
     [8.66884044e-07],
     [1.79999886e-10]]), 2.0674129586470036), (1.9889928707118098e-05, Vec([[ 3.40424538e-09],
     [ 9.44637607e-07],
     [-4.43065983e-10]]), 2.062766619245601), (1.945097193925483e-05, Vec([[-6.14465140e-10],
     [ 9.79337786e-07],
     [ 1.16430251e-09]]), 2.0645913844953285), (1.899080724805708e-05, Vec([[ 3.29781335e-10],
     [ 1.04224527e-06],
     [-1.45230209e-09]]), 2.072745507999347), (1.8539582464753282e-05, Vec([[-4.51875680e-09],
     [ 1.10352930e-06],
     [ 6.06424346e-10]]), 2.091043223474046), (1.8175551201804565e-05, Vec([[-2.32644134e-09],
     [ 1.11331524e-06],
     [ 5.95299757e-10]]), 2.1033719464508542), (1.8966938743327285e-05, Vec([[-2.46702774e-09],
     [ 9.99036603e-07],
     [-9.69376567e-11]]), 2.144814533076525), (1.927253866506611e-05, Vec([[-4.49577901e-09],
     [ 8.76194022e-07],
     [-2.30832928e-10]]), 2.1391202646510843), (1.9817776192044924e-05, Vec([[-2.27009838e-09],
     [ 6.59854723e-07],
     [-9.04313992e-10]]), 2.16832104369022), (1.988159571420138e-05, Vec([[5.20103332e-09],
     [4.33852155e-07],
     [1.88270664e-09]]), 2.1533169909414847), (1.9985853164719725e-05, Vec([[1.23664157e-09],
     [2.05631204e-07],
     [6.90939747e-10]]), 2.1515258424916457), (2.019826505735489e-05, Vec([[ 7.33442951e-09],
     [-9.40319504e-10],
     [-6.39799725e-10]]), 2.1700147452656458)]