[(1.508725510403234e-05, Vec([[-1.61254922e-09],
     [-6.84753997e-09],
     [-1.16674066e-10]]), 2.0618975784397993), (1.595052874664972e-05, Vec([[-6.50931496e-08],
     [-7.16882318e-10],
     [-1.08521413e-09]]), 2.078155434155731), (1.640872321433769e-05, Vec([[-1.26420830e-07],
     [ 8.19388575e-09],
     [ 1.50706674e-09]]), 2.050428074224747), (1.6926268695712863e-05, Vec([[-1.85571853e-07],
     [-1.62539629e-08],
     [-1.85572193e-09]]), 2.03989571165423), (1.7377627498008574e-05, Vec([[-2.34160865e-07],
     [ 3.31846413e-09],
     [-1.31746251e-10]]), 2.030278415358246), (1.7867250758616542e-05, Vec([[-2.89200496e-07],
     [-1.11971274e-08],
     [-3.23603590e-09]]), 2.0335149458239363), (1.8167321400883284e-05, Vec([[-3.13269146e-07],
     [ 9.59172213e-09],
     [ 1.66343358e-09]]), 2.0235011718937947), (1.8513319095044256e-05, Vec([[-3.72569225e-07],
     [-8.95298630e-09],
     [ 1.63470942e-09]]), 2.026905625210901), (1.8667732182788604e-05, Vec([[-3.69024100e-07],
     [-8.96733878e-09],
     [-6.34306518e-09]]), 2.017559927126935), (1.861443460603256e-05, Vec([[-4.14841621e-07],
     [ 3.32850886e-09],
     [-2.35652856e-10]]), 1.9942152877104693), (1.8933883635708214e-05, Vec([[-4.09396280e-07],
     [ 1.66139806e-08],
     [ 9.47683087e-10]]), 2.0189215945389627), (1.8710748445709304e-05, Vec([[-3.64401597e-07],
     [-1.42129778e-09],
     [ 2.79289344e-09]]), 1.993802376465029), (1.8431273340673633e-05, Vec([[-3.50160016e-07],
     [ 2.50114238e-09],
     [-1.41851740e-09]]), 1.9706468127757573), (1.8266086323815474e-05, Vec([[-2.87761029e-07],
     [ 5.94902557e-09],
     [ 4.58305502e-09]]), 1.9675448128295796), (1.8307274132722052e-05, Vec([[-2.5941067e-07],
     [-6.9332548e-09],
     [-2.4646403e-09]]), 1.994886033991632), (1.769535078904272e-05, Vec([[-1.92398486e-07],
     [-1.51694940e-08],
     [ 1.60021481e-09]]), 1.9588463384400803), (1.7554996985494387e-05, Vec([[-1.24393578e-07],
     [ 8.45199791e-09],
     [-1.81874085e-10]]), 1.9828006164029977), (1.697983893783608e-05, Vec([[-5.63202227e-08],
     [-2.12826115e-10],
     [-1.08468143e-09]]), 1.96569908942545), (1.6528164914815536e-05, Vec([[ 1.53878077e-08],
     [-2.17331061e-09],
     [-5.40160707e-10]]), 1.9705210391550751), (1.635087673110222e-05, Vec([[ 7.88064880e-08],
     [-3.56463583e-09],
     [ 1.85081526e-09]]), 2.017733628289533), (1.5726359695158443e-05, Vec([[ 1.35427990e-07],
     [ 3.60161916e-09],
     [-1.00681114e-09]]), 2.019610644899474), (1.5502583474670138e-05, Vec([[ 2.07433949e-07],
     [-4.39215554e-09],
     [ 1.06884953e-10]]), 2.08404057569503), (1.4817805841160128e-05, Vec([[ 2.53024136e-07],
     [ 6.94366194e-09],
     [-2.61452573e-10]]), 2.0986464249843446), (1.4374023656797504e-05, Vec([[ 2.97072989e-07],
     [-1.32145014e-08],
     [ 5.45411426e-11]]), 2.160158431178445), (1.3728778978607304e-05, Vec([[ 3.32680805e-07],
     [ 1.11646638e-08],
     [-2.02714649e-10]]), 2.2068933224779244), (1.3300904600860708e-05, Vec([[ 3.40427530e-07],
     [-3.91332812e-09],
     [ 1.79126121e-10]]), 2.2189044998990406), (1.4045328057283042e-05, Vec([[ 2.97632215e-07],
     [ 2.08511990e-09],
     [-2.34785288e-10]]), 2.180697618568464), (1.450754828986725e-05, Vec([[ 2.65382728e-07],
     [-7.67250534e-09],
     [-2.69911791e-10]]), 2.1145394352051534), (1.5150981103759946e-05, Vec([[2.14875490e-07],
     [6.55655126e-09],
     [2.18694613e-10]]), 2.088830021247575), (1.5650009480691867e-05, Vec([[ 1.69794309e-07],
     [-1.06456325e-08],
     [-1.18294660e-09]]), 2.054722263788828), (1.6213077556785943e-05, Vec([[7.67834576e-08],
     [3.77262360e-09],
     [7.70361846e-10]]), 2.0395838784906237), (1.659693711751157e-05, Vec([[ 4.84368040e-08],
     [ 5.67196293e-09],
     [-2.80035520e-09]]), 2.01179808794346), (1.6752300119005956e-05, Vec([[-2.17766148e-08],
     [ 8.19562840e-09],
     [ 1.72071106e-09]]), 1.966883961452878), (1.712729303257309e-05, Vec([[-1.10962325e-07],
     [-2.36232055e-09],
     [-3.28790793e-10]]), 1.9573474226166216), (1.7718837697969743e-05, Vec([[-1.68194811e-07],
     [ 2.07997233e-09],
     [-2.25675537e-09]]), 1.9801782884135664), (1.80565618471775e-05, Vec([[-2.25346525e-07],
     [ 8.38719325e-09],
     [-1.34896004e-09]]), 1.9820776398747015), (1.8285854545847934e-05, Vec([[-3.00243790e-07],
     [-5.80852664e-09],
     [-1.02921177e-09]]), 1.9800496637274239), (1.8427887961927235e-05, Vec([[-3.48597117e-07],
     [-8.83417809e-09],
     [-6.16420721e-09]]), 1.9766062105383067), (1.8618021554011536e-05, Vec([[-3.70252540e-07],
     [ 1.60056820e-08],
     [ 5.05058079e-11]]), 1.9862614398865959), (1.8656077369520962e-05, Vec([[-3.86869767e-07],
     [-2.13123995e-09],
     [ 3.71032824e-10]]), 1.9876364651287701), (1.866270813380182e-05, Vec([[-4.00659264e-07],
     [-9.14051960e-09],
     [-1.05963885e-09]]), 1.9936812765644392), (1.868698057574731e-05, Vec([[-3.87285186e-07],
     [ 8.68534625e-09],
     [ 3.36360996e-10]]), 2.009762705932893), (1.8434003241238932e-05, Vec([[-3.57552535e-07],
     [-4.44658305e-09],
     [ 2.03442250e-09]]), 2.004167174298903), (1.839262551538444e-05, Vec([[-3.44168691e-07],
     [-6.45884180e-09],
     [ 2.85275368e-09]]), 2.0299712806070076), (1.7877126656492486e-05, Vec([[-2.93615563e-07],
     [-5.00768164e-09],
     [ 1.36031262e-09]]), 2.011661035207526), (1.7643831022494763e-05, Vec([[-2.59035744e-07],
     [ 1.08939963e-08],
     [-1.39637695e-09]]), 2.0333601935358816), (1.7219188554334448e-05, Vec([[-2.02115601e-07],
     [-1.64439563e-08],
     [ 1.25380244e-09]]), 2.041961694800615), (1.6628652200320023e-05, Vec([[-1.54134746e-07],
     [ 2.39267093e-08],
     [-1.12476575e-09]]), 2.039273324473734), (1.612452273571595e-05, Vec([[-1.02408833e-07],
     [ 1.13513294e-08],
     [ 1.49041298e-09]]), 2.055937360696283), (1.5408267673824043e-05, Vec([[-2.91778697e-08],
     [-8.06179690e-09],
     [-1.47289645e-09]]), 2.054428582956267), (1.5413021574969418e-05, Vec([[ 3.16342671e-08],
     [-8.94005316e-09],
     [ 4.42555059e-10]]), 2.0550624342496344), (1.6155405285451385e-05, Vec([[ 9.66593423e-08],
     [ 3.61204621e-09],
     [-4.92469008e-10]]), 2.059875002066219), (1.6672942205246796e-05, Vec([[ 1.56160803e-07],
     [-1.27701254e-08],
     [ 8.16775363e-10]]), 2.044704878667057), (1.701257956598243e-05, Vec([[ 2.02654594e-07],
     [-3.24009340e-09],
     [ 5.53986788e-10]]), 2.0174606773057966), (1.7468733286671438e-05, Vec([[ 2.62095642e-07],
     [ 2.17777857e-09],
     [-7.10658342e-10]]), 2.013181085860939), (1.797767116560289e-05, Vec([[ 2.93268578e-07],
     [-6.69275205e-09],
     [-1.91682290e-10]]), 2.0229750162050273), (1.8213452457099815e-05, Vec([[3.48406044e-07],
     [1.12306549e-08],
     [2.81785924e-09]]), 2.0101961722478405), (1.826033036752748e-05, Vec([[ 3.71660110e-07],
     [-3.32113401e-09],
     [-2.40597739e-09]]), 1.9852852489784185), (1.868228240374436e-05, Vec([[ 3.98768901e-07],
     [ 1.05970217e-08],
     [-4.04908211e-09]]), 2.009257423078912), (1.8801354646289195e-05, Vec([[ 4.08619572e-07],
     [-5.75998281e-09],
     [ 1.09157267e-09]]), 2.0084924687036123), (1.8922488178076125e-05, Vec([[ 4.05013979e-07],
     [ 4.74117879e-09],
     [-2.44402015e-09]]), 2.016020129459719), (1.878036152735178e-05, Vec([[ 3.63685175e-07],
     [-4.60118342e-09],
     [ 2.70468483e-09]]), 2.0035806608501394), (1.8428727064643287e-05, Vec([[ 3.19432701e-07],
     [ 4.95729931e-09],
     [-5.23013887e-10]]), 1.9766962141048166), (1.8131894490540028e-05, Vec([[2.86659694e-07],
     [2.65818184e-09],
     [9.67109498e-10]]), 1.9633783862120338), (1.798699137520311e-05, Vec([[2.37676911e-07],
     [6.38178481e-10],
     [1.79812941e-09]]), 1.9744408550834975), (1.770365987717145e-05, Vec([[ 1.77669771e-07],
     [ 1.10967387e-08],
     [-2.30691154e-09]]), 1.978482082842833), (1.7462151650386272e-05, Vec([[1.16931386e-07],
     [9.47755870e-10],
     [8.34211966e-10]]), 1.9956158548359506), (1.7075790750091246e-05, Vec([[ 4.76380606e-08],
     [ 5.10615085e-09],
     [-6.30979471e-10]]), 2.004864927018321), (1.6556573598567832e-05, Vec([[-3.70270230e-08],
     [ 4.30578373e-09],
     [ 1.89131486e-09]]), 2.0069054231307453), (1.614985372050584e-05, Vec([[-1.07262491e-07],
     [ 1.45663156e-08],
     [-2.92250930e-12]]), 2.0316304028619774), (1.5487471332754418e-05, Vec([[-1.67066984e-07],
     [-2.91171365e-09],
     [-1.10502399e-09]]), 2.033382292608995), (1.526236094692733e-05, Vec([[-2.23803162e-07],
     [-2.20890826e-09],
     [-4.22168512e-10]]), 2.1041856974626376), (1.4445955293431012e-05, Vec([[-2.60546012e-07],
     [-4.37219451e-09],
     [-1.31171386e-09]]), 2.1055619831026617), (1.3893696095134446e-05, Vec([[-2.92089105e-07],
     [-1.48574315e-09],
     [-1.24256624e-10]]), 2.157155024375739), (1.3368367865029804e-05, Vec([[-3.43713865e-07],
     [-7.52162130e-09],
     [ 3.97491569e-10]]), 2.2301589630302923), (1.3539404784989599e-05, Vec([[-3.35016229e-07],
     [ 1.63836289e-10],
     [-3.39696298e-10]]), 2.1764515298031495), (1.4452418590904282e-05, Vec([[-3.00564446e-07],
     [ 5.40427350e-09],
     [-6.25899241e-10]]), 2.171939786344948), (1.498403896686368e-05, Vec([[-2.36113605e-07],
     [ 7.83934940e-10],
     [-5.98773698e-10]]), 2.122190029125971), (1.52985687401208e-05, Vec([[-1.83929534e-07],
     [-7.43291222e-09],
     [-1.76212321e-10]]), 2.056614502774012), (1.5871640770736436e-05, Vec([[-1.39548930e-07],
     [-7.46577279e-09],
     [ 1.23484319e-09]]), 2.0382679319275763), (1.6200778858178487e-05, Vec([[-9.13661190e-08],
     [-1.24814687e-08],
     [ 6.37920286e-10]]), 1.999211225441444), (1.668271673733602e-05, Vec([[-5.58736295e-09],
     [ 7.78222126e-11],
     [-1.75445663e-09]]), 1.9889470180514597), (1.6935812205653048e-05, Vec([[ 4.44757377e-08],
     [ 7.35795724e-09],
     [-1.34317537e-09]]), 1.9606022620833663), (1.756513211790736e-05, Vec([[1.08603362e-07],
     [6.06530759e-09],
     [7.13824698e-10]]), 1.983945358655724), (1.7931504502759876e-05, Vec([[ 1.86755012e-07],
     [-1.79384942e-09],
     [ 2.82373448e-09]]), 1.9849881676097136), (1.8076936089641078e-05, Vec([[ 2.42742447e-07],
     [ 6.19694090e-09],
     [-5.49377253e-10]]), 1.969786822502909), (1.8348471720659555e-05, Vec([[ 3.01418212e-07],
     [-7.19151830e-09],
     [ 1.38388017e-09]]), 1.9764190159478556), (1.8529524394297162e-05, Vec([[ 3.33230670e-07],
     [ 5.55287629e-09],
     [-4.14421059e-09]]), 1.9811516825205846), (1.8736471533810202e-05, Vec([[ 3.74483559e-07],
     [-1.09836454e-08],
     [ 3.53598906e-09]]), 1.9965434081417897), (1.8600430425351534e-05, Vec([[ 4.16656451e-07],
     [-1.61928605e-08],
     [-1.88603274e-09]]), 1.9833654508491496), (1.887028405435331e-05, Vec([[ 4.04109111e-07],
     [-4.92688265e-09],
     [ 1.20223400e-10]]), 2.021625138828277), (1.8529991663564997e-05, Vec([[3.75041322e-07],
     [1.06502872e-08],
     [2.95458306e-09]]), 2.0026732901639606), (1.818726122175358e-05, Vec([[ 3.54437352e-07],
     [ 1.08801116e-08],
     [-2.57717714e-09]]), 1.9912076212968397), (1.8327319848394273e-05, Vec([[ 3.19512055e-07],
     [ 7.47945518e-09],
     [-2.12636173e-09]]), 2.041322018395906), (1.781736435005083e-05, Vec([[ 2.84405356e-07],
     [-9.61535400e-09],
     [-1.04446432e-09]]), 2.0278372532240865), (1.7382132490753585e-05, Vec([[ 2.36606865e-07],
     [-1.61411491e-08],
     [ 1.89874966e-09]]), 2.0308047466731836), (1.701823571750079e-05, Vec([[ 1.76675118e-07],
     [-1.96807462e-09],
     [ 7.38830352e-10]]), 2.0509792609426984), (1.6639582392236245e-05, Vec([[ 1.24433798e-07],
     [-1.19396001e-08],
     [ 1.59652411e-09]]), 2.079276152979712), (1.5905826130225153e-05, Vec([[5.93879619e-08],
     [5.75286302e-09],
     [8.95299760e-10]]), 2.072331239439728), (1.503134923327368e-05, Vec([[ 3.23754662e-09],
     [-7.89656246e-10],
     [ 4.60881208e-11]]), 2.0542572105436507)]