[(2.010558200499144e-05, Vec([[-3.38815811e-09],
     [-1.43721228e-09],
     [-3.36185853e-10]]), 2.1600572766566453), (1.9957144293082452e-05, Vec([[ 1.49785290e-09],
     [-2.22505225e-07],
     [-1.24287274e-09]]), 2.1484352624334773), (1.9813829742767792e-05, Vec([[-4.45328065e-09],
     [-4.34412932e-07],
     [ 2.72068986e-10]]), 2.1459774584515765), (1.9588099881562795e-05, Vec([[-5.00288407e-09],
     [-6.67224535e-07],
     [-1.02340685e-09]]), 2.1431914846302362), (1.936588612777676e-05, Vec([[-7.96972138e-09],
     [-8.63283667e-07],
     [ 4.37879935e-10]]), 2.149481195953822), (1.9064062712927064e-05, Vec([[ 1.56850467e-09],
     [-1.03341332e-06],
     [ 6.61039890e-11]]), 2.1557974810538827), (1.8362475539393272e-05, Vec([[ 3.92636248e-09],
     [-1.11821018e-06],
     [ 6.78177446e-10]]), 2.125003830041486), (1.852014223583339e-05, Vec([[ 6.33688771e-09],
     [-1.08799839e-06],
     [-4.09170058e-10]]), 2.088850598099499), (1.9086314340574908e-05, Vec([[ 3.21135824e-10],
     [-1.03306361e-06],
     [-1.89692395e-10]]), 2.08316959868768), (1.9587361247259693e-05, Vec([[ 1.54864259e-09],
     [-9.89386444e-07],
     [-2.87724651e-10]]), 2.0790682029866367), (1.9761747841283297e-05, Vec([[-2.20068592e-09],
     [-9.11947866e-07],
     [-1.23002240e-09]]), 2.049473096922648), (2.032415005685946e-05, Vec([[-4.14993078e-09],
     [-9.07255220e-07],
     [ 4.15753067e-10]]), 2.068686698819694), (2.06536040221449e-05, Vec([[-1.02959310e-08],
     [-8.11252449e-07],
     [ 5.11621934e-10]]), 2.0721132964359543), (2.0927592632106805e-05, Vec([[-5.93736547e-09],
     [-7.83230255e-07],
     [ 4.37159501e-10]]), 2.0762039401703314), (2.100205308456898e-05, Vec([[-1.05359965e-08],
     [-7.38834134e-07],
     [ 1.65656059e-09]]), 2.067678841671506), (2.140464228646055e-05, Vec([[ 3.32730188e-09],
     [-7.18097488e-07],
     [ 5.24468944e-10]]), 2.099733627595386), (2.1820008590596317e-05, Vec([[-4.00165683e-09],
     [-6.65156229e-07],
     [-1.44070760e-11]]), 2.141399275239326), (2.184064452453348e-05, Vec([[-5.52584672e-09],
     [-6.59720199e-07],
     [-4.09948951e-10]]), 2.1530187147574193), (2.2105093488565596e-05, Vec([[-2.58649427e-09],
     [-6.37193869e-07],
     [-1.24919114e-10]]), 2.1977748936532886), (2.2054733134575112e-05, Vec([[ 6.93058471e-10],
     [-5.96517765e-07],
     [-3.52494690e-10]]), 2.2207545751106057), (2.187718145033756e-05, Vec([[ 4.39350727e-09],
     [-4.98473106e-07],
     [-3.02396221e-10]]), 2.2404939042160197), (2.098660324054866e-05, Vec([[-4.22936787e-10],
     [-3.67868878e-07],
     [-1.11225349e-09]]), 2.195622324266684), (2.0590450886430363e-05, Vec([[-6.61744074e-09],
     [-2.86453551e-07],
     [-2.32230285e-09]]), 2.21073805010056), (2.0285500083436456e-05, Vec([[ 6.64399588e-09],
     [-1.80324154e-07],
     [-1.54499726e-09]]), 2.2460128079505615), (1.9231667890309288e-05, Vec([[-2.75746655e-10],
     [-1.00467426e-07],
     [-2.13368677e-10]]), 2.207146578147657), (1.8908627069660753e-05, Vec([[-6.40485334e-09],
     [-6.95899775e-08],
     [ 5.24252517e-10]]), 2.2138892409993933), (1.9482787264810933e-05, Vec([[ 4.70417296e-09],
     [-1.60667931e-07],
     [ 9.49335487e-10]]), 2.194738699465526), (2.0192696864632303e-05, Vec([[ 5.52026043e-09],
     [-2.35894641e-07],
     [-1.77533531e-09]]), 2.20025622202437), (2.0853594399300117e-05, Vec([[ 5.61295377e-09],
     [-3.58005877e-07],
     [-1.94023160e-09]]), 2.208865188582977), (2.107591130091011e-05, Vec([[-7.45840584e-10],
     [-4.51307609e-07],
     [-1.50456138e-09]]), 2.1803534625038705), (2.1570180877655537e-05, Vec([[ 3.79218228e-09],
     [-5.55911756e-07],
     [-2.18895113e-09]]), 2.1892486820169226), (2.1702775391237745e-05, Vec([[ 3.21016563e-09],
     [-6.54547939e-07],
     [ 4.25526250e-11]]), 2.170364340945806), (2.1825211180469737e-05, Vec([[-3.23001807e-09],
     [-6.87686044e-07],
     [-1.13994189e-10]]), 2.159595408686539), (2.1467170162755536e-05, Vec([[ 6.32925983e-09],
     [-6.91634391e-07],
     [-2.79270667e-10]]), 2.1104135001206057), (2.1407284209362533e-05, Vec([[-2.82610876e-09],
     [-7.01313896e-07],
     [ 5.20926134e-10]]), 2.0993862221098083), (2.136327308545617e-05, Vec([[-3.11327713e-09],
     [-7.45796071e-07],
     [-1.91701986e-09]]), 2.0983946178836854), (2.085300740319216e-05, Vec([[ 2.37286835e-09],
     [-7.95576900e-07],
     [ 7.36329884e-10]]), 2.059836919171292), (2.114780532913274e-05, Vec([[ 4.16248473e-09],
     [-8.13239655e-07],
     [ 9.82378616e-10]]), 2.1093580405008425), (2.0422665887846167e-05, Vec([[ 4.48602411e-09],
     [-8.53873862e-07],
     [-2.87925785e-10]]), 2.062682684655344), (1.986380866273427e-05, Vec([[-3.14962029e-09],
     [-8.92481528e-07],
     [ 6.76482871e-10]]), 2.039737935024429), (1.9525171010381488e-05, Vec([[ 7.42838452e-10],
     [-9.37915033e-07],
     [ 8.47420946e-10]]), 2.0473955632569814), (1.9014173764693143e-05, Vec([[-5.56670443e-09],
     [-9.74863875e-07],
     [ 1.49510231e-09]]), 2.045333953323012), (1.869207842317275e-05, Vec([[-1.56644594e-10],
     [-1.04485450e-06],
     [ 4.99206241e-10]]), 2.072588909076225), (1.8019277660427343e-05, Vec([[-1.22796194e-09],
     [-1.05877543e-06],
     [-1.71673542e-09]]), 2.0700538570937472), (1.8762805061217456e-05, Vec([[ 9.85290982e-10],
     [-1.05415516e-06],
     [-1.07790914e-09]]), 2.1451643347690146), (1.9286830997119988e-05, Vec([[ 1.04618673e-11],
     [-9.61276661e-07],
     [ 1.46018670e-09]]), 2.1595720302075287), (1.9470720185785833e-05, Vec([[-4.00088632e-09],
     [-7.57513132e-07],
     [ 4.88689564e-10]]), 2.1445423144038234), (1.969375525739032e-05, Vec([[-1.03042948e-09],
     [-5.35800647e-07],
     [-1.22505329e-09]]), 2.142727419399737), (1.983664313176628e-05, Vec([[ 2.61916770e-09],
     [-3.21206497e-07],
     [-1.75389467e-10]]), 2.140857609570046), (1.9807740671624468e-05, Vec([[-4.90011139e-09],
     [-1.18113169e-07],
     [ 1.58588886e-09]]), 2.1291304114396246), (1.9959910997301714e-05, Vec([[-2.36892112e-09],
     [ 1.25037848e-07],
     [ 1.27453455e-10]]), 2.1454871718339197), (1.963582568409151e-05, Vec([[6.15242957e-10],
     [3.33864920e-07],
     [1.89222261e-10]]), 2.1191845090291346), (1.9685745070423156e-05, Vec([[-2.12892275e-09],
     [ 5.40360114e-07],
     [-6.52138457e-10]]), 2.1418558920031203), (1.9465709257813143e-05, Vec([[-6.30670673e-09],
     [ 7.56725100e-07],
     [-7.06501030e-10]]), 2.143990401224993), (1.9193893801166483e-05, Vec([[-4.81919410e-09],
     [ 9.19463281e-07],
     [-2.51542093e-10]]), 2.14916572919431), (1.850648424080257e-05, Vec([[-2.05031605e-10],
     [ 1.03094244e-06],
     [-1.34154327e-09]]), 2.1158590000699253), (1.8351856779068205e-05, Vec([[ 1.29523560e-09],
     [ 1.10825609e-06],
     [-5.35227987e-10]]), 2.1082605322061077), (1.8876262890004945e-05, Vec([[-7.39980726e-09],
     [ 1.05739063e-06],
     [-1.09271415e-09]]), 2.093011393646335), (1.9005498919404988e-05, Vec([[-3.43397319e-09],
     [ 9.76487344e-07],
     [-5.95680722e-10]]), 2.0444008096677964), (1.9653340298966462e-05, Vec([[ 2.36536926e-09],
     [ 9.26480276e-07],
     [-1.65767641e-09]]), 2.060835303818289), (2.015655113667632e-05, Vec([[ 3.38771977e-09],
     [ 9.06263866e-07],
     [-3.76140885e-10]]), 2.069798531128173), (2.0598656082928045e-05, Vec([[-1.86388342e-09],
     [ 8.54149322e-07],
     [ 5.06564721e-10]]), 2.080457637742177), (2.079948065481169e-05, Vec([[ 4.40184876e-09],
     [ 8.22728401e-07],
     [-8.05140114e-10]]), 2.0746148867291465), (2.1015869827277962e-05, Vec([[-9.71571976e-10],
     [ 7.62998567e-07],
     [-5.35510568e-10]]), 2.0759242886039764), (2.128983007925745e-05, Vec([[-9.02680501e-10],
     [ 7.31280970e-07],
     [ 1.80674271e-10]]), 2.0911807228821044), (2.1599888834621363e-05, Vec([[-6.48214336e-09],
     [ 6.94745244e-07],
     [-5.75373298e-10]]), 2.1182747225206238), (2.1779831078553967e-05, Vec([[-9.93798654e-10],
     [ 6.96607077e-07],
     [-1.40959918e-09]]), 2.141150845222845), (2.1872493599403748e-05, Vec([[-1.03153526e-09],
     [ 6.64912894e-07],
     [ 1.04896108e-09]]), 2.164273984027558), (2.1502098609263125e-05, Vec([[9.28879478e-10],
     [6.41303424e-07],
     [5.88682333e-10]]), 2.1502958601270206), (2.1441555585699256e-05, Vec([[-8.87215527e-10],
     [ 5.26813713e-07],
     [ 2.25733751e-10]]), 2.176193958346013), (2.117908807440091e-05, Vec([[ 5.61286921e-09],
     [ 4.67396252e-07],
     [-9.88022031e-10]]), 2.1910273466419645), (2.0864463325346387e-05, Vec([[2.75006077e-09],
     [3.94802157e-07],
     [1.42977274e-09]]), 2.2100164525771464), (2.0093725634521633e-05, Vec([[-7.37992193e-09],
     [ 2.79733294e-07],
     [-1.31323347e-10]]), 2.189472022850172), (1.9529970659108363e-05, Vec([[1.45635409e-09],
     [1.23128537e-07],
     [5.77385023e-11]]), 2.2000539154060985), (1.8968931734212016e-05, Vec([[-9.04653595e-10],
     [ 6.94520235e-08],
     [-7.18013844e-10]]), 2.2209499253917713), (1.9413842859309435e-05, Vec([[1.22833896e-09],
     [6.15493781e-08],
     [5.23879356e-10]]), 2.228054117823681), (2.0140021522449188e-05, Vec([[ 5.98287186e-09],
     [ 1.80127555e-07],
     [-3.00112079e-11]]), 2.229905405623005), (2.0589215676008217e-05, Vec([[5.14858242e-09],
     [2.78497855e-07],
     [2.50079750e-10]]), 2.210605429076613), (2.127807086815345e-05, Vec([[ 6.27111001e-10],
     [ 3.58866013e-07],
     [-2.27854092e-10]]), 2.2261157215370733), (2.187226386412305e-05, Vec([[1.75586516e-09],
     [5.09622848e-07],
     [9.78147498e-10]]), 2.239990282578923), (2.2139945079111557e-05, Vec([[7.17310142e-10],
     [5.86347359e-07],
     [1.56624494e-09]]), 2.2293348111319946), (2.2145635705272096e-05, Vec([[ 6.10642079e-09],
     [ 6.14637693e-07],
     [-2.28538378e-10]]), 2.2018057594832254), (2.2021151951690876e-05, Vec([[ 1.40348887e-11],
     [ 6.54171070e-07],
     [-1.85340834e-09]]), 2.1708128722689355), (2.182647557279179e-05, Vec([[-5.60427458e-09],
     [ 7.19207020e-07],
     [ 1.01596623e-09]]), 2.142033940020912), (2.1422012985853697e-05, Vec([[-1.57619116e-10],
     [ 7.13671948e-07],
     [-1.03387555e-09]]), 2.101437643068407), (2.128927279965e-05, Vec([[5.34499960e-09],
     [7.59881725e-07],
     [8.05445623e-10]]), 2.0959559879768017), (2.0926689428217155e-05, Vec([[-1.67911813e-10],
     [ 7.79686894e-07],
     [ 1.37375789e-09]]), 2.0761143342845787), (2.0693911236878922e-05, Vec([[-1.46364968e-10],
     [ 8.31554842e-07],
     [-6.78199942e-10]]), 2.0761571967403807), (2.0349017327984213e-05, Vec([[ 2.46742980e-10],
     [ 8.89376162e-07],
     [-1.01143015e-09]]), 2.0712178055507406), (1.99212352216174e-05, Vec([[ 4.07294129e-10],
     [ 9.32165685e-07],
     [-4.19743217e-10]]), 2.0660133897104433), (1.938473312911492e-05, Vec([[ 5.57328862e-09],
     [ 9.75325580e-07],
     [-7.71605615e-10]]), 2.0575605750755646), (1.9144841671479378e-05, Vec([[ 2.38090129e-09],
     [ 1.07119977e-06],
     [-1.60337111e-09]]), 2.0895575452685105), (1.8586067364969232e-05, Vec([[-6.68326214e-09],
     [ 1.11032677e-06],
     [ 2.64880459e-11]]), 2.0962861643965414), (1.8285064360302917e-05, Vec([[ 1.53867827e-09],
     [ 1.13671295e-06],
     [-1.16924982e-09]]), 2.1160453945787867), (1.8784192665916148e-05, Vec([[ 3.73795772e-09],
     [ 1.01734209e-06],
     [-3.94538942e-10]]), 2.1241492877252144), (1.9389853672251964e-05, Vec([[-5.70879420e-10],
     [ 8.62199876e-07],
     [-1.04025816e-09]]), 2.1521414298219104), (1.9527257668061602e-05, Vec([[2.79640602e-09],
     [6.58913475e-07],
     [1.76538414e-09]]), 2.1365345595241654), (1.9659786064118635e-05, Vec([[ 3.80516991e-10],
     [ 4.27606828e-07],
     [-1.36090568e-09]]), 2.129293441969669), (1.9757713188286125e-05, Vec([[-2.81382740e-09],
     [ 2.52466981e-07],
     [ 1.36499528e-09]]), 2.126966017551632), (2.015523543119658e-05, Vec([[ 4.53920027e-09],
     [ 9.09541460e-09],
     [-1.59039640e-09]]), 2.1653918272584973)]