[(1.5535462087622147e-05, Vec([[ 8.85370358e-09],
     [ 1.16949769e-08],
     [-1.19771615e-10]]), 2.1231517222672363), (1.591636638616613e-05, Vec([[-6.68723656e-08],
     [ 9.84456780e-09],
     [-1.80541556e-10]]), 2.0737045036436337), (1.6554119006500568e-05, Vec([[-1.24309407e-07],
     [ 1.03127303e-08],
     [-4.55343162e-10]]), 2.0685966794373942), (1.7169294832126233e-05, Vec([[-1.87549831e-07],
     [ 7.19237110e-09],
     [ 1.52758657e-09]]), 2.069184386104677), (1.7425668840142796e-05, Vec([[-2.36696383e-07],
     [-2.16010966e-09],
     [-2.04260279e-10]]), 2.0358912241257907), (1.7894489096156826e-05, Vec([[-2.79200376e-07],
     [ 7.88947243e-10],
     [-1.72087936e-09]]), 2.03661500678104), (1.805305513038901e-05, Vec([[-3.18754864e-07],
     [-1.76785523e-08],
     [-1.20627500e-09]]), 2.0107740379839023), (1.834442415165145e-05, Vec([[-3.62697706e-07],
     [ 8.55389759e-09],
     [ 4.00588479e-09]]), 2.008414391463183), (1.8495528116768705e-05, Vec([[-3.63711328e-07],
     [-2.07361949e-09],
     [ 5.60767184e-10]]), 1.9989485596888272), (1.8712633173193082e-05, Vec([[-4.09979108e-07],
     [ 1.20687503e-08],
     [ 1.57803425e-09]]), 2.004735568772313), (1.8716947458170603e-05, Vec([[-4.12683642e-07],
     [ 5.24171404e-09],
     [ 2.42348203e-09]]), 1.9957896717969517), (1.8700538353051846e-05, Vec([[-3.95157196e-07],
     [ 2.35436582e-09],
     [ 3.00583519e-09]]), 1.9927143971646049), (1.8683518973430105e-05, Vec([[-3.54314576e-07],
     [ 1.69737983e-08],
     [ 2.71171286e-09]]), 1.9976165746061132), (1.838877310137177e-05, Vec([[-3.14107677e-07],
     [-2.54529489e-09],
     [ 1.46053069e-09]]), 1.9807601085696935), (1.8159688147758916e-05, Vec([[-2.51482954e-07],
     [ 8.90525948e-09],
     [-2.24535826e-10]]), 1.978804053786309), (1.7764984336130354e-05, Vec([[-1.86594988e-07],
     [ 4.04951118e-10],
     [-3.33017046e-10]]), 1.966554658007821), (1.750674229416522e-05, Vec([[-1.04399671e-07],
     [ 3.03997584e-09],
     [ 1.38811234e-09]]), 1.9773503487788637), (1.708607453841445e-05, Vec([[-4.07388915e-08],
     [ 8.47135608e-09],
     [ 2.11503936e-09]]), 1.977997629128094), (1.66291335353105e-05, Vec([[ 1.49782912e-08],
     [ 4.16887484e-09],
     [-7.18646958e-11]]), 1.9825587210154159), (1.6195049137100696e-05, Vec([[ 9.20065018e-08],
     [-1.53241449e-09],
     [ 1.02335945e-09]]), 1.9985041654415714), (1.5791185889149307e-05, Vec([[1.50142026e-07],
     [3.10678258e-10],
     [4.37095989e-10]]), 2.0279357547144667), (1.5407595001583712e-05, Vec([[ 1.93913482e-07],
     [-1.03549954e-08],
     [-3.62323852e-10]]), 2.071271101983834), (1.5014499012628269e-05, Vec([[ 2.54497512e-07],
     [ 6.82892342e-09],
     [-6.04031566e-10]]), 2.126504086607486), (1.4525436290524335e-05, Vec([[2.81288022e-07],
     [5.89339061e-09],
     [1.05085923e-09]]), 2.1829130394315954), (1.372789308811529e-05, Vec([[ 3.30054187e-07],
     [-4.41059906e-09],
     [-6.38812202e-11]]), 2.2067509160909964), (1.3275726047610245e-05, Vec([[ 3.50580952e-07],
     [-9.90650133e-09],
     [ 3.69579315e-10]]), 2.2147041235498417), (1.4129475104799135e-05, Vec([[ 3.13108851e-07],
     [-7.73183822e-09],
     [-8.85404828e-11]]), 2.193762408894437), (1.4463890207549201e-05, Vec([[ 2.58119347e-07],
     [-1.60665843e-09],
     [ 1.26301449e-10]]), 2.1081760762914064), (1.5243732643965802e-05, Vec([[ 1.94881618e-07],
     [-2.49756681e-10],
     [-1.35329238e-09]]), 2.1016174572804047), (1.561362285648188e-05, Vec([[ 1.45591032e-07],
     [-4.31434491e-09],
     [-5.39766277e-10]]), 2.049944988288732), (1.6084705298209224e-05, Vec([[ 1.12635022e-07],
     [-7.44422869e-09],
     [-4.40850873e-10]]), 2.0234348168382965), (1.6685218694621654e-05, Vec([[3.11737904e-08],
     [2.80473327e-09],
     [1.34340475e-09]]), 2.0224991412024558), (1.6892485766191157e-05, Vec([[-2.06775257e-08],
     [-5.08717067e-09],
     [ 2.77650252e-09]]), 1.9833431282010694), (1.727717117963266e-05, Vec([[-1.06308019e-07],
     [-2.21345569e-09],
     [-2.30327456e-09]]), 1.9744758505763513), (1.7522512283378633e-05, Vec([[-1.62013955e-07],
     [ 3.45099044e-10],
     [ 1.15275025e-10]]), 1.9582378355427974), (1.7961674554322315e-05, Vec([[-2.29404762e-07],
     [ 1.06871694e-08],
     [-2.83851480e-09]]), 1.9716618152527008), (1.831411638202026e-05, Vec([[-2.68095978e-07],
     [ 3.42233788e-09],
     [ 1.53171150e-09]]), 1.9831099439603777), (1.8465079224871923e-05, Vec([[-3.28959669e-07],
     [-3.17503683e-09],
     [ 1.78963827e-09]]), 1.9805954078606536), (1.886900958491333e-05, Vec([[-3.74944151e-07],
     [-7.75276367e-09],
     [-5.00077972e-10]]), 2.0130380684454927), (1.863345068074102e-05, Vec([[-3.83884957e-07],
     [-8.88236683e-09],
     [ 1.70678352e-09]]), 1.9852257958967907), (1.8764283600006596e-05, Vec([[-4.17077856e-07],
     [ 1.42545334e-08],
     [-2.92954602e-09]]), 2.0045322797349803), (1.8688383584600384e-05, Vec([[-3.99858261e-07],
     [-1.69672763e-09],
     [ 2.65373718e-09]]), 2.009913597879164), (1.839283453911739e-05, Vec([[-3.63608875e-07],
     [-8.02084706e-10],
     [-2.18947602e-09]]), 1.9996912631080068), (1.825356145069178e-05, Vec([[-3.48516195e-07],
     [-1.00188858e-08],
     [-4.14693608e-10]]), 2.0146229521557784), (1.7878891472932492e-05, Vec([[-3.01610420e-07],
     [-1.72593665e-08],
     [-1.49445797e-09]]), 2.01185962486541), (1.756428985657499e-05, Vec([[-2.58082938e-07],
     [-3.30285397e-09],
     [-1.71761185e-09]]), 2.02419348590178), (1.7105185644287587e-05, Vec([[-2.05304037e-07],
     [-1.55193412e-08],
     [ 2.21510088e-10]]), 2.028442499359033), (1.6968065019100473e-05, Vec([[-1.56023853e-07],
     [ 2.64991866e-09],
     [ 1.03736290e-09]]), 2.080897594377586), (1.6008725710789178e-05, Vec([[-9.70783878e-08],
     [ 1.66903314e-08],
     [-5.78011909e-10]]), 2.0411728040203143), (1.531229847632977e-05, Vec([[-3.61143308e-08],
     [-2.22140212e-08],
     [-6.70288567e-10]]), 2.0416327342217233), (1.5480745273578183e-05, Vec([[2.96601995e-08],
     [1.06554979e-08],
     [6.13256317e-10]]), 2.064092229494023), (1.6045488896685397e-05, Vec([[ 9.60659637e-08],
     [-2.94488457e-10],
     [-7.12869864e-10]]), 2.045860248642463), (1.667368162136215e-05, Vec([[1.52060904e-07],
     [9.10025754e-09],
     [1.34387945e-10]]), 2.044795557787744), (1.7196183626324333e-05, Vec([[ 2.13524525e-07],
     [-1.46241846e-08],
     [ 1.12837040e-09]]), 2.039233623054373), (1.751965414223085e-05, Vec([[2.62259716e-07],
     [2.51653824e-09],
     [1.55584918e-09]]), 2.0190494508766377), (1.786417225526739e-05, Vec([[ 2.96804855e-07],
     [-5.17799086e-09],
     [-7.61392687e-10]]), 2.010203314138604), (1.820115404243176e-05, Vec([[ 3.43373170e-07],
     [ 2.02290664e-08],
     [-2.20667325e-11]]), 2.0088388114647233), (1.822131614298361e-05, Vec([[ 3.60902595e-07],
     [-2.08014608e-08],
     [-3.51248306e-09]]), 1.981043575200981), (1.8751010026365996e-05, Vec([[ 3.75125800e-07],
     [-2.80897761e-10],
     [-2.64301455e-10]]), 2.0166489977772697), (1.8758214292943964e-05, Vec([[ 4.05949626e-07],
     [-1.35179491e-08],
     [ 1.78158435e-09]]), 2.0038839138190734), (1.879576020457893e-05, Vec([[3.96693565e-07],
     [5.26988437e-10],
     [4.88758347e-09]]), 2.0025184090130392), (1.8482861837729502e-05, Vec([[ 3.88402942e-07],
     [-6.20440895e-09],
     [-3.87071866e-09]]), 1.9718419414507282), (1.8510449142833362e-05, Vec([[ 3.14090617e-07],
     [ 6.59852155e-09],
     [-2.71223998e-09]]), 1.9854618614553068), (1.829909016611907e-05, Vec([[2.90462090e-07],
     [9.56960722e-09],
     [6.36664868e-09]]), 1.9814828581893706), (1.814446728998776e-05, Vec([[ 2.16610469e-07],
     [ 5.98143374e-09],
     [-9.96365706e-10]]), 1.9917270633968625), (1.758541511640939e-05, Vec([[ 1.78746880e-07],
     [-7.10493981e-09],
     [-1.07504296e-10]]), 1.965267575662911), (1.7347383359741587e-05, Vec([[ 9.71834906e-08],
     [ 6.74742691e-09],
     [-1.36264803e-09]]), 1.9824998640331852), (1.6913874131022525e-05, Vec([[ 2.89896737e-08],
     [-6.49609735e-09],
     [-1.27169239e-10]]), 1.9858543315253698), (1.6671465001584377e-05, Vec([[-2.56535471e-08],
     [-1.13256210e-08],
     [-5.45707734e-10]]), 2.020831987006555), (1.6157146370742334e-05, Vec([[-9.53918477e-08],
     [-4.22842417e-09],
     [-2.67359654e-10]]), 2.0325478086908046), (1.5709412937091996e-05, Vec([[-1.74672893e-07],
     [ 1.78265864e-09],
     [-3.61667332e-10]]), 2.062521467013717), (1.510974886740254e-05, Vec([[-2.06123628e-07],
     [-1.28553493e-08],
     [-1.67521328e-10]]), 2.0831454300942562), (1.457418454258625e-05, Vec([[-2.75628185e-07],
     [-1.45874256e-09],
     [-5.15685000e-11]]), 2.1242519642537063), (1.3981708173673657e-05, Vec([[-3.06835749e-07],
     [-6.84437265e-10],
     [-2.91089313e-10]]), 2.170819904917721), (1.3366458260381968e-05, Vec([[-3.45921856e-07],
     [ 1.16531631e-08],
     [ 1.91173723e-11]]), 2.2298403959498367), (1.3869245247304709e-05, Vec([[-3.37902349e-07],
     [ 2.78217682e-09],
     [-4.64718552e-10]]), 2.2294731943590818), (1.4242627047559696e-05, Vec([[-2.68544316e-07],
     [ 3.11012811e-10],
     [ 2.50558151e-10]]), 2.1404118730781962), (1.4905568059650189e-05, Vec([[-2.59586895e-07],
     [-1.48323957e-09],
     [ 8.77458766e-10]]), 2.1110761914462097), (1.5410232454807153e-05, Vec([[-2.00291909e-07],
     [ 3.91538317e-09],
     [-2.13762838e-10]]), 2.0716256596317977), (1.582635353144683e-05, Vec([[-1.44522911e-07],
     [ 6.19594193e-09],
     [ 1.66913112e-09]]), 2.032452053852783), (1.6278917261433433e-05, Vec([[-1.00432642e-07],
     [-1.99031249e-09],
     [-7.06842069e-10]]), 2.0088536737640132), (1.6596232269349128e-05, Vec([[-7.58679345e-09],
     [ 1.48339137e-11],
     [ 2.88547922e-09]]), 1.9786361659631224), (1.7329786365286194e-05, Vec([[ 5.71398743e-08],
     [-3.56890195e-09],
     [ 1.20572674e-09]]), 2.0062113311495264), (1.764482742309574e-05, Vec([[ 1.09982734e-07],
     [-1.18503595e-08],
     [-1.08695986e-09]]), 1.992946778615096), (1.782487962664518e-05, Vec([[1.75508391e-07],
     [1.93122095e-09],
     [1.90265339e-09]]), 1.9731849685291265), (1.8101114297494038e-05, Vec([[ 2.50797563e-07],
     [-8.27381711e-09],
     [ 1.93859067e-09]]), 1.9724214457036728), (1.8522982485771724e-05, Vec([[ 3.02708896e-07],
     [-3.53616321e-09],
     [ 4.62356856e-10]]), 1.995216570311305), (1.849972294012287e-05, Vec([[ 3.62749673e-07],
     [-1.41716769e-08],
     [ 3.46837217e-09]]), 1.9779653513540312), (1.8762860114936693e-05, Vec([[ 3.86108769e-07],
     [-7.88625949e-10],
     [ 2.62821034e-09]]), 1.9993553542226317), (1.8672617814395366e-05, Vec([[3.92765095e-07],
     [1.00831433e-08],
     [8.63398659e-11]]), 1.9910627981761988), (1.876198441910149e-05, Vec([[4.01013676e-07],
     [7.72056525e-10],
     [3.15928459e-09]]), 2.010022702716538), (1.843826800445795e-05, Vec([[ 3.72650847e-07],
     [-7.73050668e-09],
     [ 3.72658912e-09]]), 1.9927600357219213), (1.832985351621248e-05, Vec([[ 3.54448850e-07],
     [-1.28037702e-08],
     [ 1.60291113e-09]]), 2.0068191452092554), (1.8185091737962305e-05, Vec([[ 3.25740049e-07],
     [ 1.00353761e-08],
     [-2.15584230e-09]]), 2.0254804564075033), (1.78405576490036e-05, Vec([[2.90134236e-07],
     [1.35547979e-08],
     [8.20969064e-10]]), 2.0304769385735897), (1.7597313655636414e-05, Vec([[ 2.37894799e-07],
     [-2.62873460e-09],
     [-1.19157709e-09]]), 2.0559449837109103), (1.6818224179046163e-05, Vec([[1.88509667e-07],
     [1.36234349e-08],
     [1.15562096e-09]]), 2.026874557956487), (1.6524913420356936e-05, Vec([[ 1.27660159e-07],
     [ 5.48394296e-09],
     [-4.01994574e-10]]), 2.0649471600341567), (1.585005324490628e-05, Vec([[ 6.43662339e-08],
     [-6.18855749e-10],
     [ 1.22481677e-09]]), 2.0650647264265904), (1.5117066928396344e-05, Vec([[ 2.71467061e-09],
     [-5.83465869e-09],
     [ 7.79168893e-10]]), 2.0659718071872524)]