[(2.003368830408402e-05, Vec([[ 8.07678322e-10],
     [-6.48107719e-10],
     [ 1.08382195e-10]]), 2.152333326573912), (1.9782555055496318e-05, Vec([[ 2.68446464e-09],
     [-2.17796541e-07],
     [ 9.49966295e-11]]), 2.129640305150864), (1.9831360891670718e-05, Vec([[ 2.40585850e-09],
     [-4.47845458e-07],
     [-9.16112630e-11]]), 2.1478762054810434), (1.9608673364724652e-05, Vec([[ 8.93084203e-09],
     [-6.72065575e-07],
     [ 1.03000005e-09]]), 2.1454424897909345), (1.9323551977270445e-05, Vec([[-7.70777868e-09],
     [-8.68995279e-07],
     [-6.43748010e-10]]), 2.144782394160834), (1.8753184342580522e-05, Vec([[ 1.39480360e-09],
     [-9.97177142e-07],
     [-3.41391041e-10]]), 2.120642812408528), (1.8157453395277464e-05, Vec([[ 4.71939960e-09],
     [-1.08077851e-06],
     [-4.11528044e-10]]), 2.1012775715337617), (1.8623021191246072e-05, Vec([[ 5.03222761e-10],
     [-1.08706614e-06],
     [-5.40245942e-10]]), 2.1004541141421478), (1.8995897865023796e-05, Vec([[ 1.38372285e-10],
     [-1.02330724e-06],
     [-1.14341907e-09]]), 2.073301121739873), (1.9539539489395706e-05, Vec([[-3.60080041e-09],
     [-1.00217918e-06],
     [ 2.40042206e-10]]), 2.0739922412513696), (1.994671401127601e-05, Vec([[ 5.56119848e-09],
     [-9.43746575e-07],
     [-1.04885285e-09]]), 2.0686557720729177), (2.0276336141837408e-05, Vec([[-3.14477849e-09],
     [-8.83183366e-07],
     [-1.24190541e-09]]), 2.0638199757465086), (2.0731822145817315e-05, Vec([[-8.88941335e-09],
     [-8.13324230e-07],
     [-2.74739248e-10]]), 2.079960682970048), (2.1209892317987044e-05, Vec([[-3.82773840e-09],
     [-8.27305823e-07],
     [-9.96428343e-10]]), 2.1042105881607074), (2.1293444847564527e-05, Vec([[ 2.43590118e-09],
     [-7.19313092e-07],
     [ 7.26958822e-10]]), 2.096366731401008), (2.169174949020769e-05, Vec([[ 2.92124888e-09],
     [-7.25774577e-07],
     [-1.00145946e-09]]), 2.1278980155989213), (2.1722085463291764e-05, Vec([[ 6.54370458e-09],
     [-6.97629690e-07],
     [ 7.49596261e-10]]), 2.131789172980727), (2.1931623564975212e-05, Vec([[-5.65970415e-09],
     [-6.23587253e-07],
     [-9.72478734e-10]]), 2.1619872951718704), (2.21885400976863e-05, Vec([[-1.24538819e-09],
     [-6.11010849e-07],
     [-8.33124499e-10]]), 2.206071482065405), (2.19744307105143e-05, Vec([[-1.86313942e-10],
     [-5.81423901e-07],
     [-9.16362233e-10]]), 2.212668692840466), (2.1900718485937406e-05, Vec([[-5.82034033e-09],
     [-4.96663046e-07],
     [-1.39756369e-09]]), 2.242904387710179), (2.1285556519660227e-05, Vec([[-1.28675869e-09],
     [-4.05867109e-07],
     [-1.07457852e-09]]), 2.2268988717863825), (2.0779550282229342e-05, Vec([[-3.34238787e-09],
     [-2.77965376e-07],
     [-4.44909267e-10]]), 2.2310411134890034), (2.0195082550373877e-05, Vec([[ 4.45473077e-09],
     [-1.91643856e-07],
     [-5.65142304e-10]]), 2.2360017687113727), (1.959428821979946e-05, Vec([[-7.27646365e-10],
     [-8.69884557e-08],
     [ 8.81876087e-10]]), 2.2487631568014677), (1.870775274295045e-05, Vec([[-1.90590040e-09],
     [-3.34802708e-08],
     [ 3.40382199e-10]]), 2.190370161107523), (1.990116416738124e-05, Vec([[ 4.58466847e-09],
     [-1.49464530e-07],
     [-1.50799397e-10]]), 2.241868915822815), (2.0414792811433143e-05, Vec([[-2.23949572e-09],
     [-2.56757600e-07],
     [ 3.09867379e-10]]), 2.2244564560055404), (2.06478231100089e-05, Vec([[-9.84424517e-10],
     [-3.77870692e-07],
     [ 1.95658403e-10]]), 2.187069375879319), (2.1053723457518105e-05, Vec([[-4.08808985e-09],
     [-4.85888670e-07],
     [ 1.09925628e-09]]), 2.178058077005491), (2.1555658092276606e-05, Vec([[ 5.51305669e-09],
     [-5.65434908e-07],
     [-1.13019549e-09]]), 2.1877747032436163), (2.1745710885748128e-05, Vec([[ 4.12918393e-10],
     [-6.23281861e-07],
     [ 9.22931442e-10]]), 2.1746580621204643), (2.1824484119319946e-05, Vec([[ 1.50224926e-09],
     [-6.63424360e-07],
     [-3.73694292e-10]]), 2.1595234662934994), (2.1719088351216778e-05, Vec([[ 2.19146195e-09],
     [-7.02798215e-07],
     [-2.17238955e-09]]), 2.135179295603837), (2.139072369465036e-05, Vec([[-5.53599127e-09],
     [-6.78694877e-07],
     [ 1.93191451e-09]]), 2.097762152653927), (2.1379125702660042e-05, Vec([[-3.05064648e-10],
     [-7.59737081e-07],
     [-1.02555638e-09]]), 2.099951731650237), (2.147841095580467e-05, Vec([[-2.80055477e-09],
     [-8.03417287e-07],
     [ 8.41425504e-10]]), 2.1216135877421256), (2.0926684590047525e-05, Vec([[ 1.93796998e-09],
     [-8.12668506e-07],
     [-1.10517329e-09]]), 2.087302663990054), (2.0453831100786165e-05, Vec([[ 4.08756862e-09],
     [-8.45790647e-07],
     [-7.15086049e-10]]), 2.0658303611363658), (1.996661499947776e-05, Vec([[-5.03405837e-09],
     [-8.73529622e-07],
     [ 3.06641993e-09]]), 2.0502947214180676), (1.9576616125641554e-05, Vec([[ 5.35088386e-09],
     [-9.46526646e-07],
     [-3.90108544e-10]]), 2.052790061501258), (1.8980790618601035e-05, Vec([[-1.52689162e-09],
     [-9.74553123e-07],
     [-8.18977947e-10]]), 2.0417429646733916), (1.8586539513542522e-05, Vec([[-3.20580970e-09],
     [-1.01622906e-06],
     [ 1.18000215e-09]]), 2.0608866912370125), (1.8145364221889905e-05, Vec([[-1.94034191e-09],
     [-1.08943093e-06],
     [ 1.41512632e-09]]), 2.084538675952855), (1.8695877310642363e-05, Vec([[ 9.54969561e-09],
     [-1.07270188e-06],
     [ 1.00236480e-09]]), 2.137512439273028), (1.9333039219945907e-05, Vec([[-6.25069320e-10],
     [-9.42635316e-07],
     [ 6.47306696e-10]]), 2.164746026163389), (1.9698815463003665e-05, Vec([[ 5.12172579e-11],
     [-7.67175388e-07],
     [ 2.77766031e-09]]), 2.169665163946205), (1.9800322401906916e-05, Vec([[ 4.91883178e-09],
     [-5.51755977e-07],
     [-3.73977726e-10]]), 2.1543221782244744), (1.9583014638295423e-05, Vec([[-6.06066983e-09],
     [-3.17313963e-07],
     [ 8.01086449e-10]]), 2.113484909126525), (2.001517456690038e-05, Vec([[-8.48488254e-09],
     [-9.57345319e-08],
     [-1.55815706e-09]]), 2.1514274427930298), (1.960380832278463e-05, Vec([[1.58355738e-09],
     [1.08473401e-07],
     [3.78521886e-10]]), 2.107209760670341), (1.989626528339767e-05, Vec([[ 3.08553684e-10],
     [ 3.26688024e-07],
     [-1.04628774e-10]]), 2.147292293915131), (1.960643687919624e-05, Vec([[ 1.00482809e-09],
     [ 5.35484590e-07],
     [-9.06074121e-10]]), 2.133226972139747), (1.956185529901615e-05, Vec([[-2.26230077e-09],
     [ 7.52708221e-07],
     [-2.08951457e-10]]), 2.1545801098621076), (1.9411612525951507e-05, Vec([[ 2.49057991e-09],
     [ 9.59517377e-07],
     [-1.46139168e-09]]), 2.1735439833807235), (1.857896540069097e-05, Vec([[1.82177441e-09],
     [1.05866177e-06],
     [3.33849798e-10]]), 2.124145820650749), (1.8343148389847848e-05, Vec([[-3.34062983e-09],
     [ 1.09736221e-06],
     [ 1.09303432e-09]]), 2.1072601128200263), (1.906405556069051e-05, Vec([[1.19702001e-09],
     [1.08634447e-06],
     [2.19579854e-09]]), 2.1138339580320156), (1.912642939890027e-05, Vec([[-1.50382399e-09],
     [ 9.70685085e-07],
     [ 9.24989808e-10]]), 2.057409169576793), (1.9360432219238357e-05, Vec([[ 1.98415361e-10],
     [ 9.30550369e-07],
     [-7.95896520e-10]]), 2.0301211706330493), (1.9939975339586747e-05, Vec([[ 8.61371593e-10],
     [ 8.80148546e-07],
     [-1.05615596e-10]]), 2.0475591974418528), (2.0351914616337933e-05, Vec([[-2.78357193e-09],
     [ 8.22878602e-07],
     [ 6.65008185e-10]]), 2.0555368289938554), (2.0993073390547e-05, Vec([[ 5.41858603e-09],
     [ 8.07424268e-07],
     [-1.02307205e-09]]), 2.093924521338998), (2.0859931281568983e-05, Vec([[ 6.98824514e-10],
     [ 7.50016916e-07],
     [-1.19869976e-09]]), 2.0605208521900966), (2.131825397117213e-05, Vec([[-4.16536885e-09],
     [ 7.41889199e-07],
     [ 3.58039675e-10]]), 2.0939726425273055), (2.1617702756099922e-05, Vec([[-5.23495147e-09],
     [ 7.13016399e-07],
     [ 1.21243543e-09]]), 2.120021712047557), (2.1862343598316877e-05, Vec([[ 9.27071403e-10],
     [ 7.29355660e-07],
     [-1.06666001e-09]]), 2.1492625587983367), (2.1660992744901156e-05, Vec([[ 5.06908471e-10],
     [ 6.76372974e-07],
     [-3.84267863e-10]]), 2.143346063993236), (2.157913334723306e-05, Vec([[8.06996178e-10],
     [6.40849478e-07],
     [3.49992600e-10]]), 2.1579996420300285), (2.1742682656143256e-05, Vec([[ 2.95087666e-09],
     [ 5.57420846e-07],
     [-1.19166295e-09]]), 2.2067566154617926), (2.1343156437578334e-05, Vec([[-1.66744258e-09],
     [ 4.79115918e-07],
     [-6.60312452e-10]]), 2.2080006114576025), (2.063374883025646e-05, Vec([[1.65674621e-09],
     [3.58996729e-07],
     [6.69977583e-10]]), 2.185578592755592), (2.0090760270746633e-05, Vec([[-4.74279481e-09],
     [ 2.63004148e-07],
     [ 1.19640530e-09]]), 2.1891489080062136), (1.9775497465143412e-05, Vec([[2.69890040e-09],
     [1.49078437e-07],
     [8.38168658e-10]]), 2.2277125443094983), (1.8878390014392592e-05, Vec([[-2.25999544e-09],
     [ 5.94374594e-08],
     [-1.08219017e-09]]), 2.210348979134207), (1.9574557986363605e-05, Vec([[4.96675419e-09],
     [1.05191808e-07],
     [7.73250824e-11]]), 2.2464987917207857), (2.0085171580933592e-05, Vec([[9.88479845e-09],
     [1.80397944e-07],
     [8.68190120e-10]]), 2.2238324140451464), (2.074225334199001e-05, Vec([[-5.08370827e-09],
     [ 2.72398003e-07],
     [ 3.27030532e-10]]), 2.227036647273369), (2.1386563554272704e-05, Vec([[-1.75891604e-09],
     [ 4.25718349e-07],
     [ 7.14865693e-10]]), 2.2374662464854294), (2.181805743726055e-05, Vec([[-2.85993084e-09],
     [ 4.86809809e-07],
     [-1.82512190e-09]]), 2.2344388741751273), (2.195644858280477e-05, Vec([[ 1.05120385e-08],
     [ 5.75407604e-07],
     [-8.21889093e-10]]), 2.210858020630675), (2.2124524639480866e-05, Vec([[ 3.52374998e-10],
     [ 6.67522953e-07],
     [-1.01639986e-09]]), 2.1997068147129517), (2.2079480001106323e-05, Vec([[ 1.08188766e-09],
     [ 6.48867133e-07],
     [-1.23208013e-10]]), 2.176562765860477), (2.1940516384566394e-05, Vec([[ 2.21423738e-09],
     [ 6.68166482e-07],
     [-2.90357544e-11]]), 2.1532258197430436), (2.1362496735467426e-05, Vec([[-7.61103818e-10],
     [ 7.17105869e-07],
     [ 4.80901082e-10]]), 2.0955992706886226), (2.130044617594268e-05, Vec([[-2.30182451e-09],
     [ 7.35910796e-07],
     [-9.07222721e-10]]), 2.0970560210858213), (2.0991838785994776e-05, Vec([[-9.98592323e-10],
     [ 7.69628633e-07],
     [-1.41156151e-10]]), 2.0825777319479077), (2.0426270299960688e-05, Vec([[ 3.82809007e-09],
     [ 8.07276752e-07],
     [-5.86500408e-10]]), 2.04930559527343), (2.0059955709175826e-05, Vec([[ 5.27505649e-09],
     [ 8.66854695e-07],
     [-2.29368328e-09]]), 2.0417957670253766), (1.9800837443717223e-05, Vec([[ 2.38828918e-09],
     [ 9.39081394e-07],
     [-1.47758574e-09]]), 2.0535270444378755), (1.955647337512767e-05, Vec([[1.08353009e-08],
     [9.67851567e-07],
     [4.90044708e-10]]), 2.0757896606655475), (1.8721819461683168e-05, Vec([[ 2.23250705e-09],
     [ 1.03484050e-06],
     [-2.99787473e-10]]), 2.04338692315192), (1.8320923627118216e-05, Vec([[6.75264556e-09],
     [1.08869671e-06],
     [1.16916084e-09]]), 2.0663811211015264), (1.8407522345981364e-05, Vec([[8.83954174e-10],
     [1.13533992e-06],
     [2.02253878e-10]]), 2.130216887307401), (1.8768374923380123e-05, Vec([[-5.92280883e-09],
     [ 9.90516604e-07],
     [-9.59062301e-10]]), 2.1223605897950506), (1.9290212730121513e-05, Vec([[-3.24338675e-09],
     [ 8.52470356e-07],
     [ 2.18129658e-09]]), 2.14108196525399), (1.941918887105775e-05, Vec([[-3.17807361e-09],
     [ 6.72852335e-07],
     [-1.59805300e-09]]), 2.1247104353419672), (1.977887410354859e-05, Vec([[-7.64237642e-09],
     [ 4.33399566e-07],
     [ 2.18723846e-09]]), 2.1421915162695733), (1.9958603518785268e-05, Vec([[-1.54899440e-09],
     [ 2.06286763e-07],
     [ 4.62947235e-10]]), 2.148592351639715), (2.0105762402878393e-05, Vec([[ 6.77852055e-10],
     [-4.78310398e-09],
     [-1.01292675e-09]]), 2.160076657829907)]