[(1.5206513301173525e-05, Vec([[ 3.35557150e-09],
     [ 7.62111402e-09],
     [-4.81522573e-10]]), 2.0781959830335404), (1.5736711280664863e-05, Vec([[-6.88145026e-08],
     [-5.46411879e-09],
     [-1.14830783e-10]]), 2.050297678722566), (1.6603543042534947e-05, Vec([[-1.22392685e-07],
     [-6.51164411e-09],
     [-9.47551997e-10]]), 2.07477268897224), (1.698251651123792e-05, Vec([[-1.80749024e-07],
     [-6.38753295e-10],
     [ 1.43919402e-11]]), 2.0466745050045057), (1.7540631944548016e-05, Vec([[-2.31576194e-07],
     [-6.53710231e-09],
     [ 2.53555036e-09]]), 2.0493226956809982), (1.7821530216275688e-05, Vec([[-2.79807293e-07],
     [-9.44703616e-09],
     [-2.59325082e-09]]), 2.028311380516808), (1.802502947320841e-05, Vec([[-3.12666231e-07],
     [ 1.02605647e-08],
     [ 5.29822092e-10]]), 2.0076525018533595), (1.8192063334109348e-05, Vec([[-3.59004763e-07],
     [-1.96136744e-09],
     [ 5.40129688e-10]]), 1.9917333740533716), (1.8380048589181517e-05, Vec([[-3.73603850e-07],
     [ 6.74785858e-09],
     [ 1.61566843e-09]]), 1.9864678327862701), (1.872546088681098e-05, Vec([[-4.04627963e-07],
     [-5.44622717e-09],
     [ 2.28869522e-09]]), 2.0061098368145394), (1.881957967259792e-05, Vec([[-4.11065270e-07],
     [-1.93030715e-08],
     [-4.14055631e-09]]), 2.006733353399171), (1.8719657426770417e-05, Vec([[-3.95741654e-07],
     [ 1.50957209e-08],
     [-2.17737996e-09]]), 1.9947517103552828), (1.8395097637363312e-05, Vec([[-3.36543061e-07],
     [-2.66309630e-10],
     [ 3.83752658e-10]]), 1.9667789555143125), (1.8426477974023597e-05, Vec([[-3.16443689e-07],
     [-2.11465914e-08],
     [-4.51145480e-09]]), 1.984821516431747), (1.8251872832718582e-05, Vec([[-2.39530865e-07],
     [ 1.09510022e-09],
     [-4.05648488e-10]]), 1.9888491287243224), (1.768088361322383e-05, Vec([[-1.75616756e-07],
     [ 4.69155528e-09],
     [-1.91511716e-09]]), 1.957244845781458), (1.744234252414191e-05, Vec([[-1.23048318e-07],
     [ 3.88247209e-09],
     [ 9.97646639e-10]]), 1.9700765278944772), (1.7141788591452996e-05, Vec([[-3.89040548e-08],
     [-8.43626696e-09],
     [-4.45166861e-09]]), 1.984447458465523), (1.6837237390818183e-05, Vec([[ 2.19099053e-08],
     [ 8.31339591e-09],
     [-1.17382624e-09]]), 2.007369280912455), (1.6394125777897713e-05, Vec([[ 9.15801617e-08],
     [-1.05973580e-09],
     [ 8.12274557e-10]]), 2.023070654404147), (1.6148031732621066e-05, Vec([[ 1.43628926e-07],
     [ 1.46970446e-09],
     [-8.16839550e-10]]), 2.0737626134429727), (1.5463326511286755e-05, Vec([[ 2.06975029e-07],
     [ 1.04332671e-08],
     [-1.29804584e-09]]), 2.0787631904964137), (1.4706116032734691e-05, Vec([[2.26218179e-07],
     [7.73678653e-09],
     [1.36561866e-09]]), 2.0828277930173815), (1.4264297564175598e-05, Vec([[ 2.73555515e-07],
     [-5.07238299e-10],
     [-4.13859113e-11]]), 2.143668563778972), (1.3715357109176865e-05, Vec([[ 3.27913352e-07],
     [-2.41691137e-09],
     [-3.88063712e-10]]), 2.2047357646887455), (1.327115688090279e-05, Vec([[ 3.49308513e-07],
     [-2.44420175e-09],
     [-4.26243011e-10]]), 2.2139418788099388), (1.3985398102122437e-05, Vec([[ 3.05507371e-07],
     [ 5.35979229e-09],
     [-5.11171677e-10]]), 2.171392808458893), (1.470630171237186e-05, Vec([[2.64514142e-07],
     [9.89103356e-09],
     [2.12002638e-10]]), 2.1435086270610597), (1.529354758031965e-05, Vec([[ 2.18667702e-07],
     [-1.55471767e-09],
     [ 1.84608927e-09]]), 2.1084853250343043), (1.5680775631789037e-05, Vec([[ 1.38938660e-07],
     [ 1.11247030e-08],
     [-1.88010373e-09]]), 2.058761615695192), (1.6007888213104057e-05, Vec([[ 8.72805847e-08],
     [ 1.76380470e-09],
     [-1.28755491e-09]]), 2.0137713283473304), (1.6478582656375307e-05, Vec([[ 3.47461090e-08],
     [ 2.78164487e-09],
     [-4.35465914e-10]]), 1.9974517494035438), (1.684621879477385e-05, Vec([[-2.77623947e-08],
     [ 3.97109596e-09],
     [ 1.51277997e-09]]), 1.97791093301717), (1.7355752094077252e-05, Vec([[-1.08127056e-07],
     [-2.53346949e-09],
     [ 1.57569557e-09]]), 1.983456262721018), (1.7806416329751793e-05, Vec([[-1.63559117e-07],
     [-1.00677978e-08],
     [-4.75751125e-10]]), 1.989965685766591), (1.8063881413668065e-05, Vec([[-2.18597531e-07],
     [ 5.36671121e-09],
     [-2.23770125e-10]]), 1.9828811122742263), (1.8252044743159712e-05, Vec([[-3.08806642e-07],
     [ 4.19171802e-09],
     [ 8.39999635e-10]]), 1.9763886322850235), (1.843104063172082e-05, Vec([[-3.34847413e-07],
     [ 7.06142786e-09],
     [ 2.90608231e-09]]), 1.976944371194951), (1.865332409021974e-05, Vec([[-3.74722660e-07],
     [ 1.05782531e-09],
     [-3.00779362e-09]]), 1.9900276868101556), (1.872279937469193e-05, Vec([[-3.83901888e-07],
     [-2.32349682e-08],
     [ 3.44102635e-09]]), 1.994745091871549), (1.8956422287027255e-05, Vec([[-4.04663267e-07],
     [ 3.38639883e-09],
     [-2.27568387e-09]]), 2.0250578808465876), (1.8603808331795052e-05, Vec([[-3.94403488e-07],
     [ 2.47078639e-09],
     [-2.27622853e-10]]), 2.000817629258444), (1.824575640739609e-05, Vec([[-3.62683560e-07],
     [-2.68607360e-09],
     [-2.41778191e-10]]), 1.9837007503693735), (1.7943158453035365e-05, Vec([[-3.32797922e-07],
     [-1.11844737e-11],
     [ 1.64313918e-09]]), 1.9803641580467048), (1.7794299330613945e-05, Vec([[-2.99731746e-07],
     [-2.90884388e-09],
     [ 9.03708778e-11]]), 2.0023407172771397), (1.744336481615607e-05, Vec([[-2.58331169e-07],
     [ 1.56994802e-08],
     [ 9.62468141e-10]]), 2.010257500951796), (1.7072362872022322e-05, Vec([[-2.10708575e-07],
     [ 3.25687178e-09],
     [-8.89652680e-10]]), 2.024550164742257), (1.6945996394470212e-05, Vec([[-1.60508047e-07],
     [-1.69508866e-08],
     [ 1.37970458e-09]]), 2.078191183961747), (1.5979304133315653e-05, Vec([[-9.89624855e-08],
     [-3.01605131e-09],
     [ 2.01718294e-10]]), 2.037421442114609), (1.5677344515490388e-05, Vec([[-3.81483708e-08],
     [ 7.90247995e-09],
     [ 4.61543821e-10]]), 2.0903053710698356), (1.5601066472843616e-05, Vec([[ 3.93527324e-08],
     [-1.80612270e-08],
     [-1.04735234e-09]]), 2.0801350005659733), (1.6146348680516468e-05, Vec([[ 9.57941684e-08],
     [ 8.86787658e-09],
     [-1.54638542e-09]]), 2.0587202508371787), (1.671188124786867e-05, Vec([[1.48571253e-07],
     [5.20507341e-09],
     [7.63929716e-10]]), 2.0494802116250592), (1.708009650182535e-05, Vec([[ 2.09666284e-07],
     [-1.04600398e-08],
     [-1.36684386e-09]]), 2.0254672681103814), (1.758235634958072e-05, Vec([[2.62320427e-07],
     [3.53114856e-09],
     [7.79599067e-10]]), 2.0262755557010093), (1.7859604350939653e-05, Vec([[ 3.09729866e-07],
     [-3.43998390e-09],
     [ 5.93925413e-10]]), 2.009689301158485), (1.8387353672532753e-05, Vec([[ 3.49096498e-07],
     [-1.68169109e-08],
     [-1.13851684e-09]]), 2.0293894338458784), (1.8431669117012862e-05, Vec([[3.74415652e-07],
     [3.63597805e-10],
     [8.74194167e-10]]), 2.003913405484099), (1.857031637158049e-05, Vec([[3.87885415e-07],
     [7.93726681e-09],
     [2.67815881e-09]]), 1.9972156084656798), (1.867138270862674e-05, Vec([[ 3.94424316e-07],
     [-6.59318779e-09],
     [ 5.96622215e-10]]), 1.9946079554411928), (1.8659437025708013e-05, Vec([[ 3.85325906e-07],
     [-5.60844353e-09],
     [ 3.49511448e-09]]), 1.9879944061372372), (1.865436917751304e-05, Vec([[ 3.61745540e-07],
     [-2.68304562e-09],
     [ 2.83752627e-09]]), 1.9901391818251315), (1.8428195894555474e-05, Vec([[ 3.47157726e-07],
     [ 2.87238457e-09],
     [-3.48982454e-09]]), 1.9766392399091524), (1.834249659331141e-05, Vec([[ 2.90347589e-07],
     [ 5.56840954e-09],
     [-1.34724978e-09]]), 1.9861830422223512), (1.8080293579070244e-05, Vec([[2.22121643e-07],
     [1.31206746e-08],
     [1.58574295e-09]]), 1.9846826837107445), (1.75319474032451e-05, Vec([[ 1.56567055e-07],
     [ 7.24614650e-09],
     [-1.55598704e-09]]), 1.9592922624655238), (1.7372345692591796e-05, Vec([[ 1.14177248e-07],
     [ 1.09995901e-08],
     [-1.61794048e-09]]), 1.9853526182760148), (1.686807896686547e-05, Vec([[3.47000808e-08],
     [3.74763202e-09],
     [5.98735175e-10]]), 1.9804775311306333), (1.6396721841644377e-05, Vec([[-5.88263598e-08],
     [ 9.50395931e-09],
     [-1.35804618e-09]]), 1.9875289889937684), (1.6272011406001316e-05, Vec([[-8.78335879e-08],
     [-2.26609073e-10],
     [ 2.67863292e-10]]), 2.046997679376733), (1.5613290095805126e-05, Vec([[-1.78186950e-07],
     [ 3.41719845e-09],
     [-5.42636444e-10]]), 2.04990129944804), (1.5129637962802622e-05, Vec([[-2.01525990e-07],
     [ 2.48408248e-09],
     [ 9.26481841e-10]]), 2.085887492755587), (1.4712312021122672e-05, Vec([[-2.67526301e-07],
     [-9.32687333e-10],
     [-5.15393536e-10]]), 2.144384656188616), (1.3924070062067172e-05, Vec([[-3.19149665e-07],
     [ 8.05030258e-09],
     [ 1.15105861e-10]]), 2.161870929699312), (1.3331444522709032e-05, Vec([[-3.36802494e-07],
     [-5.58428247e-09],
     [-5.39415355e-10]]), 2.2239992789422214), (1.365119195722798e-05, Vec([[-3.22614379e-07],
     [-1.23149449e-08],
     [ 2.55909043e-10]]), 2.194421253427952), (1.4011060425552544e-05, Vec([[-2.79708259e-07],
     [ 3.06445952e-09],
     [ 1.86286861e-10]]), 2.105611555306929), (1.50244639893043e-05, Vec([[-2.44011322e-07],
     [ 9.46633510e-09],
     [-3.30138384e-10]]), 2.1279154266466525), (1.542470610027604e-05, Vec([[-1.81052142e-07],
     [-2.23644807e-10],
     [ 3.55600983e-10]]), 2.073571378194428), (1.5907674699794022e-05, Vec([[-1.33521534e-07],
     [ 8.45794787e-09],
     [ 4.90687912e-10]]), 2.0428954813486078), (1.61321210470951e-05, Vec([[-8.12096747e-08],
     [-6.06261416e-09],
     [ 1.93845666e-09]]), 1.9907387027415337), (1.6699507866354854e-05, Vec([[-1.75694192e-08],
     [ 3.97230759e-09],
     [ 7.08949121e-10]]), 1.9909488901995964), (1.7209348559452843e-05, Vec([[ 5.69851637e-08],
     [-2.10993185e-10],
     [-1.41953508e-09]]), 1.9922686497068016), (1.745114328684061e-05, Vec([[1.22746138e-07],
     [3.88774049e-09],
     [7.89722691e-10]]), 1.971070555846646), (1.7848321897105904e-05, Vec([[1.87485632e-07],
     [4.49446776e-09],
     [3.52131004e-09]]), 1.9757799894588697), (1.8132554560172267e-05, Vec([[ 2.34848977e-07],
     [-5.64996580e-10],
     [ 2.66618418e-11]]), 1.9758473921590072), (1.8422375112947117e-05, Vec([[3.11606148e-07],
     [1.48369507e-09],
     [1.03319142e-09]]), 1.984379573758005), (1.8652086164477568e-05, Vec([[ 3.59685828e-07],
     [-2.58809019e-09],
     [-3.60845350e-11]]), 1.9942558211934769), (1.8671526341751547e-05, Vec([[ 3.79305677e-07],
     [-4.26122504e-09],
     [ 1.85211577e-09]]), 1.9896229004644914), (1.87190116793595e-05, Vec([[ 3.85796965e-07],
     [-1.71811873e-09],
     [ 5.33800174e-09]]), 1.9960097798748488), (1.8790430266361756e-05, Vec([[ 3.78292140e-07],
     [ 2.49969129e-09],
     [-1.44484350e-09]]), 2.013070184129694), (1.845581984258537e-05, Vec([[ 3.73231191e-07],
     [-2.33904458e-09],
     [ 1.59450153e-09]]), 1.9946569927227267), (1.8345046304013356e-05, Vec([[ 3.59838676e-07],
     [-4.86762491e-09],
     [ 7.91036572e-10]]), 2.0084825069704904), (1.810020439959748e-05, Vec([[ 3.25224362e-07],
     [ 4.26729748e-09],
     [-2.18311110e-09]]), 2.0160255882478078), (1.7626215360502767e-05, Vec([[ 2.78908964e-07],
     [-7.07485773e-09],
     [-3.93548118e-11]]), 2.006082125231736), (1.7379204463235724e-05, Vec([[ 2.32734318e-07],
     [ 6.68419554e-09],
     [-1.90344577e-09]]), 2.030462656760751), (1.6956509561628107e-05, Vec([[ 1.88054215e-07],
     [ 2.39977686e-08],
     [-1.13910041e-09]]), 2.0435402368479503), (1.6406293881732675e-05, Vec([[ 1.21084486e-07],
     [-1.65919293e-08],
     [ 2.09755936e-09]]), 2.0501245057075694), (1.5833280496276422e-05, Vec([[ 5.95591274e-08],
     [ 4.63547061e-09],
     [-1.29322754e-10]]), 2.0628794459719733), (1.5172087438320978e-05, Vec([[ 4.05568716e-09],
     [-1.31599671e-08],
     [-1.36372842e-10]]), 2.07349117737062)]