[(1.504685054978366e-05, Vec([[-5.00756166e-10],
     [-4.94815943e-09],
     [ 8.41699532e-10]]), 2.056375695765394), (1.597175281866259e-05, Vec([[-7.20749542e-08],
     [-7.60244796e-09],
     [ 8.41029888e-10]]), 2.080920666662379), (1.6672116298815822e-05, Vec([[-1.28736922e-07],
     [ 6.78826871e-10],
     [-1.69348617e-09]]), 2.083341578091928), (1.6717141579920218e-05, Vec([[-1.86086803e-07],
     [ 4.96125723e-09],
     [ 6.27635319e-10]]), 2.01469243062608), (1.7554830361974928e-05, Vec([[-2.34406551e-07],
     [ 1.19594052e-08],
     [ 2.01788787e-09]]), 2.0509815378006957), (1.7698502594675133e-05, Vec([[-2.74005572e-07],
     [ 4.12992950e-09],
     [ 3.40727452e-09]]), 2.014309309876295), (1.7987666279406456e-05, Vec([[-3.21484617e-07],
     [ 5.46967658e-09],
     [ 1.71962749e-09]]), 2.003490938088639), (1.8291853752169443e-05, Vec([[-3.57219887e-07],
     [ 3.63327816e-09],
     [-1.24788003e-10]]), 2.002658792595004), (1.855191051240736e-05, Vec([[-3.91094665e-07],
     [ 1.70848031e-08],
     [-2.57871327e-09]]), 2.0050422223213373), (1.8740823085054327e-05, Vec([[-3.99893452e-07],
     [ 1.08234475e-08],
     [ 3.00773378e-09]]), 2.0077556311262184), (1.8651793637563235e-05, Vec([[-3.94598792e-07],
     [ 6.14631729e-09],
     [ 2.15768642e-09]]), 1.9888423144601373), (1.8771438690452444e-05, Vec([[-3.90116468e-07],
     [ 1.28361248e-09],
     [-7.29925074e-11]]), 2.000269480362461), (1.859855742798875e-05, Vec([[-3.47773956e-07],
     [-1.31876201e-08],
     [-6.77833782e-10]]), 1.9885326010988116), (1.8424682387083107e-05, Vec([[-2.98705081e-07],
     [-6.97089190e-09],
     [ 3.11685325e-09]]), 1.9846281034746356), (1.8072901487344117e-05, Vec([[-2.46179925e-07],
     [ 4.39649471e-10],
     [-2.32914443e-09]]), 1.9693471845908663), (1.7758672051449174e-05, Vec([[-1.85250476e-07],
     [-7.27921168e-09],
     [-1.78871229e-10]]), 1.9658558984363195), (1.7648349554358706e-05, Vec([[-1.27561146e-07],
     [ 5.95507656e-09],
     [-1.29232895e-09]]), 1.9933445960596117), (1.716517745904214e-05, Vec([[-4.97474788e-08],
     [ 6.49122197e-09],
     [ 2.48338705e-09]]), 1.9871551093384783), (1.661055284607294e-05, Vec([[ 4.04945040e-08],
     [-3.07716320e-09],
     [ 6.64171603e-10]]), 1.980343493901376), (1.636518155055143e-05, Vec([[7.07598308e-08],
     [1.42242544e-08],
     [9.65710273e-10]]), 2.0194988740145146), (1.5770721960242308e-05, Vec([[1.48684247e-07],
     [1.61178960e-09],
     [1.53593913e-10]]), 2.025307735932106), (1.5089561038279613e-05, Vec([[ 1.88952237e-07],
     [-8.93446313e-10],
     [-1.78341309e-09]]), 2.0285172161519793), (1.484771661067307e-05, Vec([[ 2.47190303e-07],
     [-4.15480750e-09],
     [-6.44347906e-10]]), 2.102882688448703), (1.4383132195945897e-05, Vec([[ 3.07249690e-07],
     [-3.47252524e-09],
     [-6.33838615e-10]]), 2.161527281550958), (1.367363159049844e-05, Vec([[3.38387076e-07],
     [1.07016401e-09],
     [8.70527946e-10]]), 2.198028411566386), (1.3554020172062076e-05, Vec([[3.48931442e-07],
     [3.47429994e-09],
     [5.77650836e-11]]), 2.2611301452056676), (1.4009686974128929e-05, Vec([[ 2.99410033e-07],
     [-2.08409017e-09],
     [-1.24184897e-09]]), 2.1751639332860417), (1.464670170589936e-05, Vec([[ 2.59296106e-07],
     [-1.15759520e-08],
     [ 4.30977557e-10]]), 2.134821662075211), (1.5050696871004444e-05, Vec([[ 1.89224446e-07],
     [ 9.48652436e-09],
     [-6.23928570e-10]]), 2.075004070663722), (1.5671558261078064e-05, Vec([[ 1.50105341e-07],
     [-1.71170012e-09],
     [ 1.96142904e-09]]), 2.057551447941824), (1.6193246919921703e-05, Vec([[1.01994301e-07],
     [3.02607764e-09],
     [9.46367554e-10]]), 2.037089210398965), (1.664126013193473e-05, Vec([[3.14918957e-08],
     [1.64050894e-09],
     [5.41150088e-10]]), 2.017170703085462), (1.7121962211080904e-05, Vec([[-2.06656109e-08],
     [ 9.65421110e-10],
     [ 1.73783591e-09]]), 2.0102859083434086), (1.71683624717087e-05, Vec([[-1.03131506e-07],
     [-4.08997987e-09],
     [-2.86101204e-09]]), 1.962040934935674), (1.7804124529829334e-05, Vec([[-1.86072638e-07],
     [-1.13990204e-08],
     [-2.11198373e-09]]), 1.9897095644269638), (1.808833687322137e-05, Vec([[-2.23361870e-07],
     [-2.16021581e-09],
     [ 3.50705165e-09]]), 1.985565600050123), (1.8197282414980323e-05, Vec([[-2.78747326e-07],
     [-2.55458805e-10],
     [-2.19058794e-09]]), 1.9704587956878516), (1.8507060501896994e-05, Vec([[-3.43649979e-07],
     [ 6.25300616e-09],
     [ 2.34895852e-09]]), 1.9850983901375987), (1.8710267627503453e-05, Vec([[-3.72282392e-07],
     [ 8.33171750e-09],
     [-2.08433627e-09]]), 1.99610270138833), (1.881285979089588e-05, Vec([[-4.01396009e-07],
     [-1.09512250e-08],
     [ 1.33746913e-09]]), 2.0043402154211596), (1.8773006740288115e-05, Vec([[-4.03994930e-07],
     [-4.90216851e-09],
     [ 4.44528309e-10]]), 2.0054641467141683), (1.8312102606758417e-05, Vec([[-3.95463826e-07],
     [-5.11833362e-09],
     [ 3.90394608e-09]]), 1.969445022811439), (1.827636366960961e-05, Vec([[-3.76338998e-07],
     [-8.45832941e-09],
     [ 3.07780663e-09]]), 1.987028409013062), (1.8224613907248327e-05, Vec([[-3.28791934e-07],
     [ 1.69606218e-08],
     [-2.19583780e-09]]), 2.011428047666195), (1.792140663202341e-05, Vec([[-3.09408456e-07],
     [-5.37300519e-09],
     [ 9.85431551e-10]]), 2.016643731986885), (1.7430313691683656e-05, Vec([[-2.60280435e-07],
     [ 3.57051040e-09],
     [ 4.37195984e-10]]), 2.0087534264143976), (1.6978588232980723e-05, Vec([[-2.09149059e-07],
     [ 1.53530864e-08],
     [-1.41485842e-09]]), 2.01342976727042), (1.6683309500984543e-05, Vec([[-1.49008160e-07],
     [ 2.61338336e-08],
     [-1.55787491e-09]]), 2.045976283552447), (1.608172569570501e-05, Vec([[-9.35341027e-08],
     [ 1.43373099e-08],
     [-9.90817224e-11]]), 2.0504805769558994), (1.560592423447846e-05, Vec([[-2.62902618e-08],
     [ 9.71256674e-10],
     [-2.79401614e-10]]), 2.0807826998766985), (1.539928672624542e-05, Vec([[3.27491154e-08],
     [3.59294261e-09],
     [1.20001457e-09]]), 2.0532311274214767), (1.6218583593821878e-05, Vec([[ 9.80431869e-08],
     [-1.25008000e-08],
     [ 1.22153203e-09]]), 2.0679304742617948), (1.676871065710679e-05, Vec([[ 1.47389529e-07],
     [-2.44976606e-08],
     [-2.16789779e-09]]), 2.0564495496633324), (1.697254059833944e-05, Vec([[ 2.12243681e-07],
     [ 1.05066251e-08],
     [-9.53488524e-10]]), 2.0127126000100306), (1.7400271514136203e-05, Vec([[ 2.55550579e-07],
     [ 7.57271049e-09],
     [-1.05466564e-09]]), 2.0052912209628584), (1.76707295399729e-05, Vec([[ 3.06832582e-07],
     [-4.17060535e-09],
     [-2.48316413e-09]]), 1.9884357683590173), (1.8277079923156104e-05, Vec([[3.32168740e-07],
     [7.05166969e-09],
     [5.90301253e-10]]), 2.0172186568106905), (1.8426977989094164e-05, Vec([[ 3.66909012e-07],
     [-1.04890677e-10],
     [-4.07608086e-10]]), 2.0034033803711564), (1.8522028703293966e-05, Vec([[3.72848056e-07],
     [5.71923003e-10],
     [1.81280632e-09]]), 1.9920223267321575), (1.8587575720441078e-05, Vec([[ 3.97147929e-07],
     [-7.00884117e-09],
     [-9.35013141e-10]]), 1.9856551056193392), (1.8629291286549325e-05, Vec([[ 3.73406164e-07],
     [-3.57882588e-08],
     [-3.85550801e-09]]), 1.98478265003046), (1.860022733324644e-05, Vec([[ 3.80169759e-07],
     [-2.77366280e-09],
     [ 1.64104146e-11]]), 1.9843630655369902), (1.8518842297958745e-05, Vec([[3.32350079e-07],
     [1.08635529e-08],
     [1.17383031e-09]]), 1.9863621253694959), (1.832409360406075e-05, Vec([[ 2.81847844e-07],
     [-2.67360564e-09],
     [ 2.94172277e-09]]), 1.9841903088455226), (1.8048605143381545e-05, Vec([[ 2.41357809e-07],
     [ 5.75864419e-10],
     [-3.83505824e-10]]), 1.981204228601031), (1.7686037936557033e-05, Vec([[ 1.73592374e-07],
     [-3.48868118e-09],
     [-1.21926472e-09]]), 1.9765127333403887), (1.7218000370565734e-05, Vec([[ 9.53783565e-08],
     [-4.35753456e-09],
     [ 6.39070554e-10]]), 1.967713671030464), (1.7006073644456154e-05, Vec([[ 2.10463685e-08],
     [-1.24659624e-09],
     [ 3.38600058e-09]]), 1.996679456608977), (1.6420127624192585e-05, Vec([[-3.30993414e-08],
     [ 2.03716284e-09],
     [ 2.31688141e-09]]), 1.9903661214263315), (1.6064706571601982e-05, Vec([[-1.07123326e-07],
     [-3.22657773e-09],
     [-1.37103014e-09]]), 2.0209190032775686), (1.576775317017285e-05, Vec([[-1.62405438e-07],
     [-3.12705714e-09],
     [ 1.95369998e-10]]), 2.0701810774397518), (1.5202647551620743e-05, Vec([[-2.23333307e-07],
     [-1.16780451e-09],
     [-7.36617228e-10]]), 2.095953152524933), (1.4435446149880925e-05, Vec([[-2.69159913e-07],
     [ 3.14475697e-09],
     [-8.71576501e-10]]), 2.1040302288721815), (1.4044044027543638e-05, Vec([[-3.12779564e-07],
     [-1.37821580e-09],
     [ 3.58563322e-10]]), 2.1804982582841426), (1.3474864316043397e-05, Vec([[-3.49544908e-07],
     [-3.54047936e-10],
     [ 6.62379723e-11]]), 2.247925082062681), (1.3672748459058916e-05, Vec([[-3.26781099e-07],
     [ 2.34450167e-09],
     [ 2.18596145e-10]]), 2.197886448695558), (1.4311651546353452e-05, Vec([[-2.98999467e-07],
     [-2.31680852e-09],
     [-9.24720311e-10]]), 2.150785019567119), (1.4844877493698084e-05, Vec([[-2.49825883e-07],
     [-1.29452030e-08],
     [ 1.01458262e-09]]), 2.102480584199699), (1.5158778340044705e-05, Vec([[-2.13734948e-07],
     [ 7.27093117e-09],
     [-1.09094865e-09]]), 2.037822224291704), (1.5747270549633132e-05, Vec([[-1.27022596e-07],
     [ 7.87716017e-10],
     [ 2.36182722e-09]]), 2.0222960587593657), (1.6162000874062835e-05, Vec([[-6.42837066e-08],
     [-1.02364763e-09],
     [ 1.63699987e-09]]), 1.9944259381523166), (1.6531895839289602e-05, Vec([[-9.98477992e-09],
     [ 1.59248784e-09],
     [ 7.32144420e-10]]), 1.9709658474692175), (1.7176113789934336e-05, Vec([[4.28551493e-08],
     [4.86109667e-09],
     [6.53250720e-10]]), 1.9884211717407874), (1.733904564618361e-05, Vec([[1.08822537e-07],
     [3.70217452e-09],
     [6.52462927e-10]]), 1.9584093590845115), (1.782439862123301e-05, Vec([[ 1.94768417e-07],
     [-1.50315663e-09],
     [-1.03834321e-09]]), 1.9731317220181288), (1.8218347659117194e-05, Vec([[2.34824723e-07],
     [2.94761971e-09],
     [9.88545586e-10]]), 1.9851959960886434), (1.8346962479988077e-05, Vec([[ 3.12202008e-07],
     [-1.70760197e-08],
     [ 3.87511626e-09]]), 1.9762564469879902), (1.8351220119897608e-05, Vec([[ 3.20493384e-07],
     [ 1.49670586e-08],
     [-1.54132323e-09]]), 1.962087630701963), (1.8777960045575034e-05, Vec([[ 3.90311083e-07],
     [-8.40549860e-09],
     [-2.11786481e-09]]), 2.000964390743995), (1.8827549362214375e-05, Vec([[4.22494742e-07],
     [2.39600813e-09],
     [6.70171461e-09]]), 2.007583162069068), (1.8694406310723034e-05, Vec([[ 4.03450548e-07],
     [ 1.94079981e-09],
     [-7.70647258e-10]]), 2.002782875147496), (1.876649432269762e-05, Vec([[ 3.95043859e-07],
     [-1.78485503e-09],
     [-1.25554656e-09]]), 2.0282338822622807), (1.855838028971769e-05, Vec([[ 3.48781528e-07],
     [-1.42686495e-08],
     [ 2.34362462e-09]]), 2.0318390889779017), (1.8237863394234324e-05, Vec([[ 3.23164751e-07],
     [ 5.99839147e-09],
     [-3.00296719e-10]]), 2.031358235852965), (1.7649779243167442e-05, Vec([[ 2.72940107e-07],
     [ 9.87552216e-09],
     [-3.39269819e-09]]), 2.0087639876081926), (1.714138336917291e-05, Vec([[ 2.29703136e-07],
     [-7.16197343e-10],
     [ 2.71564609e-09]]), 2.002677331402157), (1.6982814557736045e-05, Vec([[1.84606951e-07],
     [4.32993396e-09],
     [1.33761202e-09]]), 2.046710424543792), (1.6596671920983386e-05, Vec([[ 1.26159573e-07],
     [ 2.64075763e-09],
     [-1.55651011e-10]]), 2.0739140761267003), (1.586962240356387e-05, Vec([[ 6.22432039e-08],
     [-3.69767532e-09],
     [-7.85462767e-10]]), 2.067614344314002), (1.530306627917931e-05, Vec([[ 1.82387493e-09],
     [ 5.04871540e-09],
     [-9.98570262e-11]]), 2.091391382075217)]