[(1.9872414898074463e-05, Vec([[-1.05854966e-09],
     [-1.19355175e-08],
     [ 5.81678216e-10]]), 2.1350068053075466), (1.9862736658947906e-05, Vec([[ 8.52765104e-09],
     [-2.24815162e-07],
     [-4.25430767e-10]]), 2.138272050340659), (1.9998544792085614e-05, Vec([[ 7.32517047e-09],
     [-4.64233382e-07],
     [ 2.92699705e-10]]), 2.16598340062525), (1.9499089546992564e-05, Vec([[-4.40433529e-09],
     [-6.67687538e-07],
     [-1.09129952e-09]]), 2.133452602745395), (1.9312742031007e-05, Vec([[ 2.48533921e-09],
     [-8.54356968e-07],
     [ 1.92981131e-10]]), 2.1435825638990407), (1.900509713268947e-05, Vec([[-7.14715611e-09],
     [-1.03673895e-06],
     [-9.90203138e-10]]), 2.1491295503373684), (1.8307872304047563e-05, Vec([[ 2.36039333e-09],
     [-1.12592594e-06],
     [ 9.18819552e-10]]), 2.118684851753762), (1.8814453813566278e-05, Vec([[-2.84956496e-09],
     [-1.09199651e-06],
     [-6.29504530e-10]]), 2.1220454249721277), (1.9019429588403853e-05, Vec([[ 1.40572224e-09],
     [-1.02670340e-06],
     [ 5.30113176e-10]]), 2.0758694840687832), (1.9554352385302774e-05, Vec([[ 5.02756911e-09],
     [-9.77576675e-07],
     [ 4.00941573e-10]]), 2.075564531693445), (1.9780975292991764e-05, Vec([[-6.19303548e-09],
     [-9.41455563e-07],
     [ 1.05469111e-09]]), 2.0514671586481277), (2.0326868138792667e-05, Vec([[-2.67737384e-09],
     [-8.54510400e-07],
     [ 1.94427358e-10]]), 2.0689633578645155), (2.0707711485535906e-05, Vec([[-5.83034946e-09],
     [-8.39591694e-07],
     [-2.84215931e-09]]), 2.077541733729935), (2.083700053097132e-05, Vec([[-3.62791027e-09],
     [-8.06926535e-07],
     [ 3.90337913e-11]]), 2.0672163953230926), (2.144437264921638e-05, Vec([[-1.22614721e-09],
     [-7.34016415e-07],
     [ 3.09039757e-10]]), 2.11122576546015), (2.1479845641778995e-05, Vec([[-6.71157986e-10],
     [-7.31652132e-07],
     [-1.06413627e-09]]), 2.107110859690969), (2.161220499956679e-05, Vec([[ 1.84547499e-09],
     [-6.66577730e-07],
     [-6.88541344e-10]]), 2.121005586695384), (2.1830236549908296e-05, Vec([[ 1.42347880e-09],
     [-6.39562362e-07],
     [ 2.79718681e-10]]), 2.151992711878906), (2.1951048273966503e-05, Vec([[ 3.69549133e-09],
     [-6.47619948e-07],
     [ 1.67011433e-09]]), 2.1824591156264534), (2.2152585141977275e-05, Vec([[ 1.79015232e-09],
     [-5.83000588e-07],
     [-2.74107608e-10]]), 2.2306075754528063), (2.1757781309747574e-05, Vec([[ 6.14692475e-09],
     [-5.16241397e-07],
     [-1.75931549e-09]]), 2.2282658533694484), (2.126075537309125e-05, Vec([[ 2.78645199e-09],
     [-3.62840127e-07],
     [ 8.48920568e-10]]), 2.2243041712314566), (2.044076040271753e-05, Vec([[ 6.05345139e-09],
     [-2.78517555e-07],
     [ 5.79367307e-10]]), 2.1946662093280005), (2.030546419825596e-05, Vec([[-2.68171190e-09],
     [-1.60549069e-07],
     [-1.35817769e-09]]), 2.2482232369466217), (1.9305310250762905e-05, Vec([[ 6.03751116e-09],
     [-9.65410175e-08],
     [-1.18730443e-09]]), 2.2155982363610267), (1.898645141700526e-05, Vec([[-1.76979494e-10],
     [-2.55072985e-08],
     [-8.09034609e-11]]), 2.223001192101875), (1.9458014814396897e-05, Vec([[-2.26041950e-09],
     [-1.61970944e-07],
     [ 6.70768957e-10]]), 2.1919480794754143), (2.0049798182958578e-05, Vec([[ 4.57140646e-09],
     [-2.47493272e-07],
     [ 1.01063539e-10]]), 2.184685557264756), (2.0718214371714818e-05, Vec([[-3.46422486e-09],
     [-3.65246565e-07],
     [ 3.98384926e-10]]), 2.194525395430934), (2.123500612584196e-05, Vec([[-9.22786212e-10],
     [-4.60493144e-07],
     [-2.20227522e-09]]), 2.1968122028854373), (2.172475795346826e-05, Vec([[ 7.82518060e-10],
     [-5.38770997e-07],
     [-1.14786891e-09]]), 2.204937361746242), (2.1709220023880515e-05, Vec([[ 4.00872196e-09],
     [-6.62830200e-07],
     [ 7.30700686e-10]]), 2.1710088299858583), (2.1748946119427238e-05, Vec([[ 4.02868912e-09],
     [-6.69555135e-07],
     [-1.40562822e-10]]), 2.1520490131759216), (2.1588964780787464e-05, Vec([[ 5.13009182e-09],
     [-6.85731489e-07],
     [ 7.34618164e-10]]), 2.1223869928626793), (2.148109710328791e-05, Vec([[ 2.39649272e-09],
     [-7.28792180e-07],
     [-4.39728158e-10]]), 2.106624962484602), (2.126298791254467e-05, Vec([[-1.53120033e-09],
     [-7.47361899e-07],
     [-9.93753592e-10]]), 2.0885441672411624), (2.1223119716755335e-05, Vec([[ 6.62663343e-09],
     [-7.93187548e-07],
     [ 1.26988384e-09]]), 2.096396202586721), (2.0964596282531727e-05, Vec([[ 3.15434625e-09],
     [-7.95721349e-07],
     [ 1.39133925e-09]]), 2.0910841123307184), (2.0619999376933246e-05, Vec([[ 4.08994989e-09],
     [-8.69817090e-07],
     [-8.16273646e-10]]), 2.0826133035705157), (2.0004397495345853e-05, Vec([[-3.86713624e-09],
     [-9.20878622e-07],
     [ 8.76764748e-10]]), 2.0541744602642553), (1.9455542102200968e-05, Vec([[ 5.51032067e-09],
     [-9.29699579e-07],
     [-3.30464448e-10]]), 2.0400943254031656), (1.9009372938820248e-05, Vec([[-9.38575726e-09],
     [-9.58243069e-07],
     [ 8.26184999e-10]]), 2.044817533715022), (1.8543160781180953e-05, Vec([[-2.13373152e-09],
     [-1.01247812e-06],
     [ 1.96166954e-09]]), 2.056076831276714), (1.8144767589806293e-05, Vec([[ 3.78109376e-09],
     [-1.05531973e-06],
     [ 1.23782399e-09]]), 2.0844701348842714), (1.880546042313272e-05, Vec([[-2.33924920e-09],
     [-1.06464770e-06],
     [-8.12727382e-10]]), 2.1500411514693285), (1.911208129106334e-05, Vec([[ 1.30236731e-09],
     [-9.28072224e-07],
     [ 1.00253167e-09]]), 2.140005074000816), (1.958752157509066e-05, Vec([[ 9.03775437e-10],
     [-7.54723119e-07],
     [-6.63861468e-10]]), 2.1574070425369003), (1.9691573048603075e-05, Vec([[ 5.26414114e-09],
     [-5.42585311e-07],
     [-5.54490886e-11]]), 2.142489989892659), (1.9932339975614194e-05, Vec([[ 4.04889557e-09],
     [-3.29811633e-07],
     [-2.79156363e-10]]), 2.151185633066903), (2.003926296612039e-05, Vec([[-2.33215470e-09],
     [-8.71559739e-08],
     [-1.30574247e-09]]), 2.15401670040663), (2.0151071532742804e-05, Vec([[-2.80553599e-10],
     [ 1.16943001e-07],
     [-1.34083153e-11]]), 2.166034982723718), (1.9853634303000943e-05, Vec([[-4.53012597e-09],
     [ 3.33211688e-07],
     [-7.03007321e-10]]), 2.14269137136087), (1.958609454590159e-05, Vec([[-3.21017411e-09],
     [ 5.09259316e-07],
     [-1.69125416e-09]]), 2.131013677887059), (1.9573844095176084e-05, Vec([[4.69144596e-09],
     [7.30424261e-07],
     [2.75043572e-10]]), 2.155900578772267), (1.9068505923653978e-05, Vec([[ 6.41642886e-09],
     [ 9.30122601e-07],
     [-6.76134602e-10]]), 2.135125882355629), (1.8627297401108463e-05, Vec([[-4.30010061e-09],
     [ 1.05006747e-06],
     [-1.05132415e-10]]), 2.1296716513133487), (1.845144000390468e-05, Vec([[ 4.41451448e-09],
     [ 1.09099613e-06],
     [-2.43368227e-10]]), 2.1197006488722323), (1.8873220370308292e-05, Vec([[-6.19462150e-11],
     [ 1.03423004e-06],
     [ 4.49845567e-10]]), 2.0926740372306294), (1.9254156937138197e-05, Vec([[-2.00995620e-09],
     [ 9.91628597e-07],
     [-5.95160723e-10]]), 2.0711486816884106), (1.963208951578631e-05, Vec([[ 9.70224881e-10],
     [ 9.47921543e-07],
     [-1.49953826e-09]]), 2.0586069617886267), (2.019482124608551e-05, Vec([[2.61735487e-09],
     [8.99318520e-07],
     [2.14059894e-09]]), 2.073728341129107), (2.0453414030878608e-05, Vec([[ 1.19518014e-09],
     [ 8.56712671e-07],
     [-1.01778563e-09]]), 2.0657882372098757), (2.081168836691714e-05, Vec([[-2.92090656e-09],
     [ 8.15173635e-07],
     [-2.50782503e-10]]), 2.07583252776967), (2.0975340615523733e-05, Vec([[ 1.42191739e-09],
     [ 7.51324167e-07],
     [-9.06219221e-10]]), 2.0719208580645767), (2.1262807550042005e-05, Vec([[ 6.53282477e-09],
     [ 7.35514102e-07],
     [-6.73330967e-10]]), 2.0885264512430877), (2.158575489838363e-05, Vec([[-5.76580433e-10],
     [ 7.20003084e-07],
     [ 3.17593766e-10]]), 2.1168886246526517), (2.1738850673037634e-05, Vec([[ 6.35930452e-09],
     [ 6.89697320e-07],
     [-1.91607711e-09]]), 2.1371221073693514), (2.2043332543840838e-05, Vec([[-5.94429644e-09],
     [ 6.94531423e-07],
     [ 3.04667708e-10]]), 2.1811784252712405), (2.1739485613681838e-05, Vec([[-8.05622266e-10],
     [ 6.55216858e-07],
     [ 7.14049526e-11]]), 2.17403551001541), (2.1475281218936887e-05, Vec([[ 2.80478802e-09],
     [ 5.40540171e-07],
     [-1.15044949e-10]]), 2.1796169151832525), (2.1279569783767288e-05, Vec([[-4.01307303e-09],
     [ 4.79594576e-07],
     [-5.85862518e-10]]), 2.201422419946616), (2.0975907816486777e-05, Vec([[-2.93348282e-09],
     [ 3.98710766e-07],
     [-7.31922720e-10]]), 2.221820933484649), (1.9963443547709813e-05, Vec([[-1.59767712e-09],
     [ 2.51630724e-07],
     [-2.16401453e-10]]), 2.175276099737588), (1.9666797067837234e-05, Vec([[-2.20961106e-09],
     [ 1.85728856e-07],
     [-7.17640779e-10]]), 2.215467429410254), (1.900412666927693e-05, Vec([[ 6.13401395e-09],
     [ 6.67396969e-08],
     [-3.38324864e-10]]), 2.2250706734392542), (1.9465426413182607e-05, Vec([[-1.15614051e-09],
     [ 1.16356422e-07],
     [-1.18174336e-10]]), 2.2339741693277544), (1.9963011316901323e-05, Vec([[-1.27890255e-09],
     [ 1.93033438e-07],
     [-1.44695598e-10]]), 2.2103068161298585), (2.0858089740139974e-05, Vec([[ 6.16417752e-09],
     [ 2.86139485e-07],
     [-7.51411638e-10]]), 2.2394736713283154), (2.111270586678405e-05, Vec([[1.21063534e-10],
     [3.90628738e-07],
     [1.45943987e-09]]), 2.208815204416822), (2.1509773122982287e-05, Vec([[ 1.99217009e-09],
     [ 4.73943167e-07],
     [-5.70315459e-10]]), 2.2028667482834163), (2.2085460031901112e-05, Vec([[-5.05568321e-10],
     [ 5.88698067e-07],
     [-1.56855761e-09]]), 2.2238485548653966), (2.2138353550390357e-05, Vec([[-7.13921065e-10],
     [ 6.17663112e-07],
     [ 2.19114427e-10]]), 2.2010817391492212), (2.1882935873839754e-05, Vec([[ 4.96142027e-09],
     [ 6.54861518e-07],
     [-1.81346980e-10]]), 2.1571877339650007), (2.1636948843138182e-05, Vec([[-3.43308602e-09],
     [ 6.77725746e-07],
     [-1.27069010e-09]]), 2.1234339289423816), (2.1807022998657046e-05, Vec([[ 1.06385112e-08],
     [ 7.31753314e-07],
     [-2.62394376e-09]]), 2.139206014061249), (2.1382959516536906e-05, Vec([[-1.83257433e-09],
     [ 7.28235777e-07],
     [-3.68193780e-10]]), 2.105179564427766), (2.0827974481533033e-05, Vec([[ 6.51824098e-09],
     [ 7.65208750e-07],
     [-1.72608495e-10]]), 2.0663209306732697), (2.0489651686070918e-05, Vec([[-7.81929833e-09],
     [ 8.15427582e-07],
     [-1.03058902e-09]]), 2.0556644570374467), (2.02231227588546e-05, Vec([[-1.08546957e-08],
     [ 8.79200180e-07],
     [-7.15921937e-10]]), 2.058403669663953), (1.98063110121573e-05, Vec([[ 3.96058060e-09],
     [ 9.24513363e-07],
     [-2.07297435e-10]]), 2.054094703298428), (1.9587678741771264e-05, Vec([[4.05324642e-09],
     [9.96440647e-07],
     [6.10183980e-10]]), 2.079101902918715), (1.9112690120110827e-05, Vec([[ 6.52468497e-11],
     [ 1.06230972e-06],
     [-1.03089310e-09]]), 2.0860483746048364), (1.8738100102180938e-05, Vec([[1.29933654e-09],
     [1.09235722e-06],
     [4.81111449e-10]]), 2.1134336392923294), (1.8564757644602543e-05, Vec([[-1.98298922e-09],
     [ 1.15443713e-06],
     [-9.84987697e-11]]), 2.148412996599469), (1.896480742166574e-05, Vec([[3.52271653e-09],
     [1.02563130e-06],
     [4.72751559e-11]]), 2.144573519503581), (1.9367714420878667e-05, Vec([[-9.06185677e-09],
     [ 8.85418076e-07],
     [ 2.18505243e-10]]), 2.1496841240107836), (1.9798240531660852e-05, Vec([[4.20238167e-09],
     [6.61251534e-07],
     [8.54804191e-10]]), 2.1661835897648816), (1.971935357873241e-05, Vec([[ 2.60614694e-09],
     [ 4.48361674e-07],
     [-1.30747421e-09]]), 2.1357450237828117), (2.0135704401033775e-05, Vec([[7.40223020e-09],
     [2.34493966e-07],
     [3.22857350e-10]]), 2.167657693596613), (2.0114725613702036e-05, Vec([[5.22572666e-10],
     [1.79523893e-08],
     [8.71578398e-10]]), 2.161039626659012)]