[(1.9988560477754898e-05, Vec([[-2.55254533e-09],
     [-1.26388751e-08],
     [-1.70167142e-09]]), 2.147484986962668), (1.9854130339051746e-05, Vec([[ 3.83921154e-09],
     [-1.96984729e-07],
     [-1.75161387e-09]]), 2.1373455590113806), (1.983988389166148e-05, Vec([[ 2.96620048e-09],
     [-4.65094831e-07],
     [ 7.82345826e-10]]), 2.1487993064714126), (1.940675091538133e-05, Vec([[ 3.73943923e-09],
     [-6.72898545e-07],
     [ 1.56842598e-09]]), 2.1233495621152074), (1.9523064570255653e-05, Vec([[-3.15244666e-10],
     [-8.74783534e-07],
     [ 9.27187617e-10]]), 2.1669269303905803), (1.8894583115246704e-05, Vec([[-6.57783737e-10],
     [-9.85305636e-07],
     [ 3.22489539e-10]]), 2.1366324323824055), (1.8215966613590698e-05, Vec([[-3.16081634e-09],
     [-1.10466516e-06],
     [-1.07046941e-09]]), 2.108049033952155), (1.8556555376362978e-05, Vec([[ 3.11955022e-09],
     [-1.10051718e-06],
     [-7.98058163e-10]]), 2.092957564957817), (1.8915436975646996e-05, Vec([[-9.97386420e-10],
     [-1.05695901e-06],
     [ 6.28322055e-10]]), 2.0645192440215125), (1.9470380143631795e-05, Vec([[ 5.87409053e-09],
     [-9.64329728e-07],
     [-3.42744810e-10]]), 2.0666514363873545), (1.9765168895572513e-05, Vec([[-8.84910292e-10],
     [-9.39044360e-07],
     [-1.11284250e-09]]), 2.049827891386436), (2.0039642161040467e-05, Vec([[-1.62947233e-09],
     [-8.83318724e-07],
     [ 1.01792926e-09]]), 2.0397281594395307), (2.0669075370997605e-05, Vec([[-2.15735711e-09],
     [-8.11874529e-07],
     [ 8.91110927e-10]]), 2.073665489827341), (2.1142092022833715e-05, Vec([[ 9.78150117e-10],
     [-7.97976654e-07],
     [-7.02265273e-10]]), 2.0974841938536004), (2.1164640133618655e-05, Vec([[-5.68852029e-09],
     [-7.37483033e-07],
     [-6.73515468e-10]]), 2.083685743468018), (2.1584097184066064e-05, Vec([[ 1.27199567e-09],
     [-6.74689170e-07],
     [-4.75664529e-10]]), 2.1173376350857303), (2.1651870694615084e-05, Vec([[ 4.94834636e-09],
     [-6.64682746e-07],
     [-1.14301751e-09]]), 2.1248983482529984), (2.2089967628285154e-05, Vec([[ 5.50143932e-10],
     [-6.33109670e-07],
     [-9.61712598e-10]]), 2.177596620770942), (2.224942388246155e-05, Vec([[ 1.38002895e-09],
     [-6.70208667e-07],
     [ 1.61317090e-09]]), 2.212124786190939), (2.1904881953608756e-05, Vec([[ 1.59449625e-09],
     [-5.69741781e-07],
     [ 1.69658232e-09]]), 2.2056656282761025), (2.1737617328445082e-05, Vec([[-2.49307541e-09],
     [-4.92985506e-07],
     [ 1.03904502e-10]]), 2.2262008123450587), (2.1356242673728463e-05, Vec([[-5.82765917e-09],
     [-3.95546943e-07],
     [ 7.40455986e-10]]), 2.2342940703380427), (2.0840599442486253e-05, Vec([[-4.21971168e-09],
     [-3.02878928e-07],
     [-1.05795133e-09]]), 2.237595787898566), (2.0215452014852545e-05, Vec([[-5.77216563e-09],
     [-1.40765471e-07],
     [ 1.51748525e-10]]), 2.2382570780664297), (1.938571448735542e-05, Vec([[ 3.75598833e-09],
     [-9.46085173e-08],
     [ 1.87471031e-09]]), 2.2248259298026944), (1.8931568016600002e-05, Vec([[-6.14579307e-10],
     [-6.81016448e-08],
     [ 5.36346598e-10]]), 2.2165752485778407), (1.9459021011190253e-05, Vec([[ 5.35368825e-09],
     [-1.61484995e-07],
     [-6.77827255e-11]]), 2.192061427684356), (2.0308236643263425e-05, Vec([[ 8.32230160e-10],
     [-2.68171743e-07],
     [-7.98032367e-10]]), 2.212845779453408), (2.0710102652276284e-05, Vec([[-1.83718918e-09],
     [-3.43795498e-07],
     [ 1.58759487e-09]]), 2.193666181698076), (2.116889396021805e-05, Vec([[-5.32965603e-09],
     [-4.53934310e-07],
     [ 4.37910444e-10]]), 2.189972741133409), (2.1586199685111897e-05, Vec([[ 1.01868425e-09],
     [-5.82340011e-07],
     [-2.74624881e-09]]), 2.1908744983839816), (2.1903557817596242e-05, Vec([[ 7.66438801e-09],
     [-6.46540319e-07],
     [-1.07226692e-09]]), 2.190443386625512), (2.1835573696244533e-05, Vec([[ 9.39850839e-10],
     [-7.14191173e-07],
     [ 1.85701343e-11]]), 2.160620775236473), (2.1781088511836038e-05, Vec([[-1.06340355e-09],
     [-6.96455694e-07],
     [ 1.16896158e-09]]), 2.1412744620830946), (2.1297066593472405e-05, Vec([[ 4.51167301e-09],
     [-7.14639811e-07],
     [ 1.91762920e-09]]), 2.0885773151055127), (2.123569018548296e-05, Vec([[-8.82366343e-10],
     [-7.16692329e-07],
     [ 9.45513989e-10]]), 2.085862864459626), (2.1306608524919876e-05, Vec([[-1.07333473e-09],
     [-7.88103464e-07],
     [-9.02625048e-10]]), 2.1046431343635064), (2.093711680388688e-05, Vec([[ 1.53497059e-09],
     [-7.92542625e-07],
     [ 1.21293698e-09]]), 2.0883432104581057), (2.053412572218474e-05, Vec([[ 5.20469648e-09],
     [-8.53940071e-07],
     [ 1.18476239e-09]]), 2.073940092066663), (2.0055334026242647e-05, Vec([[ 3.91555955e-09],
     [-8.60471487e-07],
     [-1.07129582e-09]]), 2.059404936257696), (1.935369134863275e-05, Vec([[-2.35163063e-09],
     [-9.17176805e-07],
     [-3.47324929e-10]]), 2.029414327729441), (1.9149422414457206e-05, Vec([[ 7.94168892e-10],
     [-1.00868632e-06],
     [ 5.68745975e-11]]), 2.0598825032062154), (1.8964649904504924e-05, Vec([[-2.49497746e-09],
     [-1.06033723e-06],
     [ 9.53686220e-11]]), 2.1028117990272532), (1.8346742497762608e-05, Vec([[ 1.06490802e-09],
     [-1.11706106e-06],
     [-2.02761074e-11]]), 2.1076730037855778), (1.881984335107779e-05, Vec([[ 3.50152875e-09],
     [-1.06796790e-06],
     [ 1.39601688e-09]]), 2.151685561457955), (1.9000273375238365e-05, Vec([[-2.02496391e-09],
     [-9.35471839e-07],
     [ 2.53094560e-09]]), 2.1274857934716573), (1.942199785871139e-05, Vec([[-7.54913009e-09],
     [-7.73809771e-07],
     [ 2.74796142e-09]]), 2.139175944230025), (1.978875048669378e-05, Vec([[-1.23480001e-09],
     [-5.43267143e-07],
     [-2.50678819e-09]]), 2.1530631263220776), (1.996485024638995e-05, Vec([[-3.52683146e-09],
     [-3.43201373e-07],
     [-4.16168547e-10]]), 2.1546942842089902), (2.0039008702314327e-05, Vec([[-3.33481766e-09],
     [-1.00628163e-07],
     [-1.51584940e-09]]), 2.153989369636756), (1.997378002936244e-05, Vec([[1.06788603e-09],
     [9.43070912e-08],
     [2.65281301e-10]]), 2.146977951546117), (1.978634997133013e-05, Vec([[-3.00103244e-09],
     [ 3.46757567e-07],
     [ 6.67968660e-11]]), 2.13542975090899), (1.962084023259649e-05, Vec([[-4.42923003e-09],
     [ 5.47177959e-07],
     [-1.47641842e-09]]), 2.134794091252311), (1.9653370365241673e-05, Vec([[3.23587667e-09],
     [7.44278493e-07],
     [7.92671407e-10]]), 2.164659754069073), (1.9237966818012055e-05, Vec([[-2.60587920e-09],
     [ 9.42577860e-07],
     [-6.94947981e-10]]), 2.1541006433064718), (1.840595187034171e-05, Vec([[-6.92891129e-10],
     [ 1.02520013e-06],
     [-4.99573279e-10]]), 2.1043650653997736), (1.8235237490818072e-05, Vec([[7.17686171e-09],
     [1.05234041e-06],
     [2.68038526e-10]]), 2.09486331329406), (1.8717884816626394e-05, Vec([[4.32434097e-09],
     [1.03238283e-06],
     [2.55487106e-10]]), 2.075450337519034), (1.9352124574816453e-05, Vec([[-4.98296720e-09],
     [ 1.01265332e-06],
     [-4.17881416e-10]]), 2.081686953724309), (1.9467178961273225e-05, Vec([[-9.71009960e-10],
     [ 9.33202406e-07],
     [-1.03723190e-09]]), 2.041314558179725), (2.0273943037238604e-05, Vec([[ 1.05637601e-09],
     [ 9.05743632e-07],
     [-1.71325769e-10]]), 2.0818530528418626), (2.0427930285564158e-05, Vec([[-1.19937618e-09],
     [ 8.82977381e-07],
     [-1.72066716e-10]]), 2.0632143871312936), (2.0791322079009108e-05, Vec([[ 2.15172153e-09],
     [ 8.02145556e-07],
     [-9.54102071e-10]]), 2.0738011210830014), (2.1072495766907162e-05, Vec([[ 5.16744355e-10],
     [ 7.77210667e-07],
     [-3.55765588e-10]]), 2.081517736051424), (2.1400442440966312e-05, Vec([[8.94374415e-10],
     [7.36992066e-07],
     [7.96369724e-11]]), 2.102045555417494), (2.140270250549256e-05, Vec([[-3.61995821e-09],
     [ 7.35795014e-07],
     [-2.28240373e-09]]), 2.098936900005969), (2.1673303668076972e-05, Vec([[-4.90169035e-10],
     [ 6.69043890e-07],
     [ 4.43745580e-10]]), 2.1306782545879797), (2.1635762980898698e-05, Vec([[-9.13064192e-09],
     [ 6.87446071e-07],
     [ 1.04423077e-09]]), 2.140849589523806), (2.189329211614796e-05, Vec([[-3.10978753e-09],
     [ 6.42894138e-07],
     [ 1.73773126e-09]]), 2.1894167754222678), (2.1604484402920545e-05, Vec([[-1.48949357e-09],
     [ 5.90191059e-07],
     [ 2.09488922e-10]]), 2.1927302915546867), (2.1271748720002596e-05, Vec([[ 1.34945134e-09],
     [ 4.88738530e-07],
     [-7.24066029e-10]]), 2.2006133121829543), (2.083832964157348e-05, Vec([[2.16248807e-09],
     [3.78717166e-07],
     [4.61260047e-10]]), 2.2072483070368576), (2.028843460532764e-05, Vec([[-5.06692513e-09],
     [ 2.74496557e-07],
     [ 5.76222358e-10]]), 2.2106880905885156), (1.9637869680866827e-05, Vec([[3.63403189e-09],
     [1.44503680e-07],
     [1.17557615e-09]]), 2.212208755238256), (1.8939706915924086e-05, Vec([[-7.82782584e-09],
     [ 5.37990953e-08],
     [ 4.98067103e-11]]), 2.2175281798287827), (1.9300002364332114e-05, Vec([[6.36989781e-09],
     [1.16870115e-07],
     [2.02989071e-10]]), 2.2149890700921504), (2.0063504396243967e-05, Vec([[8.96603691e-09],
     [1.83469009e-07],
     [1.76564977e-10]]), 2.221433420965116), (2.0677805956845674e-05, Vec([[-2.42392395e-09],
     [ 2.84588558e-07],
     [ 1.59683439e-10]]), 2.220117115139084), (2.0926586161824573e-05, Vec([[ 8.13732281e-10],
     [ 3.90265411e-07],
     [-6.21381053e-10]]), 2.1893433263567554), (2.174413409716079e-05, Vec([[-2.60226660e-09],
     [ 4.91042792e-07],
     [ 2.31067088e-09]]), 2.2268682100450716), (2.2004120137046227e-05, Vec([[ 3.17805868e-10],
     [ 5.84566758e-07],
     [-1.17220528e-09]]), 2.215658206674113), (2.2167704902597115e-05, Vec([[-2.18418026e-09],
     [ 6.06641060e-07],
     [-1.06887829e-09]]), 2.2039999654398343), (2.2016519600152242e-05, Vec([[ 4.62015640e-10],
     [ 6.45083371e-07],
     [-1.18964002e-09]]), 2.170356221846151), (2.186807671458924e-05, Vec([[ 5.89003100e-09],
     [ 6.80211173e-07],
     [-2.59493469e-10]]), 2.1461166448706517), (2.148945848979251e-05, Vec([[6.04050784e-09],
     [7.08036992e-07],
     [7.83373793e-11]]), 2.108053852335311), (2.1280531092915468e-05, Vec([[ 7.33351752e-09],
     [ 7.71790513e-07],
     [-1.73356808e-09]]), 2.0950953558289687), (2.1213841430002366e-05, Vec([[-3.37789953e-09],
     [ 8.20598090e-07],
     [-5.21581242e-10]]), 2.1046023753132252), (2.0770358253168748e-05, Vec([[-2.31251362e-09],
     [ 8.47943827e-07],
     [ 1.36280164e-09]]), 2.083826893455645), (2.010485846802382e-05, Vec([[-1.46198965e-09],
     [ 8.77214457e-07],
     [-2.59622346e-10]]), 2.046366179057825), (1.978551670723798e-05, Vec([[-1.53582193e-09],
     [ 9.39019542e-07],
     [-2.03640674e-09]]), 2.0519381446355185), (1.9412440200527068e-05, Vec([[-1.12763890e-09],
     [ 9.78837018e-07],
     [ 5.21032250e-11]]), 2.060501496542407), (1.8987910300220205e-05, Vec([[-1.19377093e-09],
     [ 1.03976984e-06],
     [-8.57591183e-10]]), 2.0724293215657026), (1.849653255880584e-05, Vec([[-6.69130572e-09],
     [ 1.09665596e-06],
     [ 6.80564087e-10]]), 2.086187708832671), (1.827119708137849e-05, Vec([[7.15097609e-10],
     [1.10659322e-06],
     [2.60967017e-10]]), 2.1144405989310844), (1.8825249075469665e-05, Vec([[3.26617947e-10],
     [1.01139463e-06],
     [2.63864599e-09]]), 2.1287920181667466), (1.942842390462541e-05, Vec([[-5.23112670e-09],
     [ 8.89747751e-07],
     [-1.27979477e-10]]), 2.156422462389347), (1.9653147567264536e-05, Vec([[-1.98819018e-09],
     [ 6.68674929e-07],
     [ 8.40246547e-11]]), 2.1503085427897215), (1.969363973424633e-05, Vec([[-1.03826210e-08],
     [ 4.55956639e-07],
     [ 1.09792849e-09]]), 2.132960033129634), (1.9819405867395595e-05, Vec([[ 7.16186309e-10],
     [ 2.35544762e-07],
     [-1.67491766e-09]]), 2.1336073849379833), (2.0214596866630003e-05, Vec([[ 6.91909738e-09],
     [ 1.96863152e-08],
     [-6.46395977e-11]]), 2.1717693646274188)]