[(1.9982801219450652e-05, Vec([[ 6.40171476e-09],
     [-2.05785409e-09],
     [-4.07242969e-10]]), 2.1468662370152582), (1.9753175292354693e-05, Vec([[ 3.63754646e-10],
     [-2.44039808e-07],
     [-7.35760363e-10]]), 2.1264775019858195), (1.975641596929521e-05, Vec([[-3.73211489e-09],
     [-4.70546467e-07],
     [ 7.86875700e-11]]), 2.1397591419889666), (1.9466057722318932e-05, Vec([[-5.67054042e-10],
     [-6.55742147e-07],
     [-9.25046864e-11]]), 2.1298384938838737), (1.952699944282519e-05, Vec([[ 3.43245671e-09],
     [-8.87614087e-07],
     [-1.18115504e-09]]), 2.1673636743919076), (1.886718228828247e-05, Vec([[ 3.78351649e-10],
     [-9.71902480e-07],
     [-5.03612752e-10]]), 2.133533899050985), (1.8331269461493975e-05, Vec([[-2.66840312e-10],
     [-1.14843086e-06],
     [-1.48841648e-09]]), 2.1213924958880757), (1.8720788497866992e-05, Vec([[-1.43926776e-09],
     [-1.11051848e-06],
     [ 8.37818931e-10]]), 2.1114810973212808), (1.8945256648496264e-05, Vec([[-4.52994411e-09],
     [-1.01826356e-06],
     [-3.01137003e-10]]), 2.0677739025592454), (1.9359993406986912e-05, Vec([[-2.04937577e-10],
     [-9.95445837e-07],
     [-3.34059113e-10]]), 2.054934618011835), (1.9838398246026016e-05, Vec([[ 1.00020251e-09],
     [-9.16384190e-07],
     [-3.00284415e-10]]), 2.057422441466973), (2.038710267510055e-05, Vec([[-2.94832299e-09],
     [-8.70845123e-07],
     [ 4.35054432e-10]]), 2.075094309649514), (2.0831819379387505e-05, Vec([[ 2.60104663e-09],
     [-8.39997508e-07],
     [ 8.41986163e-10]]), 2.0899931013830977), (2.0911092749112478e-05, Vec([[-2.30213023e-09],
     [-7.97466093e-07],
     [ 1.38098874e-09]]), 2.074567004537677), (2.105503402110262e-05, Vec([[ 4.96043540e-09],
     [-7.18259004e-07],
     [ 3.70949606e-10]]), 2.072894882267225), (2.1437154944871483e-05, Vec([[-1.64806295e-10],
     [-6.99776087e-07],
     [-1.94413350e-09]]), 2.1029230255434723), (2.1741659479214145e-05, Vec([[-3.12661917e-09],
     [-6.58129886e-07],
     [ 6.85720321e-10]]), 2.1337101522202944), (2.2046222369250995e-05, Vec([[ 2.60012069e-09],
     [-6.28386997e-07],
     [ 2.54898838e-10]]), 2.173284277274089), (2.188640352633187e-05, Vec([[-2.37401415e-09],
     [-6.23411895e-07],
     [-1.38017537e-09]]), 2.176031881856488), (2.2347269671377562e-05, Vec([[-4.56275836e-09],
     [-5.98782359e-07],
     [ 7.41448925e-10]]), 2.2502109212167665), (2.188695333178695e-05, Vec([[ 9.31066338e-10],
     [-5.22491387e-07],
     [-1.92851825e-09]]), 2.241494665711269), (2.1391123699817746e-05, Vec([[ 7.20281274e-10],
     [-3.86186113e-07],
     [-4.87126894e-10]]), 2.2379433297583087), (2.0772345176594166e-05, Vec([[ 1.58489334e-09],
     [-2.86396221e-07],
     [ 2.21530214e-09]]), 2.230267521824084), (2.005104847834964e-05, Vec([[-6.88106473e-10],
     [-1.71737723e-07],
     [ 2.72776275e-11]]), 2.220054300361216), (1.928005276708803e-05, Vec([[ 2.24860325e-09],
     [-9.56807999e-08],
     [-4.46812531e-11]]), 2.2126995294478466), (1.898039175905928e-05, Vec([[-6.10089580e-09],
     [-6.33045090e-08],
     [-4.29666584e-11]]), 2.222291705819168), (1.9599850317405328e-05, Vec([[-5.21957148e-09],
     [-1.64866757e-07],
     [-4.39289282e-11]]), 2.2079258686479633), (2.02481598896146e-05, Vec([[-2.45041140e-09],
     [-2.54629048e-07],
     [-7.86023981e-10]]), 2.206299637949824), (2.0691155341598565e-05, Vec([[ 1.74254210e-09],
     [-3.60587726e-07],
     [-9.80302063e-11]]), 2.191659234877691), (2.096483889179353e-05, Vec([[ 1.97598626e-09],
     [-4.86696528e-07],
     [ 1.75251381e-09]]), 2.1688627559646227), (2.1663660753676453e-05, Vec([[-1.03216178e-10],
     [-5.67314292e-07],
     [-7.33461602e-11]]), 2.1987363491132097), (2.172990757316708e-05, Vec([[ 2.83443518e-09],
     [-6.46235942e-07],
     [ 1.40786889e-10]]), 2.1730776676558663), (2.197640578150764e-05, Vec([[-5.45507113e-09],
     [-6.73518056e-07],
     [-1.88619052e-10]]), 2.17455605046543), (2.1658283234793246e-05, Vec([[ 1.09208825e-09],
     [-7.06970263e-07],
     [-8.45723631e-10]]), 2.1292016125834983), (2.148853527180698e-05, Vec([[ 4.83211064e-09],
     [-7.47609211e-07],
     [-1.26715091e-09]]), 2.107354414588565), (2.1194268190262947e-05, Vec([[ 3.76713725e-09],
     [-7.41451981e-07],
     [-7.75304848e-10]]), 2.081794213954435), (2.0832118816341382e-05, Vec([[-5.66917342e-09],
     [-7.63196992e-07],
     [-3.87919826e-10]]), 2.0577735677537907), (2.085516556350127e-05, Vec([[-1.43391833e-09],
     [-7.97130465e-07],
     [ 3.14881716e-10]]), 2.080169099473725), (2.045587346241793e-05, Vec([[ 2.71318671e-09],
     [-8.48630235e-07],
     [-8.51221595e-10]]), 2.0660366390041416), (1.9896296769114685e-05, Vec([[-2.50920254e-09],
     [-9.04680603e-07],
     [ 9.13231321e-10]]), 2.043074013424417), (1.926728694803043e-05, Vec([[-5.94600387e-10],
     [-9.22455343e-07],
     [ 2.60509780e-10]]), 2.0203540236560475), (1.9064012074392913e-05, Vec([[-1.87408227e-09],
     [-9.73020257e-07],
     [ 8.70825141e-10]]), 2.0506950059917566), (1.8441643213519392e-05, Vec([[-5.53296858e-09],
     [-1.03191373e-06],
     [-2.69524439e-10]]), 2.0448205022560257), (1.8085673509176765e-05, Vec([[ 3.31548493e-09],
     [-1.08231651e-06],
     [-5.23145880e-10]]), 2.0776814093957237), (1.8664599524794304e-05, Vec([[ 6.45452535e-09],
     [-1.06258881e-06],
     [-1.11784876e-09]]), 2.133936428625745), (1.926628822923986e-05, Vec([[-6.42958423e-09],
     [-9.66615073e-07],
     [ 1.96260946e-10]]), 2.157271829259867), (1.9429526526735823e-05, Vec([[-1.79453062e-09],
     [-7.43170329e-07],
     [-5.52474816e-10]]), 2.140005166107564), (1.991840419324539e-05, Vec([[ 9.82728709e-09],
     [-5.67946920e-07],
     [-1.76099451e-10]]), 2.1671697580144103), (1.9927998765767337e-05, Vec([[ 1.08071674e-09],
     [-3.39456178e-07],
     [ 9.10153616e-10]]), 2.150717110642335), (1.9983949515437083e-05, Vec([[ 5.86523079e-10],
     [-1.49041731e-07],
     [ 1.66128632e-09]]), 2.1480710677388815), (2.0046746728711028e-05, Vec([[-3.42242182e-10],
     [ 9.49848641e-08],
     [ 1.18128913e-09]]), 2.154821128674744), (1.9768677071451572e-05, Vec([[-1.72826813e-10],
     [ 3.32919843e-07],
     [-4.96864805e-11]]), 2.1335224139701308), (1.959323308419436e-05, Vec([[-1.09831131e-09],
     [ 5.83762899e-07],
     [ 9.38722766e-10]]), 2.1317903678344283), (1.9652957497823532e-05, Vec([[1.85244245e-10],
     [7.40536573e-07],
     [3.49688294e-11]]), 2.1646142800629757), (1.9246436895704857e-05, Vec([[8.67951746e-09],
     [9.34776972e-07],
     [1.08191759e-09]]), 2.1550490491322805), (1.87596684825662e-05, Vec([[ 3.13989321e-09],
     [ 1.05970592e-06],
     [-4.26272053e-10]]), 2.144805727586671), (1.839243835164593e-05, Vec([[5.46118355e-10],
     [1.09473219e-06],
     [1.05769396e-09]]), 2.112922541551018), (1.883935392640326e-05, Vec([[-4.97631508e-10],
     [ 1.08192776e-06],
     [ 8.94951846e-10]]), 2.0889189055412394), (1.9068926022108516e-05, Vec([[1.36520678e-09],
     [1.00143726e-06],
     [4.63339041e-10]]), 2.0512235939931043), (1.9525735340495025e-05, Vec([[ 1.19805478e-09],
     [ 9.49234402e-07],
     [-1.61458833e-09]]), 2.0474547385118393), (1.9734299261392286e-05, Vec([[-1.62021011e-09],
     [ 8.64309816e-07],
     [-1.86384890e-09]]), 2.026439113869595), (2.0495782158194504e-05, Vec([[ 3.39062722e-09],
     [ 8.63994344e-07],
     [-3.41106260e-10]]), 2.07006740443886), (2.0970938049412904e-05, Vec([[2.66140456e-09],
     [7.98551178e-07],
     [3.77201212e-10]]), 2.0917166629312933), (2.1022202267482087e-05, Vec([[-8.07648795e-09],
     [ 7.83866662e-07],
     [ 5.56407200e-10]]), 2.076549800016729), (2.1497415772335222e-05, Vec([[-2.59116453e-10],
     [ 7.74112825e-07],
     [-8.44250497e-10]]), 2.1115707024213632), (2.1517815327784526e-05, Vec([[-7.92640756e-10],
     [ 7.28981701e-07],
     [ 8.28630579e-10]]), 2.110225873924587), (2.170471599574219e-05, Vec([[ 4.70016748e-09],
     [ 6.66127897e-07],
     [-1.83751244e-10]]), 2.133766365404276), (2.1954275918417075e-05, Vec([[7.18940445e-10],
     [6.88865490e-07],
     [7.86951843e-10]]), 2.1723663098791848), (2.1717428274697616e-05, Vec([[ 3.16113102e-09],
     [ 6.77646140e-07],
     [-7.82665978e-11]]), 2.1718296878970627), (2.1660301587198045e-05, Vec([[-2.97831989e-09],
     [ 5.78049667e-07],
     [ 1.96092689e-10]]), 2.198395413131854), (2.107646744517938e-05, Vec([[-6.38370783e-09],
     [ 4.63471978e-07],
     [ 3.24501321e-11]]), 2.18041099695948), (2.0718378793172326e-05, Vec([[ 6.83509444e-09],
     [ 3.71967313e-07],
     [-5.50772983e-10]]), 2.194542811365416), (2.0116992338700614e-05, Vec([[ 2.23688063e-09],
     [ 2.77840948e-07],
     [-1.61056961e-09]]), 2.1920072320388693), (1.947995936271498e-05, Vec([[2.77450256e-09],
     [1.49437761e-07],
     [1.75989773e-09]]), 2.1944201359004705), (1.871167880818202e-05, Vec([[1.59401322e-09],
     [5.42177491e-08],
     [1.81893696e-09]]), 2.190829838774418), (1.94782645553653e-05, Vec([[ 1.70518180e-09],
     [ 9.95070717e-08],
     [-7.03212481e-10]]), 2.2354475548786032), (2.0100846187926424e-05, Vec([[ 2.12597661e-09],
     [ 1.64563383e-07],
     [-1.22956413e-09]]), 2.225567908261246), (2.0795580282568653e-05, Vec([[3.32098651e-09],
     [2.68439954e-07],
     [7.13116620e-10]]), 2.2327622089564474), (2.1242544472605942e-05, Vec([[-5.20031640e-09],
     [ 4.02322557e-07],
     [-5.78564477e-10]]), 2.222398943444365), (2.16858605024238e-05, Vec([[ 1.05123429e-09],
     [ 4.79065820e-07],
     [-3.85149144e-10]]), 2.220900273358101), (2.2168349756309888e-05, Vec([[-6.35434851e-09],
     [ 5.91814476e-07],
     [-2.07115061e-09]]), 2.232194959856435), (2.1943795561538823e-05, Vec([[-5.46520695e-10],
     [ 6.31770351e-07],
     [-8.54859233e-10]]), 2.181738022576443), (2.2150238387993478e-05, Vec([[ 7.38614380e-09],
     [ 6.56393243e-07],
     [-3.15002666e-11]]), 2.1835380238947795), (2.1666225790112182e-05, Vec([[-4.72683332e-09],
     [ 6.59218022e-07],
     [ 2.47716941e-09]]), 2.1263071465568952), (2.1427105866263818e-05, Vec([[-2.85803595e-09],
     [ 7.09691650e-07],
     [ 1.60757937e-09]]), 2.1019372399369436), (2.1189309594777068e-05, Vec([[3.94258601e-09],
     [7.39601692e-07],
     [8.28316430e-10]]), 2.086114483299657), (2.102147716938657e-05, Vec([[2.99313688e-09],
     [7.65757199e-07],
     [2.90795736e-10]]), 2.0855181240637175), (2.0631122050509127e-05, Vec([[3.32502951e-09],
     [8.31305814e-07],
     [2.35122129e-10]]), 2.069857748575802), (2.0387967455533674e-05, Vec([[ 4.53736313e-09],
     [ 8.84422178e-07],
     [-1.00055990e-09]]), 2.0751823310316824), (1.984870180756568e-05, Vec([[-3.89343928e-10],
     [ 9.42781379e-07],
     [ 9.74067273e-10]]), 2.058491014568281), (1.9513725161702484e-05, Vec([[ 4.22076025e-09],
     [ 1.00244183e-06],
     [-1.80407244e-11]]), 2.071252221949588), (1.8833381426275903e-05, Vec([[-2.85566251e-10],
     [ 1.03045801e-06],
     [ 3.33287752e-10]]), 2.0555633176544146), (1.8514630262612254e-05, Vec([[8.03447177e-10],
     [1.09292285e-06],
     [2.29872855e-09]]), 2.0882289134270455), (1.8370724002410326e-05, Vec([[ 2.71024366e-09],
     [ 1.10388403e-06],
     [-2.83996181e-10]]), 2.1259583862757787), (1.908361506772389e-05, Vec([[ 1.04449192e-09],
     [ 1.03049356e-06],
     [-1.29374805e-09]]), 2.158008495455922), (1.9434909652206903e-05, Vec([[-1.95048098e-10],
     [ 8.53987145e-07],
     [ 4.38181060e-10]]), 2.157142336108326), (1.9683316626155234e-05, Vec([[2.28447455e-10],
     [6.79919743e-07],
     [8.30419087e-10]]), 2.153609428046831), (1.9628612304853493e-05, Vec([[3.17926342e-09],
     [4.48368522e-07],
     [3.69322748e-11]]), 2.1259171040508167), (1.9818491758885043e-05, Vec([[-6.77556039e-09],
     [ 2.24006567e-07],
     [ 3.54592024e-10]]), 2.133508978927137), (1.9869732604335082e-05, Vec([[ 2.47428372e-09],
     [-2.44565566e-09],
     [ 1.25823976e-10]]), 2.134718631202043)]