[(2.023247463853667e-05, Vec([[ 1.24559844e-09],
     [-1.05110938e-08],
     [-1.26850013e-09]]), 2.173690075566692), (1.9937381634843155e-05, Vec([[ 2.93808138e-10],
     [-2.44353358e-07],
     [-8.96311239e-10]]), 2.146307764069122), (1.9904992005199774e-05, Vec([[-4.48556952e-10],
     [-4.30898360e-07],
     [ 8.26553300e-10]]), 2.155850974212046), (1.9604393099337235e-05, Vec([[ 2.60797413e-09],
     [-6.52502559e-07],
     [-6.07331865e-10]]), 2.1449741733954837), (1.9401769407109123e-05, Vec([[-5.49971423e-09],
     [-8.70916931e-07],
     [ 5.95149359e-10]]), 2.1534639950710517), (1.8966139898467828e-05, Vec([[ 5.32075928e-10],
     [-1.02026386e-06],
     [ 2.78658474e-09]]), 2.1447241983057213), (1.8256509999877754e-05, Vec([[ 1.65361916e-09],
     [-1.11251405e-06],
     [ 2.95441689e-10]]), 2.112740931346819), (1.858079302127984e-05, Vec([[ 5.75797396e-10],
     [-1.09383959e-06],
     [-3.28652667e-10]]), 2.0956912814939224), (1.9188365246549565e-05, Vec([[-2.24380445e-09],
     [-1.03782631e-06],
     [ 8.38227972e-10]]), 2.0943079117769186), (1.943910207684378e-05, Vec([[ 1.01000299e-10],
     [-9.62833095e-07],
     [-3.71779622e-10]]), 2.0633314774970803), (1.993131754889465e-05, Vec([[ 3.53825596e-09],
     [-9.37706022e-07],
     [-7.62503378e-10]]), 2.0670590188053524), (2.0311978057153912e-05, Vec([[-7.29841269e-09],
     [-9.09354986e-07],
     [ 2.52972218e-10]]), 2.0674477759708445), (2.0535789772289612e-05, Vec([[ 1.58373471e-09],
     [-8.23433120e-07],
     [-3.05999148e-10]]), 2.060293350949781), (2.095694990458307e-05, Vec([[ 3.50894127e-09],
     [-8.10419631e-07],
     [-1.97614386e-09]]), 2.0791164435747778), (2.1330390032128516e-05, Vec([[ 2.18230449e-09],
     [-7.38358921e-07],
     [ 1.61134037e-09]]), 2.100004031817163), (2.1665742629478423e-05, Vec([[ 3.04214893e-09],
     [-6.86788049e-07],
     [-1.19972366e-09]]), 2.1253468176255743), (2.1640714158951302e-05, Vec([[ 2.76358313e-09],
     [-7.02197817e-07],
     [ 1.13671198e-09]]), 2.123803454211806), (2.179381111720596e-05, Vec([[ 5.62080745e-09],
     [-6.56880084e-07],
     [-1.59705323e-09]]), 2.148401946129609), (2.1926809122304818e-05, Vec([[ 6.01847829e-09],
     [-6.31071426e-07],
     [-3.75702459e-10]]), 2.1800491643184863), (2.1931753605733115e-05, Vec([[ 3.35122418e-09],
     [-5.69307881e-07],
     [ 1.42273873e-09]]), 2.208371412292251), (2.1937560243091055e-05, Vec([[ 3.76706286e-09],
     [-4.88250720e-07],
     [ 1.07061614e-10]]), 2.2466774392118425), (2.1343069398345573e-05, Vec([[ 2.16188048e-09],
     [-3.38528646e-07],
     [ 1.37519322e-09]]), 2.2329158798237008), (2.1014200430481764e-05, Vec([[ 6.33191136e-09],
     [-2.61068581e-07],
     [ 1.14521631e-09]]), 2.2562348313956493), (2.0122616432857377e-05, Vec([[ 2.92326609e-09],
     [-1.63990278e-07],
     [ 4.09577498e-10]]), 2.2279783121825685), (1.9432446138408802e-05, Vec([[-8.98112429e-10],
     [-1.04312065e-07],
     [ 7.00775463e-10]]), 2.2301891465710972), (1.8988547378400648e-05, Vec([[ 1.31996288e-09],
     [-3.67082827e-08],
     [-7.84548428e-11]]), 2.2232465947091455), (1.9663460617903775e-05, Vec([[ 4.12063960e-09],
     [-1.69894004e-07],
     [ 1.08679023e-09]]), 2.21509157786046), (2.0106617109094606e-05, Vec([[ 2.18794146e-09],
     [-2.64801560e-07],
     [-6.12723642e-10]]), 2.1908767162069034), (2.0466619175384206e-05, Vec([[ 1.70747141e-09],
     [-3.76484987e-07],
     [-1.23342786e-09]]), 2.1678757991959543), (2.1227316690150617e-05, Vec([[ 2.08486120e-10],
     [-4.54661805e-07],
     [ 1.04072013e-11]]), 2.196016712360973), (2.1656425672266384e-05, Vec([[ 5.84782164e-09],
     [-6.01761467e-07],
     [ 3.69222305e-10]]), 2.1980020301693344), (2.166012215630995e-05, Vec([[ 8.18205077e-09],
     [-6.38319161e-07],
     [ 4.75820990e-10]]), 2.166098846858324), (2.2011314563782598e-05, Vec([[ 7.01326371e-10],
     [-6.60820996e-07],
     [-1.21249332e-09]]), 2.1780102596962343), (2.1685068598601785e-05, Vec([[ 4.36563938e-09],
     [-6.93794803e-07],
     [-1.10448644e-09]]), 2.1318348517556207), (2.1562748993162242e-05, Vec([[-6.68251999e-09],
     [-6.91900367e-07],
     [ 1.26882523e-09]]), 2.114632463619959), (2.1108385354204782e-05, Vec([[ 2.05209586e-09],
     [-7.34840621e-07],
     [-5.88125702e-10]]), 2.073358424165476), (2.113527579989139e-05, Vec([[-2.32016799e-09],
     [-7.78455348e-07],
     [-7.29755378e-10]]), 2.087719078007881), (2.0900896415581995e-05, Vec([[ 2.11077210e-09],
     [-7.91510130e-07],
     [-4.26982766e-10]]), 2.0847304588693754), (2.042719938702669e-05, Vec([[-2.92672875e-09],
     [-8.63279448e-07],
     [-2.32452876e-10]]), 2.0631405666141402), (2.0151801747729825e-05, Vec([[ 8.17811096e-10],
     [-8.83705563e-07],
     [-2.98195578e-10]]), 2.0693108346865268), (1.9602017468119277e-05, Vec([[ 1.14866827e-09],
     [-9.52941672e-07],
     [-1.29412511e-09]]), 2.055453628230687), (1.904438547671747e-05, Vec([[ 4.72381859e-09],
     [-9.70205132e-07],
     [-5.58006174e-10]]), 2.0485837942656735), (1.8692280892339553e-05, Vec([[-6.29758450e-09],
     [-1.05149092e-06],
     [ 1.18879017e-09]]), 2.072611358979336), (1.8542822472013255e-05, Vec([[-7.42683551e-10],
     [-1.09265502e-06],
     [-1.08821375e-09]]), 2.1301986629515826), (1.8656348307079412e-05, Vec([[ 4.53952140e-09],
     [-1.05174784e-06],
     [-1.09867541e-10]]), 2.1329930612612893), (1.9081432204264503e-05, Vec([[ 3.90334752e-09],
     [-9.18462586e-07],
     [ 2.54409658e-10]]), 2.136573255128547), (1.9587302845238637e-05, Vec([[-3.50359125e-09],
     [-7.73184155e-07],
     [ 1.62096821e-09]]), 2.157382951213179), (1.9638715089434997e-05, Vec([[ 4.79957553e-09],
     [-5.35345471e-07],
     [ 5.89174181e-10]]), 2.1367389181969516), (1.9749090315104462e-05, Vec([[-3.56133469e-09],
     [-2.85853721e-07],
     [-1.27337449e-09]]), 2.1314085252393618), (1.993229504380916e-05, Vec([[ 1.72480807e-10],
     [-1.09577219e-07],
     [ 5.45976381e-10]]), 2.1425187380586266), (1.9946286063693046e-05, Vec([[-5.45268190e-09],
     [ 1.17825899e-07],
     [-1.75870223e-10]]), 2.144022630219559), (1.995686526518338e-05, Vec([[ 4.65958621e-09],
     [ 3.33834775e-07],
     [-1.35770813e-09]]), 2.1538325099831406), (1.9845655968127937e-05, Vec([[-7.51998610e-10],
     [ 5.15179580e-07],
     [-1.83753319e-09]]), 2.1592545780685564), (1.946224406086069e-05, Vec([[3.28951098e-09],
     [7.40227655e-07],
     [9.88384547e-10]]), 2.1436087378134), (1.9121616490122273e-05, Vec([[1.55758615e-09],
     [9.12095164e-07],
     [1.70163369e-09]]), 2.1410727428777405), (1.8474804252722972e-05, Vec([[-2.12875976e-09],
     [ 1.03420438e-06],
     [ 2.28002574e-10]]), 2.11223700536644), (1.8434928239793372e-05, Vec([[ 2.19505677e-10],
     [ 1.09419930e-06],
     [-1.09951500e-09]]), 2.1178037781080343), (1.8742559150793454e-05, Vec([[2.65504728e-09],
     [1.03950165e-06],
     [5.14281705e-10]]), 2.078186242546593), (1.920467616553179e-05, Vec([[-2.94424474e-09],
     [ 9.79724939e-07],
     [ 8.14040143e-11]]), 2.0658260890027833), (1.9486847522477616e-05, Vec([[-9.98651233e-10],
     [ 9.28828502e-07],
     [-1.68441569e-09]]), 2.0433769895368745), (2.0097866473433463e-05, Vec([[ 4.42632044e-09],
     [ 8.97617857e-07],
     [-1.30653395e-09]]), 2.063772429293777), (2.036786819558207e-05, Vec([[3.49734203e-09],
     [8.72050681e-07],
     [3.58472695e-10]]), 2.0571481353652112), (2.0848950287961386e-05, Vec([[2.25330031e-09],
     [8.40825171e-07],
     [9.35937278e-10]]), 2.0795491655737313), (2.1054859748717256e-05, Vec([[8.19420833e-10],
     [7.61215532e-07],
     [1.42404818e-10]]), 2.079775669755069), (2.1259368237791172e-05, Vec([[ 1.01345753e-09],
     [ 7.23634110e-07],
     [-5.71325034e-10]]), 2.088188626870975), (2.160548605465937e-05, Vec([[ 1.38844860e-09],
     [ 7.05389866e-07],
     [-3.83105128e-10]]), 2.118823635055021), (2.1761262118291147e-05, Vec([[ 1.32016651e-09],
     [ 6.69045609e-07],
     [-5.27251815e-10]]), 2.13932535149802), (2.1745555799584304e-05, Vec([[-9.93776103e-09],
     [ 6.63225853e-07],
     [ 3.56381292e-10]]), 2.151713542462432), (2.1705722497733227e-05, Vec([[ 2.42578693e-09],
     [ 6.57964028e-07],
     [-2.64616651e-09]]), 2.170659063382521), (2.1583498229302307e-05, Vec([[-9.23046779e-09],
     [ 6.02818724e-07],
     [-2.32512387e-10]]), 2.1906003162339003), (2.1516484532390188e-05, Vec([[ 3.28840810e-10],
     [ 4.81664205e-07],
     [-1.95913790e-09]]), 2.225931817671016), (2.0670231394293402e-05, Vec([[-2.70597050e-09],
     [ 3.64872144e-07],
     [ 2.89159800e-10]]), 2.189442917732305), (2.0343182604106584e-05, Vec([[-4.82397818e-09],
     [ 2.92266829e-07],
     [-8.38400042e-10]]), 2.2166535951352477), (1.9664582236913715e-05, Vec([[1.74256801e-09],
     [1.51457221e-07],
     [1.26750388e-10]]), 2.2152179283981783), (1.8897120949220652e-05, Vec([[-5.35207936e-09],
     [ 5.34303692e-08],
     [ 4.25752360e-10]]), 2.212542063536206), (1.9525750360336027e-05, Vec([[ 6.19438838e-09],
     [ 1.08054763e-07],
     [-4.99496745e-10]]), 2.240897323070812), (2.00324661015982e-05, Vec([[4.82430204e-09],
     [2.08740236e-07],
     [6.86269686e-10]]), 2.2179968575565425), (2.0949826705410358e-05, Vec([[1.60261858e-10],
     [2.93911474e-07],
     [5.23664056e-10]]), 2.2493232079335406), (2.1316103675771934e-05, Vec([[-1.22164288e-09],
     [ 3.83773718e-07],
     [-4.98911507e-10]]), 2.2300947209256137), (2.179233003076383e-05, Vec([[ 1.51248364e-09],
     [ 5.09013230e-07],
     [-2.14916639e-09]]), 2.231804069615955), (2.197851016276218e-05, Vec([[ 1.03284645e-09],
     [ 5.80086087e-07],
     [-1.62676013e-09]]), 2.2130794646320884), (2.2147541031481528e-05, Vec([[1.68005611e-09],
     [6.41839845e-07],
     [8.48839041e-10]]), 2.201995194470663), (2.2002995490146574e-05, Vec([[9.51593977e-10],
     [6.19856885e-07],
     [4.42790414e-10]]), 2.1690230349106683), (2.169950286668818e-05, Vec([[2.91564095e-09],
     [6.53746289e-07],
     [9.79429937e-10]]), 2.129572933889932), (2.154032534299141e-05, Vec([[5.55623642e-09],
     [7.12177754e-07],
     [1.10548578e-09]]), 2.1130437438159664), (2.1428960285412137e-05, Vec([[-9.59477140e-10],
     [ 7.52092226e-07],
     [ 1.33489550e-09]]), 2.109708398638447), (2.105893459188903e-05, Vec([[-6.05939616e-09],
     [ 7.84716709e-07],
     [-9.71308399e-10]]), 2.08923423463388), (2.06213835141322e-05, Vec([[-1.41009152e-09],
     [ 8.71271771e-07],
     [ 1.21428350e-09]]), 2.0688807108300984), (2.0329138297550716e-05, Vec([[ 4.40693749e-10],
     [ 8.79068073e-07],
     [-1.00193949e-09]]), 2.0691944252013457), (1.9983711468035282e-05, Vec([[1.66324138e-09],
     [9.38175686e-07],
     [8.31120710e-10]]), 2.0724927450416892), (1.9390581997134956e-05, Vec([[ 1.37713262e-10],
     [ 9.76794722e-07],
     [-1.46439324e-11]]), 2.0581813935395945), (1.9277447968236313e-05, Vec([[ 3.79998137e-09],
     [ 1.04175348e-06],
     [-2.05621383e-10]]), 2.1040308165910595), (1.861227686601253e-05, Vec([[-6.38538416e-10],
     [ 1.09752998e-06],
     [ 1.43573925e-09]]), 2.099242282726143), (1.831071116960494e-05, Vec([[ 1.77066518e-09],
     [ 1.10259687e-06],
     [-9.92500145e-11]]), 2.119013380451837), (1.9155428272270758e-05, Vec([[-1.01063532e-10],
     [ 1.03536483e-06],
     [-3.96382230e-10]]), 2.166129257950244), (1.9419174246455147e-05, Vec([[ 4.51230012e-09],
     [ 8.85675695e-07],
     [-2.81382294e-10]]), 2.155395813457571), (1.9641167834690902e-05, Vec([[ 3.70328065e-09],
     [ 6.59719230e-07],
     [-1.51965067e-09]]), 2.148997805097183), (1.999177080065715e-05, Vec([[2.72613204e-09],
     [4.53391763e-07],
     [2.73556233e-10]]), 2.1652497295935538), (1.9936809596787634e-05, Vec([[-1.73294519e-09],
     [ 1.95655042e-07],
     [ 1.41257481e-10]]), 2.1462461827771353), (2.01141782505155e-05, Vec([[ 1.81766562e-09],
     [-8.68472801e-09],
     [-1.13877701e-09]]), 2.1609808203119116)]