[(1.4987235247339392e-05, Vec([[-6.89147485e-09],
     [-1.75367307e-08],
     [-4.03762775e-11]]), 2.04822837891417), (1.5962276401520755e-05, Vec([[-6.75394927e-08],
     [-7.46116192e-10],
     [-1.21146282e-10]]), 2.079686007417383), (1.6389775169867662e-05, Vec([[-1.27807706e-07],
     [-1.12982945e-08],
     [ 1.23278091e-11]]), 2.048060333491631), (1.699505576998525e-05, Vec([[-1.88199739e-07],
     [ 4.20627828e-09],
     [ 7.69885555e-11]]), 2.048185693359473), (1.7350302380193674e-05, Vec([[-2.40467515e-07],
     [ 8.94148317e-10],
     [ 2.84632689e-09]]), 2.027085942916132), (1.7577151977003544e-05, Vec([[-2.72902898e-07],
     [-9.30560625e-09],
     [ 7.92014661e-10]]), 2.000498103101737), (1.797129425986466e-05, Vec([[-3.31142560e-07],
     [-8.90079133e-09],
     [-2.11914272e-09]]), 2.0016674000998473), (1.8346059495521516e-05, Vec([[-3.60106966e-07],
     [ 1.74031693e-08],
     [ 1.30776357e-09]]), 2.0085934348682244), (1.854619814793124e-05, Vec([[-3.82884448e-07],
     [ 1.18268060e-08],
     [-1.98866047e-11]]), 2.0044248448304183), (1.8603596296206786e-05, Vec([[-3.99849425e-07],
     [-1.52150681e-08],
     [-1.92287747e-09]]), 1.9930541499372865), (1.883930518366771e-05, Vec([[-4.18208670e-07],
     [-4.81403899e-09],
     [-4.80287264e-09]]), 2.0088366862931695), (1.8705702770296497e-05, Vec([[-3.84815063e-07],
     [-1.23871047e-08],
     [-4.98693996e-09]]), 1.9932647133320915), (1.8599209782156706e-05, Vec([[-3.52928363e-07],
     [ 1.33496502e-08],
     [ 3.14810213e-10]]), 1.9886023499239807), (1.854508666038156e-05, Vec([[-2.93325010e-07],
     [ 1.13713485e-08],
     [ 1.06912986e-09]]), 1.9975975376036104), (1.8165110285475752e-05, Vec([[-2.50637474e-07],
     [-6.41996642e-10],
     [-2.20309579e-09]]), 1.9793948870653253), (1.7928471942492117e-05, Vec([[-1.86654344e-07],
     [-8.31895334e-09],
     [ 1.76040984e-11]]), 1.984652468156935), (1.7589498932535227e-05, Vec([[-1.20689826e-07],
     [ 4.22609397e-09],
     [ 4.45535295e-10]]), 1.9866975399921167), (1.709731487088152e-05, Vec([[-3.69161762e-08],
     [-8.25531377e-09],
     [ 8.92871110e-10]]), 1.9792988847746436), (1.6544405629312307e-05, Vec([[1.20267817e-08],
     [6.66604166e-09],
     [1.69916568e-09]]), 1.972457289777678), (1.633334272490588e-05, Vec([[ 7.98524367e-08],
     [ 5.07975938e-09],
     [-6.78314184e-10]]), 2.0155698939208615), (1.593461152520251e-05, Vec([[ 1.18201425e-07],
     [-1.57180469e-09],
     [-2.05669348e-09]]), 2.0463547624784635), (1.5391192589255326e-05, Vec([[ 1.90771236e-07],
     [-4.87086523e-09],
     [-2.70160959e-09]]), 2.069066095773902), (1.5067438125402064e-05, Vec([[ 2.57927072e-07],
     [ 1.71171068e-10],
     [-7.54379039e-10]]), 2.134001855235008), (1.4234839719946327e-05, Vec([[ 2.90748782e-07],
     [ 6.97143514e-09],
     [-8.10578009e-11]]), 2.1392415771470064), (1.3641228983341793e-05, Vec([[ 3.07640776e-07],
     [-1.21558305e-10],
     [ 7.50556742e-10]]), 2.1928197111075685), (1.3360744877081691e-05, Vec([[3.47199632e-07],
     [1.25780989e-09],
     [3.07524718e-10]]), 2.22888726890359), (1.3884725745437611e-05, Vec([[ 3.10765130e-07],
     [-8.39489701e-09],
     [-8.12561378e-10]]), 2.1557622751183465), (1.4473559013258337e-05, Vec([[ 2.62093830e-07],
     [ 8.51556210e-09],
     [-2.60411776e-10]]), 2.109585347558667), (1.5092159123611174e-05, Vec([[1.87387566e-07],
     [9.91168907e-09],
     [2.28764082e-09]]), 2.0807203736146906), (1.5628749106044346e-05, Vec([[ 1.57508697e-07],
     [-6.01636969e-10],
     [ 7.36493690e-10]]), 2.051930945024539), (1.6080766075237773e-05, Vec([[ 1.01559945e-07],
     [ 3.53571521e-10],
     [-5.12497269e-10]]), 2.022939267758351), (1.6513092248386395e-05, Vec([[ 3.09204965e-08],
     [-3.43852100e-10],
     [ 1.21507644e-09]]), 2.0016348303378186), (1.6884619032692754e-05, Vec([[-4.59783480e-08],
     [-9.53167663e-09],
     [-1.55124572e-09]]), 1.9824194967094462), (1.7183011368547872e-05, Vec([[-1.17492374e-07],
     [-1.17659862e-08],
     [-2.13136420e-09]]), 1.9637150453988859), (1.7632797246138108e-05, Vec([[-1.59876538e-07],
     [ 1.02791841e-08],
     [ 1.58059947e-09]]), 1.9705627911926726), (1.7812787432205024e-05, Vec([[-2.36968736e-07],
     [-5.06559591e-10],
     [ 1.56002463e-09]]), 1.955318402918082), (1.8361964147910553e-05, Vec([[-3.00304376e-07],
     [ 3.67013710e-09],
     [ 2.43012221e-09]]), 1.9882910500729547), (1.8568884295887755e-05, Vec([[-3.34621452e-07],
     [ 1.02776296e-08],
     [-4.64810914e-10]]), 1.9917297141077495), (1.838830747452452e-05, Vec([[-3.53619982e-07],
     [ 7.42087978e-09],
     [ 2.95277782e-09]]), 1.9617544203324266), (1.871204584109854e-05, Vec([[-3.95063681e-07],
     [-2.14953641e-09],
     [-2.34932713e-10]]), 1.9935994000374162), (1.8734394772034737e-05, Vec([[-3.97460823e-07],
     [ 7.85815210e-09],
     [-6.28924471e-09]]), 2.001339345661387), (1.860363106878773e-05, Vec([[-4.00738754e-07],
     [-1.49488754e-09],
     [-1.05072814e-09]]), 2.0007985648312183), (1.846717787310896e-05, Vec([[-3.71472578e-07],
     [-6.80773723e-09],
     [ 1.68384077e-09]]), 2.007773960483286), (1.8131815443655457e-05, Vec([[-3.41385534e-07],
     [ 4.93810293e-09],
     [-1.00670340e-09]]), 2.0011859962624725), (1.7961172470072257e-05, Vec([[-2.96146008e-07],
     [ 2.23967268e-09],
     [ 8.79688760e-10]]), 2.0211184660127914), (1.7428925010825034e-05, Vec([[-2.51997253e-07],
     [ 1.74870202e-08],
     [-2.96414777e-09]]), 2.008593388133831), (1.6983662710696005e-05, Vec([[-2.06111647e-07],
     [-1.92541256e-08],
     [ 1.28498131e-09]]), 2.014031531347922), (1.6617989159643043e-05, Vec([[-1.55534759e-07],
     [ 8.68899601e-10],
     [-5.47506670e-10]]), 2.0379656505775943), (1.6268989565715863e-05, Vec([[-1.04236001e-07],
     [ 2.79625781e-09],
     [ 4.46666258e-10]]), 2.074357425466342), (1.5361953430224203e-05, Vec([[-3.63187962e-08],
     [ 1.47062181e-09],
     [ 4.14377388e-10]]), 2.0482533718382023), (1.548258515109784e-05, Vec([[ 3.06359497e-08],
     [-2.03598843e-08],
     [-3.24768437e-10]]), 2.0643375456480215), (1.6139095946235958e-05, Vec([[ 9.23510794e-08],
     [-7.06362875e-09],
     [ 1.99052421e-11]]), 2.0577954999084906), (1.676639878578409e-05, Vec([[ 1.59268613e-07],
     [-1.73180389e-08],
     [-1.13449020e-09]]), 2.0561660307430247), (1.697249834987245e-05, Vec([[2.08088197e-07],
     [3.80981546e-09],
     [1.70144035e-09]]), 2.012707589916147), (1.7427889579390038e-05, Vec([[2.52493668e-07],
     [1.17313812e-08],
     [8.65187422e-10]]), 2.008474060020772), (1.7713379731381293e-05, Vec([[ 2.98352769e-07],
     [ 8.47188169e-09],
     [-1.44850985e-10]]), 1.9932350702741968), (1.8138829013659097e-05, Vec([[3.37079672e-07],
     [1.44218435e-09],
     [3.34016016e-10]]), 2.001960075290506), (1.8492785632427537e-05, Vec([[ 3.66065944e-07],
     [ 9.17449086e-09],
     [-9.75396891e-10]]), 2.0105580671128656), (1.8449985231806165e-05, Vec([[3.82116959e-07],
     [4.62409045e-09],
     [2.65354931e-09]]), 1.9842741364017176), (1.8685348264738833e-05, Vec([[ 4.03571393e-07],
     [-5.20153564e-10],
     [ 1.99560163e-09]]), 1.9960998540197843), (1.8636500946376444e-05, Vec([[3.84151345e-07],
     [1.80238002e-08],
     [2.69464432e-09]]), 1.9855507741376728), (1.8572527912286227e-05, Vec([[ 3.60654777e-07],
     [ 1.20435537e-08],
     [-1.54263446e-09]]), 1.981407956069486), (1.8556905772312636e-05, Vec([[3.39113605e-07],
     [2.47592701e-09],
     [3.64445744e-09]]), 1.9904448775523835), (1.82475132926207e-05, Vec([[ 2.75163516e-07],
     [-1.59545806e-08],
     [ 1.98488657e-09]]), 1.9758979526127403), (1.7826147409151117e-05, Vec([[ 2.15752745e-07],
     [-2.11148686e-09],
     [ 1.97421732e-09]]), 1.956784934132508), (1.7598843683479775e-05, Vec([[ 1.66679944e-07],
     [ 6.89781045e-09],
     [-2.34490340e-09]]), 1.9667682924373713), (1.732984255802084e-05, Vec([[8.08441828e-08],
     [9.03008834e-09],
     [2.35601058e-09]]), 1.9804952598629033), (1.6780852261597075e-05, Vec([[ 2.45096955e-08],
     [-1.06386572e-09],
     [-1.26735576e-09]]), 1.9702362623864007), (1.6830977765141642e-05, Vec([[-2.04095453e-08],
     [ 9.17140731e-09],
     [-1.04176613e-10]]), 2.0401673300553935), (1.6170052465115707e-05, Vec([[-1.09421678e-07],
     [ 2.03285757e-09],
     [-1.84561025e-09]]), 2.0341713784249293), (1.5800039789049342e-05, Vec([[-1.54630087e-07],
     [-5.82596644e-09],
     [-3.38241847e-10]]), 2.074420054720235), (1.5156824176097505e-05, Vec([[-2.35855886e-07],
     [ 1.32616744e-08],
     [-2.61025861e-11]]), 2.0896355918460348), (1.4475747988956231e-05, Vec([[-2.57732159e-07],
     [-2.45176839e-09],
     [-3.50916182e-11]]), 2.1099044004643277), (1.4239158383496538e-05, Vec([[-3.27317832e-07],
     [ 2.81560867e-09],
     [ 4.02708701e-11]]), 2.2107919908078464), (1.3372286387171697e-05, Vec([[-3.37746270e-07],
     [ 2.56177117e-09],
     [ 2.10764378e-10]]), 2.2308126649155784), (1.3514769283282849e-05, Vec([[-3.26587485e-07],
     [-6.26879142e-09],
     [ 1.02049726e-09]]), 2.1724913870768927), (1.423627957752331e-05, Vec([[-2.77950017e-07],
     [ 4.32088755e-09],
     [ 8.43249227e-10]]), 2.1394579619644305), (1.4863564098049306e-05, Vec([[-2.43913684e-07],
     [ 4.13323087e-09],
     [ 8.18146711e-10]]), 2.105127168710063), (1.5515877787442288e-05, Vec([[-2.07390593e-07],
     [ 6.72641247e-10],
     [ 8.38194270e-10]]), 2.0858277544119455), (1.5871538063239865e-05, Vec([[-1.51099204e-07],
     [-8.57186515e-11],
     [ 7.32098361e-10]]), 2.038254742024929), (1.6383841432211073e-05, Vec([[-7.20827624e-08],
     [-1.01438655e-08],
     [-8.63414710e-10]]), 2.021801543855635), (1.6637365919637503e-05, Vec([[ 4.58231761e-09],
     [ 4.95536408e-09],
     [-5.79091634e-10]]), 1.9835402024201787), (1.6889768586735597e-05, Vec([[ 4.90743947e-08],
     [ 4.70837399e-09],
     [-1.72219737e-09]]), 1.9552719465184636), (1.7518985042172048e-05, Vec([[ 1.32939242e-07],
     [-3.94740463e-09],
     [-3.53608349e-09]]), 1.9787331418556429), (1.761114368841146e-05, Vec([[ 1.87722581e-07],
     [-9.20130069e-09],
     [ 8.16596118e-10]]), 1.949524750373891), (1.828781128738852e-05, Vec([[2.54004766e-07],
     [8.27321366e-09],
     [2.52845682e-09]]), 1.9927652290014324), (1.8439649095916547e-05, Vec([[ 2.95163898e-07],
     [ 2.94329048e-09],
     [-2.31669641e-09]]), 1.9862402534343127), (1.8349629878961194e-05, Vec([[ 3.58267395e-07],
     [ 2.66060841e-09],
     [-3.09634051e-10]]), 1.9619176042922317), (1.8666420532911537e-05, Vec([[3.84188387e-07],
     [6.20664289e-09],
     [2.27701395e-09]]), 1.9890788295616881), (1.889998889045679e-05, Vec([[ 4.06737732e-07],
     [-1.32016751e-08],
     [-3.68531672e-09]]), 2.0153073950199354), (1.84351573595257e-05, Vec([[ 3.98805991e-07],
     [-7.12421756e-09],
     [ 1.50142352e-09]]), 1.9750088259892649), (1.832904733359106e-05, Vec([[ 3.75061415e-07],
     [ 6.63497970e-09],
     [-2.03726661e-09]]), 1.9809557497702444), (1.8348472010112217e-05, Vec([[ 3.44322864e-07],
     [-1.63675461e-08],
     [ 2.73163268e-09]]), 2.008857565755274), (1.8102368599591415e-05, Vec([[ 3.19024464e-07],
     [ 1.39307937e-09],
     [-9.71278624e-10]]), 2.016266639811068), (1.7652256016082242e-05, Vec([[2.68410705e-07],
     [7.70614363e-09],
     [2.22465129e-10]]), 2.0090458751133107), (1.7432611102252638e-05, Vec([[ 2.38590516e-07],
     [ 3.61047263e-09],
     [-1.22056904e-09]]), 2.036702308660603), (1.6951146531025057e-05, Vec([[ 1.85820128e-07],
     [-1.11056131e-08],
     [-1.04423345e-09]]), 2.042893902837466), (1.6573872930752217e-05, Vec([[ 1.30596699e-07],
     [-5.92023771e-09],
     [ 9.49407711e-11]]), 2.0710651226143932), (1.5817733722269473e-05, Vec([[ 6.71213889e-08],
     [-1.73586607e-09],
     [ 8.36295487e-10]]), 2.060853894756756), (1.52501934348598e-05, Vec([[-6.10752192e-09],
     [-6.55860520e-09],
     [-7.03951752e-10]]), 2.0841655223070945)]