[(2.0171615366385873e-05, Vec([[-4.62137737e-10],
     [ 1.87447174e-08],
     [-3.58625099e-10]]), 2.1671516170615504), (1.9879276542071815e-05, Vec([[ 2.60952138e-09],
     [-2.02390849e-07],
     [-6.92821976e-10]]), 2.140052609102878), (1.985696810357696e-05, Vec([[ 3.52739998e-09],
     [-4.63220255e-07],
     [ 1.64088100e-09]]), 2.1506496470740117), (1.9449039351760328e-05, Vec([[ 3.16702828e-09],
     [-6.38717089e-07],
     [-1.61375075e-09]]), 2.1279764640247234), (1.9550368472077612e-05, Vec([[ 4.93352251e-09],
     [-8.69275487e-07],
     [ 9.04674355e-10]]), 2.1699574771548873), (1.8676715562566525e-05, Vec([[-2.67925053e-10],
     [-1.01208680e-06],
     [ 2.42963303e-09]]), 2.1119955893157476), (1.826563932062996e-05, Vec([[-7.51081277e-09],
     [-1.12446181e-06],
     [ 7.07402638e-10]]), 2.1137974251470415), (1.860573320883775e-05, Vec([[-2.84430181e-09],
     [-1.08895959e-06],
     [-4.92792973e-11]]), 2.098504236439606), (1.889578691115536e-05, Vec([[-1.12824817e-09],
     [-1.00223066e-06],
     [ 1.02574020e-09]]), 2.0623745440951256), (1.9533261205506993e-05, Vec([[-4.68027785e-09],
     [-1.00457896e-06],
     [-2.04840358e-10]]), 2.073325843147124), (2.0002400571715825e-05, Vec([[ 2.67958887e-09],
     [-9.61083078e-07],
     [-9.87874305e-10]]), 2.0744309751773287), (2.030901741031963e-05, Vec([[ 2.74449912e-09],
     [-8.87160117e-07],
     [ 1.04102296e-09]]), 2.0671464275400933), (2.0366634010019738e-05, Vec([[ 1.09954515e-09],
     [-8.08410568e-07],
     [ 3.61867823e-10]]), 2.043322467621508), (2.0884631635827103e-05, Vec([[-6.65913951e-09],
     [-7.58337962e-07],
     [-2.84396558e-09]]), 2.071941825969354), (2.113194138613489e-05, Vec([[ 2.30840163e-11],
     [-7.39001444e-07],
     [ 1.32753284e-10]]), 2.0804665101840576), (2.1582454124041575e-05, Vec([[ 1.62388479e-09],
     [-6.92034239e-07],
     [-1.01606874e-09]]), 2.1171764556397297), (2.1885726678609564e-05, Vec([[-2.74792593e-09],
     [-7.03154931e-07],
     [ 6.42675894e-12]]), 2.1478487990998403), (2.1943843181159665e-05, Vec([[-5.81696628e-10],
     [-6.34293200e-07],
     [ 4.69295256e-10]]), 2.1631918870190905), (2.2210318454283108e-05, Vec([[ 9.74701548e-09],
     [-6.27513055e-07],
     [ 1.46000893e-10]]), 2.208236771498732), (2.1781906857060732e-05, Vec([[-1.54907229e-09],
     [-5.82478372e-07],
     [ 2.46626810e-10]]), 2.1932829117581885), (2.169451414653489e-05, Vec([[ 6.18229316e-10],
     [-4.90396777e-07],
     [-1.27324834e-09]]), 2.2217865135222725), (2.1409109010544347e-05, Vec([[ 2.45936597e-09],
     [-3.84983913e-07],
     [-1.32029556e-09]]), 2.239824956302994), (2.078722430405759e-05, Vec([[-5.49437347e-10],
     [-2.73552675e-07],
     [ 2.49857145e-10]]), 2.231865051349645), (2.0001426747878887e-05, Vec([[ 5.57963897e-09],
     [-2.07277897e-07],
     [ 4.42235748e-10]]), 2.2145601768872285), (1.9409902937556738e-05, Vec([[-3.02028216e-09],
     [-1.07982704e-07],
     [ 5.48002412e-10]]), 2.227601947743366), (1.9048105142929304e-05, Vec([[ 1.69356031e-09],
     [-5.23939117e-08],
     [-9.43860092e-10]]), 2.2302198293930915), (1.957795588358671e-05, Vec([[ 5.88263234e-10],
     [-1.45093991e-07],
     [ 4.28643456e-10]]), 2.205459457628252), (2.0195583407336085e-05, Vec([[-3.74504117e-09],
     [-2.57865092e-07],
     [ 1.82784004e-10]]), 2.2005707482903123), (2.0648312444722224e-05, Vec([[-4.75025373e-09],
     [-3.53636068e-07],
     [ 6.62972391e-10]]), 2.1871212074433712), (2.095682659943928e-05, Vec([[ 2.29917240e-09],
     [-4.83170023e-07],
     [ 3.61121846e-10]]), 2.1680338651457274), (2.1421604470503735e-05, Vec([[ 1.74068130e-09],
     [-5.98501445e-07],
     [ 5.79761597e-10]]), 2.1741690354724263), (2.2006125786716864e-05, Vec([[ 2.27536983e-09],
     [-6.55036920e-07],
     [-3.38219147e-10]]), 2.2007005937655952), (2.201776838831312e-05, Vec([[-8.44528032e-09],
     [-6.65624474e-07],
     [ 2.24690262e-10]]), 2.1786488629019187), (2.2011367723153458e-05, Vec([[-7.30593222e-09],
     [-6.90854272e-07],
     [-4.35511183e-10]]), 2.1639129539139628), (2.1676618854440604e-05, Vec([[ 2.16160903e-09],
     [-7.08458634e-07],
     [ 1.09827751e-10]]), 2.125799541869745), (2.11596703559121e-05, Vec([[-5.48392199e-09],
     [-6.98798931e-07],
     [ 5.99572595e-10]]), 2.0783958625360057), (2.1117880402529862e-05, Vec([[-1.58689632e-10],
     [-7.49005467e-07],
     [-3.59167880e-11]]), 2.086000779969803), (2.070363250782417e-05, Vec([[ 4.91279527e-09],
     [-7.88608122e-07],
     [ 2.51509668e-09]]), 2.0650546483796517), (2.0554403469354172e-05, Vec([[-5.85559350e-09],
     [-8.64258341e-07],
     [-1.02672411e-11]]), 2.075988138007379), (1.996430786509102e-05, Vec([[-7.61453192e-10],
     [-8.84709179e-07],
     [ 2.07327643e-10]]), 2.0500578106820786), (1.967420358273589e-05, Vec([[-4.08420281e-09],
     [-9.49538793e-07],
     [-1.22678585e-09]]), 2.0630230129349862), (1.9260140515899296e-05, Vec([[ 2.72078293e-09],
     [-9.84913242e-07],
     [-6.78571434e-10]]), 2.0717923287358144), (1.8571729084331623e-05, Vec([[-1.73135823e-09],
     [-1.01222252e-06],
     [ 2.84998696e-10]]), 2.0592445019295296), (1.8151768806789657e-05, Vec([[ 6.16669772e-10],
     [-1.09513402e-06],
     [-6.63431729e-10]]), 2.0852744343958216), (1.870985715434577e-05, Vec([[-9.59245824e-10],
     [-1.03940072e-06],
     [ 1.56763585e-10]]), 2.1391107643646303), (1.9252511959712506e-05, Vec([[ 1.71261544e-09],
     [-9.38810060e-07],
     [-5.52795205e-10]]), 2.155729282101326), (1.9622075740300184e-05, Vec([[-2.43536052e-09],
     [-7.43738962e-07],
     [ 1.61013466e-09]]), 2.1612129042987487), (1.988115388354706e-05, Vec([[-1.00634891e-09],
     [-5.52678080e-07],
     [-8.28868292e-10]]), 2.1631168357084016), (1.9943718713319418e-05, Vec([[ 1.57733587e-10],
     [-3.37414086e-07],
     [ 1.05254377e-09]]), 2.152413676392667), (1.9976288816069957e-05, Vec([[-5.97785847e-09],
     [-1.04477179e-07],
     [-2.55793688e-09]]), 2.147247620569119), (1.9960685494955082e-05, Vec([[6.70041040e-10],
     [1.12958377e-07],
     [2.79274960e-10]]), 2.1455704224446133), (1.991043520665302e-05, Vec([[1.87269816e-09],
     [3.43884758e-07],
     [1.08401297e-09]]), 2.1488215742387595), (1.967134190008984e-05, Vec([[-2.37941067e-09],
     [ 5.36375628e-07],
     [ 3.02518628e-10]]), 2.1402887928086733), (1.9595098815257624e-05, Vec([[ 4.08577890e-09],
     [ 7.56139246e-07],
     [-2.07441500e-10]]), 2.158241614243001), (1.9131439738635635e-05, Vec([[ 4.12938842e-09],
     [ 9.53427505e-07],
     [-2.38843461e-11]]), 2.142172665033869), (1.8538876953249355e-05, Vec([[1.73174801e-09],
     [1.02824594e-06],
     [5.27048653e-10]]), 2.1195624810377525), (1.8119049686337456e-05, Vec([[8.28288662e-09],
     [1.06047110e-06],
     [1.48963894e-09]]), 2.081515663219243), (1.872797225593279e-05, Vec([[ 3.22236873e-09],
     [ 1.03806495e-06],
     [-2.58013352e-10]]), 2.076568838862443), (1.9169530231617004e-05, Vec([[ 3.00004853e-09],
     [ 9.99645077e-07],
     [-7.60909595e-10]]), 2.0620454791878755), (1.950357151341504e-05, Vec([[5.07353647e-09],
     [9.33484483e-07],
     [7.23917412e-10]]), 2.045130655347383), (2.009546437561544e-05, Vec([[ 4.92820844e-09],
     [ 9.09841991e-07],
     [-2.14965838e-09]]), 2.0635257671291214), (2.0321125898511913e-05, Vec([[5.92012591e-10],
     [8.33971469e-07],
     [1.40786091e-09]]), 2.052427178398226), (2.0903042209893315e-05, Vec([[-4.58900111e-10],
     [ 8.43375029e-07],
     [ 1.39563818e-09]]), 2.0849444880990466), (2.118234900726743e-05, Vec([[ 7.89288814e-10],
     [ 7.98474308e-07],
     [-1.01755810e-11]]), 2.092368917169311), (2.1128483096752538e-05, Vec([[-3.79367099e-09],
     [ 7.78703830e-07],
     [ 2.20372093e-10]]), 2.0753325128093434), (2.148039709431834e-05, Vec([[3.66211944e-09],
     [6.70348808e-07],
     [1.11271592e-09]]), 2.106556313459732), (2.1564657837420756e-05, Vec([[-2.09361352e-09],
     [ 6.75460919e-07],
     [ 2.95266013e-10]]), 2.1199974044335193), (2.1907733830194214e-05, Vec([[2.94399398e-09],
     [6.55809275e-07],
     [3.52008886e-10]]), 2.1677609899486856), (2.205517440313189e-05, Vec([[ 9.92611360e-09],
     [ 6.56410802e-07],
     [-1.28920710e-09]]), 2.2056056515805924), (2.1585602447546064e-05, Vec([[5.02176764e-09],
     [5.80442747e-07],
     [1.15120297e-09]]), 2.1908138822231216), (2.124920810095706e-05, Vec([[ 7.05565660e-09],
     [ 4.79239328e-07],
     [-7.78141055e-10]]), 2.198281431198961), (2.090286737372738e-05, Vec([[ 2.17416643e-10],
     [ 3.52220434e-07],
     [-9.43990282e-11]]), 2.2140843060102346), (2.026083826221338e-05, Vec([[-6.54882998e-09],
     [ 2.46762781e-07],
     [ 1.14092937e-09]]), 2.2076811110825423), (1.958149255453889e-05, Vec([[-6.97313840e-09],
     [ 1.45536303e-07],
     [ 6.79848728e-10]]), 2.2058578641036974), (1.8978742511124166e-05, Vec([[-3.40776781e-09],
     [ 4.24606247e-08],
     [-4.18014816e-10]]), 2.222098606011027), (1.9344126414628172e-05, Vec([[-7.89948341e-09],
     [ 8.75806299e-08],
     [-9.36492919e-10]]), 2.2200530222766637), (2.0196053004262754e-05, Vec([[-3.96939996e-09],
     [ 1.78332272e-07],
     [-8.24471426e-10]]), 2.2361092174730506), (2.079810441355764e-05, Vec([[ 1.60283086e-09],
     [ 2.89384886e-07],
     [-2.63384499e-10]]), 2.233033217709562), (2.123859398788292e-05, Vec([[-4.11490811e-10],
     [ 3.84183550e-07],
     [-8.47168382e-10]]), 2.2219856429997846), (2.154369199655927e-05, Vec([[ 3.09527141e-09],
     [ 5.04681798e-07],
     [-1.77423576e-11]]), 2.206340460363723), (2.2178255215673936e-05, Vec([[8.53391761e-10],
     [6.00758263e-07],
     [1.08337030e-09]]), 2.2331923690777145), (2.2074449799335716e-05, Vec([[ 9.65369447e-10],
     [ 6.52808233e-07],
     [-5.12980695e-10]]), 2.194728178158818), (2.1859354280241772e-05, Vec([[1.56250871e-09],
     [6.55929057e-07],
     [6.36873462e-11]]), 2.1548630950431407), (2.1560196811355835e-05, Vec([[-3.39602952e-09],
     [ 6.61145130e-07],
     [-8.54669798e-10]]), 2.1159015421172596), (2.1478475086780595e-05, Vec([[5.35462869e-10],
     [7.16289746e-07],
     [1.05912158e-09]]), 2.1069764122014885), (2.14995674342365e-05, Vec([[-3.21378922e-09],
     [ 7.40686515e-07],
     [ 2.04436333e-09]]), 2.1166597622554715), (2.0733307259305926e-05, Vec([[-3.79662393e-09],
     [ 7.76316524e-07],
     [ 8.04827471e-10]]), 2.05692909744868), (2.0822088895284076e-05, Vec([[-2.47100425e-09],
     [ 8.58430110e-07],
     [-7.80520550e-10]]), 2.0890168714975115), (2.017846929144696e-05, Vec([[-4.81430376e-09],
     [ 8.75908822e-07],
     [-7.70811299e-10]]), 2.0538586316759466), (1.978213627585958e-05, Vec([[-2.88358921e-09],
     [ 9.36140991e-07],
     [ 4.05571924e-10]]), 2.051587563137279), (1.9385844031562505e-05, Vec([[3.91830922e-09],
     [9.61000453e-07],
     [7.43658555e-10]]), 2.057678489986421), (1.907279425197453e-05, Vec([[-2.88291171e-09],
     [ 1.04437592e-06],
     [ 7.55818265e-10]]), 2.0816939529951015), (1.852566518104583e-05, Vec([[ 6.27881632e-09],
     [ 1.09064282e-06],
     [-3.84137616e-10]]), 2.0894735202813792), (1.8196786281410058e-05, Vec([[4.24599207e-10],
     [1.11054477e-06],
     [3.75247314e-11]]), 2.105829383379557), (1.8942499460166384e-05, Vec([[ 3.34866648e-09],
     [ 1.04511851e-06],
     [-1.41211524e-09]]), 2.142050896286697), (1.947146005419104e-05, Vec([[-2.70180009e-09],
     [ 8.58534925e-07],
     [-7.34478041e-10]]), 2.1611991812870635), (1.966983544189843e-05, Vec([[-2.37773502e-09],
     [ 6.52853588e-07],
     [-1.70714611e-09]]), 2.1521344121199872), (1.9851566491140703e-05, Vec([[-1.42812160e-09],
     [ 4.58823683e-07],
     [ 1.25779521e-09]]), 2.150064614363123), (1.9837577365734724e-05, Vec([[-2.32554576e-10],
     [ 2.10004107e-07],
     [-1.05277734e-09]]), 2.1355635910579425), (1.9869826823162304e-05, Vec([[-4.65466622e-09],
     [ 6.18445508e-10],
     [-2.51259561e-10]]), 2.134728753667699)]