[(1.5516931240608937e-05, Vec([[-5.79482897e-09],
     [-2.74696294e-09],
     [ 1.70790957e-10]]), 2.1206192066890535), (1.608928621971494e-05, Vec([[-6.14803030e-08],
     [-5.81532022e-09],
     [ 1.13237489e-09]]), 2.096233806431683), (1.65221043765826e-05, Vec([[-1.28563087e-07],
     [ 1.38887817e-09],
     [-8.58592328e-10]]), 2.0645961429476114), (1.702352227110346e-05, Vec([[-1.84761090e-07],
     [-9.95861858e-09],
     [-1.85846525e-09]]), 2.0516163782080206), (1.732965341930335e-05, Vec([[-2.35569520e-07],
     [-2.42697523e-09],
     [ 1.66003495e-09]]), 2.0246734651713996), (1.7875695639348795e-05, Vec([[-2.79892738e-07],
     [-8.71134285e-09],
     [-7.51441397e-11]]), 2.0344760780885887), (1.8093261323840474e-05, Vec([[-3.15945593e-07],
     [ 2.99480174e-08],
     [ 1.66733075e-09]]), 2.0152522589484123), (1.8296039475036686e-05, Vec([[-3.58956627e-07],
     [ 1.04443214e-08],
     [-2.31142251e-09]]), 2.0031170607846054), (1.8534750862806087e-05, Vec([[-3.57761446e-07],
     [ 2.82987077e-09],
     [ 8.51323571e-10]]), 2.003187652036095), (1.8771547012778312e-05, Vec([[-4.05807454e-07],
     [-1.10272069e-08],
     [-3.33631408e-09]]), 2.011047169529744), (1.8815817637586037e-05, Vec([[-3.94511497e-07],
     [-1.10566929e-08],
     [ 1.77388054e-09]]), 2.0063322072914294), (1.860839348017035e-05, Vec([[-4.03172609e-07],
     [-1.57312242e-08],
     [-2.40829488e-09]]), 1.9828955132721051), (1.871078966506519e-05, Vec([[-3.45991056e-07],
     [-1.13852810e-08],
     [-3.85124287e-09]]), 2.0005323200654503), (1.8376266831419446e-05, Vec([[-2.82540711e-07],
     [-5.78800655e-09],
     [-1.89364016e-09]]), 1.9794129865789), (1.7994201046367553e-05, Vec([[-2.52149665e-07],
     [ 3.30184757e-09],
     [-5.51164599e-11]]), 1.9607714452735363), (1.7830696932679695e-05, Vec([[-1.80863041e-07],
     [-6.27201620e-09],
     [ 3.49756740e-09]]), 1.973828934775466), (1.732620182290537e-05, Vec([[-1.01942603e-07],
     [ 1.56706388e-12],
     [ 7.13585878e-10]]), 1.956958675798486), (1.709699643164189e-05, Vec([[-4.93425948e-08],
     [ 2.89287849e-09],
     [ 1.32434272e-10]]), 1.979262020130304), (1.6639119486883462e-05, Vec([[-1.79785497e-09],
     [ 1.02771930e-08],
     [ 5.48962298e-10]]), 1.9837492662315317), (1.636483622874708e-05, Vec([[6.42227990e-08],
     [3.56053864e-09],
     [2.92929373e-10]]), 2.0194562605553905), (1.584386692891822e-05, Vec([[ 1.38076116e-07],
     [-5.21561840e-09],
     [ 3.12101449e-10]]), 2.034701159472087), (1.5601747547818696e-05, Vec([[1.95616597e-07],
     [1.11432093e-08],
     [8.54878870e-11]]), 2.0973713829395426), (1.4863697617206405e-05, Vec([[ 2.26003923e-07],
     [-8.46350152e-09],
     [ 5.79937344e-10]]), 2.105146079033541), (1.4170899106364803e-05, Vec([[3.09230449e-07],
     [5.99870848e-10],
     [8.58557883e-10]]), 2.1296324475935333), (1.377236169704255e-05, Vec([[ 3.36152762e-07],
     [-5.02386785e-09],
     [-1.19285174e-10]]), 2.213899219392723), (1.3454690773083184e-05, Vec([[ 3.60106319e-07],
     [-3.87193616e-10],
     [ 7.61895851e-10]]), 2.244559659439439), (1.4153958530190906e-05, Vec([[ 3.14539933e-07],
     [ 3.09418751e-09],
     [-4.08206265e-10]]), 2.1975637403570047), (1.4712165061076162e-05, Vec([[ 2.62891238e-07],
     [-1.92545202e-09],
     [-4.42124658e-10]]), 2.144363236110768), (1.539122224678486e-05, Vec([[ 2.22557752e-07],
     [-2.97637341e-09],
     [-3.51521200e-10]]), 2.121951500870088), (1.554297754544039e-05, Vec([[1.50939613e-07],
     [2.71353462e-09],
     [1.04401766e-09]]), 2.040669818608591), (1.6144479696712128e-05, Vec([[ 1.03401038e-07],
     [-5.93359355e-09],
     [-2.67071726e-10]]), 2.0309543577216354), (1.6414212603494823e-05, Vec([[ 2.59547581e-08],
     [ 1.58784830e-09],
     [-2.89366576e-09]]), 1.989649132065846), (1.679982923537469e-05, Vec([[-5.04404247e-08],
     [ 1.81685304e-09],
     [ 1.48743968e-09]]), 1.9724643448046317), (1.7139515541435537e-05, Vec([[-1.19454132e-07],
     [-1.76594771e-09],
     [ 1.62110158e-09]]), 1.958744239742032), (1.788193098669541e-05, Vec([[-1.61737586e-07],
     [-1.21794850e-08],
     [ 2.33818554e-09]]), 1.9984048670879415), (1.801177305160891e-05, Vec([[-2.34758744e-07],
     [-5.53737178e-09],
     [-4.12281245e-09]]), 1.9771611518431054), (1.838212580728038e-05, Vec([[-2.86990212e-07],
     [ 1.50621488e-09],
     [-1.20724076e-09]]), 1.9904742177644241), (1.8497531994053864e-05, Vec([[-3.27202450e-07],
     [-2.24249209e-09],
     [ 3.39652365e-09]]), 1.9840763463841957), (1.8569412693788497e-05, Vec([[-3.55275341e-07],
     [ 5.80716739e-09],
     [-5.95726826e-10]]), 1.9810756093504263), (1.8866102758602512e-05, Vec([[-4.05151689e-07],
     [ 1.72257475e-09],
     [-4.24684981e-10]]), 2.010012772520342), (1.862967660719485e-05, Vec([[-4.13115429e-07],
     [ 6.41818653e-09],
     [ 2.18448644e-11]]), 1.990152617397693), (1.8628295283939697e-05, Vec([[-3.96356191e-07],
     [ 3.39965852e-09],
     [-1.57868410e-09]]), 2.0034511720612946), (1.8343839755862938e-05, Vec([[-3.65956144e-07],
     [-3.77266380e-09],
     [ 5.80070839e-10]]), 1.9943644908911726), (1.8255524727544277e-05, Vec([[-3.29135326e-07],
     [ 1.04664640e-08],
     [-6.31077994e-10]]), 2.014839636588521), (1.7680223535287455e-05, Vec([[-3.05493653e-07],
     [-8.42999701e-09],
     [ 3.82025342e-09]]), 1.9895041000215772), (1.753768544624507e-05, Vec([[-2.59339594e-07],
     [-1.80914952e-09],
     [ 8.67567822e-10]]), 2.021127465326748), (1.7029379012749065e-05, Vec([[-2.04398939e-07],
     [-2.49212173e-09],
     [ 1.23316235e-09]]), 2.019452863330304), (1.6745285431918088e-05, Vec([[-1.59752025e-07],
     [-3.35071290e-11],
     [ 7.58984043e-10]]), 2.0535767710236907), (1.605693103797842e-05, Vec([[-9.27318519e-08],
     [ 1.29529559e-09],
     [ 5.29829975e-10]]), 2.0473191647391604), (1.5525915578273538e-05, Vec([[-3.36540309e-08],
     [-1.08930339e-08],
     [-6.51732297e-10]]), 2.070114915952452), (1.527765914240024e-05, Vec([[ 2.91886227e-08],
     [-1.05350282e-08],
     [-1.19116207e-09]]), 2.0370141723414488), (1.6082999247412302e-05, Vec([[9.68512761e-08],
     [1.46971940e-08],
     [5.05732604e-10]]), 2.050642959593742), (1.6666047334057117e-05, Vec([[ 1.57180220e-07],
     [-9.10401242e-10],
     [ 2.98619970e-10]]), 2.043859318442247), (1.726141136610993e-05, Vec([[2.12763178e-07],
     [6.33129733e-09],
     [6.98490633e-10]]), 2.046968746324574), (1.763476227365471e-05, Vec([[ 2.61159300e-07],
     [-4.35125547e-09],
     [-1.63341862e-09]]), 2.032315067175681), (1.7909853485368785e-05, Vec([[ 2.98584515e-07],
     [-2.13281283e-09],
     [ 2.70651304e-09]]), 2.015343690016735), (1.8293461297260795e-05, Vec([[ 3.45787887e-07],
     [ 1.31634907e-08],
     [-4.31059847e-10]]), 2.019026648766031), (1.8372776205095176e-05, Vec([[ 3.69066023e-07],
     [-6.60994288e-09],
     [-2.85300059e-09]]), 1.9975104967225203), (1.8639341198390968e-05, Vec([[ 4.04188451e-07],
     [-1.08620976e-08],
     [-2.10384659e-09]]), 2.004639147123777), (1.878557311834557e-05, Vec([[ 3.93964349e-07],
     [-6.93838396e-11],
     [ 9.58282793e-10]]), 2.0068065752871154), (1.8880001118633024e-05, Vec([[3.86927785e-07],
     [1.36533510e-09],
     [8.08490562e-10]]), 2.0114935171943147), (1.8673533649516086e-05, Vec([[ 3.67394821e-07],
     [-9.92142767e-09],
     [-2.63116619e-10]]), 1.9921837412669072), (1.854446789162206e-05, Vec([[3.19310449e-07],
     [1.43041553e-08],
     [1.85400764e-09]]), 1.9891107695813717), (1.832641743383289e-05, Vec([[ 2.83246215e-07],
     [-5.12541083e-09],
     [ 1.28094058e-09]]), 1.98444194041939), (1.795281122762842e-05, Vec([[2.26245391e-07],
     [5.38838732e-09],
     [3.93745772e-09]]), 1.9706888835393688), (1.7745345473719402e-05, Vec([[1.66160862e-07],
     [7.59876125e-09],
     [5.72554488e-10]]), 1.9831406792265718), (1.7361743914196593e-05, Vec([[1.00781044e-07],
     [3.57862964e-09],
     [1.82649081e-09]]), 1.9841410220490137), (1.697207210183273e-05, Vec([[ 3.17661654e-08],
     [-3.61997332e-10],
     [-1.58233706e-09]]), 1.9926873427872576), (1.6343816355950317e-05, Vec([[-4.81978376e-08],
     [-1.36675383e-08],
     [-9.12400967e-10]]), 1.981116049412963), (1.604670562721367e-05, Vec([[-1.06424767e-07],
     [ 8.94455121e-09],
     [-1.09414948e-09]]), 2.0186545080980807), (1.5754557058124836e-05, Vec([[-1.62023833e-07],
     [ 8.31472392e-09],
     [ 2.09490301e-09]]), 2.0684485324688398), (1.5212380820510339e-05, Vec([[-2.01464074e-07],
     [ 6.37781560e-09],
     [ 1.33450486e-10]]), 2.097295055344442), (1.4597808125252323e-05, Vec([[-2.75633656e-07],
     [ 3.38051990e-09],
     [ 2.43696174e-10]]), 2.1276952060854866), (1.4092076306491866e-05, Vec([[-2.95053137e-07],
     [ 5.17158051e-10],
     [ 6.46693391e-10]]), 2.187955818256371), (1.3375293887473012e-05, Vec([[-3.40766531e-07],
     [-3.47589059e-09],
     [-6.99783877e-10]]), 2.231314386877527), (1.3844543526172356e-05, Vec([[-3.38883667e-07],
     [-1.48182416e-09],
     [ 1.42880917e-10]]), 2.225502406898256), (1.4305290973597211e-05, Vec([[-2.69817631e-07],
     [-1.70064779e-09],
     [-8.45834595e-11]]), 2.1498291393491242), (1.4759308950410907e-05, Vec([[-2.50839352e-07],
     [ 1.22763765e-08],
     [ 1.08499306e-09]]), 2.090361508043233), (1.5371428980689146e-05, Vec([[-1.85771906e-07],
     [-1.10791842e-08],
     [ 9.97871189e-10]]), 2.066409237822363), (1.580556473421078e-05, Vec([[-1.59894094e-07],
     [ 4.35615372e-10],
     [ 4.25839316e-10]]), 2.0297823148282124), (1.630193837744842e-05, Vec([[-7.81677157e-08],
     [ 3.98692645e-09],
     [ 1.82345710e-09]]), 2.0116945293773294), (1.652853459006923e-05, Vec([[1.21787799e-08],
     [8.26702755e-09],
     [1.83382664e-11]]), 1.970565112581786), (1.7118966503181806e-05, Vec([[ 5.88930319e-08],
     [-1.07573788e-09],
     [-2.27974654e-09]]), 1.9818054217360996), (1.7412359005731503e-05, Vec([[ 1.21637779e-07],
     [-1.35759463e-09],
     [-1.73100570e-09]]), 1.9666899514777911), (1.775377353058523e-05, Vec([[ 1.89741018e-07],
     [-5.75260546e-09],
     [ 4.49931324e-10]]), 1.9653136402029288), (1.8102766457187754e-05, Vec([[2.53373221e-07],
     [1.15121352e-09],
     [2.25125452e-09]]), 1.9726014763447732), (1.817006554399612e-05, Vec([[ 3.05768577e-07],
     [-6.55434441e-09],
     [ 2.03220154e-10]]), 1.9572018644875984), (1.8366648419264815e-05, Vec([[ 3.37670143e-07],
     [-3.96522849e-09],
     [ 2.88651299e-09]]), 1.9637372035997533), (1.870282506585803e-05, Vec([[ 3.59428131e-07],
     [ 9.76697388e-09],
     [-4.24578215e-09]]), 1.992958067450724), (1.8844931329128022e-05, Vec([[4.10771959e-07],
     [2.50703970e-09],
     [6.73286900e-10]]), 2.009436602653827), (1.863829318234517e-05, Vec([[3.88443773e-07],
     [9.26946410e-09],
     [1.14965575e-09]]), 1.9967713222413372), (1.8668591254092464e-05, Vec([[ 3.63707383e-07],
     [-1.35372612e-09],
     [ 5.41000801e-09]]), 2.0176527733184404), (1.8355858125079004e-05, Vec([[ 3.54997609e-07],
     [-2.59495606e-09],
     [-1.93781914e-09]]), 2.009666224532113), (1.8068566108263508e-05, Vec([[ 3.28971498e-07],
     [ 6.16376347e-10],
     [-8.75595217e-11]]), 2.012501671970976), (1.7838208051527308e-05, Vec([[ 2.88097903e-07],
     [ 1.54982124e-08],
     [-2.67738161e-09]]), 2.0302095252121686), (1.7356523659969006e-05, Vec([[ 2.41590279e-07],
     [ 7.95575094e-10],
     [-3.50327611e-10]]), 2.0278127930022674), (1.6861328726438272e-05, Vec([[ 1.76590511e-07],
     [ 1.49555232e-09],
     [-6.53152681e-10]]), 2.0320693698171914), (1.6570237932056045e-05, Vec([[ 1.24895416e-07],
     [-1.04291131e-09],
     [-1.44093582e-09]]), 2.070610894501758), (1.5842467494397745e-05, Vec([[6.56884503e-08],
     [4.14352221e-09],
     [4.11005791e-10]]), 2.06407639751964), (1.5179982841779311e-05, Vec([[ 8.61549655e-11],
     [-3.13100188e-09],
     [ 7.05432369e-10]]), 2.0745702015641725)]