[(1.5186685412456433e-05, Vec([[-3.82405103e-09],
     [ 6.61457556e-10],
     [ 5.40744593e-10]]), 2.0754862074349014), (1.595458338641281e-05, Vec([[-6.56429459e-08],
     [ 1.60777564e-08],
     [ 1.98805808e-10]]), 2.0786837032677488), (1.6523046536547765e-05, Vec([[-1.20904324e-07],
     [ 5.41373323e-09],
     [ 5.21749781e-10]]), 2.064713874913575), (1.7001811259556652e-05, Vec([[-1.84097129e-07],
     [ 3.48559099e-10],
     [-2.87689834e-10]]), 2.0489998417376274), (1.74511780314368e-05, Vec([[-2.39287258e-07],
     [ 2.00577402e-08],
     [ 2.83035368e-09]]), 2.038871536627218), (1.7876680111415763e-05, Vec([[-2.84977879e-07],
     [-2.46544182e-09],
     [-5.78860210e-10]]), 2.034588123231346), (1.8399452337550704e-05, Vec([[-3.30751503e-07],
     [-8.68834145e-09],
     [-5.46559179e-10]]), 2.0493562339590525), (1.8375844724910256e-05, Vec([[-3.48229058e-07],
     [ 3.78216434e-09],
     [ 1.92818710e-09]]), 2.011854430300015), (1.859348699503795e-05, Vec([[-3.74185007e-07],
     [ 1.91274299e-08],
     [ 4.72858209e-09]]), 2.009535700395965), (1.8705505627566588e-05, Vec([[-4.07640733e-07],
     [ 4.49117704e-09],
     [-2.39335855e-09]]), 2.0039719753163183), (1.8703396941897558e-05, Vec([[-3.82754034e-07],
     [ 1.01508023e-08],
     [ 1.32812162e-09]]), 1.994344779114227), (1.8876356121072505e-05, Vec([[-3.87642321e-07],
     [-3.07747498e-09],
     [-4.29924442e-10]]), 2.01144939778318), (1.8676746630328637e-05, Vec([[-3.74382072e-07],
     [-7.88658928e-09],
     [-3.49282952e-09]]), 1.996892484842956), (1.832084894042374e-05, Vec([[-3.03502018e-07],
     [-5.98793928e-10],
     [ 2.47001944e-09]]), 1.9734436080249187), (1.8190027970814894e-05, Vec([[-2.60235289e-07],
     [-8.38220331e-09],
     [-1.12579009e-09]]), 1.982110088800007), (1.785691147822543e-05, Vec([[-1.95762296e-07],
     [ 1.24513202e-09],
     [-1.57148934e-09]]), 1.9767308420147356), (1.7370993956931238e-05, Vec([[-1.13045918e-07],
     [-2.55979961e-09],
     [-1.97674135e-09]]), 1.9620178547336853), (1.7134093219375618e-05, Vec([[-2.33425179e-08],
     [ 2.38602613e-09],
     [-8.24328890e-10]]), 1.9835565910114394), (1.66186167199854e-05, Vec([[ 1.41036913e-08],
     [-7.83760741e-09],
     [-1.31001697e-09]]), 1.9813048851558495), (1.6401744549957784e-05, Vec([[ 9.84657820e-08],
     [-3.11493040e-09],
     [ 1.18698458e-09]]), 2.02401082738965), (1.5818073949643064e-05, Vec([[ 1.39050933e-07],
     [-4.68520627e-09],
     [ 1.40421720e-10]]), 2.031388773356194), (1.533590117828123e-05, Vec([[ 2.08306497e-07],
     [-1.07357772e-08],
     [ 7.90546497e-10]]), 2.0616331705362656), (1.4989945766143557e-05, Vec([[2.51907864e-07],
     [5.50657426e-09],
     [2.58646797e-10]]), 2.1230266093406582), (1.4340256564788085e-05, Vec([[ 2.86891654e-07],
     [-6.66898451e-09],
     [-4.89383184e-10]]), 2.155083841749476), (1.3612636728047713e-05, Vec([[ 3.37032587e-07],
     [ 2.16259298e-09],
     [-2.44484781e-10]]), 2.1882235225185167), (1.3231350334073498e-05, Vec([[ 3.45925236e-07],
     [-1.93695003e-09],
     [ 1.30249739e-11]]), 2.2073012082288384), (1.4071112750743622e-05, Vec([[ 3.07968608e-07],
     [-5.03859175e-09],
     [ 4.59183237e-12]]), 2.184700986762904), (1.4625556605691106e-05, Vec([[ 2.54761815e-07],
     [-9.86655971e-11],
     [-2.67996793e-10]]), 2.131739670041936), (1.5089084866356719e-05, Vec([[ 2.21688400e-07],
     [-7.41323298e-09],
     [ 2.19652280e-10]]), 2.080296533019671), (1.568376372458328e-05, Vec([[ 1.66896120e-07],
     [-1.51807614e-10],
     [-5.58669686e-10]]), 2.0591539286070897), (1.613158152077449e-05, Vec([[ 8.40697199e-08],
     [ 2.55088446e-09],
     [-1.16615470e-11]]), 2.029331784116334), (1.639209988126768e-05, Vec([[ 3.13464709e-08],
     [ 2.54940740e-09],
     [-3.55057938e-10]]), 1.9869687379677776), (1.70839820960175e-05, Vec([[-2.56903516e-08],
     [-1.62626204e-09],
     [ 1.57762406e-09]]), 2.0058266711854262), (1.7634078789444926e-05, Vec([[-9.48849598e-08],
     [-1.82771968e-09],
     [-7.68922739e-11]]), 2.015264093578307), (1.7685195124308212e-05, Vec([[-1.54796666e-07],
     [ 7.15100525e-09],
     [ 9.57828512e-10]]), 1.9764185444017708), (1.7805955698277352e-05, Vec([[-2.51668611e-07],
     [ 1.79678842e-09],
     [-4.70598351e-09]]), 1.9545684801379746), (1.8342750659930765e-05, Vec([[-3.04601258e-07],
     [ 5.55997418e-09],
     [ 1.38075867e-09]]), 1.9862105533524967), (1.8523066910333006e-05, Vec([[-3.36959231e-07],
     [-3.32731302e-09],
     [-4.03489571e-09]]), 1.9868152643875616), (1.8658618361680474e-05, Vec([[-3.65877966e-07],
     [-4.61940962e-09],
     [-2.27250369e-09]]), 1.9905925055383022), (1.8792222044803743e-05, Vec([[-3.95329189e-07],
     [-8.17746057e-09],
     [-6.15767410e-09]]), 2.0021414500602366), (1.8712373870656625e-05, Vec([[-4.08724631e-07],
     [ 1.75884995e-09],
     [-1.82976937e-09]]), 1.9989869186472657), (1.858801900882695e-05, Vec([[-3.99934166e-07],
     [ 8.61706356e-09],
     [-2.34351392e-09]]), 1.9991195062083031), (1.8528165113900555e-05, Vec([[-3.72013479e-07],
     [ 3.85166294e-09],
     [ 6.26653147e-10]]), 2.0144045672183513), (1.8312045999639326e-05, Vec([[-3.39908942e-07],
     [-2.94414985e-09],
     [-1.18933595e-09]]), 2.0210778193319445), (1.7906446575315014e-05, Vec([[-3.10039674e-07],
     [-2.14683410e-09],
     [ 5.46079623e-10]]), 2.0149603203434463), (1.7581284730439746e-05, Vec([[-2.62567221e-07],
     [ 1.02020440e-08],
     [-2.47909394e-10]]), 2.0261520571421587), (1.7082608818748254e-05, Vec([[-2.14092332e-07],
     [-2.44695905e-09],
     [ 1.36824406e-09]]), 2.025765194746447), (1.6717770672655093e-05, Vec([[-1.49478162e-07],
     [ 1.04495855e-08],
     [ 4.36530761e-10]]), 2.0502024678078676), (1.6141878646505502e-05, Vec([[-1.00451410e-07],
     [ 9.96936680e-10],
     [ 1.15742311e-09]]), 2.058150304670254), (1.5396622647537374e-05, Vec([[-2.85464045e-08],
     [ 5.47613974e-10],
     [ 1.43549241e-09]]), 2.052875918155846), (1.5616820906020756e-05, Vec([[3.77242982e-08],
     [4.91390852e-09],
     [8.25108933e-10]]), 2.0822355843897067), (1.617208019398856e-05, Vec([[ 9.58430643e-08],
     [-9.09138895e-09],
     [-4.53439622e-10]]), 2.0620011156889086), (1.6668816535279668e-05, Vec([[1.55617136e-07],
     [1.25849806e-08],
     [5.75139624e-10]]), 2.0441989225253216), (1.724233037897769e-05, Vec([[2.15820003e-07],
     [1.19457724e-08],
     [1.06894633e-09]]), 2.044706000626652), (1.7555355525709218e-05, Vec([[ 2.62279505e-07],
     [-5.21857923e-09],
     [-3.37478560e-10]]), 2.023163850517312), (1.7839342250472595e-05, Vec([[2.98990844e-07],
     [1.05503361e-08],
     [2.40519497e-09]]), 2.0074092659613165), (1.8248557275182034e-05, Vec([[3.31383531e-07],
     [4.00358377e-10],
     [4.41228294e-09]]), 2.0140706475074075), (1.875213329606207e-05, Vec([[3.68261379e-07],
     [1.47343450e-08],
     [6.42316175e-10]]), 2.0387546594311665), (1.8638467097997434e-05, Vec([[ 3.92896423e-07],
     [-4.08280355e-09],
     [-2.07391549e-09]]), 2.0045451386580946), (1.8683759652588698e-05, Vec([[3.97932774e-07],
     [1.66750582e-08],
     [3.48533508e-09]]), 1.995930147336449), (1.866583280767875e-05, Vec([[ 3.88668628e-07],
     [-6.67549883e-09],
     [-1.69129100e-09]]), 1.9886758189131524), (1.8480174937588096e-05, Vec([[3.81588414e-07],
     [1.74615271e-09],
     [1.08830282e-09]]), 1.9715552898251396), (1.847995577234432e-05, Vec([[ 3.19738364e-07],
     [-8.00165544e-09],
     [-1.20119816e-09]]), 1.9821910913261738), (1.829191617629079e-05, Vec([[ 2.86654153e-07],
     [-5.12901157e-09],
     [ 2.91938308e-09]]), 1.9807060360774233), (1.7956083119136108e-05, Vec([[2.33786319e-07],
     [3.31424269e-09],
     [2.18327995e-09]]), 1.9710480406730677), (1.7619361856942615e-05, Vec([[ 1.68305624e-07],
     [-4.90614392e-09],
     [ 3.05273959e-09]]), 1.9690613120079314), (1.7219928184987545e-05, Vec([[ 1.14948155e-07],
     [ 1.47760390e-09],
     [-7.12860410e-10]]), 1.9679339862071026), (1.6921810143700324e-05, Vec([[ 3.75740905e-08],
     [ 9.36888171e-09],
     [-1.50112891e-09]]), 1.9867860970705762), (1.6478563763037064e-05, Vec([[-3.82216334e-08],
     [ 2.80056933e-10],
     [-1.04790356e-09]]), 1.9974494592471448), (1.62524500330369e-05, Vec([[-9.22689136e-08],
     [-9.67031864e-09],
     [-4.78210400e-10]]), 2.044536884330288), (1.5766005794405226e-05, Vec([[-1.58782829e-07],
     [-1.55086993e-09],
     [ 2.01126325e-10]]), 2.069951660844358), (1.4962722031700625e-05, Vec([[-2.08558703e-07],
     [-1.03394492e-10],
     [ 3.57918076e-10]]), 2.062875187115273), (1.4562538794537732e-05, Vec([[-2.63097703e-07],
     [ 1.06103355e-09],
     [ 2.23246926e-10]]), 2.122554544882147), (1.3983828856902096e-05, Vec([[-3.16820949e-07],
     [-2.71754905e-09],
     [ 2.40511349e-10]]), 2.1711491652131825), (1.3227763939571732e-05, Vec([[-3.49088919e-07],
     [-8.24653998e-09],
     [-1.09514865e-10]]), 2.206702913064924), (1.3728585019077642e-05, Vec([[-3.18550713e-07],
     [-6.24439349e-10],
     [-2.51604065e-10]]), 2.2068621435951172), (1.429364311789621e-05, Vec([[-2.84379089e-07],
     [ 2.17573127e-09],
     [ 5.92416953e-10]]), 2.1480786751577168), (1.4682293286612323e-05, Vec([[-2.47160922e-07],
     [ 5.12331517e-09],
     [-2.83253832e-10]]), 2.07945377654565), (1.5486462873581105e-05, Vec([[-1.89410377e-07],
     [ 5.41048326e-09],
     [ 3.67695822e-10]]), 2.081873453884073), (1.5870373053036323e-05, Vec([[-1.57723624e-07],
     [ 4.93026577e-09],
     [ 7.33209936e-10]]), 2.038105129078634), (1.6203386203167625e-05, Vec([[-5.95952884e-08],
     [ 5.72251628e-10],
     [-2.53087429e-10]]), 1.999532977464388), (1.6580565504839642e-05, Vec([[-1.85145384e-08],
     [ 8.16691708e-09],
     [ 1.54466988e-09]]), 1.9767683428115184), (1.7360675270500188e-05, Vec([[6.11136012e-08],
     [1.15210796e-08],
     [1.46830483e-09]]), 2.009787236261158), (1.7556669965709503e-05, Vec([[1.36375106e-07],
     [8.40280006e-09],
     [8.45404413e-10]]), 1.9829895760595853), (1.790328644351256e-05, Vec([[1.90688990e-07],
     [4.11661260e-09],
     [4.51710658e-10]]), 1.9818644746864449), (1.8194247786431868e-05, Vec([[ 2.43940022e-07],
     [-1.55787820e-08],
     [ 1.15964331e-09]]), 1.9825699088245103), (1.8466481409179745e-05, Vec([[ 3.20413411e-07],
     [ 1.23153063e-08],
     [-2.59690501e-09]]), 1.9891305156306756), (1.8720297373911788e-05, Vec([[ 3.31723514e-07],
     [-4.74509014e-09],
     [ 2.69928373e-09]]), 2.001548871433825), (1.874974297849727e-05, Vec([[ 3.81035977e-07],
     [-3.16055469e-09],
     [-2.18884367e-09]]), 1.997957602663884), (1.886267949598934e-05, Vec([[3.96524318e-07],
     [8.31206749e-09],
     [8.15928106e-10]]), 2.0113290911696122), (1.8801599775698455e-05, Vec([[4.04288356e-07],
     [4.13506538e-09],
     [3.66369350e-09]]), 2.014266804212275), (1.8483990499141656e-05, Vec([[ 3.76115970e-07],
     [ 1.17729508e-08],
     [-6.55563216e-10]]), 1.9977016039927136), (1.8299714171032786e-05, Vec([[3.64023652e-07],
     [1.80274424e-09],
     [2.75002696e-09]]), 2.0035193798904993), (1.8132675538029716e-05, Vec([[ 3.23086092e-07],
     [-2.26817382e-08],
     [ 1.26495727e-09]]), 2.019642268176592), (1.7804400327374848e-05, Vec([[ 2.80880813e-07],
     [ 3.61509589e-10],
     [-9.59757415e-10]]), 2.0263617865042334), (1.7345509606040076e-05, Vec([[ 2.34307993e-07],
     [ 5.95160122e-09],
     [-4.97052459e-10]]), 2.0265259892679794), (1.707260961113714e-05, Vec([[ 1.82849556e-07],
     [ 1.19269343e-08],
     [-5.93829931e-10]]), 2.0575322156693843), (1.6471178728196345e-05, Vec([[ 1.29299744e-07],
     [ 8.87146234e-10],
     [-1.21835675e-09]]), 2.058232492480399), (1.5859247028505465e-05, Vec([[ 6.59105910e-08],
     [-1.11096355e-08],
     [-3.45246217e-10]]), 2.0662625620375956), (1.5309747843029265e-05, Vec([[-1.43954232e-09],
     [ 2.58472050e-09],
     [-1.69746885e-12]]), 2.0923045170508914)]