[(1.9921570225139935e-05, Vec([[ 9.87588868e-10],
     [-4.17869657e-09],
     [-6.08367038e-10]]), 2.140287842279659), (1.9856462820654937e-05, Vec([[ 2.35404936e-09],
     [-2.16455597e-07],
     [-2.60914377e-10]]), 2.1375966563453317), (1.9683204112169326e-05, Vec([[ 1.79993258e-09],
     [-4.43801276e-07],
     [ 8.46290860e-10]]), 2.1318297816823923), (1.9519369732410657e-05, Vec([[ 1.91591520e-09],
     [-6.57868854e-07],
     [-1.33779660e-09]]), 2.1356715173393366), (1.9367517345560617e-05, Vec([[ 7.67114382e-09],
     [-8.93476012e-07],
     [ 1.43672562e-09]]), 2.1496622499954383), (1.894417045667562e-05, Vec([[-1.35361296e-09],
     [-9.94947604e-07],
     [ 3.41869070e-10]]), 2.142239855488086), (1.8354942817437786e-05, Vec([[-5.44715722e-10],
     [-1.12279736e-06],
     [ 9.47949216e-10]]), 2.124132103188987), (1.8234256619988062e-05, Vec([[ 4.54323237e-09],
     [-1.08976471e-06],
     [-6.79715611e-10]]), 2.056606118978214), (1.9061275262557837e-05, Vec([[-6.13244531e-10],
     [-1.04091984e-06],
     [-1.43736632e-09]]), 2.0804367166249844), (1.9546520969747152e-05, Vec([[-6.74495750e-09],
     [-9.93968169e-07],
     [ 5.90729551e-10]]), 2.074733278986123), (1.971096648748452e-05, Vec([[ 2.82754042e-09],
     [-9.30745617e-07],
     [-6.49061921e-10]]), 2.044206608387738), (2.041621216817032e-05, Vec([[-1.90531199e-09],
     [-8.61917314e-07],
     [ 2.54790232e-09]]), 2.0780572094979384), (2.0642568627634423e-05, Vec([[-1.61965408e-09],
     [-8.47073942e-07],
     [ 3.21248323e-10]]), 2.0710061488566716), (2.1112158304464254e-05, Vec([[ 4.61741958e-10],
     [-8.11822612e-07],
     [ 1.33971215e-09]]), 2.094514501872532), (2.1451385707562557e-05, Vec([[-2.81237256e-09],
     [-7.66658404e-07],
     [ 2.54162237e-10]]), 2.1119162099752367), (2.1622205738140507e-05, Vec([[ 1.07584271e-08],
     [-7.12613539e-07],
     [-1.11956772e-09]]), 2.1210759742468457), (2.1836743436663243e-05, Vec([[ 1.94806887e-09],
     [-6.51763276e-07],
     [ 3.62086533e-10]]), 2.1430416204790252), (2.190359852937966e-05, Vec([[ 3.04075141e-09],
     [-6.35974774e-07],
     [ 1.75369603e-09]]), 2.1592246282528063), (2.1983495686046357e-05, Vec([[ 2.77760587e-09],
     [-6.22950371e-07],
     [-7.04949297e-10]]), 2.1856851643047825), (2.2157355332936836e-05, Vec([[ 1.35634819e-09],
     [-6.05645860e-07],
     [-1.65135391e-09]]), 2.2310878997139505), (2.1714649863452306e-05, Vec([[-3.80340851e-09],
     [-4.78916029e-07],
     [-6.90513732e-10]]), 2.2238486599241254), (2.1269047081376933e-05, Vec([[-7.15738855e-09],
     [-4.00541432e-07],
     [ 4.53857430e-10]]), 2.225171651290506), (2.100707240212301e-05, Vec([[ 2.96392957e-09],
     [-2.79192672e-07],
     [-1.19113326e-09]]), 2.255469515298308), (2.0296089557814053e-05, Vec([[-3.55768755e-09],
     [-2.00473380e-07],
     [ 1.18899546e-09]]), 2.247185275722306), (1.9219374294948405e-05, Vec([[-7.58330725e-10],
     [-7.01999965e-08],
     [ 7.07389472e-10]]), 2.2057356881983994), (1.9008759704019228e-05, Vec([[ 1.60644600e-09],
     [-4.80903232e-08],
     [-1.58247089e-10]]), 2.225613125608385), (1.9461001547749073e-05, Vec([[-6.27461571e-09],
     [-1.39840462e-07],
     [ 6.16640010e-10]]), 2.1922845354036093), (1.9965752406200484e-05, Vec([[ 3.01378883e-09],
     [-2.86481476e-07],
     [-5.50580049e-10]]), 2.1755276798159664), (2.0575106033224436e-05, Vec([[-8.17079119e-10],
     [-3.95524784e-07],
     [ 7.27751329e-10]]), 2.1793670001425918), (2.0920411834412225e-05, Vec([[ 6.60143013e-09],
     [-4.74641256e-07],
     [-7.22312807e-11]]), 2.1642666705566334), (2.1518720741363743e-05, Vec([[-3.02620268e-09],
     [-5.93760896e-07],
     [ 3.93159396e-10]]), 2.1840257756262798), (2.188597476877986e-05, Vec([[ 1.07430930e-09],
     [-6.64109345e-07],
     [ 1.58398271e-10]]), 2.188685011419197), (2.168247571495354e-05, Vec([[ 6.16851821e-09],
     [-6.61533327e-07],
     [ 5.92443658e-10]]), 2.1454717947871536), (2.1840881791118884e-05, Vec([[ 2.89170019e-09],
     [-6.97175071e-07],
     [-1.50103142e-09]]), 2.1471526725252854), (2.1638419272494953e-05, Vec([[-3.67014723e-09],
     [-7.14243978e-07],
     [ 5.80554576e-10]]), 2.122053355513608), (2.1200171665775562e-05, Vec([[-2.17663924e-09],
     [-7.46010219e-07],
     [-4.14676840e-11]]), 2.0823740792771748), (2.0965562811192365e-05, Vec([[-4.81134571e-10],
     [-7.59805735e-07],
     [ 2.23165403e-09]]), 2.0709550174085622), (2.0635102920978385e-05, Vec([[-1.03468810e-10],
     [-7.69375094e-07],
     [-5.27013383e-11]]), 2.0582192613134476), (2.053309584511272e-05, Vec([[ 4.32820130e-09],
     [-8.41562512e-07],
     [ 2.38314615e-09]]), 2.073836074813703), (1.9973203671404534e-05, Vec([[ 5.79414006e-09],
     [-8.79473374e-07],
     [-1.67757141e-09]]), 2.050971286738377), (1.9412270471698965e-05, Vec([[ 5.17289748e-10],
     [-9.26603073e-07],
     [ 1.37504251e-09]]), 2.0355568929649253), (1.9168376526822528e-05, Vec([[-1.56218635e-10],
     [-9.88694638e-07],
     [ 1.55971419e-09]]), 2.0619213764202535), (1.864574852174234e-05, Vec([[ 4.90851490e-09],
     [-1.01905471e-06],
     [ 7.34514636e-10]]), 2.0674518217128304), (1.8436341694058638e-05, Vec([[-1.33676305e-09],
     [-1.10168351e-06],
     [ 2.96196312e-10]]), 2.1179661556743694), (1.8608140846008202e-05, Vec([[ 4.47754974e-09],
     [-1.04410854e-06],
     [ 7.40492640e-11]]), 2.1274814692673245), (1.918154471049134e-05, Vec([[ 1.18985075e-09],
     [-9.54737698e-07],
     [-1.75398805e-09]]), 2.1477829851434853), (1.9670945338925744e-05, Vec([[-1.76771628e-09],
     [-7.61773037e-07],
     [-1.36501662e-10]]), 2.1665954952425057), (1.957284888573928e-05, Vec([[-4.32267758e-09],
     [-5.77061818e-07],
     [-3.03072998e-09]]), 2.1295725185526986), (1.9859405004687635e-05, Vec([[-8.85120544e-09],
     [-3.43528005e-07],
     [ 6.66465271e-11]]), 2.1433141708202563), (1.9950221779225542e-05, Vec([[-7.37155102e-09],
     [-8.09766889e-08],
     [ 1.26488269e-09]]), 2.144445679560215), (2.0031091279193844e-05, Vec([[ 2.77366981e-09],
     [ 8.65503843e-08],
     [-5.23338193e-11]]), 2.153138327277836), (1.989275119758536e-05, Vec([[ 4.78185070e-10],
     [ 3.43768434e-07],
     [-2.80842356e-10]]), 2.146913038347443), (1.980622455544932e-05, Vec([[-2.10900140e-09],
     [ 5.91759212e-07],
     [-1.08691819e-11]]), 2.154964346569897), (1.9438489467222242e-05, Vec([[2.26294295e-09],
     [7.41115708e-07],
     [1.20433089e-09]]), 2.140992361493827), (1.922146384508656e-05, Vec([[-3.52158036e-09],
     [ 9.29070774e-07],
     [ 4.63371496e-10]]), 2.15225278355437), (1.856003756043348e-05, Vec([[ 6.80447989e-09],
     [ 1.04265261e-06],
     [-3.20159906e-10]]), 2.1219817877291214), (1.8399077484733386e-05, Vec([[ 2.69480416e-10],
     [ 1.12293882e-06],
     [-5.30288260e-10]]), 2.113685244879889), (1.870235475228214e-05, Vec([[-4.08233636e-09],
     [ 1.03183404e-06],
     [-6.07255546e-10]]), 2.0737283546347105), (1.8961549132459404e-05, Vec([[-1.67460960e-09],
     [ 9.68651818e-07],
     [ 7.18414248e-10]]), 2.0396731789753693), (1.9485067601231278e-05, Vec([[-5.58936230e-09],
     [ 9.26451281e-07],
     [-2.34880332e-10]]), 2.0431903482592766), (1.9840167192449484e-05, Vec([[ 5.90088970e-09],
     [ 8.91968564e-07],
     [-1.70713572e-09]]), 2.03731028358062), (2.0424364461951077e-05, Vec([[-1.69758782e-09],
     [ 8.73021628e-07],
     [ 9.08014559e-10]]), 2.062854240093506), (2.0860549653613362e-05, Vec([[-1.79040050e-09],
     [ 7.88046379e-07],
     [ 2.26773002e-10]]), 2.080706127954551), (2.1131480040293646e-05, Vec([[1.53615472e-09],
     [7.84823129e-07],
     [2.02439895e-09]]), 2.087344137089069), (2.1483453918644416e-05, Vec([[-4.44315928e-09],
     [ 7.46172816e-07],
     [-4.70094411e-10]]), 2.110199307760851), (2.1456752159864004e-05, Vec([[-3.37599138e-09],
     [ 7.26375359e-07],
     [ 3.96097695e-10]]), 2.104237483610478), (2.1758830558697034e-05, Vec([[-1.40062374e-09],
     [ 6.88329761e-07],
     [ 3.68810075e-11]]), 2.139086307592612), (2.1873097366925173e-05, Vec([[1.47263520e-09],
     [7.20877398e-07],
     [2.65288168e-10]]), 2.1643337265682563), (2.1897461513844997e-05, Vec([[ 1.01716338e-09],
     [ 6.63122113e-07],
     [-1.44188517e-09]]), 2.1898337318677794), (2.1560766075024485e-05, Vec([[1.91387547e-09],
     [5.67999798e-07],
     [3.94573070e-10]]), 2.1882931339680494), (2.106378456609948e-05, Vec([[6.48875848e-10],
     [4.82900269e-07],
     [5.02893083e-10]]), 2.1790989227662667), (2.066668789506828e-05, Vec([[-4.24650638e-10],
     [ 3.96265877e-07],
     [ 1.68290563e-09]]), 2.189067581378568), (2.0159521080651685e-05, Vec([[9.35142738e-09],
     [2.53800896e-07],
     [4.99339100e-11]]), 2.1966412900708407), (1.9726959809317196e-05, Vec([[1.79949928e-09],
     [1.41379788e-07],
     [4.54797569e-11]]), 2.2222447706190502), (1.9061272119526662e-05, Vec([[ 1.89432024e-09],
     [ 2.32491264e-08],
     [-9.37165552e-10]]), 2.2317614657963016), (1.944214100564464e-05, Vec([[-2.19219188e-09],
     [ 7.49351181e-08],
     [ 9.29580361e-10]]), 2.231301790215275), (2.0283086794827617e-05, Vec([[ 4.76379551e-09],
     [ 1.66353409e-07],
     [-2.44862519e-10]]), 2.2457456083694614), (2.0882214487057544e-05, Vec([[ 1.08979369e-08],
     [ 2.87219060e-07],
     [-9.02923301e-10]]), 2.2420638766741763), (2.138882341905627e-05, Vec([[ 6.18414714e-09],
     [ 3.79702589e-07],
     [-8.18350439e-10]]), 2.237702673958315), (2.1868309997868868e-05, Vec([[-1.15377804e-09],
     [ 4.69060648e-07],
     [ 1.02393431e-09]]), 2.2395853577827056), (2.2182793083684586e-05, Vec([[-5.10309660e-09],
     [ 5.77220409e-07],
     [ 8.38712206e-10]]), 2.233649300072273), (2.2010688271350186e-05, Vec([[-3.96468152e-09],
     [ 6.29990549e-07],
     [-5.70615498e-10]]), 2.1883887575424765), (2.2097278358585953e-05, Vec([[-7.93240231e-09],
     [ 6.54602441e-07],
     [-6.66627889e-10]]), 2.178317301845097), (2.1788493369485466e-05, Vec([[-3.64924601e-09],
     [ 6.77529733e-07],
     [-9.57214507e-10]]), 2.138306395080017), (2.134503705516031e-05, Vec([[-3.01291928e-09],
     [ 6.93444358e-07],
     [-1.24277808e-09]]), 2.093886526444768), (2.1363219683458198e-05, Vec([[-1.60904673e-09],
     [ 7.54867057e-07],
     [-5.61593928e-10]]), 2.103236152751269), (2.0978270342337846e-05, Vec([[ 8.81112915e-10],
     [ 8.01393779e-07],
     [-2.51044037e-10]]), 2.081231621256739), (2.0407212258426896e-05, Vec([[-3.84670972e-10],
     [ 8.35144221e-07],
     [ 8.02964227e-10]]), 2.047393559910311), (2.0474881437726123e-05, Vec([[ 6.72458649e-10],
     [ 9.05503485e-07],
     [-7.55413099e-10]]), 2.0840288411391144), (1.9932284389554205e-05, Vec([[8.11560318e-09],
     [9.66871212e-07],
     [1.84653215e-10]]), 2.0671592889806765), (1.934396287318783e-05, Vec([[-6.21172898e-12],
     [ 9.56948859e-07],
     [ 2.48171679e-09]]), 2.0532330834009263), (1.901203634923939e-05, Vec([[ 5.90382319e-09],
     [ 1.02817987e-06],
     [-1.08080354e-09]]), 2.0750625513740566), (1.866065774230383e-05, Vec([[-8.69725022e-10],
     [ 1.10682707e-06],
     [ 1.09249044e-09]]), 2.1046990670796744), (1.8430537433953648e-05, Vec([[ 1.58161805e-09],
     [ 1.12446751e-06],
     [-2.91960248e-10]]), 2.132880316319732), (1.8693850682521853e-05, Vec([[-3.45118389e-09],
     [ 1.00993825e-06],
     [-3.69402704e-10]]), 2.113933258583495), (1.9431353431705767e-05, Vec([[-2.26543020e-09],
     [ 8.87698463e-07],
     [ 5.52602793e-10]]), 2.156747619902446), (1.9670290354727444e-05, Vec([[-5.06231345e-09],
     [ 6.86206867e-07],
     [ 2.20867133e-10]]), 2.1521841854674424), (1.979205232272704e-05, Vec([[2.19247047e-09],
     [4.61498508e-07],
     [9.57588064e-10]]), 2.1436188103195697), (1.9959241961016107e-05, Vec([[-3.95766576e-09],
     [ 2.40914990e-07],
     [ 4.39082509e-10]]), 2.1486610815031475), (1.9960189397804384e-05, Vec([[ 1.11334215e-09],
     [ 1.10746142e-08],
     [-5.09339108e-10]]), 2.1444369201283666)]