[(1.520673376761462e-05, Vec([[-8.46137821e-10],
     [-4.87444313e-09],
     [-1.37675143e-09]]), 2.0782261130484363), (1.5858805578708717e-05, Vec([[-6.25145657e-08],
     [-1.60881257e-08],
     [-4.23719011e-10]]), 2.066205046621737), (1.640511546674809e-05, Vec([[-1.23556334e-07],
     [-1.23959011e-08],
     [-7.13097201e-10]]), 2.0499772514004597), (1.7056511213220258e-05, Vec([[-1.83782073e-07],
     [ 3.30608630e-09],
     [ 1.48049388e-09]]), 2.055592092097823), (1.750322544247117e-05, Vec([[-2.39548498e-07],
     [ 3.92203966e-10],
     [-3.82011179e-10]]), 2.0449523859957797), (1.7514559194359975e-05, Vec([[-2.79867675e-07],
     [ 6.56511930e-09],
     [-1.88867618e-09]]), 1.9933742673910289), (1.7989410420064494e-05, Vec([[-3.16653976e-07],
     [-6.93789669e-09],
     [-3.10025317e-10]]), 2.003685202867007), (1.840127272999024e-05, Vec([[-3.65689877e-07],
     [-1.16267499e-08],
     [-4.32096909e-10]]), 2.014638380939547), (1.8693136384883187e-05, Vec([[-3.74693078e-07],
     [-1.58890247e-08],
     [-2.23847722e-09]]), 2.0203055471960893), (1.875696564329135e-05, Vec([[-4.09482806e-07],
     [-2.08931245e-08],
     [-4.60409107e-09]]), 2.009485027538215), (1.868744314361269e-05, Vec([[-3.87251771e-07],
     [ 6.91742104e-09],
     [ 3.30632810e-09]]), 1.9926436242697187), (1.863214181749305e-05, Vec([[-3.88496152e-07],
     [-2.00064850e-08],
     [-5.75357642e-09]]), 1.9854261170867242), (1.8611323387855142e-05, Vec([[-3.46473567e-07],
     [ 6.29438908e-09],
     [ 4.26719937e-09]]), 1.9898975202586404), (1.8435126392691413e-05, Vec([[-3.03635924e-07],
     [ 1.40955527e-08],
     [-6.44349675e-11]]), 1.9857530871572648), (1.8092488918186802e-05, Vec([[-2.56730182e-07],
     [ 5.70022152e-09],
     [ 3.08328700e-09]]), 1.9714815652718225), (1.791527887912923e-05, Vec([[-1.97759062e-07],
     [ 1.12067739e-09],
     [-7.94841268e-10]]), 1.9831920176595532), (1.7337875006613705e-05, Vec([[-1.10173732e-07],
     [-5.63960544e-09],
     [-7.19977388e-10]]), 1.958277137765264), (1.6919054855622467e-05, Vec([[-4.56882706e-08],
     [-1.22278710e-08],
     [ 5.52586002e-10]]), 1.9586623197896313), (1.6698631803228362e-05, Vec([[3.19552304e-08],
     [7.90741150e-09],
     [1.43907795e-09]]), 1.9908444441929611), (1.6219543390863452e-05, Vec([[ 5.94685118e-08],
     [-6.21966456e-09],
     [-1.90543218e-09]]), 2.0015268094459118), (1.566851783256156e-05, Vec([[ 1.41993066e-07],
     [ 5.64953695e-09],
     [-1.30188795e-09]]), 2.0121824769263457), (1.5532292906664587e-05, Vec([[1.95181205e-07],
     [1.14423570e-09],
     [7.86398677e-10]]), 2.0880344688328067), (1.4984387828262475e-05, Vec([[ 2.50501555e-07],
     [-2.37742524e-09],
     [ 1.53606271e-10]]), 2.1222394383796233), (1.4260485526734266e-05, Vec([[ 2.86264286e-07],
     [-1.33434979e-10],
     [ 5.61525803e-10]]), 2.1430956827948107), (1.3782996303954211e-05, Vec([[ 3.40624267e-07],
     [-6.95420025e-10],
     [-8.85990152e-11]]), 2.2156087263355544), (1.3267927716252259e-05, Vec([[ 3.46168282e-07],
     [-5.61924436e-10],
     [-1.84900061e-10]]), 2.2134031780080763), (1.382155955966861e-05, Vec([[ 2.98308994e-07],
     [-3.74772367e-10],
     [-6.31475758e-10]]), 2.1459550032398456), (1.4713732187114815e-05, Vec([[ 2.62774683e-07],
     [ 2.26270381e-09],
     [-5.73308419e-10]]), 2.1445916516736507), (1.5107054832677018e-05, Vec([[ 2.11875639e-07],
     [-4.10354760e-09],
     [ 1.22018245e-09]]), 2.082774009882297), (1.5638678275391353e-05, Vec([[1.69267377e-07],
     [1.52996550e-10],
     [7.22976480e-10]]), 2.0532345662998743), (1.6108735775254247e-05, Vec([[ 1.23290648e-07],
     [-6.94968219e-09],
     [ 7.76915164e-10]]), 2.026457819312799), (1.6526020423845318e-05, Vec([[ 5.83232000e-08],
     [ 3.06341933e-09],
     [-1.34458080e-10]]), 2.0032019194027892), (1.6858650508489357e-05, Vec([[-2.68820246e-08],
     [-9.15501980e-09],
     [-1.00753029e-09]]), 1.9793705378563085), (1.745898730728582e-05, Vec([[-9.10971352e-08],
     [ 5.04525871e-09],
     [-2.07898257e-09]]), 1.9952542262469977), (1.761569199291778e-05, Vec([[-1.71297135e-07],
     [-9.28706909e-11],
     [-4.00559023e-09]]), 1.9686511843693542), (1.782376534723391e-05, Vec([[-2.54866902e-07],
     [ 6.80028444e-09],
     [-1.26383871e-09]]), 1.9565234540288836), (1.8224444476103266e-05, Vec([[-2.59592140e-07],
     [-1.18083944e-09],
     [-1.84757325e-09]]), 1.9733999888302216), (1.833180612937883e-05, Vec([[-3.21853223e-07],
     [-3.95033228e-09],
     [-3.51153701e-10]]), 1.9663003118196118), (1.8594016549320733e-05, Vec([[-3.90866258e-07],
     [-2.97701981e-09],
     [-1.45232612e-10]]), 1.983700468784306), (1.866687658297133e-05, Vec([[-3.96756937e-07],
     [ 1.33782069e-08],
     [-2.76085685e-09]]), 1.9887870237388954), (1.8738302856468544e-05, Vec([[-3.97861457e-07],
     [ 1.17057253e-09],
     [-1.04069141e-10]]), 2.0017568346296035), (1.8554367049291767e-05, Vec([[-3.91608181e-07],
     [-2.32616100e-09],
     [-7.82510912e-10]]), 1.9955002776774429), (1.8417631675835675e-05, Vec([[-3.70513056e-07],
     [ 5.68394017e-09],
     [ 6.47932555e-10]]), 2.0023872378660132), (1.8479290307258996e-05, Vec([[-3.39304788e-07],
     [-2.97828830e-09],
     [ 1.03827206e-09]]), 2.0395363662658212), (1.765789118995548e-05, Vec([[-3.00583052e-07],
     [-1.34819551e-08],
     [ 3.57729895e-09]]), 1.9869911061947525), (1.743685007017511e-05, Vec([[-2.63402624e-07],
     [-9.66061960e-09],
     [ 6.14390605e-10]]), 2.0095067102005246), (1.7138641056478908e-05, Vec([[-2.11626850e-07],
     [-4.56333168e-09],
     [-2.19511942e-09]]), 2.0324098564712965), (1.6505138422480633e-05, Vec([[-1.53232311e-07],
     [ 7.31744639e-09],
     [ 2.00781529e-10]]), 2.0241260744549985), (1.6335824825639903e-05, Vec([[-9.69121467e-08],
     [ 3.07617019e-09],
     [-1.96532693e-10]]), 2.082879172754113), (1.5558677926438557e-05, Vec([[-3.43438712e-08],
     [-1.35194788e-09],
     [-6.41061056e-10]]), 2.0744832139298626), (1.5379217379715275e-05, Vec([[ 3.08432559e-08],
     [ 6.30798249e-09],
     [-1.00355132e-09]]), 2.0505552238075464), (1.612866964581704e-05, Vec([[9.27125104e-08],
     [7.40534864e-09],
     [1.75725820e-09]]), 2.056466107348076), (1.6674827270504636e-05, Vec([[ 1.63336388e-07],
     [-1.31537906e-08],
     [-1.39096308e-10]]), 2.0449360557491745), (1.718055626974504e-05, Vec([[ 2.05214437e-07],
     [-1.58882203e-08],
     [-1.69580777e-10]]), 2.037380430993364), (1.755134032667395e-05, Vec([[2.53793718e-07],
     [1.01276340e-08],
     [4.54311193e-10]]), 2.022701119612837), (1.7948074131044207e-05, Vec([[3.03706713e-07],
     [1.47141351e-08],
     [4.21894283e-09]]), 2.019644548041802), (1.815601994895963e-05, Vec([[3.38857948e-07],
     [3.63957143e-10],
     [1.66310191e-09]]), 2.003857417511586), (1.849817464353358e-05, Vec([[3.64526327e-07],
     [2.66887378e-08],
     [2.59644215e-09]]), 2.0111439669317672), (1.860328317004053e-05, Vec([[3.82147046e-07],
     [9.92431666e-09],
     [4.27715967e-10]]), 2.0007611487315575), (1.8616470632870612e-05, Vec([[ 3.96705741e-07],
     [-1.31171926e-08],
     [-7.48196923e-10]]), 1.9887418626690514), (1.8624085392133062e-05, Vec([[ 3.87861187e-07],
     [-9.26347362e-09],
     [ 2.95659218e-09]]), 1.984228009021505), (1.8709674513168843e-05, Vec([[ 3.70074020e-07],
     [ 9.36007395e-09],
     [-1.03520335e-09]]), 1.996039425055296), (1.8505630699279644e-05, Vec([[3.34736468e-07],
     [2.82369912e-09],
     [4.67660697e-09]]), 1.9849450271076547), (1.821106728171932e-05, Vec([[ 2.78378254e-07],
     [ 4.70440940e-09],
     [-2.03054851e-09]]), 1.9719514642794471), (1.797703060380308e-05, Vec([[ 2.20007774e-07],
     [-3.84652763e-09],
     [-2.49303068e-09]]), 1.9733474563271343), (1.759515926797146e-05, Vec([[ 1.82744449e-07],
     [-1.74304315e-09],
     [-2.74905296e-09]]), 1.966356538589889), (1.73756195651361e-05, Vec([[ 1.07311844e-07],
     [-3.61060324e-09],
     [-1.79163974e-09]]), 1.9857267641480085), (1.694783847007255e-05, Vec([[ 3.11189900e-08],
     [ 1.19400439e-08],
     [-3.07524446e-10]]), 1.989842077283521), (1.6498449439193432e-05, Vec([[-3.72136361e-08],
     [-6.33645113e-09],
     [-8.34148094e-10]]), 1.999859901908076), (1.616221319123492e-05, Vec([[-9.01998539e-08],
     [ 1.23208138e-08],
     [-1.42265432e-09]]), 2.033185208059043), (1.5692363463075112e-05, Vec([[-1.62817544e-07],
     [-9.01906232e-10],
     [ 9.25425952e-10]]), 2.060283006143032), (1.530312474040443e-05, Vec([[-2.08098797e-07],
     [-7.35526745e-09],
     [-2.40797888e-10]]), 2.109805705501178), (1.4577808919851677e-05, Vec([[-2.58500884e-07],
     [-6.55479783e-10],
     [-1.36783502e-10]]), 2.1247802332970127), (1.4030781896394091e-05, Vec([[-2.99106244e-07],
     [ 3.13337412e-09],
     [ 3.61926233e-10]]), 2.1784391609318408), (1.3411324627587826e-05, Vec([[-3.50651828e-07],
     [-5.95552735e-10],
     [ 5.43906521e-10]]), 2.2373251638716187), (1.36269543399448e-05, Vec([[-3.19426717e-07],
     [ 5.54044362e-09],
     [ 9.28997851e-11]]), 2.1905250703938766), (1.4453665675071542e-05, Vec([[-2.79766265e-07],
     [ 1.62489586e-09],
     [-4.29247772e-10]]), 2.1721272007699284), (1.4764811567664732e-05, Vec([[-2.41827722e-07],
     [ 7.42845498e-09],
     [-2.44611569e-10]]), 2.0911408439416506), (1.5284649418388238e-05, Vec([[-2.11426127e-07],
     [ 9.66011806e-10],
     [-5.04278434e-11]]), 2.0547433029624314), (1.597581264008021e-05, Vec([[-1.55257548e-07],
     [ 3.38628812e-09],
     [ 1.48473818e-10]]), 2.0516458922632115), (1.6320188236214914e-05, Vec([[-9.87144194e-08],
     [ 3.74426230e-09],
     [-5.38449709e-10]]), 2.0139466015047307), (1.666929251041807e-05, Vec([[-1.31662265e-08],
     [-3.75522967e-09],
     [ 5.26713780e-10]]), 1.9873465547385303), (1.703165800929187e-05, Vec([[4.79440367e-08],
     [9.50536642e-09],
     [8.94428126e-10]]), 1.971698009789092), (1.746522436965471e-05, Vec([[ 1.18997870e-07],
     [ 4.71037130e-09],
     [-2.40531529e-09]]), 1.9726609850393417), (1.7887899901593405e-05, Vec([[1.96064734e-07],
     [9.57825864e-09],
     [1.11352714e-09]]), 1.9801612097069088), (1.8091208889126865e-05, Vec([[ 2.53910838e-07],
     [-1.38700433e-08],
     [ 7.49710561e-10]]), 1.9713420845344785), (1.8343392301169323e-05, Vec([[ 3.08819577e-07],
     [-2.18412589e-09],
     [ 5.47914384e-10]]), 1.97587188257221), (1.8539817087594782e-05, Vec([[ 3.35928794e-07],
     [-7.46377702e-09],
     [ 9.12369460e-10]]), 1.9822521633645784), (1.857609850014184e-05, Vec([[3.86848265e-07],
     [7.41799566e-09],
     [5.31790781e-10]]), 1.9794541860523223), (1.880343535651913e-05, Vec([[ 4.14401100e-07],
     [-1.27931412e-08],
     [-1.64818310e-09]]), 2.0050118836263744), (1.8625835301597248e-05, Vec([[ 4.12327352e-07],
     [-8.41031116e-09],
     [-3.95827001e-09]]), 1.9954366754059225), (1.8581082229817306e-05, Vec([[ 3.80527784e-07],
     [-2.58381834e-09],
     [ 2.24117914e-10]]), 2.008195025643963), (1.856181067825621e-05, Vec([[ 3.68623141e-07],
     [ 1.16384087e-08],
     [-3.01542537e-09]]), 2.0322146604132394), (1.8232585586827493e-05, Vec([[ 3.40605337e-07],
     [ 1.62000410e-10],
     [-1.37514137e-09]]), 2.0307703864261235), (1.7699617266976737e-05, Vec([[ 2.82122216e-07],
     [-8.88368625e-09],
     [ 1.42181459e-09]]), 2.0144361734220992), (1.7393215246714435e-05, Vec([[ 2.36608675e-07],
     [-6.15004598e-09],
     [ 1.14200062e-09]]), 2.032099577064305), (1.7005325010183108e-05, Vec([[ 1.75739370e-07],
     [-7.26743935e-09],
     [-4.96789410e-10]]), 2.049423306883052), (1.6494255216120723e-05, Vec([[1.27868254e-07],
     [4.58193991e-09],
     [1.33123306e-09]]), 2.0611161220033414), (1.5778019950256674e-05, Vec([[ 6.46057364e-08],
     [-4.30372764e-09],
     [-2.16374879e-10]]), 2.0556796843948235), (1.5245458641650555e-05, Vec([[-2.08315608e-10],
     [ 4.79348037e-09],
     [-7.36418172e-10]]), 2.0835184424648547)]