[(2.0047382473119636e-05, Vec([[ 4.57586722e-09],
     [-5.19227025e-09],
     [-8.94934010e-10]]), 2.1538045692102012), (1.984909937287782e-05, Vec([[ 7.71283338e-10],
     [-2.31952758e-07],
     [ 1.78562435e-10]]), 2.1368039632312703), (1.9923966699181125e-05, Vec([[ 1.21891475e-09],
     [-4.28577970e-07],
     [ 6.47508458e-10]]), 2.157906067351214), (1.956247045487275e-05, Vec([[ 3.34798376e-10],
     [-6.71715045e-07],
     [ 1.13907303e-09]]), 2.140387293852663), (1.9295229106754463e-05, Vec([[ 4.79281304e-09],
     [-8.68835494e-07],
     [ 1.28599977e-09]]), 2.141638748825534), (1.877323890137666e-05, Vec([[-1.21811706e-09],
     [-1.02453676e-06],
     [ 8.91070718e-10]]), 2.122910616915227), (1.8447705063643e-05, Vec([[-4.21974908e-10],
     [-1.12893093e-06],
     [ 4.36998394e-10]]), 2.1348670462006987), (1.8504074615479415e-05, Vec([[ 4.71531940e-10],
     [-1.09020174e-06],
     [-1.80061451e-09]]), 2.087038362644768), (1.8966840813713817e-05, Vec([[ 1.92663941e-09],
     [-1.03798581e-06],
     [-1.24225298e-09]]), 2.0701296992831146), (1.9551122379743878e-05, Vec([[-5.94963666e-10],
     [-1.00467255e-06],
     [ 1.99326325e-09]]), 2.0752216880725913), (1.9862298773130592e-05, Vec([[ 3.32838488e-09],
     [-9.26312855e-07],
     [-5.48115333e-10]]), 2.0599011436392964), (2.0315357618371725e-05, Vec([[ 2.81959718e-09],
     [-8.99757444e-07],
     [ 1.02338880e-09]]), 2.0677917634595993), (2.05336018023502e-05, Vec([[ 6.51956626e-09],
     [-8.32004953e-07],
     [ 1.54608263e-09]]), 2.0600738385780515), (2.101882209943282e-05, Vec([[ 1.51816818e-09],
     [-7.73374386e-07],
     [ 1.96487514e-10]]), 2.0852547174313205), (2.152437448705984e-05, Vec([[ 3.35874693e-09],
     [-7.36842973e-07],
     [-1.02825475e-09]]), 2.119102048161545), (2.1573871788919366e-05, Vec([[-2.63076809e-10],
     [-7.04818048e-07],
     [-1.73087503e-09]]), 2.11633455333563), (2.16234045175629e-05, Vec([[ 4.96977443e-09],
     [-6.70178066e-07],
     [-7.62942484e-10]]), 2.1221046989904284), (2.2125317030009852e-05, Vec([[-7.05714779e-09],
     [-6.77834540e-07],
     [ 4.61842597e-10]]), 2.1810813129641264), (2.2234735843473594e-05, Vec([[-2.37360727e-09],
     [-6.34273642e-07],
     [-7.85618983e-10]]), 2.21066444387927), (2.2063799102063375e-05, Vec([[-1.08335169e-09],
     [-5.74196604e-07],
     [-7.67864572e-10]]), 2.221667453478007), (2.1594716732339962e-05, Vec([[-1.10482581e-09],
     [-4.54520380e-07],
     [-1.05972967e-10]]), 2.2115660242573356), (2.148539552146563e-05, Vec([[-1.52659656e-09],
     [-4.03302209e-07],
     [ 1.23938424e-10]]), 2.247806065227547), (2.0729224967940623e-05, Vec([[ 3.65830054e-09],
     [-3.00346108e-07],
     [-1.59676135e-09]]), 2.2256378278691313), (2.014446359594935e-05, Vec([[ 2.19563924e-09],
     [-2.24994706e-07],
     [ 3.37241439e-10]]), 2.2303972324911703), (1.9387172650222846e-05, Vec([[-3.78301267e-09],
     [-9.62940791e-08],
     [ 1.19469248e-09]]), 2.2249932777000057), (1.8892805331472676e-05, Vec([[ 3.50026957e-09],
     [-7.17276357e-08],
     [ 1.27417443e-10]]), 2.2120367756765837), (1.9647031701440894e-05, Vec([[-3.24233261e-09],
     [-1.60285799e-07],
     [-1.75609272e-09]]), 2.2132408581322567), (2.0233734760721322e-05, Vec([[-3.31105228e-09],
     [-2.46759510e-07],
     [ 6.85571093e-10]]), 2.2047278330634485), (2.0717854900680817e-05, Vec([[ 2.44988868e-09],
     [-3.91841508e-07],
     [-5.99586652e-10]]), 2.194487319354546), (2.1099270543605774e-05, Vec([[ 5.83787036e-09],
     [-4.81369293e-07],
     [-4.76355169e-10]]), 2.182770032063582), (2.1644799355224954e-05, Vec([[-2.67371004e-09],
     [-5.94179420e-07],
     [ 4.70401365e-10]]), 2.196822026190507), (2.1614131434402465e-05, Vec([[-2.75902213e-09],
     [-6.72681002e-07],
     [-4.72150463e-10]]), 2.1614995907243526), (2.1512376384866017e-05, Vec([[-2.68994446e-13],
     [-6.69160290e-07],
     [-1.23505716e-09]]), 2.1286405380703166), (2.171011399827507e-05, Vec([[-9.04086543e-09],
     [-6.83640562e-07],
     [ 4.54378150e-11]]), 2.1342970369987473), (2.1675817199337014e-05, Vec([[ 2.74206307e-09],
     [-7.31323552e-07],
     [-4.94059612e-11]]), 2.125720924532632), (2.124872626090547e-05, Vec([[ 6.67369094e-10],
     [-7.11766487e-07],
     [ 1.28942138e-09]]), 2.0871433251079314), (2.1174757504993364e-05, Vec([[ 6.76491658e-10],
     [-7.65150971e-07],
     [-5.33558566e-10]]), 2.0916190370031686), (2.080077624193717e-05, Vec([[-1.49847495e-10],
     [-7.97103519e-07],
     [-1.67727962e-10]]), 2.074744113241202), (2.02888133671487e-05, Vec([[-1.75659373e-09],
     [-8.35346354e-07],
     [ 1.60387864e-09]]), 2.0491636231255543), (1.9773163889813794e-05, Vec([[ 2.82754308e-09],
     [-8.83715628e-07],
     [ 9.26624006e-10]]), 2.0304299727359867), (1.9440214559727248e-05, Vec([[-5.61010059e-09],
     [-9.26530935e-07],
     [ 9.14785975e-10]]), 2.0384870901866523), (1.918387733005973e-05, Vec([[-4.48094837e-09],
     [-9.96857720e-07],
     [-1.53269954e-09]]), 2.063588780934232), (1.8668118917419777e-05, Vec([[-3.55275353e-09],
     [-1.04158397e-06],
     [-1.04506403e-09]]), 2.0699322646535805), (1.827637097423174e-05, Vec([[-9.95526396e-10],
     [-1.09470892e-06],
     [ 4.21748140e-10]]), 2.0995887261325086), (1.8600299159937618e-05, Vec([[-2.28435090e-09],
     [-1.04088974e-06],
     [ 1.42915469e-09]]), 2.1265849239358463), (1.907372007149471e-05, Vec([[-7.70653563e-09],
     [-9.17645791e-07],
     [-7.26748226e-10]]), 2.135709717400375), (1.9432147635542795e-05, Vec([[ 3.42970407e-09],
     [-7.71533706e-07],
     [-1.44102207e-10]]), 2.1402938600384296), (1.9903521277613084e-05, Vec([[ 4.14000932e-10],
     [-5.58434476e-07],
     [-9.56839821e-10]]), 2.165550461390218), (1.965497096650718e-05, Vec([[-1.12336769e-09],
     [-3.13102329e-07],
     [-2.22545256e-09]]), 2.121250751955152), (2.0086648741699958e-05, Vec([[-4.16399200e-09],
     [-1.07292466e-07],
     [-4.83162996e-10]]), 2.1591101887316584), (1.993795295895533e-05, Vec([[-3.30093161e-09],
     [ 1.16930195e-07],
     [-1.76793143e-10]]), 2.1431269063198513), (1.988145879812907e-05, Vec([[-2.29547952e-09],
     [ 3.13017708e-07],
     [-3.20027812e-09]]), 2.1456943130245283), (1.9717727245495705e-05, Vec([[-4.44659128e-09],
     [ 5.09445535e-07],
     [-7.66372311e-10]]), 2.145335628730034), (1.9707813780927403e-05, Vec([[-2.53604822e-09],
     [ 7.66126626e-07],
     [ 7.50953338e-10]]), 2.170656255870992), (1.912077919823614e-05, Vec([[1.03525129e-09],
     [9.28195722e-07],
     [1.21856520e-10]]), 2.140978990195473), (1.8582707038037536e-05, Vec([[ 1.30802145e-09],
     [ 1.03978052e-06],
     [-2.08475736e-09]]), 2.1245736046075354), (1.8450650395004355e-05, Vec([[-1.53316227e-09],
     [ 1.07234878e-06],
     [ 6.75913506e-11]]), 2.1196099386350897), (1.8471122277764323e-05, Vec([[ 9.63346575e-10],
     [ 1.03335405e-06],
     [-2.02216138e-09]]), 2.0480891586472945), (1.9066654071477833e-05, Vec([[ 4.88146138e-09],
     [ 9.91526003e-07],
     [-1.23468333e-09]]), 2.050979202739363), (1.9629817360182065e-05, Vec([[-3.17220719e-09],
     [ 9.49051255e-07],
     [-1.53135097e-10]]), 2.058368705165897), (2.0022090466052752e-05, Vec([[-4.53940541e-09],
     [ 8.86693676e-07],
     [-1.20600920e-09]]), 2.055991283218347), (2.0497784022900747e-05, Vec([[ 4.23809260e-10],
     [ 8.73675963e-07],
     [-4.99417254e-10]]), 2.0702695921301864), (2.059247136618835e-05, Vec([[ 5.04910817e-09],
     [ 7.73591692e-07],
     [-1.36743103e-09]]), 2.0539670369584435), (2.102386650527868e-05, Vec([[ 1.50618120e-09],
     [ 7.83597857e-07],
     [-4.19065739e-10]]), 2.076714191578551), (2.1050228561215405e-05, Vec([[-2.80264815e-09],
     [ 7.37704754e-07],
     [ 7.03738645e-10]]), 2.067646008239596), (2.1443541696190858e-05, Vec([[-3.86550339e-09],
     [ 7.33918331e-07],
     [ 1.47633376e-09]]), 2.102941949569268), (2.178462759502888e-05, Vec([[ 4.54855819e-09],
     [ 6.82585267e-07],
     [-1.23211058e-09]]), 2.141622385395372), (2.1820097473246452e-05, Vec([[2.15816491e-09],
     [6.71154611e-07],
     [4.10926205e-10]]), 2.1590894095211954), (2.176483547912332e-05, Vec([[-2.13704334e-11],
     [ 6.47004332e-07],
     [-2.09229545e-10]]), 2.1765705979481806), (2.1678241567028386e-05, Vec([[-9.38336117e-10],
     [ 5.84618716e-07],
     [-2.60510129e-10]]), 2.2002162173903694), (2.129151194443895e-05, Vec([[-6.85364794e-09],
     [ 4.60396463e-07],
     [-3.89354548e-10]]), 2.2026578650478252), (2.0658543766346696e-05, Vec([[ 3.34655805e-10],
     [ 3.56902581e-07],
     [-4.62953379e-10]]), 2.188204934772904), (2.0152591454281272e-05, Vec([[ 2.55675040e-09],
     [ 2.29765956e-07],
     [-1.45281502e-09]]), 2.195886217400755), (1.9567178562179543e-05, Vec([[2.95671969e-09],
     [1.46414398e-07],
     [8.53357076e-10]]), 2.2042453908703807), (1.9113596197282652e-05, Vec([[-1.79630471e-09],
     [ 5.85078617e-08],
     [ 3.47025216e-10]]), 2.237887754731106), (1.9493786998672805e-05, Vec([[3.79787100e-09],
     [1.00880510e-07],
     [9.68539014e-10]]), 2.2372290076275827), (2.0293680851652337e-05, Vec([[-1.21081499e-10],
     [ 1.63716411e-07],
     [-5.64914001e-10]]), 2.2469185835102574), (2.070823299751887e-05, Vec([[ 2.50793078e-09],
     [ 2.85074159e-07],
     [-4.24567230e-10]]), 2.2233839798104413), (2.128679745793029e-05, Vec([[-2.99536411e-09],
     [ 3.95384554e-07],
     [ 9.84296810e-10]]), 2.2270286989784025), (2.1616996698968118e-05, Vec([[3.02580494e-09],
     [4.34918294e-07],
     [1.20150469e-09]]), 2.2138477683444253), (2.1932798836858156e-05, Vec([[-1.95267391e-09],
     [ 5.74154244e-07],
     [-2.33364314e-10]]), 2.2084766596234626), (2.245087448071478e-05, Vec([[ 3.47540417e-09],
     [ 6.50286323e-07],
     [-1.43738163e-09]]), 2.232153792961772), (2.1948916766960967e-05, Vec([[-3.16750280e-09],
     [ 6.73956116e-07],
     [ 7.64441883e-10]]), 2.1636920336685566), (2.1689783019138893e-05, Vec([[ 1.47536706e-09],
     [ 6.48235604e-07],
     [-1.36341267e-09]]), 2.1286190353425942), (2.154591942747862e-05, Vec([[ 3.93904858e-10],
     [ 7.08450830e-07],
     [-3.76728405e-10]]), 2.1135925073578283), (2.1205073965317836e-05, Vec([[-3.97788663e-09],
     [ 7.63069652e-07],
     [-1.31713253e-09]]), 2.087666505632339), (2.0993470873944173e-05, Vec([[2.65563387e-09],
     [7.79072751e-07],
     [1.40487660e-09]]), 2.082739649636713), (2.0778570344449284e-05, Vec([[ 6.57795182e-10],
     [ 8.39070322e-07],
     [-1.03704381e-10]]), 2.084650787605823), (2.0121694796296464e-05, Vec([[ 1.77764024e-09],
     [ 8.52938675e-07],
     [-9.61930281e-10]]), 2.0480798590029714), (1.9583563870096298e-05, Vec([[-3.42345978e-09],
     [ 9.10895763e-07],
     [ 4.83185551e-10]]), 2.030993797511302), (1.9250783643330284e-05, Vec([[-7.18092852e-10],
     [ 9.67005780e-07],
     [ 7.03264674e-10]]), 2.0433427274959057), (1.903336951928615e-05, Vec([[1.06117401e-10],
     [1.03768755e-06],
     [2.07282602e-11]]), 2.07739095331128), (1.878267105073195e-05, Vec([[ 4.82812291e-10],
     [ 1.10820027e-06],
     [-3.42415383e-10]]), 2.118460709352218), (1.8483892538223992e-05, Vec([[ 3.13881293e-09],
     [ 1.14424526e-06],
     [-1.18588045e-09]]), 2.1390548542072576), (1.8822536487028322e-05, Vec([[3.69242711e-09],
     [1.03436638e-06],
     [6.40213013e-11]]), 2.128485273931951), (1.916603805657665e-05, Vec([[-9.48986329e-10],
     [ 8.72442073e-07],
     [-1.91504283e-09]]), 2.1272994239317233), (1.9560143302488568e-05, Vec([[-1.57060476e-09],
     [ 6.42788613e-07],
     [-6.57652594e-10]]), 2.1401326732818386), (1.9996215794820953e-05, Vec([[ 7.77490159e-10],
     [ 4.47600313e-07],
     [-3.91924578e-10]]), 2.165731153800903), (1.965964287043543e-05, Vec([[ 1.29020897e-10],
     [ 2.60793869e-07],
     [-7.93882392e-10]]), 2.116408508622786), (1.991981848105401e-05, Vec([[ 7.67049410e-09],
     [ 1.61273884e-08],
     [-1.19068086e-09]]), 2.140099642427562)]