[(2.009073800356279e-05, Vec([[-3.16128989e-09],
     [ 1.12890368e-08],
     [-1.75486320e-09]]), 2.1584625009723255), (2.0002073519952607e-05, Vec([[ 5.20308328e-09],
     [-2.05321816e-07],
     [-1.12042908e-09]]), 2.1532720032970065), (1.970500391497399e-05, Vec([[ 3.12268093e-09],
     [-4.64913583e-07],
     [-1.49108376e-10]]), 2.1341908540255403), (1.9501810328223018e-05, Vec([[ 5.66830349e-09],
     [-6.75040548e-07],
     [-3.29510271e-10]]), 2.1337502914032997), (1.9352086437231457e-05, Vec([[-2.33169538e-09],
     [-8.69782682e-07],
     [-1.94261822e-10]]), 2.1479495244805213), (1.9005036942633677e-05, Vec([[ 9.06547671e-10],
     [-1.01848562e-06],
     [-8.97292332e-11]]), 2.1491227439408194), (1.8105969514006167e-05, Vec([[-3.29808193e-09],
     [-1.11254724e-06],
     [-2.43664020e-10]]), 2.0953195815747168), (1.860809996564618e-05, Vec([[ 4.20738843e-09],
     [-1.07508770e-06],
     [ 5.82453025e-10]]), 2.0987711783081884), (1.9126984726927387e-05, Vec([[-6.64330734e-10],
     [-1.03501884e-06],
     [ 7.40837006e-11]]), 2.0876085548373364), (1.9565858567699296e-05, Vec([[-6.74747647e-09],
     [-9.72559717e-07],
     [-1.39632504e-10]]), 2.0767858364754614), (1.9834428633125274e-05, Vec([[-3.32007417e-09],
     [-9.28027048e-07],
     [-1.58217747e-09]]), 2.0570107564829017), (2.0038306980562234e-05, Vec([[ 5.38574561e-09],
     [-8.79016747e-07],
     [-5.37037091e-12]]), 2.0395922585488107), (2.0468935851005273e-05, Vec([[ 3.44468336e-09],
     [-8.34720838e-07],
     [ 7.90594864e-10]]), 2.053586100289623), (2.071235584107294e-05, Vec([[ 1.87342667e-09],
     [-7.68582381e-07],
     [ 6.88403579e-10]]), 2.054850529796291), (2.125420176340193e-05, Vec([[ 5.67093143e-09],
     [-7.52309332e-07],
     [-2.35787982e-09]]), 2.0925031998463446), (2.1550797293684025e-05, Vec([[ 5.87191756e-09],
     [-7.12536164e-07],
     [-5.18630146e-11]]), 2.114071011953484), (2.17683029181686e-05, Vec([[ 3.03346757e-09],
     [-6.88588113e-07],
     [ 1.04831275e-09]]), 2.136324919333243), (2.2135112041206764e-05, Vec([[-7.18704051e-09],
     [-6.50316431e-07],
     [-2.04408848e-10]]), 2.1820468908065993), (2.2004992854776687e-05, Vec([[ 7.04036762e-10],
     [-6.50700554e-07],
     [ 1.71765601e-09]]), 2.187822496940113), (2.2215153504192667e-05, Vec([[-4.47302494e-09],
     [-5.68119405e-07],
     [-2.15270709e-10]]), 2.236907763979195), (2.170032327492973e-05, Vec([[-4.55624013e-09],
     [-4.88618111e-07],
     [-3.18653066e-10]]), 2.2223814401030575), (2.1028296816498198e-05, Vec([[-1.30728728e-09],
     [-4.03271156e-07],
     [-1.12946935e-09]]), 2.1999843139171307), (2.0590237685669982e-05, Vec([[-1.99231922e-09],
     [-2.62321077e-07],
     [ 1.05381144e-09]]), 2.2107151593423207), (2.030667896201807e-05, Vec([[ 2.47425727e-09],
     [-2.03153584e-07],
     [-1.31484312e-10]]), 2.248357735724424), (1.938843089209826e-05, Vec([[ 8.54729554e-09],
     [-1.00764617e-07],
     [-1.27041193e-10]]), 2.225137681412966), (1.9018071587272416e-05, Vec([[ 6.57411607e-09],
     [-4.96785759e-08],
     [ 4.42979541e-11]]), 2.2267033939854453), (1.9548763353526592e-05, Vec([[-7.93422368e-11],
     [-1.39939658e-07],
     [-4.97976869e-10]]), 2.2021709150502624), (2.0230514667488628e-05, Vec([[-8.09460349e-10],
     [-2.69730922e-07],
     [ 2.48441846e-09]]), 2.2043769621412417), (2.0840239000499733e-05, Vec([[ 3.05208024e-10],
     [-3.57695968e-07],
     [-1.38324356e-09]]), 2.2074505511384706), (2.1039083112503004e-05, Vec([[-1.69869674e-10],
     [-4.51530629e-07],
     [ 1.48161053e-09]]), 2.1765434982767147), (2.1681812087632476e-05, Vec([[-7.85314639e-10],
     [-5.96266185e-07],
     [-4.08230006e-11]]), 2.200578604593841), (2.1909017456699883e-05, Vec([[ 3.94920692e-09],
     [-6.57001144e-07],
     [-3.57969411e-10]]), 2.1909893723720986), (2.1847195889870866e-05, Vec([[-1.21213233e-09],
     [-6.55534129e-07],
     [ 1.10591206e-09]]), 2.161770786376652), (2.1812771946440994e-05, Vec([[-2.52098853e-09],
     [-6.67155051e-07],
     [ 2.52465230e-10]]), 2.1443892251195606), (2.1378929875687075e-05, Vec([[ 2.99154355e-09],
     [-6.82427530e-07],
     [-1.00730481e-09]]), 2.0966055472295575), (2.1279968485947768e-05, Vec([[ 4.45217030e-09],
     [-7.40203195e-07],
     [ 6.61358940e-10]]), 2.0902120738252847), (2.130209692513294e-05, Vec([[-6.92427818e-09],
     [-7.79887667e-07],
     [ 1.03511314e-10]]), 2.1041974835455703), (2.092248758330867e-05, Vec([[-1.07944349e-09],
     [-8.09454881e-07],
     [-1.20078365e-09]]), 2.086884039467421), (2.0515829696617918e-05, Vec([[ 7.41740735e-09],
     [-8.60952067e-07],
     [ 2.11654866e-09]]), 2.072092199370286), (2.008355987762968e-05, Vec([[-3.23819400e-09],
     [-8.74396742e-07],
     [ 5.91284430e-10]]), 2.062303340123744), (1.964222301952204e-05, Vec([[ 4.22350776e-09],
     [-9.56036265e-07],
     [ 3.40797317e-10]]), 2.059669553792442), (1.920667599884494e-05, Vec([[ 1.71138282e-11],
     [-9.71103193e-07],
     [-7.76582125e-10]]), 2.0660412088931865), (1.8812692882286416e-05, Vec([[ 3.61201153e-09],
     [-1.04561529e-06],
     [-1.45534510e-09]]), 2.0859627129183544), (1.8388833088200395e-05, Vec([[-3.91049816e-09],
     [-1.10466544e-06],
     [ 2.77791712e-10]]), 2.112508369038561), (1.859023029324208e-05, Vec([[ 6.06700447e-09],
     [-1.04736139e-06],
     [-8.90218608e-10]]), 2.12543374352032), (1.9151070774089866e-05, Vec([[-5.95625281e-09],
     [-9.36535395e-07],
     [ 7.28339655e-11]]), 2.1443707780933603), (1.9536506402492182e-05, Vec([[-4.27179935e-10],
     [-7.65230086e-07],
     [ 1.17388976e-10]]), 2.1517881339772718), (1.99196927393051e-05, Vec([[ 1.22518187e-09],
     [-5.48213695e-07],
     [ 6.61481689e-10]]), 2.167309954890893), (1.990834551891175e-05, Vec([[ 5.55850315e-10],
     [-3.39189970e-07],
     [-5.11637520e-10]]), 2.148596045963999), (2.0046688771741428e-05, Vec([[ 2.22597291e-09],
     [-1.29427130e-07],
     [ 4.30801793e-10]]), 2.1548148988907125), (1.9878747697944224e-05, Vec([[-7.42240295e-09],
     [ 1.04704333e-07],
     [ 7.21321896e-11]]), 2.1367629436738467), (1.952677002217737e-05, Vec([[-2.42213188e-09],
     [ 3.17538953e-07],
     [-1.65607678e-09]]), 2.107414743241409), (1.9855487851989087e-05, Vec([[-7.11995137e-09],
     [ 5.40498849e-07],
     [ 7.83210954e-10]]), 2.1603243104206795), (1.9625942505457634e-05, Vec([[-1.00127779e-09],
     [ 7.64926766e-07],
     [-5.61281866e-10]]), 2.1616387971995192), (1.9361106532154917e-05, Vec([[8.05518040e-10],
     [9.29310267e-07],
     [7.52216830e-10]]), 2.1678887603128576), (1.85676801866113e-05, Vec([[-2.55563512e-09],
     [ 1.04512373e-06],
     [ 1.36370195e-10]]), 2.1228555744069197), (1.8177607979500355e-05, Vec([[-3.99308456e-09],
     [ 1.08441098e-06],
     [-1.39571816e-09]]), 2.0882428374662383), (1.8693384005195167e-05, Vec([[ 6.23999018e-09],
     [ 1.02366424e-06],
     [-3.38976070e-10]]), 2.0727336727968932), (1.894833750997387e-05, Vec([[-2.75801452e-11],
     [ 9.75925289e-07],
     [-4.16008106e-10]]), 2.038252019140471), (1.9588539365948537e-05, Vec([[1.88167360e-09],
     [9.55895564e-07],
     [1.36398723e-10]]), 2.054040324010672), (2.0162681344262214e-05, Vec([[ 6.07111665e-09],
     [ 8.89030041e-07],
     [-1.14805387e-09]]), 2.0704280185127337), (2.0294487657867977e-05, Vec([[-3.90351908e-09],
     [ 8.45162306e-07],
     [ 7.29028038e-10]]), 2.0497367246627705), (2.0734157237478424e-05, Vec([[ 8.03239740e-09],
     [ 8.10539879e-07],
     [-6.26730773e-10]]), 2.0680992945227485), (2.0797473130475374e-05, Vec([[-3.07651448e-09],
     [ 7.72095222e-07],
     [-4.07971212e-10]]), 2.054351305369426), (2.1410200344430183e-05, Vec([[6.56830793e-09],
     [7.58209661e-07],
     [4.53499051e-11]]), 2.103004019601728), (2.1542643117830547e-05, Vec([[ 5.53342852e-09],
     [ 7.34578397e-07],
     [-4.13167284e-10]]), 2.112660704977339), (2.174014984222625e-05, Vec([[3.62818709e-09],
     [6.84814150e-07],
     [1.69992865e-10]]), 2.137249827239917), (2.18667092104375e-05, Vec([[3.95651735e-09],
     [6.58899922e-07],
     [1.80857565e-09]]), 2.1637016211876174), (2.1911992570625454e-05, Vec([[4.14685070e-09],
     [6.91923064e-07],
     [1.13259355e-09]]), 2.1912868956638394), (2.152557853228489e-05, Vec([[1.63600356e-09],
     [5.91845796e-07],
     [1.12540487e-09]]), 2.184721801766293), (2.119170638906399e-05, Vec([[ 3.88879004e-09],
     [ 4.85196047e-07],
     [-1.14539487e-09]]), 2.1923327414917435), (2.072854708410327e-05, Vec([[-6.13835490e-10],
     [ 3.36658248e-07],
     [-1.71182372e-10]]), 2.1956198623252976), (2.0005904383753337e-05, Vec([[2.60231838e-09],
     [2.50643552e-07],
     [8.28209807e-10]]), 2.179902758540195), (1.983373929987153e-05, Vec([[2.16595648e-09],
     [1.50136409e-07],
     [2.46246369e-10]]), 2.234273495105104), (1.9078186335130908e-05, Vec([[4.44903272e-09],
     [2.92850306e-08],
     [1.05581789e-09]]), 2.2337418422566455), (1.9601738842045095e-05, Vec([[5.93623191e-11],
     [1.05915731e-07],
     [7.67027253e-10]]), 2.249618236843835), (2.027441204602297e-05, Vec([[ 7.75216155e-09],
     [ 1.66797216e-07],
     [-1.48909993e-09]]), 2.2447851392244633), (2.0643330819069986e-05, Vec([[5.46096805e-09],
     [2.92265224e-07],
     [2.17751376e-10]]), 2.2164156178147394), (2.1407213326011604e-05, Vec([[-3.45278553e-09],
     [ 3.92142909e-07],
     [ 1.11904044e-10]]), 2.239626629435507), (2.179528176364422e-05, Vec([[9.34836217e-09],
     [4.63915378e-07],
     [7.27529685e-10]]), 2.232106363562751), (2.202047169651431e-05, Vec([[-1.88437233e-09],
     [ 5.82517663e-07],
     [ 1.70089281e-09]]), 2.2173046922732524), (2.2091525065781794e-05, Vec([[2.57597792e-09],
     [6.54535249e-07],
     [1.07218131e-09]]), 2.1964258679657873), (2.2048862487332147e-05, Vec([[-8.70978229e-09],
     [ 6.48465845e-07],
     [ 6.08933723e-10]]), 2.1735445362436225), (2.174279733669321e-05, Vec([[ 3.67617708e-09],
     [ 6.68494674e-07],
     [-1.09850404e-09]]), 2.1338218206997475), (2.145664524214696e-05, Vec([[-5.70630003e-09],
     [ 7.14117421e-07],
     [-9.95070057e-10]]), 2.104834967450907), (2.136470470970664e-05, Vec([[-1.05623500e-09],
     [ 7.39814929e-07],
     [-6.78951553e-10]]), 2.1033823554744435), (2.089882557941144e-05, Vec([[3.02552917e-09],
     [7.75134758e-07],
     [5.51987467e-10]]), 2.0733499918350806), (2.051626393700897e-05, Vec([[-5.81501050e-10],
     [ 8.12285361e-07],
     [-2.75518636e-10]]), 2.0583343832623173), (2.0281352222821918e-05, Vec([[-2.28653143e-09],
     [ 8.99557188e-07],
     [-1.57041131e-09]]), 2.0643305358429367), (1.9797961037231464e-05, Vec([[3.87750247e-09],
     [9.33562470e-07],
     [7.90124013e-10]]), 2.0532287349079836), (1.9517974318015227e-05, Vec([[-1.91627750e-09],
     [ 9.90857948e-07],
     [ 3.11945363e-10]]), 2.071703241648864), (1.894522150217507e-05, Vec([[3.69625126e-09],
     [1.02322574e-06],
     [7.94342473e-10]]), 2.067770066525399), (1.853252617408981e-05, Vec([[ 5.14339085e-09],
     [ 1.11168724e-06],
     [-4.12867191e-10]]), 2.0902473582595644), (1.8155012754608308e-05, Vec([[-5.89966710e-10],
     [ 1.12011971e-06],
     [-1.32929806e-09]]), 2.1009951275485483), (1.894977213435955e-05, Vec([[-1.91127613e-09],
     [ 1.03722718e-06],
     [-5.36631775e-10]]), 2.142873302976301), (1.9507500594943412e-05, Vec([[2.53664394e-09],
     [8.82293393e-07],
     [1.01717078e-09]]), 2.165199435348669), (1.9364901152910485e-05, Vec([[-6.26298487e-10],
     [ 6.59209163e-07],
     [-5.62945620e-10]]), 2.118770656805166), (1.97886034392058e-05, Vec([[3.12699683e-10],
     [4.40994262e-07],
     [1.00470008e-09]]), 2.143245271917883), (2.0007051629598932e-05, Vec([[-7.33342706e-10],
     [ 2.12932780e-07],
     [-1.15836182e-09]]), 2.153807908942993), (2.0045096961595954e-05, Vec([[-1.46730352e-09],
     [-1.10367246e-08],
     [ 2.31436368e-09]]), 2.15355902367979)]