[(1.5221298347688555e-05, Vec([[ 2.04485119e-09],
     [ 1.65689670e-08],
     [-5.53474837e-10]]), 2.080216579318037), (1.582461087316421e-05, Vec([[-6.75077656e-08],
     [-6.91103328e-09],
     [ 1.70642876e-09]]), 2.061749901950649), (1.631945975763472e-05, Vec([[-1.21268826e-07],
     [ 1.67385637e-08],
     [ 9.58740590e-10]]), 2.03927374519894), (1.701966054466044e-05, Vec([[-1.83539509e-07],
     [-6.59429610e-09],
     [-1.99124063e-09]]), 2.051150976213505), (1.7416134835355206e-05, Vec([[-2.27011228e-07],
     [-3.66533172e-09],
     [ 1.10081802e-09]]), 2.0347773388077646), (1.7502267393439536e-05, Vec([[-2.77746157e-07],
     [ 3.42133919e-08],
     [ 2.19005544e-09]]), 1.991975307852122), (1.82373245136927e-05, Vec([[-3.21128616e-07],
     [-1.67849661e-08],
     [-4.55355482e-09]]), 2.0312982145992304), (1.8440407596071857e-05, Vec([[-3.64811637e-07],
     [ 8.93220453e-09],
     [ 2.83944837e-10]]), 2.018923008660567), (1.8600929053498915e-05, Vec([[-3.7930325e-07],
     [-4.1461798e-09],
     [-3.3393564e-09]]), 2.010340018712681), (1.864377169540987e-05, Vec([[-4.04151281e-07],
     [-3.04577439e-09],
     [ 1.42076658e-09]]), 1.99735825032907), (1.881625024656747e-05, Vec([[-3.94280524e-07],
     [ 6.50923688e-09],
     [ 1.26863451e-09]]), 2.006378336423276), (1.8699500335428387e-05, Vec([[-3.64361524e-07],
     [ 9.84719233e-09],
     [ 1.73026892e-09]]), 1.99260378683758), (1.86815411812781e-05, Vec([[-3.42542057e-07],
     [-1.36240846e-08],
     [-5.55376561e-09]]), 1.997405111744669), (1.840951896001443e-05, Vec([[-3.18343777e-07],
     [-7.55203594e-09],
     [-5.77898751e-10]]), 1.9829947638667527), (1.8136150673581512e-05, Vec([[-2.38885937e-07],
     [-8.48414888e-09],
     [-2.59193328e-09]]), 1.9762392493172471), (1.779277124572049e-05, Vec([[-1.82399531e-07],
     [ 8.65045013e-09],
     [ 4.78426473e-11]]), 1.9696306233704803), (1.7446894640469314e-05, Vec([[-1.09706340e-07],
     [-5.46502934e-09],
     [ 1.68814960e-09]]), 1.970590680022636), (1.723361965354562e-05, Vec([[-3.92087521e-08],
     [-9.95340977e-09],
     [-6.51472541e-10]]), 1.9950784329875604), (1.6532321649758864e-05, Vec([[ 2.58237457e-08],
     [ 1.85090991e-09],
     [-2.26801506e-09]]), 1.9710166134491502), (1.6229982071124597e-05, Vec([[ 8.66912538e-08],
     [ 3.39174007e-10],
     [-1.80575319e-09]]), 2.0028149652154315), (1.5760266503143316e-05, Vec([[ 1.30263140e-07],
     [-6.69873486e-09],
     [ 2.85638186e-09]]), 2.0239650251672674), (1.5339396213055498e-05, Vec([[ 2.05737266e-07],
     [-2.83387072e-09],
     [-9.52570223e-10]]), 2.0621030144364734), (1.5022480086825486e-05, Vec([[ 2.49144943e-07],
     [-1.72818484e-09],
     [-1.62923394e-09]]), 2.1276344464604273), (1.4346649313858997e-05, Vec([[ 2.98680803e-07],
     [-2.60696070e-09],
     [-5.30459146e-11]]), 2.156044557491544), (1.3794334003547271e-05, Vec([[ 3.25969008e-07],
     [-1.60635914e-09],
     [ 5.00758557e-10]]), 2.217431255022422), (1.3389517112769929e-05, Vec([[ 3.42189129e-07],
     [-2.42222986e-09],
     [-4.56839431e-10]]), 2.233687156216266), (1.4120981965105414e-05, Vec([[ 3.05052703e-07],
     [-2.67843308e-09],
     [-5.72225713e-10]]), 2.1924437519411266), (1.4576978877009925e-05, Vec([[ 2.74911474e-07],
     [-3.47527660e-09],
     [-4.60532512e-10]]), 2.124659250875536), (1.5038366177426845e-05, Vec([[2.11883630e-07],
     [1.49400084e-09],
     [7.17447829e-10]]), 2.0733040670302083), (1.5591901261390178e-05, Vec([[ 1.77776963e-07],
     [-3.33018972e-09],
     [ 2.62230890e-10]]), 2.0470931149339595), (1.6014012725735094e-05, Vec([[ 9.62414929e-08],
     [ 6.07169739e-09],
     [-7.39902973e-10]]), 2.014541783998463), (1.656724428915254e-05, Vec([[5.86877555e-08],
     [4.77695068e-09],
     [9.34517925e-10]]), 2.0081988711183683), (1.7048850290799467e-05, Vec([[-3.15114177e-08],
     [ 4.69976650e-09],
     [-2.18464070e-09]]), 2.001701853475061), (1.7305900532597915e-05, Vec([[-9.85854644e-08],
     [ 1.13797011e-09],
     [ 2.46909477e-09]]), 1.9777591087580755), (1.755711339123648e-05, Vec([[-1.55341284e-07],
     [ 2.88865171e-09],
     [-2.64795943e-10]]), 1.96210470106203), (1.78464046615737e-05, Vec([[-2.20981338e-07],
     [ 5.01584580e-09],
     [ 1.33019213e-09]]), 1.9590085826549628), (1.8275195250693994e-05, Vec([[-2.61276030e-07],
     [-4.28538495e-09],
     [-7.90386334e-10]]), 1.9788954418269806), (1.8582151825279836e-05, Vec([[-3.36536306e-07],
     [ 2.11910129e-10],
     [-1.56459770e-09]]), 1.9931528115917945), (1.8654094491377082e-05, Vec([[-3.59097884e-07],
     [-5.07898732e-09],
     [-3.20344231e-10]]), 1.990109876967022), (1.878152265667458e-05, Vec([[-3.98345870e-07],
     [-3.21378873e-09],
     [ 3.73236101e-09]]), 2.001001526936052), (1.881747673512711e-05, Vec([[-4.13542620e-07],
     [-9.15072924e-09],
     [ 3.87743692e-09]]), 2.0102147432215878), (1.865287214536064e-05, Vec([[-3.99994936e-07],
     [ 8.49565419e-09],
     [-1.60151704e-09]]), 2.006094384500698), (1.823758863657735e-05, Vec([[-3.66215371e-07],
     [ 1.55814984e-09],
     [-1.56823204e-09]]), 1.9828127404266664), (1.8218758994368624e-05, Vec([[-3.47082788e-07],
     [ 1.11321615e-08],
     [-2.19964566e-09]]), 2.0107818481887842), (1.7822616102575054e-05, Vec([[-3.13296018e-07],
     [ 6.80462938e-09],
     [-8.83957487e-10]]), 2.0055271212161827), (1.7743347025841093e-05, Vec([[-2.59878354e-07],
     [-1.16906218e-08],
     [ 2.09833879e-09]]), 2.0448288977853286), (1.7218008234883956e-05, Vec([[-2.07556787e-07],
     [-9.20370400e-09],
     [-9.66104045e-11]]), 2.04182172495837), (1.6601482637002926e-05, Vec([[-1.53424491e-07],
     [-2.33373184e-08],
     [ 4.36058304e-09]]), 2.035941354748064), (1.6155990472469938e-05, Vec([[-9.93933277e-08],
     [ 9.70202645e-09],
     [ 6.32083424e-10]]), 2.0599496156144257), (1.5351929918420962e-05, Vec([[-3.52492175e-08],
     [-1.28401734e-08],
     [ 8.11201563e-10]]), 2.0469169082210006), (1.5482565057118407e-05, Vec([[ 3.19401823e-08],
     [ 9.72034203e-09],
     [-2.11386527e-10]]), 2.064334866460032), (1.6134392466462573e-05, Vec([[9.37119764e-08],
     [2.07463233e-08],
     [1.98377842e-09]]), 2.057195788527889), (1.6771909268518886e-05, Vec([[1.60233765e-07],
     [6.55528430e-09],
     [7.16813067e-10]]), 2.056841814944334), (1.717645921289762e-05, Vec([[ 2.16270485e-07],
     [-9.42406606e-09],
     [-3.72084977e-10]]), 2.036894575744294), (1.756371330407084e-05, Vec([[ 2.54365432e-07],
     [-1.74594102e-08],
     [ 9.59721590e-11]]), 2.0241270412101526), (1.786904907444911e-05, Vec([[ 2.99611909e-07],
     [-1.06611003e-08],
     [-2.19759124e-09]]), 2.010752088408213), (1.817035130393051e-05, Vec([[3.24385152e-07],
     [1.84380596e-08],
     [2.89537544e-09]]), 2.005439151396111), (1.844011111569555e-05, Vec([[ 3.87888165e-07],
     [-1.72911266e-08],
     [-1.74909054e-09]]), 2.0048312298125373), (1.8610595200686616e-05, Vec([[ 3.92699671e-07],
     [-2.42428649e-09],
     [-3.85662106e-09]]), 2.0015475489976455), (1.8700882887187598e-05, Vec([[4.09797947e-07],
     [8.64554800e-09],
     [2.30910725e-09]]), 1.9977593712609345), (1.8769967777954335e-05, Vec([[4.08576772e-07],
     [6.54588983e-10],
     [2.58209733e-09]]), 1.9997704590197056), (1.875050574714056e-05, Vec([[3.78660449e-07],
     [6.71188190e-11],
     [3.37606787e-09]]), 2.0003955004495437), (1.843309211809831e-05, Vec([[ 3.20745767e-07],
     [ 8.71907085e-09],
     [-1.43144481e-10]]), 1.9771644170690608), (1.804068881016085e-05, Vec([[ 3.07666785e-07],
     [-1.01782123e-08],
     [-8.30289657e-10]]), 1.9535023491741133), (1.7959326827877623e-05, Vec([[2.37707627e-07],
     [1.17394245e-09],
     [1.85993054e-09]]), 1.9714041041707167), (1.7557414937172507e-05, Vec([[1.44423615e-07],
     [5.24146140e-09],
     [3.62805288e-09]]), 1.9621384004911722), (1.72441376509309e-05, Vec([[1.05481079e-07],
     [5.07187992e-09],
     [8.70436970e-10]]), 1.9707007010450532), (1.672576919840253e-05, Vec([[ 3.23329754e-08],
     [-4.69900693e-09],
     [-8.78951844e-10]]), 1.9637689717591198), (1.6611071971472633e-05, Vec([[-4.03405687e-08],
     [ 8.83937277e-10],
     [ 1.08244818e-09]]), 2.0135114445688953), (1.62030978336387e-05, Vec([[-9.65847587e-08],
     [-9.05092410e-10],
     [-1.99613852e-10]]), 2.038328442416156), (1.5802533514722647e-05, Vec([[-1.32842565e-07],
     [ 3.94437983e-10],
     [-6.01480389e-10]]), 2.074747461145582), (1.5144481361248385e-05, Vec([[-1.99454220e-07],
     [ 3.69515506e-09],
     [-7.39030650e-10]]), 2.087933917081412), (1.465781901982988e-05, Vec([[-2.77453382e-07],
     [ 4.26232284e-10],
     [ 1.92902188e-10]]), 2.1364420598329814), (1.4105814004392897e-05, Vec([[-2.91572603e-07],
     [ 5.49321115e-09],
     [ 5.11070389e-10]]), 2.1900887527791686), (1.3274880634532284e-05, Vec([[-3.41620548e-07],
     [-5.26531552e-09],
     [ 3.14604831e-10]]), 2.21456308871505), (1.3821806419497758e-05, Vec([[-3.41582523e-07],
     [-7.71697064e-09],
     [-1.80916104e-10]]), 2.221847430081248), (1.4336397456661233e-05, Vec([[-2.85260886e-07],
     [ 4.00469468e-09],
     [ 3.39691304e-11]]), 2.154503886883944), (1.4797470034812266e-05, Vec([[-2.58635532e-07],
     [-7.89744171e-09],
     [-6.18577875e-10]]), 2.0957662639302335), (1.550546269241183e-05, Vec([[-1.92622882e-07],
     [ 2.80660280e-09],
     [ 3.40660506e-10]]), 2.0844276341882), (1.589219605197639e-05, Vec([[-1.36872311e-07],
     [-5.70977184e-09],
     [-2.40136557e-09]]), 2.0409076823597063), (1.624375791988995e-05, Vec([[-7.75458173e-08],
     [-1.22927756e-08],
     [ 3.92866237e-10]]), 2.0045149348115103), (1.66479976013097e-05, Vec([[-2.57792178e-08],
     [ 1.34851609e-08],
     [-7.18812016e-10]]), 1.9848077328765024), (1.7194370860662362e-05, Vec([[ 5.82311540e-08],
     [-8.58692629e-09],
     [ 1.58332241e-09]]), 1.9905347316771949), (1.7179802777687075e-05, Vec([[1.42526167e-07],
     [1.23935220e-09],
     [2.02191815e-09]]), 1.9404232063056979), (1.7794617244331594e-05, Vec([[ 1.79448503e-07],
     [ 1.01702008e-08],
     [-5.36336870e-10]]), 1.9698349723920534), (1.8016594916074745e-05, Vec([[ 2.57087906e-07],
     [ 6.70015661e-09],
     [-5.53963213e-09]]), 1.963211634763354), (1.8477392402250422e-05, Vec([[ 3.10739554e-07],
     [-1.19322982e-10],
     [ 3.50437748e-10]]), 1.9903058012084647), (1.854375538868584e-05, Vec([[ 3.46074022e-07],
     [-1.49730008e-08],
     [-1.48430836e-09]]), 1.9826732411897179), (1.8572591412056702e-05, Vec([[ 3.80758023e-07],
     [-1.01887509e-08],
     [ 5.76656905e-09]]), 1.9790804735533853), (1.9064924472591242e-05, Vec([[ 4.14792258e-07],
     [ 5.58245783e-09],
     [-2.33346445e-09]]), 2.0328944899279815), (1.8707475603704178e-05, Vec([[ 4.05869819e-07],
     [ 8.73199606e-09],
     [-1.73777562e-09]]), 2.0041830242475993), (1.8765235075837056e-05, Vec([[ 3.91507675e-07],
     [-4.18563622e-09],
     [-2.36823151e-10]]), 2.02809778613773), (1.8288130806951037e-05, Vec([[ 3.50113708e-07],
     [ 1.46532312e-09],
     [-1.43035365e-09]]), 2.002251190988465), (1.802182231085128e-05, Vec([[ 3.32858378e-07],
     [-1.70614650e-08],
     [ 1.86338100e-09]]), 2.00729528371179), (1.7768313496641485e-05, Vec([[ 2.81137087e-07],
     [-7.26969908e-09],
     [ 6.04903314e-10]]), 2.0222546571738675), (1.7499589495231112e-05, Vec([[ 2.32618367e-07],
     [-1.94484038e-08],
     [-6.25543492e-10]]), 2.044527587777396), (1.700083678216333e-05, Vec([[ 1.85896567e-07],
     [-1.14918334e-08],
     [ 1.05756171e-09]]), 2.048882401072382), (1.6589855137582737e-05, Vec([[1.26533547e-07],
     [2.32297876e-09],
     [1.27812014e-09]]), 2.0730622533567007), (1.5970577275735313e-05, Vec([[ 6.60375365e-08],
     [ 1.29018599e-09],
     [-6.34376387e-10]]), 2.080767508045433), (1.514372195858768e-05, Vec([[ 5.66590580e-10],
     [ 9.33666463e-09],
     [-1.30075325e-09]]), 2.069614613106937)]