[(1.5392577728886958e-05, Vec([[-1.10563859e-09],
     [-8.61488411e-10],
     [ 9.54597993e-11]]), 2.103624451650975), (1.5803925551920293e-05, Vec([[-5.83867607e-08],
     [-1.78374124e-09],
     [-1.22930875e-09]]), 2.059054861965888), (1.665908806449166e-05, Vec([[-1.25302141e-07],
     [-5.09361171e-09],
     [-7.63894634e-10]]), 2.0817135746777136), (1.6971067148936385e-05, Vec([[-1.79430516e-07],
     [-1.08321041e-08],
     [-8.58884752e-10]]), 2.045294667222184), (1.742677345075164e-05, Vec([[-2.33469044e-07],
     [-7.69852831e-11],
     [-2.54052129e-09]]), 2.036020278973857), (1.7774641785910138e-05, Vec([[-2.82312788e-07],
     [-2.34711219e-09],
     [ 2.88815069e-10]]), 2.0229748950539514), (1.7975064809490226e-05, Vec([[-3.14210895e-07],
     [ 1.08395908e-08],
     [-1.32169354e-09]]), 2.0020873690879917), (1.813567208262415e-05, Vec([[-3.42066195e-07],
     [-1.58567144e-09],
     [-3.91538425e-09]]), 1.9855594543871449), (1.8561631846220778e-05, Vec([[-3.93000783e-07],
     [ 6.68344204e-09],
     [-4.92470386e-09]]), 2.0060928787882357), (1.8578048523182868e-05, Vec([[-4.01630428e-07],
     [ 9.23781400e-09],
     [ 6.23627706e-10]]), 1.9903171471429741), (1.8733874841777002e-05, Vec([[-4.02517676e-07],
     [-6.82907048e-09],
     [ 2.12239566e-09]]), 1.9975946401256655), (1.8929929750459342e-05, Vec([[-3.84442895e-07],
     [ 8.93717024e-10],
     [-2.52701568e-09]]), 2.0171581608450784), (1.8615862960602764e-05, Vec([[-3.50383593e-07],
     [-1.63337698e-08],
     [ 5.03266848e-10]]), 1.9903828852359327), (1.8205648469765582e-05, Vec([[-2.90205147e-07],
     [ 4.59408153e-09],
     [-1.69845459e-09]]), 1.9610347052933326), (1.792423537867315e-05, Vec([[-2.30863351e-07],
     [ 1.80707772e-09],
     [-2.15461956e-10]]), 1.9531475067051507), (1.7935058032151757e-05, Vec([[-1.77904777e-07],
     [ 9.48104050e-09],
     [-9.39851975e-10]]), 1.9853815374909216), (1.7408692696774242e-05, Vec([[-1.11918566e-07],
     [-6.26215516e-09],
     [-2.41194272e-09]]), 1.9662758494607755), (1.7069853522180273e-05, Vec([[-6.09527533e-08],
     [ 4.10218305e-09],
     [-8.96489319e-11]]), 1.9761197764018217), (1.6746222569292168e-05, Vec([[ 3.30130594e-08],
     [-7.62096332e-09],
     [-1.12373517e-09]]), 1.9965183109701603), (1.6247048737214255e-05, Vec([[ 8.96471768e-08],
     [-6.02622793e-09],
     [-1.54307931e-10]]), 2.004921028802003), (1.5702481002924695e-05, Vec([[ 1.27767070e-07],
     [ 1.01820904e-08],
     [-5.85566717e-10]]), 2.0165440953637668), (1.5410285201849425e-05, Vec([[ 2.03637941e-07],
     [-8.81072740e-11],
     [ 3.11424092e-10]]), 2.0716327505129097), (1.476956398947119e-05, Vec([[ 2.42166320e-07],
     [-4.22386119e-09],
     [ 9.62643787e-10]]), 2.0918139296293043), (1.4339920253453023e-05, Vec([[ 3.03853178e-07],
     [-3.14442914e-09],
     [ 7.29393700e-10]]), 2.155033300176478), (1.3716620476791822e-05, Vec([[ 3.37381185e-07],
     [-5.18917787e-09],
     [ 1.92312477e-10]]), 2.204938850306019), (1.3335695004332505e-05, Vec([[ 3.38998729e-07],
     [ 3.74087823e-10],
     [-3.77901286e-10]]), 2.2247083594960695), (1.4177522799759393e-05, Vec([[ 3.13583195e-07],
     [ 7.22430286e-09],
     [-3.20077226e-10]]), 2.2012223623786284), (1.4555762983585932e-05, Vec([[2.58546508e-07],
     [6.38024730e-09],
     [3.01442791e-11]]), 2.121566940417437), (1.5200462013618139e-05, Vec([[ 2.04419677e-07],
     [-2.11823638e-09],
     [ 7.21565504e-10]]), 2.095651837556539), (1.5685508141475284e-05, Vec([[1.44268087e-07],
     [1.87730075e-09],
     [1.51489929e-09]]), 2.059382956725555), (1.608943276391036e-05, Vec([[1.12566892e-07],
     [9.67864720e-09],
     [6.88541195e-10]]), 2.024029525819141), (1.656908037706054e-05, Vec([[ 4.41863975e-08],
     [ 7.66190947e-09],
     [-1.60557172e-09]]), 2.0084214325534364), (1.6862474284247112e-05, Vec([[-2.98771592e-08],
     [ 5.98423234e-09],
     [ 2.14057178e-09]]), 1.9798194865473355), (1.733232716918213e-05, Vec([[-1.05262557e-07],
     [-2.67596310e-09],
     [-1.16237097e-09]]), 1.9807792070834889), (1.7627963443959736e-05, Vec([[-1.56258223e-07],
     [ 1.77179081e-08],
     [ 1.61460603e-09]]), 1.9700225870163457), (1.807850300764934e-05, Vec([[-2.27248681e-07],
     [ 2.58507609e-09],
     [ 4.21899713e-09]]), 1.9844861318086702), (1.8213636457184905e-05, Vec([[-2.74951409e-07],
     [-1.31593825e-08],
     [ 1.41692332e-09]]), 1.9722296626542586), (1.850000848362434e-05, Vec([[-3.43331836e-07],
     [-2.69539075e-09],
     [ 9.93953157e-10]]), 1.9843419788145347), (1.8613165914323976e-05, Vec([[-3.77362287e-07],
     [-8.10026095e-09],
     [-3.79694963e-09]]), 1.9857434165375845), (1.8824729443674227e-05, Vec([[-3.87549100e-07],
     [ 7.55699121e-09],
     [ 1.54629872e-10]]), 2.00560481966906), (1.8754911723764614e-05, Vec([[-4.03192451e-07],
     [-3.22420218e-09],
     [-1.91871281e-09]]), 2.003531110233965), (1.8658597607921187e-05, Vec([[-3.86215621e-07],
     [-1.93648307e-09],
     [-9.81971818e-10]]), 2.0067101512417054), (1.843510280155585e-05, Vec([[-3.72294159e-07],
     [ 1.99210588e-09],
     [-2.41576909e-09]]), 2.00428671982922), (1.804032438160924e-05, Vec([[-3.37197440e-07],
     [ 1.17828462e-09],
     [ 2.58594126e-09]]), 1.99108824114694), (1.7841519751959412e-05, Vec([[-2.94793037e-07],
     [ 1.02199401e-08],
     [-1.93602281e-09]]), 2.007654293866488), (1.7490758328759464e-05, Vec([[-2.50271752e-07],
     [-3.10679423e-09],
     [ 4.32374044e-11]]), 2.015719357950807), (1.7015277066766843e-05, Vec([[-2.01069893e-07],
     [ 8.67638716e-09],
     [ 1.70237456e-09]]), 2.0177805642305535), (1.6802200211774778e-05, Vec([[-1.51676183e-07],
     [-6.16189710e-09],
     [-4.16627803e-10]]), 2.0605565785830673), (1.6086096882969744e-05, Vec([[-9.86965622e-08],
     [ 1.74300764e-08],
     [ 3.03061039e-10]]), 2.0510379197905033), (1.5464808332196557e-05, Vec([[-3.48743875e-08],
     [-6.84260990e-09],
     [ 6.79840728e-10]]), 2.0619673113272046), (1.56374303981435e-05, Vec([[ 2.99758333e-08],
     [-5.79728895e-09],
     [ 1.18471324e-09]]), 2.0849835071668466), (1.627016126442723e-05, Vec([[ 9.97685101e-08],
     [-6.65731171e-09],
     [-1.36665863e-09]]), 2.074506821463709), (1.669348925647357e-05, Vec([[1.48873426e-07],
     [1.56762330e-08],
     [3.35572347e-10]]), 2.0472246892300894), (1.7063564564265128e-05, Vec([[ 2.13563724e-07],
     [-1.54357377e-08],
     [-4.66523354e-10]]), 2.023506805041388), (1.7470391346397224e-05, Vec([[2.57186838e-07],
     [2.06596696e-08],
     [3.45473723e-10]]), 2.0133721686615296), (1.803481572475531e-05, Vec([[ 2.99299105e-07],
     [-9.85708849e-09],
     [-2.55081451e-10]]), 2.029405327139771), (1.803678460416223e-05, Vec([[ 3.38430362e-07],
     [-2.35754162e-08],
     [-8.64225141e-10]]), 1.9906975602976427), (1.838878646934271e-05, Vec([[3.62943258e-07],
     [2.06979099e-08],
     [3.28569668e-09]]), 1.9992511520558651), (1.860334017280625e-05, Vec([[3.97179648e-07],
     [1.59979742e-08],
     [4.88732537e-09]]), 2.000767279311734), (1.8734467895884053e-05, Vec([[3.96350539e-07],
     [9.98930718e-09],
     [5.88872502e-09]]), 2.001347157263444), (1.8759874371564648e-05, Vec([[ 3.97215951e-07],
     [-7.19203285e-09],
     [-1.52746583e-09]]), 1.9986950977741373), (1.870061588097613e-05, Vec([[ 3.74913593e-07],
     [ 8.84008459e-09],
     [-4.47652681e-09]]), 1.9950730059451713), (1.8414485824878692e-05, Vec([[ 3.27448879e-07],
     [-6.41717183e-09],
     [ 9.46445180e-10]]), 1.975168674810969), (1.8183333351732877e-05, Vec([[ 2.77554702e-07],
     [-3.78471783e-09],
     [ 9.47048450e-10]]), 1.9689483473834986), (1.8008544285660383e-05, Vec([[ 2.22759696e-07],
     [-5.14719241e-09],
     [ 4.06593502e-10]]), 1.9768067286231639), (1.7617017953095923e-05, Vec([[ 1.75873605e-07],
     [ 1.66651450e-10],
     [-5.84279016e-10]]), 1.9687993677660762), (1.742957612615091e-05, Vec([[8.94031087e-08],
     [8.33784750e-09],
     [6.84765219e-10]]), 1.9918930471347447), (1.6877942212448448e-05, Vec([[ 3.54566400e-08],
     [-1.26253436e-09],
     [-1.41855528e-09]]), 1.981635572677598), (1.6526322903821233e-05, Vec([[-1.24697130e-08],
     [ 1.56622238e-09],
     [-2.06918389e-09]]), 2.0032385845195444), (1.6337419777466927e-05, Vec([[-9.94057732e-08],
     [ 4.12790996e-09],
     [-1.77817825e-09]]), 2.055225966664716), (1.5603909941778444e-05, Vec([[-1.54432663e-07],
     [ 1.87193837e-09],
     [ 1.00618593e-09]]), 2.048669759534906), (1.4896891458790268e-05, Vec([[-2.01586127e-07],
     [ 2.10097360e-09],
     [-1.48478817e-09]]), 2.053799281332713), (1.4686299371305794e-05, Vec([[-2.64195297e-07],
     [ 2.77424835e-09],
     [-2.80836638e-10]]), 2.140593197235459), (1.4166427794002028e-05, Vec([[-3.15848560e-07],
     [ 2.18672420e-09],
     [ 8.31355701e-10]]), 2.199499735998211), (1.3352787898566116e-05, Vec([[-3.38159122e-07],
     [ 2.43065235e-09],
     [ 1.96404437e-10]]), 2.227559857275311), (1.3809878123045006e-05, Vec([[-3.28623494e-07],
     [-3.09583168e-09],
     [ 6.25241771e-10]]), 2.2199299632889615), (1.4371569661496763e-05, Vec([[-2.86054853e-07],
     [-1.79358493e-09],
     [ 5.32549854e-10]]), 2.1597896396162817), (1.4929738822571758e-05, Vec([[-2.45401624e-07],
     [-6.55797656e-09],
     [ 3.48157888e-10]]), 2.1144994975509226), (1.5325838692704458e-05, Vec([[-1.92198247e-07],
     [ 1.06465123e-09],
     [-9.16800908e-10]]), 2.0602804522445943), (1.5849033171357046e-05, Vec([[-1.42107629e-07],
     [ 9.80118142e-09],
     [-4.49393699e-10]]), 2.0353646186848877), (1.62572718283576e-05, Vec([[-6.75860641e-08],
     [-3.52838535e-09],
     [ 2.36739023e-10]]), 2.0061825804071094), (1.6813708886347527e-05, Vec([[-1.84831293e-08],
     [ 5.60879736e-09],
     [-1.06858698e-09]]), 2.0045641653222943), (1.7365137362222044e-05, Vec([[ 4.54304868e-08],
     [-8.00472607e-09],
     [ 1.00130708e-09]]), 2.010303797676534), (1.764001440151125e-05, Vec([[ 1.14905346e-07],
     [-1.45451165e-09],
     [-1.12446908e-11]]), 1.9924031577775436), (1.7845009031830638e-05, Vec([[ 1.91539745e-07],
     [-6.57208663e-09],
     [ 3.00636183e-09]]), 1.9754132607010413), (1.8066436876571164e-05, Vec([[2.42972180e-07],
     [3.80129116e-12],
     [2.12446453e-09]]), 1.968642756304455), (1.8401342867349694e-05, Vec([[ 3.11913176e-07],
     [-9.09888722e-09],
     [ 7.99591965e-10]]), 1.9821140700812039), (1.869648444494796e-05, Vec([[ 3.62236406e-07],
     [-3.35043090e-09],
     [-8.02325144e-10]]), 1.9990028252818282), (1.8771698014180676e-05, Vec([[ 3.77142557e-07],
     [ 1.63434898e-08],
     [-3.24167073e-09]]), 2.0002971136913534), (1.8811912342728505e-05, Vec([[ 4.05306815e-07],
     [ 1.36736107e-08],
     [-1.71403946e-09]]), 2.005915785374373), (1.8674356118045203e-05, Vec([[ 3.94546297e-07],
     [ 1.39665010e-08],
     [-3.84532279e-09]]), 2.0006348431709187), (1.8609197913030993e-05, Vec([[ 3.77695487e-07],
     [ 2.68614199e-09],
     [-8.23537289e-10]]), 2.011233695538104), (1.8390121672813953e-05, Vec([[ 3.49962520e-07],
     [ 1.00922673e-08],
     [-1.22958489e-09]]), 2.0134175225725737), (1.8154203982722104e-05, Vec([[ 3.18623465e-07],
     [-1.73046242e-09],
     [ 7.80478164e-10]]), 2.022040135870064), (1.7621876035888755e-05, Vec([[2.82722338e-07],
     [2.35091983e-09],
     [1.46469712e-09]]), 2.0055882562209635), (1.7581693964203986e-05, Vec([[ 2.26400699e-07],
     [-1.53875325e-08],
     [-7.80602834e-10]]), 2.0541200900438406), (1.6943820629670707e-05, Vec([[ 1.85032000e-07],
     [ 2.87662582e-09],
     [-2.19682955e-09]]), 2.0420110103922737), (1.6691196948073156e-05, Vec([[ 1.24902611e-07],
     [-4.91864821e-09],
     [ 1.97701446e-09]]), 2.08572588907095), (1.607030156570026e-05, Vec([[ 6.46121332e-08],
     [-8.47371899e-09],
     [ 6.33008686e-10]]), 2.0937603422266515), (1.519341534772723e-05, Vec([[-1.82148125e-09],
     [-5.44842379e-09],
     [-1.10779211e-09]]), 2.076405953083943)]