[(2.0215980079873353e-05, Vec([[-1.63180426e-09],
     [-2.77504702e-08],
     [ 1.68555066e-09]]), 2.171917971110472), (1.9793642436179502e-05, Vec([[ 1.67029918e-10],
     [-2.33692752e-07],
     [-2.25782232e-10]]), 2.130833888725646), (1.9775250765384518e-05, Vec([[ 7.10247469e-11],
     [-4.34477361e-07],
     [ 9.41128935e-10]]), 2.1417990832000764), (1.969791037542968e-05, Vec([[-6.47415198e-09],
     [-6.74629135e-07],
     [-7.67847663e-10]]), 2.1552061729768104), (1.9248511157654157e-05, Vec([[-4.25528912e-11],
     [-8.62596478e-07],
     [ 7.34751321e-11]]), 2.1364533753062402), (1.9086911659277976e-05, Vec([[-2.68474538e-09],
     [-1.01799544e-06],
     [-4.40985721e-10]]), 2.1583812797818753), (1.816909334041981e-05, Vec([[-1.36307675e-09],
     [-1.12398457e-06],
     [-1.03821687e-09]]), 2.1026246082095024), (1.875934125416732e-05, Vec([[ 6.44382844e-09],
     [-1.09836114e-06],
     [ 6.19873859e-10]]), 2.115829387255065), (1.9287060393828136e-05, Vec([[-7.08311241e-09],
     [-1.06509303e-06],
     [-7.36258522e-10]]), 2.1050799616698437), (1.9344473917337712e-05, Vec([[-5.29477255e-09],
     [-1.00422475e-06],
     [-9.77833054e-10]]), 2.0532873273406245), (1.98422542163915e-05, Vec([[-1.04447117e-09],
     [-9.27881052e-07],
     [ 1.29588894e-09]]), 2.0578223406859113), (2.021820995881665e-05, Vec([[ 2.17662611e-09],
     [-8.62918304e-07],
     [ 6.43818946e-10]]), 2.057903621983532), (2.0633751594942022e-05, Vec([[-9.01516025e-10],
     [-8.39797052e-07],
     [ 9.76738721e-10]]), 2.0701215627739016), (2.107379002360878e-05, Vec([[ 1.50879582e-09],
     [-8.01313105e-07],
     [ 1.41673371e-11]]), 2.090708026025545), (2.127588324372471e-05, Vec([[ 1.76123020e-09],
     [-7.34381213e-07],
     [-3.52933450e-10]]), 2.094637769163878), (2.126372653134516e-05, Vec([[ 1.10043954e-09],
     [-7.22244007e-07],
     [-1.11746656e-09]]), 2.0859101987469186), (2.1619787870146932e-05, Vec([[-3.99867602e-09],
     [-6.69050377e-07],
     [ 3.42820948e-10]]), 2.121749763925981), (2.184271534011271e-05, Vec([[ 2.62055810e-09],
     [-6.38102304e-07],
     [-7.23182405e-10]]), 2.1532228527210164), (2.2054190937821417e-05, Vec([[-3.47524939e-09],
     [-6.36633734e-07],
     [-6.32117084e-10]]), 2.1927139628725016), (2.2243126343383276e-05, Vec([[ 1.21461071e-09],
     [-6.10391779e-07],
     [-3.89729228e-10]]), 2.239724429691372), (2.1644033032981452e-05, Vec([[ 1.67485694e-09],
     [-5.22312855e-07],
     [-9.12408289e-10]]), 2.216616623266928), (2.1329507992692574e-05, Vec([[ 3.50340399e-09],
     [-3.82187921e-07],
     [ 2.60840274e-11]]), 2.2314970830484975), (2.0738243099083714e-05, Vec([[ 4.75999345e-09],
     [-2.91838078e-07],
     [-1.59753739e-10]]), 2.2266060789175803), (2.0004154680139045e-05, Vec([[-6.42724166e-10],
     [-1.83721137e-07],
     [ 2.33322859e-09]]), 2.2148622138481286), (1.934938344102844e-05, Vec([[-5.99811954e-09],
     [-8.56744272e-08],
     [ 2.12250880e-11]]), 2.2206563515301037), (1.8770369488646823e-05, Vec([[ 7.01929094e-09],
     [-4.70616561e-08],
     [-1.05145027e-09]]), 2.197701552175361), (1.970863692500025e-05, Vec([[-1.09469635e-09],
     [-1.41841448e-07],
     [ 1.34426113e-09]]), 2.2201806951482443), (2.0135564613481836e-05, Vec([[ 1.03051624e-09],
     [-2.30245636e-07],
     [-1.71603147e-11]]), 2.1940309222580843), (2.0750757597464346e-05, Vec([[ 2.56382921e-09],
     [-3.81397829e-07],
     [-6.72186644e-10]]), 2.1979724557844595), (2.1317240436841436e-05, Vec([[-7.47262924e-09],
     [-4.97370153e-07],
     [-1.67089101e-09]]), 2.205319539159745), (2.1600474113941324e-05, Vec([[-1.04648579e-08],
     [-5.62458470e-07],
     [ 3.23564842e-10]]), 2.19232327040303), (2.1881819666935355e-05, Vec([[ 8.42922794e-10],
     [-6.56384583e-07],
     [-6.37919679e-10]]), 2.1882694846161153), (2.174795964172394e-05, Vec([[-6.14519991e-09],
     [-6.73864270e-07],
     [ 2.60078084e-10]]), 2.1519514016247117), (2.179682128851374e-05, Vec([[-6.96283976e-10],
     [-7.03762593e-07],
     [-5.63855156e-10]]), 2.1428211337702927), (2.152279049025951e-05, Vec([[-6.94821264e-09],
     [-6.91229196e-07],
     [ 1.33829245e-09]]), 2.1107137820333697), (2.136980203061159e-05, Vec([[-2.88206957e-09],
     [-7.45450207e-07],
     [ 1.90481055e-10]]), 2.099035919584965), (2.099148668585048e-05, Vec([[ 7.61579946e-10],
     [-7.70734432e-07],
     [-7.62778901e-10]]), 2.073515748965229), (2.0885081208790144e-05, Vec([[ 1.06156056e-09],
     [-8.24734342e-07],
     [ 1.82784120e-09]]), 2.083152993355135), (2.0472345030224253e-05, Vec([[-2.11469507e-09],
     [-8.46734891e-07],
     [-9.78330088e-11]]), 2.0677002620536404), (2.0103942290796894e-05, Vec([[ 1.37592741e-09],
     [-8.84921639e-07],
     [ 7.62310132e-10]]), 2.064396331556072), (1.949701346007133e-05, Vec([[ 8.35668201e-10],
     [-9.56944267e-07],
     [ 2.38635689e-10]]), 2.0444429825320007), (1.9079199951112696e-05, Vec([[-3.45716983e-09],
     [-1.01437773e-06],
     [-8.27785113e-10]]), 2.0523287493412328), (1.860023040481829e-05, Vec([[ 3.22654603e-09],
     [-1.03285347e-06],
     [ 2.78234236e-10]]), 2.0624047455042334), (1.8343134328034333e-05, Vec([[ 7.49426317e-09],
     [-1.09530301e-06],
     [ 1.03071009e-10]]), 2.1072584973994823), (1.8547895034828394e-05, Vec([[ 2.95596485e-09],
     [-1.04519232e-06],
     [-5.61253236e-10]]), 2.1205935244722642), (1.919581417226297e-05, Vec([[ 1.83044873e-09],
     [-9.20195306e-07],
     [-1.19534090e-09]]), 2.149380755691313), (1.9634625304700094e-05, Vec([[ 1.52891349e-09],
     [-7.57951055e-07],
     [ 8.13255300e-10]]), 2.1625951372940433), (1.96349403317606e-05, Vec([[ 1.16099065e-09],
     [-5.28365704e-07],
     [-1.77241675e-09]]), 2.136328215582605), (1.97909888967665e-05, Vec([[-1.92011940e-09],
     [-3.36386405e-07],
     [-4.95061451e-10]]), 2.1359304041069476), (2.0131035908321642e-05, Vec([[ 2.03366703e-10],
     [-1.24958223e-07],
     [ 8.09998937e-10]]), 2.1638813571298416), (1.9849206789367404e-05, Vec([[-4.37044262e-10],
     [ 1.29583005e-07],
     [-4.15387099e-10]]), 2.133587596829642), (2.0096491775414707e-05, Vec([[4.73235321e-09],
     [3.22849153e-07],
     [5.83400500e-10]]), 2.168901615927168), (1.9553913048649014e-05, Vec([[ 4.41578028e-09],
     [ 5.38053689e-07],
     [-2.66204274e-09]]), 2.127512254432812), (1.9446633128416837e-05, Vec([[-7.07902030e-11],
     [ 7.51479011e-07],
     [-1.48848635e-09]]), 2.141889319893893), (1.9196780422023836e-05, Vec([[-2.89112537e-09],
     [ 9.33027729e-07],
     [-8.42904382e-10]]), 2.1494889479577393), (1.8830718420086917e-05, Vec([[ 4.44168212e-10],
     [ 1.07954132e-06],
     [-9.62948193e-10]]), 2.1529289155353664), (1.831280447332562e-05, Vec([[-4.33312338e-09],
     [ 1.09409547e-06],
     [-9.14908985e-10]]), 2.1037742049706725), (1.897650256124525e-05, Vec([[-3.12631424e-09],
     [ 1.04148255e-06],
     [ 6.67011618e-10]]), 2.104126028742481), (1.908434584309313e-05, Vec([[-3.27395621e-09],
     [ 9.93358992e-07],
     [ 5.47291143e-10]]), 2.0528822873344135), (1.9614898485315834e-05, Vec([[2.74020859e-10],
     [9.53151231e-07],
     [2.80694836e-13]]), 2.056804322544425), (2.009053722537127e-05, Vec([[ 6.62518238e-09],
     [ 8.87610701e-07],
     [-4.76680891e-10]]), 2.063019817065101), (2.0368748572032366e-05, Vec([[2.53049950e-09],
     [8.43255693e-07],
     [1.08010846e-09]]), 2.057237053103472), (2.0665939719748203e-05, Vec([[2.32488693e-09],
     [7.87980863e-07],
     [9.83379954e-10]]), 2.0612950343507004), (2.1172922256176735e-05, Vec([[-1.29887775e-09],
     [ 7.89150866e-07],
     [ 4.15105964e-10]]), 2.0914377531626522), (2.1268167331167223e-05, Vec([[ 1.57977042e-09],
     [ 7.40023597e-07],
     [-5.00651463e-10]]), 2.0890529125124453), (2.1705774612488515e-05, Vec([[1.97215627e-09],
     [7.05939981e-07],
     [9.37337824e-10]]), 2.128658811459587), (2.1815223079400967e-05, Vec([[-5.80921172e-09],
     [ 6.53975349e-07],
     [-2.41932149e-09]]), 2.144630193260687), (2.1605567258912115e-05, Vec([[1.28254336e-09],
     [6.65372129e-07],
     [7.47842394e-10]]), 2.137861735613712), (2.194580721988768e-05, Vec([[-4.17003222e-09],
     [ 6.59405441e-07],
     [-1.07258709e-10]]), 2.194668495834201), (2.1454658809402694e-05, Vec([[1.59696091e-09],
     [5.77914930e-07],
     [2.34392343e-10]]), 2.177523859814416), (2.126226544758719e-05, Vec([[ 2.66965338e-10],
     [ 4.66630811e-07],
     [-2.53681018e-10]]), 2.199632244956414), (2.0648195169587688e-05, Vec([[ 3.99588858e-09],
     [ 3.58513912e-07],
     [-1.12038128e-09]]), 2.187108785366046), (1.9979741120246952e-05, Vec([[ 2.64149095e-09],
     [ 2.37413323e-07],
     [-6.59202265e-10]]), 2.177051931644496), (1.9549087530798797e-05, Vec([[-9.12701652e-10],
     [ 1.65573288e-07],
     [-1.06120415e-09]]), 2.202207433665136), (1.9083213086277878e-05, Vec([[-1.05223232e-09],
     [ 7.68095563e-08],
     [ 1.98340985e-09]]), 2.234330392141334), (1.9477236697820737e-05, Vec([[ 1.23285011e-08],
     [ 9.66836532e-08],
     [-9.17316544e-10]]), 2.2353295915134264), (2.022853696568631e-05, Vec([[ 1.04045188e-09],
     [ 2.19811946e-07],
     [-6.05054698e-12]]), 2.2397058452668044), (2.079857558591335e-05, Vec([[1.34778070e-09],
     [3.11984657e-07],
     [4.56876645e-10]]), 2.2330838061430387), (2.1273994987530597e-05, Vec([[1.24572600e-09],
     [3.69997264e-07],
     [1.23884726e-09]]), 2.2256893021501907), (2.1543844856576843e-05, Vec([[-1.24091101e-09],
     [ 4.97963187e-07],
     [-2.34289393e-10]]), 2.206356115119723), (2.1992997368242796e-05, Vec([[6.05516566e-09],
     [5.92905525e-07],
     [8.61825957e-10]]), 2.214538223060736), (2.2097775746065863e-05, Vec([[ 5.40531121e-09],
     [ 5.99972863e-07],
     [-4.59170413e-10]]), 2.197047335059047), (2.2099565849247937e-05, Vec([[-2.43365438e-10],
     [ 6.62936394e-07],
     [ 6.20689382e-10]]), 2.1785427993206663), (2.1685975598205615e-05, Vec([[-4.51507719e-09],
     [ 7.02142572e-07],
     [-1.39636754e-09]]), 2.128245377908262), (2.1392282755793973e-05, Vec([[-9.32974808e-10],
     [ 7.37333370e-07],
     [-1.26069357e-09]]), 2.0985211933105883), (2.1203776695520755e-05, Vec([[6.36388980e-10],
     [7.23571620e-07],
     [1.06129949e-10]]), 2.0875387877706344), (2.103665865233969e-05, Vec([[-7.73918739e-10],
     [ 7.96320267e-07],
     [ 2.62960051e-10]]), 2.0870242626473083), (2.061399692777065e-05, Vec([[-5.22288288e-09],
     [ 8.38760137e-07],
     [ 1.22138414e-09]]), 2.068139637078581), (2.0320293265397388e-05, Vec([[ 4.17137844e-09],
     [ 8.74348221e-07],
     [-6.42483360e-11]]), 2.068294136612891), (1.9910129001893756e-05, Vec([[3.42837242e-09],
     [9.32432711e-07],
     [1.79089666e-09]]), 2.0648615736507034), (1.918713976573438e-05, Vec([[-2.59229177e-09],
     [ 9.47758212e-07],
     [-3.97292550e-10]]), 2.0365873529176723), (1.904489112873464e-05, Vec([[-9.51925472e-10],
     [ 1.01298177e-06],
     [ 4.71278887e-11]]), 2.0786484756439187), (1.862435470562617e-05, Vec([[ 3.56643299e-09],
     [ 1.10611360e-06],
     [-4.86416449e-10]]), 2.100604518619337), (1.8264056194546686e-05, Vec([[ 2.23410255e-10],
     [ 1.12573835e-06],
     [-6.68710259e-10]]), 2.113614217333738), (1.8868523012344076e-05, Vec([[-2.47293244e-09],
     [ 9.75036152e-07],
     [-2.88997808e-10]]), 2.1336855104676236), (1.9453603721493575e-05, Vec([[-2.90627826e-09],
     [ 8.87370199e-07],
     [-7.36798385e-10]]), 2.159217250219791), (1.960697086418836e-05, Vec([[-1.33980319e-09],
     [ 6.36188576e-07],
     [-2.17703386e-09]]), 2.145256214211679), (1.9581994340802063e-05, Vec([[6.25330632e-09],
     [4.51408713e-07],
     [9.56621872e-10]]), 2.120868049864319), (1.9980946322444162e-05, Vec([[-4.92463277e-09],
     [ 2.30263577e-07],
     [ 1.52539431e-09]]), 2.1509976089519562), (2.0218465052059655e-05, Vec([[-4.86243398e-09],
     [-3.42524689e-10],
     [ 8.03188132e-11]]), 2.1721849458367917)]