[(2.0078840894141726e-05, Vec([[-5.87657467e-10],
     [-9.17070748e-10],
     [-2.12454634e-09]]), 2.1571843266936717), (1.9959838797047292e-05, Vec([[ 5.93717314e-09],
     [-2.30093098e-07],
     [-8.96885963e-10]]), 2.148725332357701), (1.989480822604112e-05, Vec([[ 1.20631198e-09],
     [-4.68150309e-07],
     [-1.93415514e-09]]), 2.1547479991284786), (1.9439524907900835e-05, Vec([[ 1.70539861e-09],
     [-6.44539708e-07],
     [ 4.80897272e-10]]), 2.1269354608041993), (1.9601976103438502e-05, Vec([[-5.34164590e-09],
     [-8.84389820e-07],
     [-2.63192806e-09]]), 2.17568557203503), (1.9000338553979167e-05, Vec([[ 3.01400392e-09],
     [-1.02505722e-06],
     [ 1.22305268e-09]]), 2.1485914419524166), (1.8237157088216385e-05, Vec([[-3.08703387e-09],
     [-1.11469861e-06],
     [ 3.10008601e-10]]), 2.1105013089541496), (1.855168493812884e-05, Vec([[-1.02513066e-09],
     [-1.10273204e-06],
     [ 3.14595200e-11]]), 2.092408237761037), (1.909355248598399e-05, Vec([[ 7.56544576e-09],
     [-1.06531943e-06],
     [ 6.71123865e-10]]), 2.083959603724694), (1.9487597349540097e-05, Vec([[-1.10502745e-09],
     [-9.73647887e-07],
     [ 1.08568183e-09]]), 2.0684789283550757), (1.9816476692229267e-05, Vec([[-4.79938580e-10],
     [-9.39074721e-07],
     [ 2.09670158e-09]]), 2.0551489768367177), (2.0125515755855038e-05, Vec([[ 5.99013603e-09],
     [-8.56605405e-07],
     [ 3.38041680e-10]]), 2.0484687740716674), (2.0861558022426212e-05, Vec([[-2.79957619e-09],
     [-8.42289864e-07],
     [ 8.79362076e-10]]), 2.092976689021962), (2.095924181256312e-05, Vec([[ 2.50584498e-09],
     [-8.00332062e-07],
     [ 7.68699036e-10]]), 2.079343821298644), (2.1372040737212555e-05, Vec([[-4.97041897e-09],
     [-7.34805038e-07],
     [-5.59012907e-10]]), 2.1041045967141363), (2.1608767802035262e-05, Vec([[ 6.17483115e-09],
     [-7.30487018e-07],
     [ 1.19267960e-09]]), 2.119757751501142), (2.1869488788007567e-05, Vec([[ 8.76438059e-09],
     [-6.73027042e-07],
     [ 1.36220055e-09]]), 2.1462552246966884), (2.2238935314830387e-05, Vec([[ 3.84668329e-10],
     [-6.49128269e-07],
     [-2.83341258e-10]]), 2.1922816368960722), (2.2069207645214318e-05, Vec([[ 6.27798585e-09],
     [-6.68517644e-07],
     [-1.23266846e-09]]), 2.194206982683095), (2.1928793379925346e-05, Vec([[ 2.31954537e-09],
     [-5.88597388e-07],
     [ 3.31745060e-09]]), 2.2080733386331475), (2.166154483228429e-05, Vec([[-8.18196773e-09],
     [-4.58800231e-07],
     [-5.29105479e-10]]), 2.2184100480588245), (2.1068673350889717e-05, Vec([[-5.10284293e-10],
     [-3.82545436e-07],
     [ 1.17904648e-09]]), 2.204208514435453), (2.0711262671965317e-05, Vec([[-2.95964366e-09],
     [-2.83644773e-07],
     [-3.31336332e-10]]), 2.2237092673243035), (2.0239766280553107e-05, Vec([[-5.02181586e-09],
     [-1.55632176e-07],
     [-7.72042274e-10]]), 2.240949156248124), (1.9428904983782605e-05, Vec([[-6.87494228e-09],
     [-7.70317267e-08],
     [ 1.07687422e-09]]), 2.2297827415021), (1.904292228565465e-05, Vec([[-1.49374155e-09],
     [-5.68670427e-08],
     [ 7.85447693e-10]]), 2.229613002048318), (1.9352605343227456e-05, Vec([[ 2.44719230e-09],
     [-1.58655311e-07],
     [ 3.28110220e-10]]), 2.1800736878639215), (2.008797054116146e-05, Vec([[-2.78691479e-09],
     [-2.83664678e-07],
     [ 2.71992468e-10]]), 2.1888449307852067), (2.0615760590301226e-05, Vec([[ 4.14118339e-09],
     [-3.90791680e-07],
     [-4.05994636e-10]]), 2.1836732331192525), (2.1275686999010796e-05, Vec([[ 1.95768727e-09],
     [-4.76110693e-07],
     [ 2.41373292e-10]]), 2.201020736571358), (2.169679675099935e-05, Vec([[ 9.92642098e-09],
     [-5.52513350e-07],
     [-3.88408867e-10]]), 2.2020994613132387), (2.1857213621400338e-05, Vec([[-4.19959210e-09],
     [-6.46991136e-07],
     [-6.54171419e-10]]), 2.1858087816489524), (2.192819855695488e-05, Vec([[ 4.32321073e-09],
     [-6.40974978e-07],
     [-5.22071628e-10]]), 2.1697859659998637), (2.155922356540888e-05, Vec([[-1.99065981e-09],
     [-6.88995528e-07],
     [-2.65952226e-10]]), 2.119463167227112), (2.1631085434948846e-05, Vec([[ 4.36511910e-09],
     [-7.32375583e-07],
     [ 1.79604691e-10]]), 2.1213341350207653), (2.112784780814033e-05, Vec([[ 2.85971889e-09],
     [-7.18722514e-07],
     [ 7.66238874e-10]]), 2.0752701119684542), (2.1130595294006132e-05, Vec([[ 4.05193093e-09],
     [-7.46206828e-07],
     [-2.35847759e-10]]), 2.0872567428330813), (2.0753898772028643e-05, Vec([[-1.41941152e-09],
     [-8.11395474e-07],
     [-8.38959552e-10]]), 2.0700683860661617), (2.0434182503017088e-05, Vec([[ 3.41457397e-09],
     [-8.73130287e-07],
     [-4.91943413e-10]]), 2.0638458590826865), (1.9718607481397532e-05, Vec([[ 7.41420417e-10],
     [-8.86085240e-07],
     [ 7.32148271e-10]]), 2.024827785474985), (1.9379813374159467e-05, Vec([[ 1.82424106e-09],
     [-9.61285163e-07],
     [ 3.08824299e-10]]), 2.03215346477148), (1.892620074575884e-05, Vec([[-2.19268273e-10],
     [-9.78251077e-07],
     [-7.15403079e-10]]), 2.0358707915348955), (1.8800389266494648e-05, Vec([[ 6.24055290e-09],
     [-1.05019298e-06],
     [ 6.18625467e-10]]), 2.084598480592005), (1.8303863596872762e-05, Vec([[ 1.30146387e-09],
     [-1.09515586e-06],
     [ 6.31582403e-12]]), 2.102747077461134), (1.8680926642448856e-05, Vec([[ 3.08443732e-09],
     [-1.04600775e-06],
     [ 5.84993291e-10]]), 2.1358031191535125), (1.9334480206158954e-05, Vec([[-3.44516549e-09],
     [-9.33175373e-07],
     [ 4.43034006e-10]]), 2.164907375299599), (1.9626043940492803e-05, Vec([[-4.24941737e-09],
     [-7.91619782e-07],
     [-6.08407296e-10]]), 2.161649969448055), (1.9746262094799437e-05, Vec([[-1.99270237e-09],
     [-5.62857395e-07],
     [ 3.92778688e-10]]), 2.1484402882128224), (1.9880295144415993e-05, Vec([[ 4.36116429e-09],
     [-3.41062923e-07],
     [ 1.05536265e-09]]), 2.145568726407377), (1.9758868280862265e-05, Vec([[ 7.94747828e-09],
     [-1.07870101e-07],
     [-6.38788385e-10]]), 2.1238771271213057), (1.9670903197193973e-05, Vec([[-1.57614968e-09],
     [ 1.00092715e-07],
     [-3.05481760e-10]]), 2.1144217764133226), (1.9955506394360816e-05, Vec([[ 6.56483456e-10],
     [ 2.85125262e-07],
     [-1.28355333e-09]]), 2.1536858546785314), (1.9735902470932057e-05, Vec([[4.77650462e-09],
     [5.53787802e-07],
     [5.53807931e-10]]), 2.147313136492634), (1.94587386695575e-05, Vec([[-4.88347585e-09],
     [ 7.36473056e-07],
     [-9.34314717e-10]]), 2.143222647319237), (1.9277091006911373e-05, Vec([[ 9.85450698e-09],
     [ 9.26835535e-07],
     [-3.49972833e-10]]), 2.158481430594137), (1.8626503593948312e-05, Vec([[ 2.31163746e-09],
     [ 1.04250049e-06],
     [-2.93243685e-10]]), 2.129580894797834), (1.822490404189562e-05, Vec([[-1.41386306e-09],
     [ 1.08290203e-06],
     [-8.87300147e-10]]), 2.093676207117991), (1.851423624408279e-05, Vec([[-7.09743473e-09],
     [ 1.02491833e-06],
     [ 7.98806318e-10]]), 2.052869661189332), (1.9058903924212644e-05, Vec([[-2.14064510e-09],
     [ 9.93543577e-07],
     [-5.91422812e-10]]), 2.050145527842893), (1.9518515690410586e-05, Vec([[ 4.47953832e-10],
     [ 9.11875571e-07],
     [-5.45713523e-10]]), 2.0466976911321626), (2.0155181001902322e-05, Vec([[-8.02426255e-10],
     [ 9.08836229e-07],
     [ 7.07723379e-10]]), 2.0696578372702086), (2.034617774102651e-05, Vec([[ 6.87506447e-09],
     [ 8.42448049e-07],
     [-5.56210059e-10]]), 2.054957406432967), (2.064527019698643e-05, Vec([[4.47400578e-09],
     [8.00869491e-07],
     [4.45623197e-11]]), 2.059233381930872), (2.095117320268316e-05, Vec([[-2.14143217e-09],
     [ 7.87266077e-07],
     [ 2.78697846e-10]]), 2.0695336278561296), (2.1148133707385917e-05, Vec([[-1.14000832e-09],
     [ 7.38308487e-07],
     [ 7.19477978e-10]]), 2.0772626821905176), (2.1770315383727347e-05, Vec([[-2.52474454e-09],
     [ 7.06383081e-07],
     [-3.03164152e-10]]), 2.1349882460846423), (2.179583427598825e-05, Vec([[3.43848895e-09],
     [6.98788087e-07],
     [1.29420681e-09]]), 2.1427241016723144), (2.1690578552227597e-05, Vec([[3.46393618e-09],
     [6.71171932e-07],
     [6.07814369e-10]]), 2.146273567105858), (2.1857563027896835e-05, Vec([[2.51996739e-09],
     [6.45848008e-07],
     [1.30162127e-09]]), 2.1858437236960793), (2.1482868819539714e-05, Vec([[-5.36300871e-09],
     [ 5.92846785e-07],
     [-1.70477237e-09]]), 2.1803870127876084), (2.096533082128229e-05, Vec([[3.83297932e-09],
     [4.59860066e-07],
     [1.80425709e-09]]), 2.1689136472475106), (2.0824565037609308e-05, Vec([[-2.14610585e-09],
     [ 3.60731935e-07],
     [-1.00274108e-09]]), 2.205790325551799), (2.014812694004721e-05, Vec([[-3.93548237e-09],
     [ 2.51014685e-07],
     [ 2.22935647e-10]]), 2.195399750670349), (1.956362075006745e-05, Vec([[3.46878158e-09],
     [1.54955257e-07],
     [7.02908223e-10]]), 2.203844602840326), (1.894994298360079e-05, Vec([[2.36697204e-09],
     [3.17645670e-08],
     [7.13990496e-10]]), 2.2187266550018405), (1.938713953148067e-05, Vec([[-1.44319846e-09],
     [ 1.11461093e-07],
     [-4.36499074e-10]]), 2.2249894767858587), (1.999327307525988e-05, Vec([[-4.02684010e-09],
     [ 1.70717120e-07],
     [ 1.00297966e-10]]), 2.2136574013550128), (2.0829262905969263e-05, Vec([[-2.07342125e-10],
     [ 2.74677863e-07],
     [ 8.59605201e-10]]), 2.2363786162701897), (2.104594595805137e-05, Vec([[4.36185034e-10],
     [3.66149002e-07],
     [2.58055448e-11]]), 2.2018307703805284), (2.1800404905544272e-05, Vec([[-3.21947702e-09],
     [ 4.70873794e-07],
     [-7.46513385e-10]]), 2.232631036643858), (2.1937539113602383e-05, Vec([[3.43500032e-10],
     [5.76565321e-07],
     [1.73249876e-09]]), 2.208953971736141), (2.210642144876971e-05, Vec([[3.64033106e-11],
     [6.41873241e-07],
     [1.91717121e-10]]), 2.197906924653198), (2.1872221479889655e-05, Vec([[-8.61739673e-10],
     [ 6.59264847e-07],
     [ 2.82070116e-10]]), 2.1561315247187065), (2.1576540288461846e-05, Vec([[-1.09283036e-09],
     [ 6.73405764e-07],
     [-5.65400509e-10]]), 2.1175054787007115), (2.1769073056729545e-05, Vec([[3.14701677e-09],
     [7.03238459e-07],
     [4.46041821e-10]]), 2.135483234293943), (2.1187097482621803e-05, Vec([[ 1.72155062e-09],
     [ 7.35967767e-07],
     [-8.95772080e-10]]), 2.0858966980440714), (2.0783970245784944e-05, Vec([[-6.80078798e-09],
     [ 7.88216963e-07],
     [-8.55341057e-10]]), 2.0619553178074974), (2.042761134227403e-05, Vec([[-5.47713398e-09],
     [ 8.14166577e-07],
     [ 9.06059088e-11]]), 2.04944013797143), (2.0195456294623744e-05, Vec([[-4.44685152e-09],
     [ 8.99361125e-07],
     [ 1.31521370e-09]]), 2.055587648014948), (1.971288868918695e-05, Vec([[-3.51709128e-09],
     [ 9.22543078e-07],
     [-1.41439927e-09]]), 2.044405958197665), (1.9601850977734813e-05, Vec([[8.75739543e-11],
     [9.96883530e-07],
     [2.46318904e-09]]), 2.0806061915661287), (1.903990831213175e-05, Vec([[-2.61455995e-10],
     [ 1.04728736e-06],
     [ 1.75451577e-09]]), 2.0781046277391972), (1.8641735147020116e-05, Vec([[ 1.49321192e-09],
     [ 1.11885799e-06],
     [-9.84834244e-10]]), 2.1025648245899213), (1.8227204724719748e-05, Vec([[1.44938340e-09],
     [1.09831119e-06],
     [1.55603791e-10]]), 2.1093495682477856), (1.8808017282311324e-05, Vec([[-5.21132608e-09],
     [ 1.00162069e-06],
     [-9.34424717e-10]]), 2.126843416924494), (1.930975855844642e-05, Vec([[ 1.53929831e-09],
     [ 8.71501100e-07],
     [-3.52714399e-10]]), 2.1432514188057934), (1.9683866414708693e-05, Vec([[-7.39921564e-09],
     [ 6.56577550e-07],
     [ 8.08163197e-10]]), 2.1536695820256884), (2.0013448682985317e-05, Vec([[-3.37202481e-09],
     [ 4.28532476e-07],
     [-9.11487642e-10]]), 2.1675975970894976), (2.0010641917190914e-05, Vec([[3.35847548e-09],
     [2.34618592e-07],
     [3.08824844e-10]]), 2.1541944121596663), (2.006851943179929e-05, Vec([[-1.21944163e-09],
     [ 1.39253044e-08],
     [-6.81347619e-10]]), 2.1560754331618646)]