[(2.0177344241105158e-05, Vec([[-1.04761050e-09],
     [ 3.32247746e-08],
     [ 1.33854702e-09]]), 2.167767102727241), (1.9966655280568364e-05, Vec([[-3.87150973e-09],
     [-2.23610455e-07],
     [ 1.55190045e-09]]), 2.1494591434354486), (1.9566079276225594e-05, Vec([[ 3.36655480e-10],
     [-4.24848959e-07],
     [-1.97851481e-09]]), 2.1191443361616025), (1.9621525905761506e-05, Vec([[ 3.29495753e-09],
     [-6.53097155e-07],
     [ 3.66204019e-10]]), 2.1468487240184806), (1.9569563246557774e-05, Vec([[-1.19420071e-09],
     [-8.42416231e-07],
     [-6.87204162e-10]]), 2.172087966125723), (1.8959795866784824e-05, Vec([[-1.18405869e-09],
     [-1.01152680e-06],
     [-3.69388657e-10]]), 2.1440068041317777), (1.82951488462223e-05, Vec([[ 6.74460269e-09],
     [-1.11545210e-06],
     [-6.58184416e-11]]), 2.1172124251982), (1.848193898692559e-05, Vec([[ 6.99442941e-09],
     [-1.07641786e-06],
     [-4.47109891e-10]]), 2.0845417284205174), (1.895531573796827e-05, Vec([[-7.78507467e-10],
     [-1.05743510e-06],
     [-4.69566559e-10]]), 2.068871798622605), (1.9489030077985935e-05, Vec([[-2.19525840e-09],
     [-9.90986626e-07],
     [-4.21025228e-10]]), 2.0686310029565322), (1.9789331570167034e-05, Vec([[ 8.32773339e-09],
     [-9.27472058e-07],
     [ 7.26147468e-11]]), 2.052333780639193), (2.036503538494468e-05, Vec([[ 7.01168338e-09],
     [-8.85856275e-07],
     [-5.85505533e-10]]), 2.072848198028771), (2.050847541900479e-05, Vec([[-5.73370991e-09],
     [-8.20207266e-07],
     [ 7.68741834e-10]]), 2.0575529849311263), (2.1094928498016095e-05, Vec([[ 7.88162049e-09],
     [-7.96598245e-07],
     [-3.63379213e-10]]), 2.0928051513196575), (2.1208871190423825e-05, Vec([[ 1.59808091e-09],
     [-7.50818952e-07],
     [ 1.44922678e-09]]), 2.0880403472742533), (2.1744047097449852e-05, Vec([[-4.38018923e-09],
     [-7.00354094e-07],
     [-1.90212205e-09]]), 2.133028259921603), (2.1866548993169816e-05, Vec([[ 9.54279345e-11],
     [-6.55544711e-07],
     [ 8.85844779e-10]]), 2.14596671543654), (2.192455533708036e-05, Vec([[-3.42956516e-09],
     [-6.41626575e-07],
     [-1.06691396e-09]]), 2.1612905196293397), (2.242804968759253e-05, Vec([[-5.49388088e-09],
     [-6.44352542e-07],
     [-8.37030755e-10]]), 2.229884462714295), (2.2166440864496132e-05, Vec([[ 5.05248422e-09],
     [-5.72721121e-07],
     [-5.77205654e-10]]), 2.2320027480439895), (2.182007033085401e-05, Vec([[ 4.36474809e-09],
     [-4.92454027e-07],
     [-6.22125287e-10]]), 2.2346450193696645), (2.159863897214545e-05, Vec([[-7.14434695e-09],
     [-3.51701712e-07],
     [ 5.22591597e-10]]), 2.259653616045547), (2.06177920821143e-05, Vec([[-3.37955300e-09],
     [-3.06701246e-07],
     [-2.84875550e-10]]), 2.2136735963869003), (2.0195804011309226e-05, Vec([[-2.57384215e-09],
     [-1.74754381e-07],
     [ 8.62483609e-10]]), 2.2360816489457553), (1.9388460083641047e-05, Vec([[ 1.97648854e-09],
     [-8.55041332e-08],
     [-1.19319024e-09]]), 2.225141031617127), (1.9090954916545812e-05, Vec([[-3.64364115e-09],
     [-1.95513487e-08],
     [-9.13572778e-11]]), 2.235236833136376), (1.9691226455524524e-05, Vec([[-6.87821447e-10],
     [-1.56391100e-07],
     [ 2.82959998e-10]]), 2.218219403336407), (2.002863628961842e-05, Vec([[ 7.64816936e-11],
     [-2.56591428e-07],
     [-1.29303089e-09]]), 2.1823796945162766), (2.0679787120136142e-05, Vec([[-2.69752914e-09],
     [-3.88268773e-07],
     [ 1.21384953e-09]]), 2.190455084256765), (2.087019513650393e-05, Vec([[ 2.40934458e-09],
     [-4.51433175e-07],
     [ 1.06159609e-10]]), 2.1590716329804818), (2.1559930178519545e-05, Vec([[ 3.06248400e-09],
     [-5.88349993e-07],
     [-1.29768078e-09]]), 2.188208295304335), (2.2069700914916963e-05, Vec([[-2.69168719e-09],
     [-6.84157421e-07],
     [-2.37160722e-10]]), 2.207058360858935), (2.188740675156797e-05, Vec([[-2.77208597e-09],
     [-6.54872470e-07],
     [-3.60692987e-10]]), 2.1657496341221485), (2.1861187832367352e-05, Vec([[-3.50243036e-09],
     [-6.80315845e-07],
     [-5.66498969e-11]]), 2.1491489367398917), (2.1834474784653183e-05, Vec([[-3.59875356e-10],
     [-7.21720074e-07],
     [-1.11051962e-09]]), 2.1412802801887927), (2.1409559359950412e-05, Vec([[-4.34131646e-09],
     [-7.58207136e-07],
     [ 2.08247893e-09]]), 2.102941059287682), (2.1027830744010736e-05, Vec([[ 4.40917419e-09],
     [-7.83081672e-07],
     [ 5.76514642e-10]]), 2.077105774679196), (2.0759224583227597e-05, Vec([[ 1.70356331e-09],
     [-8.14988099e-07],
     [-1.87955101e-10]]), 2.0705996015989254), (2.0414147107182387e-05, Vec([[-9.79376496e-10],
     [-8.58559847e-07],
     [ 1.33068250e-09]]), 2.0618222905488133), (1.998552503593402e-05, Vec([[-8.89246360e-09],
     [-8.85599362e-07],
     [ 1.08620730e-09]]), 2.0522365201620762), (1.9557265762370545e-05, Vec([[-3.48185542e-09],
     [-9.44279860e-07],
     [ 6.44601662e-10]]), 2.050760996153384), (1.920787727023929e-05, Vec([[ 8.85768837e-11],
     [-9.95934462e-07],
     [-6.84086791e-10]]), 2.0661704283481273), (1.858897112084941e-05, Vec([[-8.26495239e-10],
     [-1.05389848e-06],
     [ 1.25413992e-09]]), 2.061156309319143), (1.8353603871829252e-05, Vec([[ 3.26665448e-09],
     [-1.06849892e-06],
     [ 1.04703488e-10]]), 2.1084612381487573), (1.8549350915041008e-05, Vec([[-3.15863556e-09],
     [-1.04198316e-06],
     [ 6.82975333e-10]]), 2.1207599762526668), (1.9408304988234986e-05, Vec([[ 3.61975367e-09],
     [-9.39647212e-07],
     [-1.91313504e-09]]), 2.173173633998675), (1.953055380374339e-05, Vec([[ 4.34064391e-10],
     [-7.72092586e-07],
     [ 4.80438278e-10]]), 2.1511325033803734), (1.979393606096616e-05, Vec([[ 7.99600604e-09],
     [-5.58154987e-07],
     [-2.14129539e-09]]), 2.153627329138328), (1.978699865671703e-05, Vec([[ 3.49587620e-09],
     [-3.44130893e-07],
     [ 1.19334890e-09]]), 2.1354997598836696), (1.994621213827233e-05, Vec([[ 9.07481229e-10],
     [-9.85619963e-08],
     [ 2.72042567e-10]]), 2.144014683989646), (1.9990679251706077e-05, Vec([[ 1.55028783e-09],
     [ 8.69007083e-08],
     [-8.35381750e-10]]), 2.148794445855994), (1.9777993999451553e-05, Vec([[1.51985345e-09],
     [3.32590131e-07],
     [1.54702867e-09]]), 2.134527937741168), (1.9754930627032157e-05, Vec([[-2.26643992e-09],
     [ 5.78880185e-07],
     [ 1.37719704e-09]]), 2.1493834451403973), (1.963157481838465e-05, Vec([[-2.90096269e-09],
     [ 7.67020987e-07],
     [ 1.47932873e-09]]), 2.1622591509041946), (1.9232504871219296e-05, Vec([[-2.88158280e-09],
     [ 9.38396596e-07],
     [ 7.73091486e-10]]), 2.1534890618846254), (1.863259099671815e-05, Vec([[4.64885124e-09],
     [1.04040062e-06],
     [3.18440447e-10]]), 2.130276871719761), (1.8302543225961096e-05, Vec([[ 6.18832045e-09],
     [ 1.09059421e-06],
     [-5.76900323e-10]]), 2.102595393306531), (1.867168292441084e-05, Vec([[-9.62533218e-10],
     [ 1.03856368e-06],
     [ 9.57196987e-10]]), 2.0703274438944503), (1.927087466129057e-05, Vec([[-1.56777887e-09],
     [ 1.00883476e-06],
     [-1.23626060e-09]]), 2.0729469890592327), (1.9568111096324956e-05, Vec([[-1.58628595e-09],
     [ 9.19963146e-07],
     [ 4.47229346e-11]]), 2.0518982301683137), (1.9869357122107008e-05, Vec([[-4.99477566e-09],
     [ 8.72192968e-07],
     [ 3.70667784e-11]]), 2.0403076849276665), (2.0356649204870387e-05, Vec([[ 2.65799169e-09],
     [ 8.48414360e-07],
     [-3.72536909e-10]]), 2.0560150209125054), (2.082105147300622e-05, Vec([[ 6.78287885e-09],
     [ 7.95948009e-07],
     [-1.27180129e-09]]), 2.076766437591785), (2.0828980901929375e-05, Vec([[-1.77418369e-09],
     [ 7.50053605e-07],
     [-2.24601874e-09]]), 2.0574636080520508), (2.1124182920303863e-05, Vec([[-7.21304662e-09],
     [ 7.20097505e-07],
     [-3.47571885e-10]]), 2.0749101305704536), (2.141643393754112e-05, Vec([[-2.01002921e-09],
     [ 6.81937932e-07],
     [-1.01736831e-09]]), 2.100283524779605), (2.195974802249822e-05, Vec([[3.48890540e-09],
     [7.28665737e-07],
     [1.77602811e-09]]), 2.1588382788492457), (2.178039260651865e-05, Vec([[ 9.08626049e-10],
     [ 6.38666971e-07],
     [-1.56861189e-09]]), 2.155160629763747), (2.176032003365752e-05, Vec([[ 1.70816709e-09],
     [ 6.33623856e-07],
     [-6.79134418e-10]]), 2.176119035341749), (2.1699339407272903e-05, Vec([[9.25794116e-09],
     [5.88596420e-07],
     [8.81421855e-10]]), 2.2023575262282824), (2.1163963454217716e-05, Vec([[-3.51489064e-09],
     [ 4.64199404e-07],
     [ 6.19267723e-10]]), 2.1894626684880922), (2.050075739076353e-05, Vec([[-1.24712544e-09],
     [ 3.46274802e-07],
     [ 8.33557717e-10]]), 2.171491804864228), (2.0002163468528653e-05, Vec([[3.15801441e-09],
     [2.53750351e-07],
     [1.19029662e-09]]), 2.1794951373069167), (1.9910248791051756e-05, Vec([[-3.55805953e-09],
     [ 1.58364036e-07],
     [-1.08154207e-09]]), 2.242892299944848), (1.8588242693427755e-05, Vec([[-3.54220602e-09],
     [ 6.95872518e-08],
     [-2.74559226e-10]]), 2.1763774998817804), (1.9311729124761363e-05, Vec([[-1.59216138e-09],
     [ 9.23240102e-08],
     [-7.37360178e-10]]), 2.216334906516833), (1.996519182470208e-05, Vec([[ 2.80883120e-10],
     [ 2.02722897e-07],
     [-5.91246718e-10]]), 2.2105482421941995), (2.0859971136555248e-05, Vec([[ 3.90969567e-09],
     [ 2.93013503e-07],
     [-4.28050006e-10]]), 2.2396756715013812), (2.1237777772753185e-05, Vec([[4.78797077e-09],
     [3.64395343e-07],
     [5.32094865e-10]]), 2.2219002504214957), (2.1726138232163243e-05, Vec([[-3.71730918e-09],
     [ 4.96150370e-07],
     [-1.39997034e-09]]), 2.22502521094029), (2.2092711605688533e-05, Vec([[1.65958889e-09],
     [6.01871461e-07],
     [1.55009170e-09]]), 2.224578736707403), (2.2083499013712186e-05, Vec([[ 7.01815237e-09],
     [ 6.14173530e-07],
     [-1.53701179e-09]]), 2.1956278864624355), (2.2176526603204327e-05, Vec([[1.69780707e-09],
     [6.45573830e-07],
     [5.30173879e-10]]), 2.186129477606823), (2.167673903072139e-05, Vec([[-1.85772176e-09],
     [ 6.64351235e-07],
     [-3.18214583e-10]]), 2.1273389081039866), (2.1548606087797522e-05, Vec([[ 1.38228026e-08],
     [ 6.95317103e-07],
     [-5.45738935e-11]]), 2.113856060980544), (2.096838532971062e-05, Vec([[-1.00974565e-10],
     [ 7.46730878e-07],
     [-5.72319070e-10]]), 2.0643642083788993), (2.0948990370248487e-05, Vec([[3.81801358e-09],
     [7.53507714e-07],
     [1.45872139e-09]]), 2.0783267867404778), (2.0349172368341237e-05, Vec([[-4.40575085e-09],
     [ 8.26788380e-07],
     [ 1.94685139e-10]]), 2.0415705942021845), (2.018501625419894e-05, Vec([[-1.09494305e-09],
     [ 8.70384820e-07],
     [-8.12792316e-10]]), 2.054525012052238), (1.9749453231359097e-05, Vec([[ 2.82117734e-09],
     [ 9.27240971e-07],
     [-2.51117111e-09]]), 2.048198033983925), (1.9596820468352695e-05, Vec([[-1.01346442e-09],
     [ 9.80034826e-07],
     [ 2.28908267e-09]]), 2.080072236432042), (1.9134180337070933e-05, Vec([[3.94601823e-10],
     [1.05387788e-06],
     [2.26478579e-10]]), 2.088393917376566), (1.8501501940572227e-05, Vec([[-1.97653118e-09],
     [ 1.08463392e-06],
     [ 1.30556793e-10]]), 2.0867481956768175), (1.8254102244471863e-05, Vec([[7.33449491e-10],
     [1.12319227e-06],
     [6.76784004e-11]]), 2.112462293020066), (1.8902506736559014e-05, Vec([[-1.73167656e-09],
     [ 1.00565155e-06],
     [ 6.59467083e-10]]), 2.137528449308237), (1.9220402666692852e-05, Vec([[-1.24086940e-09],
     [ 8.77934322e-07],
     [-7.15384624e-10]]), 2.133333524638456), (1.9589574026104802e-05, Vec([[-4.60961988e-09],
     [ 6.79895993e-07],
     [-1.38586488e-09]]), 2.1433527751101016), (1.970569229183793e-05, Vec([[-1.56449634e-09],
     [ 4.55814040e-07],
     [-2.29121493e-10]]), 2.134265410093303), (1.975901169002007e-05, Vec([[-1.83683538e-09],
     [ 2.16001780e-07],
     [ 1.58170866e-09]]), 2.127105804430585), (1.9923163698227847e-05, Vec([[ 4.95903290e-09],
     [-5.80160652e-09],
     [ 1.72277816e-09]]), 2.1404590381762922)]