[(2.0088614278864152e-05, Vec([[ 5.02319014e-09],
     [ 1.47392074e-08],
     [-1.21212786e-09]]), 2.1582343371227153), (1.986374635967714e-05, Vec([[ 2.77275956e-09],
     [-2.12865806e-07],
     [-8.42518078e-10]]), 2.1383807470870133), (1.9809349974678018e-05, Vec([[-2.76710443e-09],
     [-4.48637317e-07],
     [ 8.00086994e-10]]), 2.145492267982871), (1.9417916015182554e-05, Vec([[ 1.25072146e-09],
     [-6.76969704e-07],
     [-1.25053126e-09]]), 2.124571168445771), (1.950172058732571e-05, Vec([[ 6.86261378e-09],
     [-8.65230382e-07],
     [-1.67972335e-10]]), 2.1645578939492855), (1.892857417162309e-05, Vec([[-9.07153787e-09],
     [-1.01929565e-06],
     [ 6.93094160e-10]]), 2.1404762003566304), (1.8397982296700493e-05, Vec([[ 4.34227380e-10],
     [-1.11573580e-06],
     [-5.77007619e-10]]), 2.1291128618062025), (1.8432719277263017e-05, Vec([[ 1.75603272e-09],
     [-1.05512941e-06],
     [-9.28293652e-10]]), 2.0789903336926723), (1.9107262648604297e-05, Vec([[ 4.15814222e-09],
     [-1.03358816e-06],
     [-4.36932286e-10]]), 2.0854559949846334), (1.9319545284253686e-05, Vec([[-8.25295658e-10],
     [-1.01212279e-06],
     [ 2.73636664e-10]]), 2.050641318634568), (1.9674115008587375e-05, Vec([[-1.22348599e-09],
     [-9.17550540e-07],
     [ 6.62146172e-10]]), 2.04038477465177), (2.0259052004895945e-05, Vec([[-5.71300582e-09],
     [-8.84875080e-07],
     [-6.20546001e-10]]), 2.062060715748361), (2.0470990054932452e-05, Vec([[ 1.35365145e-09],
     [-8.14638170e-07],
     [ 8.69371748e-10]]), 2.0537921923240465), (2.125214080302354e-05, Vec([[-6.51724128e-09],
     [-8.01014997e-07],
     [-1.26483468e-09]]), 2.1084020148881377), (2.129086780319751e-05, Vec([[ 7.91820589e-10],
     [-7.76380432e-07],
     [-2.59797724e-10]]), 2.096113018104966), (2.1469611298510198e-05, Vec([[ 2.30044525e-09],
     [-6.87411144e-07],
     [ 7.47332776e-10]]), 2.106106900155918), (2.162681296791121e-05, Vec([[ 4.08346987e-09],
     [-6.56865884e-07],
     [ 9.33636856e-10]]), 2.122439201750831), (2.218188456404778e-05, Vec([[-1.17056562e-11],
     [-6.76396932e-07],
     [ 1.73139754e-10]]), 2.1866576575309975), (2.2168680138095453e-05, Vec([[ 1.30808299e-10],
     [-6.50178469e-07],
     [ 1.43813953e-09]]), 2.204096927169254), (2.2188136444343825e-05, Vec([[-5.36160868e-09],
     [-6.30521191e-07],
     [-1.35355380e-09]]), 2.234187338440638), (2.1799084070450453e-05, Vec([[-5.16072155e-10],
     [-4.91184639e-07],
     [-2.40060380e-09]]), 2.2324957667973804), (2.1533564114583156e-05, Vec([[-2.99219223e-09],
     [-3.79288191e-07],
     [ 7.95248070e-10]]), 2.2528454723752938), (2.0824242923257836e-05, Vec([[-1.38599505e-09],
     [-2.80732086e-07],
     [ 9.77812572e-10]]), 2.235839635028243), (2.011305282546052e-05, Vec([[-7.80515755e-09],
     [-1.93003050e-07],
     [ 1.91408234e-09]]), 2.226919428516146), (1.9469527893013563e-05, Vec([[-1.69164725e-09],
     [-8.43966245e-08],
     [ 1.49348163e-09]]), 2.234444880824331), (1.9040157219532383e-05, Vec([[-8.27222012e-10],
     [-5.96226817e-08],
     [-1.50351516e-10]]), 2.2292892582822486), (1.977058441326637e-05, Vec([[ 3.62199934e-09],
     [-1.52790072e-07],
     [-4.58315879e-10]]), 2.2271590883311285), (2.031302650458529e-05, Vec([[-6.21627077e-09],
     [-2.45510742e-07],
     [ 1.54994464e-09]]), 2.213367696968771), (2.0556387205160616e-05, Vec([[-5.18375587e-10],
     [-3.70076732e-07],
     [ 3.08615518e-10]]), 2.177384254775556), (2.1135593580945864e-05, Vec([[ 2.23857347e-09],
     [-4.92985445e-07],
     [ 6.68024501e-11]]), 2.1865277372039382), (2.158179411061076e-05, Vec([[-1.78290787e-09],
     [-5.52144354e-07],
     [-7.60648834e-10]]), 2.1904273580366262), (2.1741604074757247e-05, Vec([[ 5.82339499e-10],
     [-6.83187399e-07],
     [ 9.80483257e-10]]), 2.1742473645958884), (2.183017837550966e-05, Vec([[ 4.89333004e-10],
     [-6.68422470e-07],
     [ 2.47509720e-10]]), 2.1600869105333516), (2.2086476565494568e-05, Vec([[ 7.81047165e-09],
     [-6.82260672e-07],
     [-2.15518456e-10]]), 2.1712968202388367), (2.154098514997301e-05, Vec([[-6.71127070e-09],
     [-7.08102959e-07],
     [ 1.11142071e-09]]), 2.112498110094086), (2.1411121147592994e-05, Vec([[-2.54287333e-09],
     [-7.51950084e-07],
     [-1.85003791e-09]]), 2.1030944649371985), (2.1007071960036766e-05, Vec([[-8.93543394e-09],
     [-7.63081857e-07],
     [ 3.89207877e-11]]), 2.0750552450457516), (2.0721758025141067e-05, Vec([[ 6.86061717e-10],
     [-7.94558449e-07],
     [-1.34465736e-09]]), 2.0668625525614615), (2.047029793613238e-05, Vec([[-2.54171785e-10],
     [-8.48072247e-07],
     [ 2.65033871e-10]]), 2.0674935062089155), (1.974907524838783e-05, Vec([[-3.15616902e-09],
     [-8.78805967e-07],
     [ 4.83995393e-11]]), 2.02795640301157), (1.9544063692715718e-05, Vec([[ 4.20861925e-09],
     [-9.32002437e-07],
     [ 3.29944689e-10]]), 2.0493766365069193), (1.9231445750684664e-05, Vec([[ 1.84185101e-09],
     [-1.01505520e-06],
     [ 1.31925433e-09]]), 2.068705664108551), (1.8769424102516725e-05, Vec([[ 4.19688856e-09],
     [-1.05290211e-06],
     [ 5.09470550e-10]]), 2.08116504456764), (1.8408198399179935e-05, Vec([[ 5.75827953e-09],
     [-1.09539854e-06],
     [ 3.31062589e-10]]), 2.1147330551465426), (1.8677622700308005e-05, Vec([[-2.57232673e-09],
     [-1.06277673e-06],
     [ 1.43498582e-10]]), 2.1354253771889415), (1.9176168923245987e-05, Vec([[ 1.56203864e-09],
     [-9.26150353e-07],
     [ 1.60999406e-09]]), 2.147181051120361), (1.9278739683459246e-05, Vec([[ 1.15704451e-09],
     [-7.20708211e-07],
     [ 1.53706291e-09]]), 2.1233972151547245), (1.98584484687855e-05, Vec([[-1.68137280e-09],
     [-5.68117425e-07],
     [-4.97493355e-10]]), 2.1606464325708292), (1.9986478734280606e-05, Vec([[-4.27799134e-09],
     [-3.29636386e-07],
     [-1.49955513e-09]]), 2.157028525571132), (1.99224203612533e-05, Vec([[-4.99198929e-09],
     [-1.33608006e-07],
     [-7.07357395e-10]]), 2.14145731024202), (2.0087183662696575e-05, Vec([[-3.30817779e-09],
     [ 1.11059854e-07],
     [ 1.69090378e-09]]), 2.1591676872914634), (1.979111372270421e-05, Vec([[-3.58293880e-09],
     [ 3.21459686e-07],
     [ 3.56249084e-10]]), 2.1359438758701312), (1.9861978630613597e-05, Vec([[ 2.17761141e-09],
     [ 5.61673693e-07],
     [-1.12949591e-09]]), 2.161030522575255), (1.9638123476760094e-05, Vec([[-1.69852695e-09],
     [ 7.62201024e-07],
     [ 1.50880504e-09]]), 2.1629804326469713), (1.9122076590758947e-05, Vec([[ 3.38958778e-09],
     [ 9.17675377e-07],
     [-1.24446498e-09]]), 2.1411242609558627), (1.8652063222044536e-05, Vec([[ 2.95332843e-09],
     [ 1.03914280e-06],
     [-6.38435142e-10]]), 2.1325031445586284), (1.8374885821844313e-05, Vec([[ 2.23894031e-09],
     [ 1.08771463e-06],
     [-2.50304649e-10]]), 2.1109061076682445), (1.865740867246759e-05, Vec([[1.29753462e-08],
     [1.03110038e-06],
     [1.50905474e-09]]), 2.068744706245208), (1.910870576794111e-05, Vec([[-1.06016365e-09],
     [ 1.01033863e-06],
     [-9.01339876e-11]]), 2.0555026579068385), (1.9611777249966546e-05, Vec([[ 4.00984227e-09],
     [ 9.68348092e-07],
     [-4.92746201e-10]]), 2.056477032022738), (1.9818714412055195e-05, Vec([[-1.11930193e-09],
     [ 8.57544461e-07],
     [-1.84755261e-10]]), 2.035107380264094), (2.0272366865798752e-05, Vec([[ 5.23439353e-10],
     [ 8.48212102e-07],
     [-9.40857376e-10]]), 2.0475025317800863), (2.0910997117068165e-05, Vec([[1.40343680e-09],
     [8.11288760e-07],
     [6.78802981e-10]]), 2.085737939104934), (2.123522313972507e-05, Vec([[ 4.11714981e-10],
     [ 7.87428440e-07],
     [-2.43088577e-10]]), 2.097591765269808), (2.1216258669864945e-05, Vec([[-5.73790386e-09],
     [ 7.09856148e-07],
     [-2.66055829e-10]]), 2.083954215554234), (2.1453868759511876e-05, Vec([[-5.46546859e-09],
     [ 7.27159516e-07],
     [ 9.39877824e-10]]), 2.1039547120588473), (2.175544669339363e-05, Vec([[ 9.27916454e-11],
     [ 7.07430349e-07],
     [-2.25787408e-09]]), 2.1387536435775254), (2.1919159599337494e-05, Vec([[ 9.88242237e-10],
     [ 6.86292835e-07],
     [-6.04023020e-10]]), 2.168891564969404), (2.1953995596142503e-05, Vec([[-4.50443474e-09],
     [ 6.73753714e-07],
     [-1.00169911e-10]]), 2.195487366209687), (2.1622712468923174e-05, Vec([[-6.03174225e-09],
     [ 5.88259487e-07],
     [-6.20396509e-10]]), 2.1945803348945323), (2.1253474248583304e-05, Vec([[ 2.74592557e-09],
     [ 4.86994677e-07],
     [-3.26225126e-10]]), 2.1987227743805504), (2.0492247120709868e-05, Vec([[-9.37495810e-10],
     [ 3.83345674e-07],
     [ 8.20255180e-10]]), 2.170590375647421), (2.000148356642586e-05, Vec([[-6.22476532e-09],
     [ 2.49806293e-07],
     [ 1.70509275e-09]]), 2.1794210531545093), (1.9667623066185295e-05, Vec([[-2.68652184e-09],
     [ 1.81663259e-07],
     [ 1.52778673e-09]]), 2.21556047823923), (1.9071689299083385e-05, Vec([[-4.14979076e-09],
     [ 6.56505027e-08],
     [-1.23130926e-09]]), 2.2329811461917752), (1.9322487163899928e-05, Vec([[ 1.71018846e-09],
     [ 1.05416039e-07],
     [-3.95380541e-10]]), 2.2175695664229678), (2.0179384056175555e-05, Vec([[ 1.12458260e-09],
     [ 1.93800603e-07],
     [-7.37581383e-11]]), 2.234263629701247), (2.0810185460642888e-05, Vec([[ 1.06230751e-09],
     [ 2.64795108e-07],
     [-5.32619286e-10]]), 2.234330325316565), (2.1156620965214458e-05, Vec([[-6.55872848e-09],
     [ 3.79753245e-07],
     [-1.56397752e-09]]), 2.213409610161334), (2.1482581512284203e-05, Vec([[-2.28109690e-09],
     [ 4.85798114e-07],
     [ 5.21405535e-11]]), 2.2000819911083127), (2.2000460962889e-05, Vec([[5.09036793e-09],
     [5.87168472e-07],
     [9.89792975e-10]]), 2.2152897538934244), (2.2358731434113667e-05, Vec([[1.59656102e-09],
     [6.54535049e-07],
     [7.87226620e-11]]), 2.22299257070549), (2.208829223141311e-05, Vec([[ 6.87845242e-09],
     [ 6.77039915e-07],
     [-1.00627202e-09]]), 2.177431462603742), (2.1925940930413833e-05, Vec([[-3.88044924e-09],
     [ 6.79060691e-07],
     [-5.82820761e-10]]), 2.151795395605996), (2.1459097885473014e-05, Vec([[-5.07992127e-10],
     [ 6.95720761e-07],
     [-9.81168185e-10]]), 2.1050755646820725), (2.1091621323107423e-05, Vec([[ 3.06714681e-09],
     [ 7.35710265e-07],
     [-8.68980550e-10]]), 2.0764969486901865), (2.0873140052704627e-05, Vec([[ 4.12089089e-09],
     [ 7.94969449e-07],
     [-1.07911311e-10]]), 2.0708017583764353), (2.0726875536881837e-05, Vec([[-2.69280148e-09],
     [ 8.67327524e-07],
     [ 1.72552531e-10]]), 2.0794644047351944), (2.0157813350991674e-05, Vec([[5.85186041e-10],
     [8.66217962e-07],
     [8.41166123e-10]]), 2.0517561738043053), (1.978810412932774e-05, Vec([[3.23192604e-09],
     [9.25912675e-07],
     [1.77471535e-10]]), 2.0522064838535843), (1.96002499651755e-05, Vec([[5.44017849e-10],
     [9.87922967e-07],
     [5.19195142e-10]]), 2.080436254724579), (1.902154777054906e-05, Vec([[4.42198608e-09],
     [1.05070091e-06],
     [5.46839015e-10]]), 2.076100672373169), (1.8688030252314733e-05, Vec([[1.85395256e-09],
     [1.11411132e-06],
     [1.54698055e-09]]), 2.107786358914676), (1.8425338208344394e-05, Vec([[-1.45375358e-09],
     [ 1.12835188e-06],
     [-8.13677284e-10]]), 2.1322786341386335), (1.901472865297104e-05, Vec([[-3.70843094e-09],
     [ 1.01117720e-06],
     [ 3.69515501e-10]]), 2.150218699459168), (1.9586508132685605e-05, Vec([[ 5.65050976e-09],
     [ 9.26632634e-07],
     [-1.14945710e-10]]), 2.1739687328440147), (1.9508286893265157e-05, Vec([[1.98113244e-09],
     [6.55944291e-07],
     [2.03687293e-09]]), 2.1344589113884904), (1.9805926572171417e-05, Vec([[ 6.21014532e-09],
     [ 4.33054488e-07],
     [-1.83780152e-09]]), 2.1451214893547235), (2.0060886955244013e-05, Vec([[-3.30459279e-09],
     [ 2.55569950e-07],
     [ 6.86004980e-10]]), 2.159603413063318), (2.0097589605692348e-05, Vec([[-2.33322840e-09],
     [-1.42817459e-08],
     [-8.47250624e-10]]), 2.159198607643249)]