[(1.5175337938387217e-05, Vec([[-1.82683509e-09],
     [-1.20960605e-08],
     [-3.57056364e-10]]), 2.0739354065010414), (1.5822857549844427e-05, Vec([[-6.59486558e-08],
     [ 4.76277947e-09],
     [-1.49795369e-10]]), 2.061521465737486), (1.6421790566614266e-05, Vec([[-1.27141643e-07],
     [ 1.11206057e-08],
     [ 7.53250029e-10]]), 2.0520609658040416), (1.700155478044184e-05, Vec([[-1.86340961e-07],
     [ 1.08311007e-08],
     [-1.79076625e-09]]), 2.048968931756471), (1.726939686716794e-05, Vec([[-2.32063658e-07],
     [-2.33238186e-08],
     [-3.20268050e-09]]), 2.017633518136141), (1.7579178513968943e-05, Vec([[-2.77038410e-07],
     [-7.08403764e-09],
     [-3.31170382e-09]]), 2.000728748166446), (1.8179129344833858e-05, Vec([[-3.24553426e-07],
     [-1.41982586e-08],
     [ 1.23130013e-09]]), 2.024816356884163), (1.8312451675479204e-05, Vec([[-3.44396522e-07],
     [-1.14195657e-08],
     [ 3.65629835e-10]]), 2.004913928284606), (1.848485056094174e-05, Vec([[-3.75882590e-07],
     [-1.00895429e-08],
     [ 3.80329421e-09]]), 1.9977945572344744), (1.866986176635201e-05, Vec([[-3.89363796e-07],
     [ 1.37059983e-08],
     [-9.08767334e-11]]), 2.0001533509824854), (1.874794370347634e-05, Vec([[-4.00897857e-07],
     [ 6.29421598e-09],
     [ 7.95401693e-10]]), 1.9990948040245187), (1.878634224549364e-05, Vec([[-3.84524570e-07],
     [-1.34950334e-08],
     [ 1.04332171e-09]]), 2.0018575912573904), (1.868250889886588e-05, Vec([[-3.51493007e-07],
     [-1.48065577e-08],
     [-4.36900835e-09]]), 1.9975085788000793), (1.8331836312664165e-05, Vec([[-2.99706499e-07],
     [-2.89387004e-09],
     [-2.36159352e-09]]), 1.9746271208406931), (1.8310857030332843e-05, Vec([[-2.62974430e-07],
     [ 7.27908997e-09],
     [ 2.65772320e-09]]), 1.9952764510659147), (1.793586282020035e-05, Vec([[-1.96504444e-07],
     [ 4.67612309e-09],
     [ 2.17132227e-09]]), 1.9854706262092523), (1.7421442554228064e-05, Vec([[-9.23027619e-08],
     [-4.85406289e-09],
     [-4.18136280e-10]]), 1.9677159195011966), (1.7299051158440323e-05, Vec([[-6.82760818e-08],
     [-4.45007371e-09],
     [ 1.30472517e-09]]), 2.0026532191832445), (1.6778389517077224e-05, Vec([[ 2.78620649e-08],
     [-3.13429124e-09],
     [-5.07518098e-11]]), 2.000353319133652), (1.625419342220741e-05, Vec([[8.23103499e-08],
     [6.57928331e-09],
     [1.87885010e-09]]), 2.0058026984158897), (1.5699475653323505e-05, Vec([[1.25647436e-07],
     [8.29270604e-09],
     [5.69798652e-10]]), 2.01615814234197), (1.5441766299539763e-05, Vec([[ 1.94003153e-07],
     [-1.20440450e-08],
     [ 3.67160326e-11]]), 2.0758648119019862), (1.4825042665184654e-05, Vec([[ 2.51076870e-07],
     [-3.41604395e-09],
     [-1.17651641e-09]]), 2.09967137665601), (1.447135676024174e-05, Vec([[2.77547727e-07],
     [4.41837094e-09],
     [3.56706102e-10]]), 2.174785854164381), (1.366023249152389e-05, Vec([[ 3.31433009e-07],
     [-4.32124839e-10],
     [-9.38136663e-11]]), 2.1958745141148914), (1.3438050360802838e-05, Vec([[ 3.44919407e-07],
     [-2.08505435e-09],
     [-3.75777002e-10]]), 2.2417836463187486), (1.4016134438463655e-05, Vec([[ 3.14007775e-07],
     [-7.82874514e-09],
     [-3.20947476e-10]]), 2.1761649757724264), (1.4570565404063593e-05, Vec([[ 2.60864351e-07],
     [ 2.25299120e-09],
     [-7.05552256e-10]]), 2.123724458780368), (1.5248969452628325e-05, Vec([[ 2.14236129e-07],
     [-6.86432976e-09],
     [ 4.13945728e-10]]), 2.102339443736258), (1.5676443732734076e-05, Vec([[ 1.43642926e-07],
     [-3.01530090e-09],
     [ 3.41804719e-10]]), 2.0581928716670372), (1.5887649037458163e-05, Vec([[ 1.17488656e-07],
     [-1.18173428e-08],
     [ 1.22181004e-09]]), 1.998645397853787), (1.6649571061880356e-05, Vec([[3.91830750e-08],
     [1.09950048e-08],
     [6.42396012e-10]]), 2.01817811263671), (1.6979006149296914e-05, Vec([[-2.54647080e-08],
     [-5.69197663e-09],
     [ 1.23100293e-10]]), 1.9935014678117833), (1.7188832854717638e-05, Vec([[-1.04508509e-07],
     [-2.75311004e-09],
     [-9.54210477e-11]]), 1.9643803385615892), (1.7562225515740595e-05, Vec([[-1.64805734e-07],
     [ 9.66207214e-09],
     [ 4.78136870e-09]]), 1.9626760093003737), (1.7885287922118163e-05, Vec([[-2.18394765e-07],
     [ 4.45028720e-09],
     [ 1.78562193e-09]]), 1.9632768172138386), (1.8244954793191447e-05, Vec([[-2.74591229e-07],
     [ 7.16448686e-09],
     [ 1.07198975e-09]]), 1.9756209102726172), (1.849957519629757e-05, Vec([[-3.17328049e-07],
     [-8.14369310e-10],
     [ 2.72498490e-09]]), 1.9842955036882037), (1.8505734477638072e-05, Vec([[-3.54302709e-07],
     [ 9.26700662e-09],
     [ 1.89119534e-09]]), 1.9742821063493998), (1.86737451342863e-05, Vec([[-3.85800846e-07],
     [ 7.89652258e-09],
     [ 7.21031296e-10]]), 1.9895188058164368), (1.871877523406565e-05, Vec([[-3.93758107e-07],
     [-7.72541517e-09],
     [ 1.45939764e-09]]), 1.999670757149243), (1.8525779539431703e-05, Vec([[-3.88030352e-07],
     [ 4.77220725e-09],
     [-1.28544588e-09]]), 1.9924257247319117), (1.85325024773898e-05, Vec([[-3.59286170e-07],
     [ 9.73860478e-09],
     [-7.00154902e-10]]), 2.0148761306337626), (1.8067502002743145e-05, Vec([[-3.38826669e-07],
     [-6.89724668e-09],
     [ 2.72428156e-09]]), 1.9940878015050245), (1.7943911409823657e-05, Vec([[-3.08134574e-07],
     [ 6.75110079e-09],
     [-4.25299381e-10]]), 2.0191761291375383), (1.75109894287983e-05, Vec([[-2.55662132e-07],
     [ 6.41354067e-09],
     [ 1.89754157e-09]]), 2.0180508875056957), (1.720233198471272e-05, Vec([[-2.14385943e-07],
     [-9.53247136e-10],
     [-8.60485253e-10]]), 2.0399627347819878), (1.635658879935263e-05, Vec([[-1.49084395e-07],
     [ 1.10649587e-08],
     [-3.54875030e-09]]), 2.0059085256027993), (1.6188941757812553e-05, Vec([[-9.60065843e-08],
     [-1.60474823e-08],
     [ 1.25791296e-09]]), 2.0641510285634608), (1.5426872902312292e-05, Vec([[-3.42766869e-08],
     [ 1.07632428e-09],
     [-2.56085301e-10]]), 2.056909271506585), (1.540419314509614e-05, Vec([[3.08440637e-08],
     [1.06992299e-08],
     [1.90744566e-09]]), 2.053885314338543), (1.6160940458191122e-05, Vec([[9.48068328e-08],
     [4.30385588e-09],
     [1.66378415e-10]]), 2.060580757431513), (1.671905492613786e-05, Vec([[ 1.60318617e-07],
     [ 9.96257472e-09],
     [-6.28093499e-10]]), 2.0503599636672862), (1.7105419764126236e-05, Vec([[ 2.06590115e-07],
     [-3.49900109e-09],
     [-6.40707752e-10]]), 2.0284702627894067), (1.777102908994185e-05, Vec([[ 2.61991290e-07],
     [-3.63881372e-10],
     [ 1.46633098e-10]]), 2.048019112379065), (1.7948399310453855e-05, Vec([[ 3.04806550e-07],
     [ 4.63326707e-09],
     [-1.55656740e-09]]), 2.019681139534407), (1.8179650089750196e-05, Vec([[ 3.45205069e-07],
     [ 4.70478219e-09],
     [-2.13651475e-09]]), 2.0064654468612524), (1.847747321948668e-05, Vec([[ 3.77444882e-07],
     [-7.63620853e-09],
     [-4.77380127e-09]]), 2.008893283019375), (1.858754485888963e-05, Vec([[3.91499105e-07],
     [1.72538581e-10],
     [4.42410719e-10]]), 1.9990685119421507), (1.8811364141918923e-05, Vec([[4.02695180e-07],
     [6.46474514e-11],
     [1.11165944e-09]]), 2.00956175317625), (1.8572287627486533e-05, Vec([[ 4.01174088e-07],
     [ 5.99055770e-09],
     [-2.82330353e-09]]), 1.9787094252493453), (1.86738819438649e-05, Vec([[ 3.65715706e-07],
     [-1.00581244e-08],
     [-8.64703958e-09]]), 1.9922208990085484), (1.8420796542407608e-05, Vec([[ 3.05483308e-07],
     [ 7.82157486e-09],
     [-1.46677483e-09]]), 1.9758455729713216), (1.825271429139577e-05, Vec([[ 3.10571232e-07],
     [-1.46860631e-09],
     [ 4.15134477e-09]]), 1.9764611330673263), (1.7867726386679847e-05, Vec([[ 1.98623947e-07],
     [ 6.43755844e-09],
     [-1.33138722e-09]]), 1.9613490788653787), (1.7531726019481512e-05, Vec([[1.54695333e-07],
     [2.69715773e-09],
     [1.40085451e-09]]), 1.9592675216033102), (1.7389566731330314e-05, Vec([[ 1.05095999e-07],
     [-7.36985913e-09],
     [-2.32805402e-09]]), 1.987320679178897), (1.708373920210007e-05, Vec([[ 3.63694302e-08],
     [-6.89423101e-09],
     [-1.09733370e-09]]), 2.0057981530627136), (1.6415939517130318e-05, Vec([[-3.75580690e-08],
     [-3.48526558e-10],
     [-2.30158494e-10]]), 1.9898584599391358), (1.5996632333185173e-05, Vec([[-9.33824570e-08],
     [-4.84910777e-09],
     [ 1.91583752e-11]]), 2.0123553534258267), (1.587959439018275e-05, Vec([[-1.66243558e-07],
     [ 1.05092140e-08],
     [ 4.62257596e-10]]), 2.0848649436091087), (1.507158268534514e-05, Vec([[-2.16972324e-07],
     [-2.66760192e-10],
     [-4.99811081e-10]]), 2.0778835486139795), (1.45551956567037e-05, Vec([[-2.51847897e-07],
     [ 4.05300392e-09],
     [-9.18974697e-10]]), 2.1214842500109556), (1.4051366841692189e-05, Vec([[-3.22459660e-07],
     [ 9.23552032e-09],
     [-8.09426568e-10]]), 2.181635208828112), (1.3580854567742547e-05, Vec([[-3.48562234e-07],
     [-4.67297458e-11],
     [ 3.51335610e-11]]), 2.265606755114111), (1.356281104294571e-05, Vec([[-3.15193821e-07],
     [ 8.44051995e-09],
     [ 2.06178351e-10]]), 2.18021407230369), (1.415656469096981e-05, Vec([[-3.02924274e-07],
     [-1.33291097e-09],
     [-9.34830899e-12]]), 2.127478241575036), (1.4798976749106372e-05, Vec([[-2.39663672e-07],
     [ 3.19637083e-09],
     [-1.02774041e-09]]), 2.0959796599350597), (1.522214211258014e-05, Vec([[-2.02919858e-07],
     [-6.04224099e-09],
     [-3.48675545e-11]]), 2.046340331819312), (1.581345417283648e-05, Vec([[-1.53724859e-07],
     [ 7.42451340e-10],
     [-1.37949538e-09]]), 2.0307954923556), (1.6366612000152106e-05, Vec([[-8.04536668e-08],
     [ 1.17400537e-08],
     [-2.28930495e-10]]), 2.0196753945956645), (1.66404990823601e-05, Vec([[ 5.32855273e-09],
     [-1.17893894e-08],
     [-5.29234797e-09]]), 1.9839137443769417), (1.689659155825517e-05, Vec([[ 4.99546688e-08],
     [-9.25234255e-09],
     [-1.80673912e-09]]), 1.9560618190815842), (1.761905138624948e-05, Vec([[ 1.04623850e-07],
     [-4.53288224e-09],
     [ 1.02203578e-09]]), 1.9900354285425543), (1.7681293552201426e-05, Vec([[ 2.02367453e-07],
     [ 7.11542797e-09],
     [-2.03950431e-09]]), 1.9572902253545919), (1.7985399350386908e-05, Vec([[ 2.49853086e-07],
     [-3.57176852e-09],
     [-7.18629013e-09]]), 1.9598123521687978), (1.8275815946321912e-05, Vec([[ 2.77806834e-07],
     [ 9.31696299e-09],
     [-9.02867998e-10]]), 1.9685928462152755), (1.8719675563270782e-05, Vec([[ 3.49025773e-07],
     [-3.69357783e-09],
     [-2.64681498e-09]]), 2.00148238828124), (1.8877645268469183e-05, Vec([[ 3.81579064e-07],
     [ 4.83809071e-09],
     [-1.04648011e-09]]), 2.011586768297811), (1.86516134842645e-05, Vec([[4.27739542e-07],
     [6.55759631e-09],
     [3.00901359e-09]]), 1.9888231046988365), (1.8657697931653298e-05, Vec([[ 3.96933859e-07],
     [-9.90715945e-09],
     [ 2.53642574e-09]]), 1.9988502061045046), (1.866646328508069e-05, Vec([[ 3.80062129e-07],
     [-1.48161451e-08],
     [ 3.30961874e-09]]), 2.017422787963911), (1.8190910115379748e-05, Vec([[ 3.53451879e-07],
     [-1.87711885e-08],
     [ 1.65149462e-09]]), 1.9916071154652657), (1.793097604519585e-05, Vec([[ 3.06929707e-07],
     [ 4.25316728e-10],
     [-3.74161086e-10]]), 1.9971767020585256), (1.7767543398044045e-05, Vec([[ 2.85105775e-07],
     [-1.20735481e-08],
     [ 9.01458841e-10]]), 2.0221670103932405), (1.7312496256161228e-05, Vec([[ 2.30343087e-07],
     [-5.16147532e-09],
     [ 2.48508695e-10]]), 2.0226689442435437), (1.7025714857424514e-05, Vec([[ 1.79434387e-07],
     [ 1.00774442e-08],
     [-1.55526140e-09]]), 2.0518806211734457), (1.668374214776558e-05, Vec([[ 1.19718290e-07],
     [-8.37364049e-09],
     [ 7.28462121e-10]]), 2.0847943399407263), (1.5720029944999648e-05, Vec([[ 6.44775179e-08],
     [-1.22733412e-08],
     [-2.00353675e-09]]), 2.048124308239853), (1.506589043302453e-05, Vec([[ 3.61117169e-10],
     [ 7.92702097e-10],
     [-3.16631206e-10]]), 2.058977778707415)]