[(1.531910684087862e-05, Vec([[-1.32615846e-09],
     [ 2.49491886e-09],
     [ 1.33332530e-10]]), 2.0935835631642594), (1.598322749703652e-05, Vec([[-6.39292972e-08],
     [ 2.87272484e-09],
     [-1.01824082e-09]]), 2.0824156744829185), (1.646756815302097e-05, Vec([[-1.27087018e-07],
     [ 4.02374164e-09],
     [ 2.41000250e-09]]), 2.0577813163220235), (1.687079418780191e-05, Vec([[-1.80561101e-07],
     [ 1.34583947e-08],
     [ 1.64415368e-09]]), 2.033210114679018), (1.7533196213336577e-05, Vec([[-2.34627910e-07],
     [ 7.02344237e-09],
     [ 1.70618844e-09]]), 2.048453957725675), (1.7814135320142166e-05, Vec([[-2.68323097e-07],
     [ 1.36242134e-08],
     [ 3.44267888e-09]]), 2.0274697495343204), (1.807607299810853e-05, Vec([[-3.29760056e-07],
     [-1.20184683e-08],
     [-5.30170519e-10]]), 2.0133377996566977), (1.840227491695703e-05, Vec([[-3.46345912e-07],
     [-6.37199242e-09],
     [-9.04713540e-10]]), 2.0147481040199993), (1.86035654190189e-05, Vec([[-3.91526247e-07],
     [-4.53791779e-10],
     [-1.99453721e-09]]), 2.0106249502391407), (1.8572445446411437e-05, Vec([[-3.98832791e-07],
     [ 1.41616786e-08],
     [ 3.03162861e-09]]), 1.9897168742046718), (1.8854502983260412e-05, Vec([[-4.08383958e-07],
     [ 8.48531267e-09],
     [ 6.05125852e-09]]), 2.0104572289339466), (1.868021772882695e-05, Vec([[-3.77415273e-07],
     [ 6.34413272e-09],
     [ 3.44451676e-11]]), 1.9905490477138117), (1.866017391127333e-05, Vec([[-3.43640521e-07],
     [ 2.97453115e-09],
     [-2.65011513e-09]]), 1.9951205521402218), (1.834782830707197e-05, Vec([[-3.07528346e-07],
     [ 6.57943786e-09],
     [ 2.41821056e-09]]), 1.9763497101839202), (1.8222502596995566e-05, Vec([[-2.47619240e-07],
     [ 7.02199761e-09],
     [-1.67474623e-09]]), 1.985648746590198), (1.768892764378784e-05, Vec([[-1.78573509e-07],
     [-5.81598694e-10],
     [-2.64277227e-10]]), 1.9581353067847158), (1.7451232083144613e-05, Vec([[-1.24579193e-07],
     [-1.08470961e-08],
     [-2.38380642e-09]]), 1.971080585205605), (1.712475803011386e-05, Vec([[-3.25657329e-08],
     [ 3.05677785e-09],
     [ 1.17821533e-09]]), 1.9824758874135646), (1.6654326848342367e-05, Vec([[1.22106150e-08],
     [2.90365519e-09],
     [1.24203578e-09]]), 1.9855623184281455), (1.6253918539285264e-05, Vec([[ 7.42172456e-08],
     [-1.14073078e-08],
     [-1.44740565e-09]]), 2.0057687772675026), (1.5995819169959413e-05, Vec([[ 1.45457921e-07],
     [-1.74111563e-08],
     [ 8.69211822e-10]]), 2.0542151709452954), (1.5589669639747684e-05, Vec([[ 1.99395696e-07],
     [-1.45738246e-09],
     [-2.98143294e-10]]), 2.095747727725518), (1.4795278308728873e-05, Vec([[ 2.39727107e-07],
     [ 9.27120516e-09],
     [-6.14479093e-11]]), 2.0954558496787046), (1.4303714279522495e-05, Vec([[2.84863566e-07],
     [1.04390261e-08],
     [5.53561724e-11]]), 2.149592190455744), (1.3579405480929073e-05, Vec([[3.30988424e-07],
     [1.41413226e-09],
     [8.24827031e-10]]), 2.182881618662535), (1.3325318178404987e-05, Vec([[ 3.46253393e-07],
     [-1.24949217e-08],
     [-3.09923002e-10]]), 2.2229772602636344), (1.4127651130151552e-05, Vec([[ 3.23162597e-07],
     [ 5.48237172e-10],
     [-3.40964077e-10]]), 2.1934792159954113), (1.456097856799821e-05, Vec([[ 2.62874690e-07],
     [ 1.24081357e-08],
     [-1.38379933e-10]]), 2.12232713495183), (1.5230552411619288e-05, Vec([[ 2.00551927e-07],
     [-4.40016791e-09],
     [ 6.30734926e-11]]), 2.0998003297410146), (1.5760611759378433e-05, Vec([[ 1.61990470e-07],
     [ 1.44961298e-09],
     [-1.02363958e-10]]), 2.069243466777455), (1.626890560900919e-05, Vec([[9.91267656e-08],
     [2.86706513e-09],
     [3.02768474e-09]]), 2.0466069741911936), (1.647831287702291e-05, Vec([[ 2.35628080e-08],
     [-6.78361663e-09],
     [ 1.98422291e-09]]), 1.9974190480935692), (1.687384932183496e-05, Vec([[-4.48005296e-08],
     [-5.10202647e-09],
     [ 1.31379401e-09]]), 1.9811550272691185), (1.735435718146519e-05, Vec([[-1.13822879e-07],
     [ 4.93015489e-10],
     [ 2.07340695e-09]]), 1.983296848819428), (1.7630400752733565e-05, Vec([[-1.73791201e-07],
     [ 4.73306423e-09],
     [ 4.64503732e-09]]), 1.9702949697763417), (1.7899864004967915e-05, Vec([[-2.32183977e-07],
     [-1.12392143e-08],
     [ 1.15688788e-09]]), 1.964876840969079), (1.824185580197269e-05, Vec([[-3.01080420e-07],
     [-2.98759813e-09],
     [ 1.14916046e-09]]), 1.9752853417868672), (1.8521923658897164e-05, Vec([[-3.39664563e-07],
     [ 4.27392619e-09],
     [-6.03632699e-09]]), 1.9866926373185798), (1.8793825028689587e-05, Vec([[-3.46959469e-07],
     [-1.65040874e-09],
     [ 2.22168332e-09]]), 2.005017012906966), (1.886370516610515e-05, Vec([[-3.92272121e-07],
     [-6.55995831e-09],
     [-7.43839057e-10]]), 2.0097573307046868), (1.872393717572247e-05, Vec([[-4.03048265e-07],
     [ 3.95726502e-09],
     [-3.19902887e-09]]), 2.0002221919334198), (1.8324888502103396e-05, Vec([[-3.80621375e-07],
     [ 7.74869063e-09],
     [-9.52323407e-10]]), 1.9708201307654578), (1.8266020494133013e-05, Vec([[-3.74990622e-07],
     [ 1.04931096e-09],
     [ 8.93315393e-10]]), 1.9859038864393743), (1.8296457881453502e-05, Vec([[-3.45818970e-07],
     [-8.69656902e-09],
     [-7.23609552e-10]]), 2.0193573780491345), (1.7740152437947322e-05, Vec([[-3.03693616e-07],
     [ 6.05086262e-09],
     [-4.79124806e-10]]), 1.9962477250279937), (1.7573696773207324e-05, Vec([[-2.60033352e-07],
     [-6.10098554e-09],
     [-1.67367323e-09]]), 2.025277584349544), (1.7063229621624387e-05, Vec([[-2.10605022e-07],
     [ 9.87565809e-09],
     [ 5.37165291e-10]]), 2.0234670853972134), (1.6780433032883814e-05, Vec([[-1.61374356e-07],
     [-1.90605014e-09],
     [-1.31087663e-09]]), 2.0578871363019586), (1.6123510667972923e-05, Vec([[-9.31463488e-08],
     [-1.08167626e-08],
     [ 1.48712708e-09]]), 2.0558083182484195), (1.5639367577911973e-05, Vec([[-3.05952865e-08],
     [ 7.19179091e-09],
     [-6.31496979e-10]]), 2.0852417969091412), (1.5438475579514494e-05, Vec([[ 3.41334286e-08],
     [-1.29909976e-08],
     [-4.07969734e-10]]), 2.0584562897819434), (1.6066240841846715e-05, Vec([[9.66459901e-08],
     [2.79391191e-09],
     [4.46472860e-10]]), 2.0485061997855483), (1.661461818315206e-05, Vec([[1.58794233e-07],
     [6.66131827e-10],
     [5.97213368e-10]]), 2.0375522471127385), (1.7223793107541163e-05, Vec([[2.14606717e-07],
     [1.00082675e-08],
     [3.44110847e-10]]), 2.042507732219284), (1.7535855879436893e-05, Vec([[2.62496317e-07],
     [1.47753167e-08],
     [2.28604415e-09]]), 2.0209166172227047), (1.7997856772902652e-05, Vec([[ 3.11681259e-07],
     [-6.23737341e-09],
     [-1.26829214e-09]]), 2.0252464438486966), (1.8081738374829722e-05, Vec([[3.55837458e-07],
     [1.36204085e-08],
     [1.33923772e-09]]), 1.9956590522463407), (1.835186623171672e-05, Vec([[ 3.74672326e-07],
     [-7.07189488e-09],
     [-1.59666033e-09]]), 1.9952371390740409), (1.8494201909146462e-05, Vec([[ 3.77282463e-07],
     [-1.27788090e-08],
     [-2.11585818e-09]]), 1.9890295878636903), (1.8638236534715547e-05, Vec([[ 4.06232151e-07],
     [-8.58799771e-09],
     [-1.89817079e-09]]), 1.9910670488459272), (1.8840640627015716e-05, Vec([[ 4.08679595e-07],
     [-8.27187705e-09],
     [-1.00672520e-09]]), 2.0073000124787), (1.8540496764221584e-05, Vec([[ 3.79546078e-07],
     [-3.87757958e-09],
     [-1.38122712e-09]]), 1.9779907168052855), (1.8655683899555954e-05, Vec([[ 3.50100318e-07],
     [-1.05890703e-08],
     [-1.16114362e-10]]), 2.0010399853682044), (1.814426518913309e-05, Vec([[2.88163634e-07],
     [7.98163789e-11],
     [7.10301269e-10]]), 1.9647179242428026), (1.7822288264331774e-05, Vec([[ 2.35680236e-07],
     [-1.70752594e-09],
     [ 1.25390559e-10]]), 1.9563613139150937), (1.776692198871568e-05, Vec([[ 1.83761987e-07],
     [-2.76761267e-09],
     [-3.29354356e-09]]), 1.9855519743275003), (1.7556711391569146e-05, Vec([[1.07201245e-07],
     [1.29814324e-08],
     [2.05622841e-09]]), 2.006422364967796), (1.701024094899209e-05, Vec([[ 3.04278148e-08],
     [-4.79030087e-09],
     [-1.24806422e-09]]), 1.9971687389401191), (1.6440443260942252e-05, Vec([[-2.76845553e-08],
     [ 1.23793346e-09],
     [ 1.06143615e-09]]), 1.9928286817697827), (1.6046610313357156e-05, Vec([[-8.97496790e-08],
     [ 3.30747435e-10],
     [-9.45674163e-10]]), 2.018642517740022), (1.5657030686638258e-05, Vec([[-1.56278761e-07],
     [ 1.03122521e-08],
     [-1.04457691e-09]]), 2.055644092506855), (1.5211577881530503e-05, Vec([[-2.08314972e-07],
     [-6.55666985e-09],
     [-1.63429845e-09]]), 2.09718435604155), (1.4594396695595866e-05, Vec([[-2.59613206e-07],
     [-5.80620070e-09],
     [ 4.70331756e-10]]), 2.1271979750995977), (1.397534051827535e-05, Vec([[-3.10606199e-07],
     [-3.60245111e-09],
     [ 1.55943174e-10]]), 2.1698312536803614), (1.3351272285553818e-05, Vec([[-3.45776180e-07],
     [-5.97114939e-09],
     [ 4.78325634e-11]]), 2.227307017289309), (1.3771237657370624e-05, Vec([[-3.37611978e-07],
     [ 2.40803258e-09],
     [ 2.26539840e-10]]), 2.213718530662134), (1.444834726255176e-05, Vec([[-3.12536027e-07],
     [ 3.52079070e-09],
     [-2.35342057e-10]]), 2.171327938578673), (1.4858096418135453e-05, Vec([[-2.47175756e-07],
     [ 1.70925735e-09],
     [-9.00038503e-10]]), 2.104352780988482), (1.55697762352806e-05, Vec([[-1.88428863e-07],
     [-1.38905677e-09],
     [-9.68345697e-10]]), 2.0930734210742514), (1.5879156800853126e-05, Vec([[-1.42343204e-07],
     [ 4.52952419e-09],
     [-1.42111420e-10]]), 2.0392331555855177), (1.6240701817057577e-05, Vec([[-1.05365849e-07],
     [-1.40757130e-09],
     [-1.20047263e-10]]), 2.0041378050980523), (1.672698988242555e-05, Vec([[-3.66227956e-08],
     [ 7.25076499e-09],
     [-7.67776401e-10]]), 1.99422535138841), (1.718767486614105e-05, Vec([[ 3.68554730e-08],
     [ 9.15643717e-09],
     [-9.65753928e-10]]), 1.989759558815925), (1.7648081646454017e-05, Vec([[ 1.16302847e-07],
     [-3.48005831e-09],
     [ 2.31571627e-09]]), 1.9933143364156496), (1.786932565383506e-05, Vec([[ 1.83955176e-07],
     [-8.02673769e-09],
     [ 2.40707731e-09]]), 1.978105070914043), (1.820335994055918e-05, Vec([[ 2.57094269e-07],
     [ 1.41883433e-08],
     [-2.64386185e-09]]), 1.9835628315762195), (1.8361294209180424e-05, Vec([[ 2.99111349e-07],
     [-3.81982653e-09],
     [-1.40252228e-09]]), 1.9778001996524301), (1.8358630199867168e-05, Vec([[ 3.51113746e-07],
     [ 1.72545259e-09],
     [-7.57895596e-10]]), 1.9628799064283613), (1.8670039715035804e-05, Vec([[ 3.81293432e-07],
     [-2.37363519e-09],
     [-1.97213373e-09]]), 1.9894644867117028), (1.8841898645430806e-05, Vec([[ 3.81280843e-07],
     [ 1.23535826e-08],
     [-1.47684049e-09]]), 2.009113227337726), (1.874604514382786e-05, Vec([[ 4.03341306e-07],
     [-2.23636018e-08],
     [-1.87343907e-09]]), 2.0083150845643645), (1.8576905357079565e-05, Vec([[3.93845813e-07],
     [2.18590511e-09],
     [2.49816187e-09]]), 2.007743600105292), (1.823068311018848e-05, Vec([[3.54215834e-07],
     [1.65584953e-09],
     [2.00087101e-10]]), 1.9959616078442621), (1.8074805895628927e-05, Vec([[ 3.11826976e-07],
     [-9.97391588e-09],
     [-1.21204783e-09]]), 2.0131966680448428), (1.7697699733338153e-05, Vec([[2.87560850e-07],
     [1.45684797e-08],
     [7.68616871e-10]]), 2.0142179342891815), (1.732012069816251e-05, Vec([[ 2.29144958e-07],
     [-4.74831071e-09],
     [ 9.12908496e-10]]), 2.02355972982553), (1.7017302780779273e-05, Vec([[1.83614950e-07],
     [5.38204743e-09],
     [1.46490110e-09]]), 2.0508668266164047), (1.6444669220752904e-05, Vec([[ 1.20323423e-07],
     [ 1.87936082e-08],
     [-1.88382046e-09]]), 2.0549198740892005), (1.582043160855931e-05, Vec([[ 6.88308574e-08],
     [-1.16517852e-08],
     [ 2.62643117e-09]]), 2.0612053957723657), (1.5239765936449008e-05, Vec([[3.03400978e-09],
     [6.68764675e-09],
     [9.66234355e-10]]), 2.0827404497160806)]