[(1.5027646827476102e-05, Vec([[ 5.40933298e-10],
     [ 5.54119286e-09],
     [-9.82370214e-10]]), 2.0537512217805665), (1.6076485831809458e-05, Vec([[-6.15774786e-08],
     [-1.04467543e-08],
     [ 9.43955653e-10]]), 2.0945660751540807), (1.6358999664461136e-05, Vec([[-1.36455402e-07],
     [ 1.94238516e-08],
     [ 8.25867753e-10]]), 2.0442146375493135), (1.6985100254418612e-05, Vec([[-1.80390904e-07],
     [-1.74178207e-08],
     [-1.04372058e-09]]), 2.0469858888498798), (1.751500228512159e-05, Vec([[-2.33104757e-07],
     [ 9.70800980e-09],
     [-1.15142908e-09]]), 2.0463283085396915), (1.789670790336112e-05, Vec([[-2.84393077e-07],
     [-1.25220082e-08],
     [-2.21817992e-09]]), 2.036867534585837), (1.8144737094847203e-05, Vec([[-3.33746387e-07],
     [-4.52892243e-10],
     [ 1.82258835e-09]]), 2.020985700915877), (1.8482942699852452e-05, Vec([[-3.56890884e-07],
     [ 3.49302227e-09],
     [ 1.88207379e-09]]), 2.0235799067931604), (1.8647383233081428e-05, Vec([[-3.95999067e-07],
     [ 6.51876141e-09],
     [-1.84961034e-09]]), 2.0153606655837373), (1.8752813175741335e-05, Vec([[-4.07667809e-07],
     [ 2.61563736e-08],
     [ 2.01412041e-10]]), 2.0090401623330543), (1.891716371449869e-05, Vec([[-4.15428845e-07],
     [ 1.40623828e-08],
     [-4.19666530e-11]]), 2.0171387479429668), (1.879074493744901e-05, Vec([[-3.75103214e-07],
     [-2.00553891e-08],
     [-2.96943559e-10]]), 2.00232673858781), (1.865775885760855e-05, Vec([[-3.50714427e-07],
     [ 1.01487303e-08],
     [ 2.45373929e-09]]), 1.994862337869335), (1.8460281792162243e-05, Vec([[-2.94557246e-07],
     [-5.24970142e-09],
     [ 1.45961972e-09]]), 1.988462719361234), (1.8194436223798155e-05, Vec([[-2.47869400e-07],
     [-9.90967064e-09],
     [ 8.57535142e-11]]), 1.9825904422511462), (1.7838531493576046e-05, Vec([[-1.95495034e-07],
     [ 1.36960341e-08],
     [ 3.08366034e-09]]), 1.9746962078297312), (1.737806537028014e-05, Vec([[-1.10942852e-07],
     [ 3.42412410e-09],
     [ 2.06750186e-10]]), 1.9628165562520412), (1.712802499109931e-05, Vec([[-4.46259490e-08],
     [-7.14203422e-09],
     [-3.10059350e-09]]), 1.9828540925460045), (1.6549684012587314e-05, Vec([[ 2.03863313e-08],
     [ 2.54877012e-09],
     [-2.41812391e-10]]), 1.9730865892401248), (1.6176446772772954e-05, Vec([[ 9.29089867e-08],
     [-9.72870905e-09],
     [ 1.95876602e-09]]), 1.9962085933638751), (1.5659529995615822e-05, Vec([[ 1.45104992e-07],
     [-8.82091262e-09],
     [ 7.24021091e-10]]), 2.011028240884306), (1.5452264909383774e-05, Vec([[ 2.05875729e-07],
     [-1.13124010e-08],
     [-1.06703235e-09]]), 2.0772761591744624), (1.492637871190759e-05, Vec([[ 2.45896104e-07],
     [ 4.25979086e-09],
     [-2.39670213e-10]]), 2.114023604945194), (1.4369589151555301e-05, Vec([[2.84502753e-07],
     [1.08571504e-08],
     [1.06523277e-10]]), 2.15949200442726), (1.3762428841390536e-05, Vec([[ 3.18499676e-07],
     [-4.90437662e-09],
     [ 2.71368568e-10]]), 2.2123025185611542), (1.3430834919471855e-05, Vec([[ 3.43986762e-07],
     [ 2.11594984e-09],
     [-1.19867439e-10]]), 2.240579940577033), (1.4060358375780231e-05, Vec([[ 3.06230305e-07],
     [ 2.86082817e-09],
     [-1.11046243e-11]]), 2.183031247204226), (1.462374125368488e-05, Vec([[ 2.50271556e-07],
     [-2.08174116e-09],
     [ 5.82585691e-11]]), 2.1314750744445794), (1.5278650391702793e-05, Vec([[2.14561615e-07],
     [4.84471816e-09],
     [1.60936135e-09]]), 2.10643148478449), (1.5611244723372477e-05, Vec([[ 1.56295932e-07],
     [-6.49221611e-10],
     [-1.86197520e-09]]), 2.0496327582512888), (1.6020127246146023e-05, Vec([[ 9.56681498e-08],
     [-2.65921329e-09],
     [ 8.20832582e-10]]), 2.0153109826414193), (1.6539589577342956e-05, Vec([[ 4.07579501e-08],
     [ 7.86233789e-09],
     [-1.88143791e-10]]), 2.004846704634442), (1.701866344986435e-05, Vec([[-5.59895808e-09],
     [ 3.85351213e-09],
     [ 4.60959391e-11]]), 1.9981576229598228), (1.7167916117492376e-05, Vec([[-1.04384858e-07],
     [-6.05713124e-09],
     [-2.87196134e-10]]), 1.9619899245236234), (1.765940359622892e-05, Vec([[-1.88586528e-07],
     [ 1.25457760e-08],
     [-6.48324909e-10]]), 1.9735361982344783), (1.7923384569816284e-05, Vec([[-2.30439243e-07],
     [ 1.14215370e-08],
     [ 3.41477547e-10]]), 1.9674587048952095), (1.836876061342077e-05, Vec([[-2.91907928e-07],
     [ 2.18881031e-09],
     [ 3.19624532e-09]]), 1.9890269926680517), (1.8321496654641234e-05, Vec([[-3.25955194e-07],
     [-3.90512350e-09],
     [-1.00915683e-09]]), 1.9651945002455549), (1.8620171908619394e-05, Vec([[-3.69982366e-07],
     [-1.20550698e-08],
     [ 3.33681013e-09]]), 1.9864908502150393), (1.8735373003426932e-05, Vec([[-3.82812867e-07],
     [ 1.25722878e-08],
     [ 1.67474660e-09]]), 1.9960846983964187), (1.8972654288703126e-05, Vec([[-4.04642779e-07],
     [ 3.95532263e-09],
     [ 2.46849573e-09]]), 2.0267918970242147), (1.8580778246448644e-05, Vec([[-3.70531967e-07],
     [-1.47835130e-08],
     [ 2.07168482e-09]]), 1.9983407707603018), (1.8398503421465717e-05, Vec([[-3.64953410e-07],
     [-2.02066269e-09],
     [ 1.98986946e-09]]), 2.000307590867571), (1.823481439134718e-05, Vec([[-3.42443647e-07],
     [-8.20246099e-09],
     [-8.40011343e-10]]), 2.012553862452759), (1.81197082223489e-05, Vec([[-3.08961760e-07],
     [ 1.33257044e-08],
     [-1.42681102e-09]]), 2.0389580328330226), (1.7479183137631216e-05, Vec([[-2.53705089e-07],
     [-2.17059756e-09],
     [ 1.23103956e-10]]), 2.014385377091279), (1.7117130818014376e-05, Vec([[-2.06229398e-07],
     [-2.16027495e-08],
     [-5.90698767e-10]]), 2.0298590345872105), (1.6532665424785952e-05, Vec([[-1.53720253e-07],
     [-7.90819226e-09],
     [-1.30119421e-09]]), 2.027501879109983), (1.6032290027467156e-05, Vec([[-9.35820888e-08],
     [ 9.79398952e-09],
     [-2.79061015e-10]]), 2.0441773431208867), (1.555190111491944e-05, Vec([[-3.43318745e-08],
     [ 3.83786581e-09],
     [ 1.62739988e-09]]), 2.073579642186374), (1.540407366024398e-05, Vec([[ 3.66934233e-08],
     [-1.54086891e-08],
     [ 1.80821740e-10]]), 2.053869383080033), (1.6145105925402115e-05, Vec([[ 9.57967036e-08],
     [-2.72236000e-09],
     [-6.65295999e-10]]), 2.0585617948808896), (1.6786198667713297e-05, Vec([[1.51171740e-07],
     [1.24545739e-08],
     [1.48721711e-09]]), 2.0585942113652154), (1.7245453038827873e-05, Vec([[ 2.12879957e-07],
     [ 1.20126076e-08],
     [-1.48407326e-09]]), 2.045076305637242), (1.7605027958116553e-05, Vec([[2.65643737e-07],
     [1.89849262e-09],
     [2.15457838e-10]]), 2.028888341227091), (1.7785725290254318e-05, Vec([[3.11915267e-07],
     [2.69244940e-08],
     [5.37660902e-09]]), 2.0013759054683313), (1.8247920033399654e-05, Vec([[ 3.36523327e-07],
     [-1.20075776e-08],
     [-2.79607121e-09]]), 2.0140003159217432), (1.8361518407786197e-05, Vec([[ 3.62500798e-07],
     [-1.67670051e-08],
     [ 1.04969759e-09]]), 1.996286535354699), (1.8550745160562296e-05, Vec([[ 3.83251399e-07],
     [ 7.58295405e-10],
     [-5.45215104e-10]]), 1.9951107478192596), (1.8629540786134312e-05, Vec([[4.13599746e-07],
     [2.02819837e-08],
     [2.30855196e-09]]), 1.9901381080401326), (1.8820914063920406e-05, Vec([[4.01435112e-07],
     [6.77658441e-09],
     [4.78127958e-09]]), 2.005198325432528), (1.871785943850674e-05, Vec([[3.72185896e-07],
     [3.34199470e-09],
     [3.57282589e-09]]), 1.9969126328523679), (1.8504659155874998e-05, Vec([[ 3.21087037e-07],
     [ 4.95705449e-09],
     [-1.11056786e-09]]), 1.9848408177304653), (1.8030717831431125e-05, Vec([[2.98067864e-07],
     [6.16920788e-09],
     [2.68771457e-09]]), 1.9524226603342334), (1.7968903053599684e-05, Vec([[ 2.25586322e-07],
     [-3.88750521e-09],
     [ 1.35190696e-09]]), 1.9724552911596205), (1.75135559140281e-05, Vec([[ 1.67902974e-07],
     [-5.18818124e-09],
     [ 1.04270246e-09]]), 1.957236911642864), (1.7409701124816315e-05, Vec([[ 1.03498810e-07],
     [-8.97582237e-09],
     [-2.11923274e-10]]), 1.98962168513009), (1.708068834968293e-05, Vec([[ 3.62631698e-08],
     [-7.87436362e-10],
     [-2.06021446e-10]]), 2.0054399531352165), (1.657902126308756e-05, Vec([[-2.90987061e-08],
     [ 3.79258865e-09],
     [ 2.68779675e-09]]), 2.009626417265978), (1.6032428867376015e-05, Vec([[-1.09918811e-07],
     [ 9.22089312e-09],
     [-1.77065847e-09]]), 2.01685851044742), (1.551302273220206e-05, Vec([[-1.61378137e-07],
     [ 4.56853482e-09],
     [ 4.03455958e-10]]), 2.0367369889355884), (1.5043894600059513e-05, Vec([[-2.21773336e-07],
     [-4.52913059e-09],
     [-9.83555626e-10]]), 2.0740662576161624), (1.4758951449676495e-05, Vec([[-2.49492383e-07],
     [ 3.79526603e-09],
     [ 2.93716821e-10]]), 2.1511825595243144), (1.4102182774467131e-05, Vec([[-3.18052931e-07],
     [ 1.03094108e-08],
     [-1.07068117e-10]]), 2.189524962854198), (1.345955390497946e-05, Vec([[-3.39062195e-07],
     [-6.02938898e-09],
     [ 6.45476677e-10]]), 2.2453709445040313), (1.3746088878882561e-05, Vec([[-3.50650177e-07],
     [ 3.01110767e-09],
     [-6.62996738e-11]]), 2.209675878988575), (1.4387440168383346e-05, Vec([[-2.90976439e-07],
     [-3.84794489e-10],
     [-2.01606711e-10]]), 2.162174692686785), (1.4937243764007516e-05, Vec([[-2.25126309e-07],
     [ 4.49533604e-10],
     [ 8.49124708e-10]]), 2.115562422702103), (1.5451778270249016e-05, Vec([[-2.02880634e-07],
     [ 1.03468915e-08],
     [ 9.86173411e-10]]), 2.077210739387869), (1.588815540496967e-05, Vec([[-1.45972907e-07],
     [ 1.02139815e-08],
     [ 9.81898342e-10]]), 2.0403887743692213), (1.637654568590759e-05, Vec([[-9.96195341e-08],
     [ 2.47256224e-09],
     [ 6.22471588e-10]]), 2.020901232948636), (1.6580940217350357e-05, Vec([[-6.37085181e-10],
     [-2.84924578e-09],
     [ 1.77803252e-10]]), 1.9768130167901363), (1.709411849168713e-05, Vec([[ 4.86341544e-08],
     [-7.57421400e-09],
     [-2.32289410e-09]]), 1.978928850659782), (1.7326330935272282e-05, Vec([[ 1.05449982e-07],
     [-8.38451081e-09],
     [ 3.86681978e-09]]), 1.9569732587734034), (1.7922907908071842e-05, Vec([[ 2.02461845e-07],
     [ 1.19505232e-08],
     [-2.19404651e-09]]), 1.9840365386633052), (1.806177301207807e-05, Vec([[2.46978519e-07],
     [1.79004171e-08],
     [3.69066244e-09]]), 1.9681345496717118), (1.8289241264982477e-05, Vec([[ 2.92024773e-07],
     [-1.00834230e-08],
     [-6.00673115e-11]]), 1.9700389642080902), (1.8571458503834362e-05, Vec([[ 3.56267908e-07],
     [-3.53243481e-09],
     [ 4.53670176e-10]]), 1.9856352207861534), (1.874825800941666e-05, Vec([[ 3.78664737e-07],
     [-9.44305023e-09],
     [ 4.31877647e-09]]), 1.997799365547368), (1.872718720866672e-05, Vec([[ 4.18530335e-07],
     [-6.49690312e-09],
     [ 9.79787738e-10]]), 1.996881537248175), (1.8553340748275767e-05, Vec([[ 3.89834824e-07],
     [-3.60210430e-09],
     [ 1.19847721e-09]]), 1.987670135644216), (1.864827810907904e-05, Vec([[ 3.91159241e-07],
     [-9.98520654e-09],
     [ 1.91606587e-09]]), 2.015457381453392), (1.8117375549389546e-05, Vec([[3.51273627e-07],
     [6.42378593e-09],
     [2.63451398e-11]]), 1.9835562832677651), (1.8045300658530374e-05, Vec([[3.27669251e-07],
     [1.26707706e-08],
     [1.20133203e-09]]), 2.0099103342739753), (1.789494513110196e-05, Vec([[ 2.93903284e-07],
     [-2.70081067e-09],
     [ 2.23488959e-09]]), 2.0366669092191527), (1.725717431421782e-05, Vec([[ 2.26906919e-07],
     [ 6.60976038e-09],
     [-3.12259867e-09]]), 2.016205521970493), (1.689340115654301e-05, Vec([[ 1.89417522e-07],
     [-8.46969664e-09],
     [ 1.57625091e-09]]), 2.035934628830217), (1.6594912934814897e-05, Vec([[ 1.28098750e-07],
     [ 1.93137865e-08],
     [-1.71783943e-09]]), 2.0736942738559856), (1.6104750890263885e-05, Vec([[ 6.77412830e-08],
     [ 3.65333183e-09],
     [-1.77808456e-10]]), 2.09824866058788), (1.5202184541884037e-05, Vec([[ 1.19768222e-09],
     [-1.93318582e-08],
     [ 3.26020673e-10]]), 2.0776043937593416)]