[(1.5149384244316984e-05, Vec([[ 7.12408369e-09],
     [-8.86866871e-09],
     [ 7.46207885e-10]]), 2.0703884485828525), (1.5861914194934305e-05, Vec([[-6.80041812e-08],
     [-1.04163598e-09],
     [-5.37965413e-10]]), 2.0666100606375433), (1.648889096714492e-05, Vec([[-1.21062190e-07],
     [ 3.13320577e-09],
     [ 4.32397897e-11]]), 2.060445807405828), (1.6929946859040115e-05, Vec([[-1.93726739e-07],
     [-1.67118908e-08],
     [-4.11854834e-10]]), 2.040338991253113), (1.740004735162973e-05, Vec([[-2.38766432e-07],
     [ 2.04556076e-09],
     [-9.46988998e-10]]), 2.0328977916158935), (1.770892133505604e-05, Vec([[-2.83967304e-07],
     [ 1.91630038e-08],
     [ 1.18021023e-11]]), 2.0154950918730594), (1.8222882077432115e-05, Vec([[-3.10473908e-07],
     [-2.07385765e-09],
     [ 1.10696794e-09]]), 2.0296895962424886), (1.8172235258107318e-05, Vec([[-3.56649345e-07],
     [ 1.35368666e-08],
     [ 7.92494583e-10]]), 1.9895625240518515), (1.8446703424220662e-05, Vec([[-3.74093136e-07],
     [ 7.24888891e-09],
     [ 1.36472017e-10]]), 1.9936717139437374), (1.8445859749951954e-05, Vec([[-4.03349175e-07],
     [-7.04542465e-09],
     [ 2.73103326e-09]]), 1.9761554023454528), (1.8774404045873446e-05, Vec([[-3.92318799e-07],
     [ 9.41880712e-09],
     [ 3.22277944e-10]]), 2.001916272545835), (1.8893902107420313e-05, Vec([[-3.94078405e-07],
     [ 9.30594047e-09],
     [-1.37681638e-09]]), 2.0133190840428825), (1.862957498817545e-05, Vec([[-3.44503423e-07],
     [-5.63075420e-09],
     [-1.29549086e-09]]), 1.9918489566751305), (1.842311129106273e-05, Vec([[-3.20690307e-07],
     [-3.80401307e-09],
     [-3.45665517e-09]]), 1.984458871720742), (1.8220101904439075e-05, Vec([[-2.63807410e-07],
     [-3.11612631e-09],
     [ 1.70778684e-11]]), 1.9853871506792975), (1.7688472299836363e-05, Vec([[-1.69360196e-07],
     [ 1.79216288e-09],
     [-2.34522284e-09]]), 1.9580849009553705), (1.741621083087198e-05, Vec([[-1.04811165e-07],
     [-1.39161048e-08],
     [ 2.25450583e-09]]), 1.9671250071641644), (1.701742202804748e-05, Vec([[-5.35898665e-08],
     [ 1.22499173e-09],
     [ 3.14329146e-09]]), 1.9700499579158295), (1.6746212938858148e-05, Vec([[2.45442083e-08],
     [1.48603010e-09],
     [2.61875024e-09]]), 1.9965171628104612), (1.642998156321377e-05, Vec([[ 7.32560154e-08],
     [ 1.28641649e-09],
     [-7.46695749e-11]]), 2.027495336027691), (1.5895351753169438e-05, Vec([[1.47483791e-07],
     [9.85399007e-09],
     [5.52700377e-10]]), 2.0413129438343987), (1.5413381215490076e-05, Vec([[ 1.68600044e-07],
     [-1.83844491e-09],
     [ 2.71256206e-10]]), 2.0720489532742477), (1.474915470211929e-05, Vec([[ 2.39956253e-07],
     [-6.36247069e-09],
     [ 2.03872165e-10]]), 2.088923361457695), (1.4227595570810869e-05, Vec([[ 2.82626900e-07],
     [-1.08912976e-09],
     [-8.14985505e-10]]), 2.1381529112170408), (1.3630943359757218e-05, Vec([[ 3.33838847e-07],
     [-4.72124732e-09],
     [ 5.53727176e-11]]), 2.1911663030337922), (1.3426133119975926e-05, Vec([[3.40415242e-07],
     [6.49867408e-09],
     [4.81859080e-10]]), 2.2397955695607585), (1.4111897771744498e-05, Vec([[ 3.14991165e-07],
     [-3.43572588e-10],
     [-4.14895249e-10]]), 2.1910333271544666), (1.4508413204307934e-05, Vec([[ 2.68107305e-07],
     [-2.44185833e-09],
     [-1.21208458e-10]]), 2.1146655003166637), (1.5353778388448966e-05, Vec([[2.20399093e-07],
     [2.91140896e-10],
     [1.76576636e-09]]), 2.1167892044572216), (1.5563375035274127e-05, Vec([[1.59564731e-07],
     [3.67327294e-09],
     [3.24249766e-10]]), 2.0433478474326945), (1.617721770536861e-05, Vec([[ 1.03460719e-07],
     [ 1.80288711e-09],
     [-1.64235092e-10]]), 2.035072756245036), (1.6595288051955877e-05, Vec([[ 4.73706636e-08],
     [-4.28148487e-09],
     [ 1.70391927e-11]]), 2.0115981964268292), (1.7079866520629803e-05, Vec([[-5.56231449e-08],
     [ 6.63552749e-11],
     [-4.07916181e-10]]), 2.0053434623624766), (1.734554845702997e-05, Vec([[-8.15707637e-08],
     [-8.17870607e-12],
     [-1.24392219e-09]]), 1.9822901670258113), (1.7613647431054086e-05, Vec([[-1.80479607e-07],
     [ 5.68426500e-09],
     [-1.72824332e-10]]), 1.9684226932526785), (1.7912528678617025e-05, Vec([[-2.40702538e-07],
     [ 1.52352417e-09],
     [ 1.46012309e-09]]), 1.966267048399966), (1.838091438030355e-05, Vec([[-2.91068403e-07],
     [-9.83864382e-10],
     [ 6.77162219e-10]]), 1.9903430406530627), (1.8392243224899737e-05, Vec([[-3.40479646e-07],
     [ 1.51287172e-08],
     [ 2.58987529e-09]]), 1.9727828961830685), (1.861626142163991e-05, Vec([[-3.80819513e-07],
     [-6.43248609e-09],
     [-6.92876376e-10]]), 1.9860736603715323), (1.8731367531854862e-05, Vec([[-3.94161520e-07],
     [-2.36778797e-09],
     [-4.66505968e-09]]), 1.995657951594345), (1.87608674982458e-05, Vec([[-4.28548745e-07],
     [-1.15497873e-08],
     [ 1.14053961e-09]]), 2.004167347803853), (1.8473821915589778e-05, Vec([[-3.92277037e-07],
     [ 8.58009164e-09],
     [-1.87718675e-09]]), 1.986837743609808), (1.8592928021999505e-05, Vec([[-3.79177856e-07],
     [ 1.38231681e-08],
     [ 3.92965940e-09]]), 2.0214456690791605), (1.8296912817959375e-05, Vec([[-3.39809566e-07],
     [ 1.45178295e-08],
     [-2.05134769e-09]]), 2.0194075888273972), (1.7940769446001917e-05, Vec([[-3.05899836e-07],
     [-5.38431068e-10],
     [ 8.14517109e-10]]), 2.0188225730926725), (1.7669016253855527e-05, Vec([[-2.62684203e-07],
     [-2.24424697e-08],
     [ 5.26835329e-10]]), 2.0362626610809786), (1.721830969985655e-05, Vec([[-2.18905969e-07],
     [ 4.44293753e-09],
     [ 1.06347074e-09]]), 2.041857474606178), (1.6485671283122417e-05, Vec([[-1.47848408e-07],
     [-1.66761858e-08],
     [-8.54815029e-10]]), 2.0217387000894282), (1.6049873272978685e-05, Vec([[-8.57785085e-08],
     [ 6.95823308e-10],
     [-7.43796006e-10]]), 2.0464192731278676), (1.5649053094359467e-05, Vec([[-3.79868090e-08],
     [ 1.05598757e-08],
     [ 5.10258802e-10]]), 2.0865331946348067), (1.5625373574362722e-05, Vec([[3.77866236e-08],
     [8.75307634e-09],
     [4.98154393e-11]]), 2.083375936223815), (1.6030100497362467e-05, Vec([[ 9.57076260e-08],
     [ 1.66455338e-09],
     [-1.48671653e-10]]), 2.043898169788541), (1.6756270685338127e-05, Vec([[ 1.58541108e-07],
     [-3.08179036e-09],
     [-5.18255154e-10]]), 2.054923959839248), (1.708252443037799e-05, Vec([[ 2.06818454e-07],
     [-7.57367063e-09],
     [-8.34790096e-10]]), 2.0257551874328605), (1.7485306924850423e-05, Vec([[2.55132305e-07],
     [4.38314620e-08],
     [2.50354567e-09]]), 2.015091111869024), (1.7929724382603123e-05, Vec([[3.01550392e-07],
     [1.03100229e-08],
     [6.19919628e-10]]), 2.017579704252636), (1.808507525144188e-05, Vec([[ 3.43831990e-07],
     [ 3.32581111e-11],
     [-8.34586457e-10]]), 1.9960273391819898), (1.8532056040339315e-05, Vec([[ 3.64974232e-07],
     [-9.92388460e-09],
     [-2.97484399e-09]]), 2.0148275934565545), (1.854031119052362e-05, Vec([[ 4.00145062e-07],
     [ 6.39168332e-10],
     [-3.34548203e-09]]), 1.9939885866561147), (1.8641958956412637e-05, Vec([[4.10916975e-07],
     [8.48198173e-09],
     [4.53641972e-09]]), 1.9914647040194293), (1.8758049552695937e-05, Vec([[3.92214717e-07],
     [2.18334828e-08],
     [4.06478261e-09]]), 1.9985006798129623), (1.870433515219003e-05, Vec([[ 3.83220739e-07],
     [-3.34144286e-09],
     [-3.39253041e-11]]), 1.9954697959572156), (1.85855787559443e-05, Vec([[3.43042514e-07],
     [1.68640086e-08],
     [1.44199969e-09]]), 1.9935203899300424), (1.8284985512941514e-05, Vec([[ 2.85809667e-07],
     [-9.18734748e-10],
     [ 2.39658145e-09]]), 1.9799555621195486), (1.7975277110657317e-05, Vec([[ 2.14706594e-07],
     [-1.32659986e-08],
     [ 2.28273451e-10]]), 1.9731549745254873), (1.7761140315855355e-05, Vec([[1.65255440e-07],
     [1.29170867e-09],
     [3.23552900e-10]]), 1.9849058403505497), (1.7421115448450866e-05, Vec([[ 9.63561267e-08],
     [-1.01341733e-08],
     [-5.53979445e-10]]), 1.9909261409424892), (1.699390684981811e-05, Vec([[ 3.68319257e-08],
     [-3.21140760e-09],
     [ 4.14646905e-10]]), 1.9952509558618639), (1.648681956042633e-05, Vec([[-5.32452065e-08],
     [-4.38083781e-09],
     [ 1.04731824e-09]]), 1.9984501859043933), (1.6083922193356253e-05, Vec([[-9.85622728e-08],
     [-2.44398716e-09],
     [-1.55495403e-11]]), 2.0233363032755434), (1.5580981652476056e-05, Vec([[-1.54170542e-07],
     [-8.46033388e-10],
     [-1.28584719e-09]]), 2.0456594567898287), (1.5192999228494914e-05, Vec([[-2.28450908e-07],
     [ 2.73673593e-09],
     [-3.73300854e-10]]), 2.094622960977474), (1.468137764092218e-05, Vec([[-2.59859702e-07],
     [ 6.29903628e-09],
     [-3.66740045e-10]]), 2.1398758332275882), (1.4049493100851304e-05, Vec([[-3.09364837e-07],
     [-7.79885060e-10],
     [-9.80816189e-10]]), 2.181344289159105), (1.3392704085157115e-05, Vec([[-3.47358730e-07],
     [ 5.58397370e-10],
     [ 4.56294555e-10]]), 2.234218818353781), (1.3670700771447496e-05, Vec([[-3.23935554e-07],
     [-8.79832512e-09],
     [-3.56109784e-10]]), 2.197557284090082), (1.4372450202330311e-05, Vec([[-2.92144143e-07],
     [ 5.35250514e-09],
     [ 1.01288657e-09]]), 2.1599219691400813), (1.4821620320203152e-05, Vec([[-2.42748831e-07],
     [-4.11360459e-09],
     [ 5.79826355e-11]]), 2.099186669801469), (1.5272667440953524e-05, Vec([[-2.02479532e-07],
     [ 5.27540943e-09],
     [ 7.48741776e-10]]), 2.053132543878837), (1.5850527868845042e-05, Vec([[-1.54278139e-07],
     [-1.10519039e-09],
     [ 3.20381727e-10]]), 2.0355565707333074), (1.634757692723241e-05, Vec([[-7.03088679e-08],
     [ 3.77689979e-09],
     [ 2.52425421e-09]]), 2.017326425339847), (1.6611131082006097e-05, Vec([[-1.26565291e-08],
     [-1.04977853e-08],
     [ 9.89478639e-10]]), 1.980412432351454), (1.7059111894172724e-05, Vec([[ 4.46872639e-08],
     [-8.37061337e-09],
     [-1.92029734e-09]]), 1.9748762541004228), (1.763626330269198e-05, Vec([[ 1.31841730e-07],
     [-1.01470092e-08],
     [-1.65578858e-09]]), 1.9919794789209089), (1.778574261334745e-05, Vec([[ 2.03955301e-07],
     [-5.95319018e-09],
     [ 8.05702859e-10]]), 1.968852565283229), (1.8149685012335486e-05, Vec([[ 2.64344070e-07],
     [ 8.94293533e-09],
     [-1.05010969e-09]]), 1.9777140436074214), (1.850997812646968e-05, Vec([[2.93757611e-07],
     [2.61532773e-09],
     [1.04221762e-10]]), 1.9938157962628675), (1.840647236775354e-05, Vec([[ 3.19052785e-07],
     [-5.64828550e-09],
     [-2.53980775e-09]]), 1.9679951263005286), (1.8770710393492402e-05, Vec([[3.96326115e-07],
     [9.06680490e-09],
     [1.53897394e-10]]), 2.000191873621399), (1.8653492233186468e-05, Vec([[ 3.95476150e-07],
     [ 1.67494195e-08],
     [-4.43845253e-09]]), 1.989023435853409), (1.8755658832603723e-05, Vec([[ 3.98120739e-07],
     [ 1.30536224e-08],
     [-5.05749756e-10]]), 2.0093450253352705), (1.8505083535913843e-05, Vec([[ 3.64703974e-07],
     [-1.09993457e-08],
     [ 4.08960584e-09]]), 1.9999812845300327), (1.822824702903654e-05, Vec([[ 3.57122890e-07],
     [-1.51073105e-08],
     [ 1.59066574e-09]]), 1.9956948968042272), (1.8056093558192353e-05, Vec([[ 3.19249029e-07],
     [-1.56646233e-08],
     [ 6.11885586e-09]]), 2.011112462239471), (1.7664595181184454e-05, Vec([[2.84142514e-07],
     [6.58273424e-09],
     [2.35849939e-09]]), 2.010450225284097), (1.7272876449165732e-05, Vec([[ 2.39724917e-07],
     [-1.97636059e-09],
     [ 2.54106457e-09]]), 2.0180400477516125), (1.703275444135408e-05, Vec([[ 1.74870707e-07],
     [ 9.26114261e-09],
     [-1.69441997e-09]]), 2.0527290076269464), (1.6342491357629467e-05, Vec([[1.30730928e-07],
     [1.72839490e-08],
     [1.02420296e-10]]), 2.0421517655425507), (1.5930946309272775e-05, Vec([[ 6.00712277e-08],
     [-8.07466130e-09],
     [ 1.53695577e-09]]), 2.0756040862164067), (1.5450133677191206e-05, Vec([[ 4.65550138e-10],
     [-2.49733232e-09],
     [ 1.11248150e-09]]), 2.1114903271608028)]