[(1.527752401783237e-05, Vec([[-2.78961952e-09],
     [ 2.36539533e-08],
     [ 1.90098712e-09]]), 2.0879006525517894), (1.5911920247895658e-05, Vec([[-6.12000365e-08],
     [-3.30226071e-09],
     [ 8.34719563e-10]]), 2.0731252271472522), (1.6527724323412646e-05, Vec([[-1.29330784e-07],
     [-6.05181871e-09],
     [-2.04014111e-10]]), 2.0652984094558247), (1.710001342802485e-05, Vec([[-1.89352071e-07],
     [ 4.37817581e-09],
     [ 1.94561302e-09]]), 2.0608348294679213), (1.7467129786026148e-05, Vec([[-2.33325863e-07],
     [ 9.90717601e-09],
     [-7.90650228e-10]]), 2.0407352261920657), (1.7959773795473852e-05, Vec([[-2.83303261e-07],
     [-3.39698304e-09],
     [-2.19475058e-09]]), 2.044045216027461), (1.8042186939487586e-05, Vec([[-3.25438881e-07],
     [-4.75760913e-09],
     [-9.60976999e-10]]), 2.0095635239769045), (1.8416604340297482e-05, Vec([[-3.48428409e-07],
     [-5.62926352e-09],
     [ 1.87510075e-09]]), 2.0163169414945594), (1.8462615253762322e-05, Vec([[-3.70257044e-07],
     [ 2.40289470e-10],
     [ 2.60979361e-09]]), 1.995391423083347), (1.871378986410722e-05, Vec([[-4.18334993e-07],
     [ 6.67861738e-09],
     [-2.56736060e-09]]), 2.0048594882333632), (1.8810088109519905e-05, Vec([[-4.14668405e-07],
     [ 4.68245533e-09],
     [ 2.60431124e-09]]), 2.0057212672348728), (1.8758024565690677e-05, Vec([[-3.59420375e-07],
     [ 6.71128932e-09],
     [ 5.31844037e-10]]), 1.9988400819658223), (1.8701404862788886e-05, Vec([[-3.43782051e-07],
     [-4.02522004e-09],
     [ 1.76381981e-11]]), 1.99952890970131), (1.8313790250066467e-05, Vec([[-3.00196906e-07],
     [-3.95038953e-09],
     [ 9.99951439e-10]]), 1.9726832760440214), (1.815196396658182e-05, Vec([[-2.78950006e-07],
     [ 6.70046242e-09],
     [ 5.25458411e-10]]), 1.9779623740778771), (1.780777822049192e-05, Vec([[-1.89747549e-07],
     [-1.61333039e-09],
     [ 6.36539020e-10]]), 1.9712918708886862), (1.7575950539911305e-05, Vec([[-1.04718142e-07],
     [-1.23499175e-10],
     [-2.33546061e-09]]), 1.98516727705512), (1.6982335918010274e-05, Vec([[-3.71035369e-08],
     [ 9.59584342e-09],
     [ 3.05094188e-09]]), 1.965988156457988), (1.665259338436762e-05, Vec([[ 2.55365218e-08],
     [ 3.58834502e-09],
     [-2.13669134e-09]]), 1.985355651369191), (1.6363293790920762e-05, Vec([[ 8.66071004e-08],
     [-4.82373870e-09],
     [-1.82536049e-09]]), 2.01926592038447), (1.6052333906212326e-05, Vec([[ 1.33461944e-07],
     [-1.09263479e-10],
     [-6.77207589e-11]]), 2.061472906692317), (1.5399739824505694e-05, Vec([[ 1.85759508e-07],
     [-7.99852894e-09],
     [-6.47966425e-10]]), 2.0702151162001354), (1.5089599885871679e-05, Vec([[ 2.39065261e-07],
     [-2.03908190e-10],
     [ 1.56397170e-10]]), 2.137140626243313), (1.4416609706268717e-05, Vec([[ 2.80069624e-07],
     [-6.74238187e-10],
     [ 1.20528965e-09]]), 2.1665583520365352), (1.364285387824856e-05, Vec([[ 3.40526005e-07],
     [ 5.64648664e-09],
     [-1.93427957e-10]]), 2.1930809120290093), (1.3175883745717167e-05, Vec([[ 3.58700682e-07],
     [ 3.48238364e-09],
     [-5.41490926e-11]]), 2.1980480734841574), (1.4176882157151641e-05, Vec([[2.91455312e-07],
     [5.01330055e-09],
     [4.06001085e-10]]), 2.2011228952958106), (1.4589289945732639e-05, Vec([[ 2.47873995e-07],
     [ 5.47015393e-09],
     [-2.30268780e-11]]), 2.1264536436828916), (1.5114658739652893e-05, Vec([[2.08743045e-07],
     [1.16459097e-08],
     [2.11475981e-10]]), 2.0838223425982583), (1.5540777571286246e-05, Vec([[ 1.42791892e-07],
     [ 7.55865413e-09],
     [-1.15155523e-10]]), 2.040380979430579), (1.586042591198326e-05, Vec([[ 9.67036383e-08],
     [-6.77311178e-09],
     [-1.80108234e-09]]), 1.995220764396859), (1.664249856336245e-05, Vec([[ 3.14780097e-08],
     [-2.89469797e-10],
     [ 1.91534682e-10]]), 2.0173208195774808), (1.6792076514240647e-05, Vec([[-2.06733310e-08],
     [-1.30942373e-08],
     [ 1.03314364e-09]]), 1.9715540994802383), (1.7270982717127968e-05, Vec([[-1.13238573e-07],
     [-1.75343913e-09],
     [ 1.39386993e-09]]), 1.9737686184930043), (1.777387579160784e-05, Vec([[-1.54899024e-07],
     [ 1.47980295e-08],
     [ 7.55799904e-10]]), 1.986329100329989), (1.8048926674095325e-05, Vec([[-2.34976908e-07],
     [-4.05213476e-09],
     [ 1.44639779e-09]]), 1.9812395231849997), (1.8305944408838298e-05, Vec([[-2.64591306e-07],
     [ 1.18252997e-08],
     [ 1.59961759e-09]]), 1.9822250570818147), (1.8549993595014734e-05, Vec([[-3.23954162e-07],
     [ 1.54959612e-08],
     [-4.49928945e-09]]), 1.9897034658071207), (1.836876878149601e-05, Vec([[-3.65574041e-07],
     [ 3.13499264e-09],
     [-2.34354527e-09]]), 1.9596699371645607), (1.8820812067286333e-05, Vec([[-3.87353028e-07],
     [ 4.34416551e-09],
     [-6.55827438e-09]]), 2.0051874586128218), (1.8936661598413847e-05, Vec([[-3.97295588e-07],
     [-4.64522509e-09],
     [ 3.62280635e-09]]), 2.022946905600224), (1.8785952236946918e-05, Vec([[-3.76468517e-07],
     [ 1.09323492e-09],
     [ 7.39771197e-10]]), 2.0204069912853035), (1.8353504815904253e-05, Vec([[-3.57123482e-07],
     [-6.15372557e-09],
     [ 3.08702123e-09]]), 1.9954152879328644), (1.8169188604225785e-05, Vec([[-3.46816035e-07],
     [-3.81262108e-09],
     [ 2.30492193e-09]]), 2.005310825670858), (1.804444033272642e-05, Vec([[-3.13653382e-07],
     [ 5.95627786e-09],
     [-1.72705007e-09]]), 2.0304883562644527), (1.7616812837396934e-05, Vec([[-2.66147307e-07],
     [ 9.42778261e-09],
     [-5.66572197e-11]]), 2.030246487560718), (1.710995829369637e-05, Vec([[-2.07640774e-07],
     [ 1.45168310e-09],
     [ 6.56323853e-10]]), 2.0290084707022644), (1.6960539865203316e-05, Vec([[-1.54605261e-07],
     [-2.81920006e-09],
     [ 2.31729846e-09]]), 2.079974738729385), (1.6334987590556754e-05, Vec([[-9.68941261e-08],
     [-2.21033391e-08],
     [-1.46487469e-09]]), 2.082772422128662), (1.5499128090948142e-05, Vec([[-3.38676019e-08],
     [-8.86365759e-09],
     [-4.15171878e-10]]), 2.066543263331154), (1.5443390785710585e-05, Vec([[ 3.36411621e-08],
     [-5.94118717e-09],
     [ 3.24806001e-10]]), 2.0591116483410064), (1.6176498483585927e-05, Vec([[ 9.77652769e-08],
     [ 2.43250092e-10],
     [-4.96442155e-10]]), 2.0625644642482728), (1.676555544997474e-05, Vec([[ 1.62422289e-07],
     [-2.09408088e-08],
     [-1.03764786e-09]]), 2.056062607314664), (1.702324283547389e-05, Vec([[2.02376929e-07],
     [7.08782831e-09],
     [6.18193637e-10]]), 2.0187251961171326), (1.779796596096678e-05, Vec([[ 2.69764426e-07],
     [-1.45931991e-08],
     [-1.13048590e-09]]), 2.0511234473282425), (1.7948699150821423e-05, Vec([[ 3.01547229e-07],
     [-1.27698536e-08],
     [ 1.17558133e-09]]), 2.0197148796983497), (1.800709915701102e-05, Vec([[ 3.30725517e-07],
     [-8.64040556e-09],
     [-1.84135778e-09]]), 1.9874212142904601), (1.826560147739591e-05, Vec([[ 3.62479301e-07],
     [-1.41029664e-08],
     [-1.22572991e-09]]), 1.9858583304318704), (1.870632627939675e-05, Vec([[ 3.81383437e-07],
     [-8.79312509e-09],
     [-1.45423376e-09]]), 2.011843313527955), (1.8693243808401906e-05, Vec([[ 3.94840696e-07],
     [-1.77440725e-08],
     [-3.12188569e-09]]), 1.996943311328151), (1.881242921835146e-05, Vec([[ 3.85182921e-07],
     [-1.27320413e-08],
     [-5.84092942e-09]]), 2.004294341807258), (1.8531043643139164e-05, Vec([[ 3.59255936e-07],
     [-7.75975538e-09],
     [-5.80749246e-10]]), 1.9769822116943574), (1.8572780551796417e-05, Vec([[ 3.31627983e-07],
     [-2.09160243e-09],
     [-4.36276073e-10]]), 1.9921476330598729), (1.8190665677559824e-05, Vec([[2.78314526e-07],
     [6.50509156e-10],
     [2.12158781e-09]]), 1.9697423146138286), (1.7932380455788154e-05, Vec([[ 2.53135918e-07],
     [ 3.56038073e-10],
     [-3.53447855e-09]]), 1.9684461877054276), (1.759715634232534e-05, Vec([[ 1.66192604e-07],
     [-3.72331720e-09],
     [-4.63535302e-09]]), 1.9665797227142265), (1.7135576313605756e-05, Vec([[ 1.08359904e-07],
     [-6.73731963e-09],
     [-2.81518801e-09]]), 1.9582940554995456), (1.6913656844333277e-05, Vec([[ 2.37197461e-08],
     [ 1.09302338e-08],
     [-1.03354455e-10]]), 1.985828819941821), (1.6527422683391007e-05, Vec([[-4.08521823e-08],
     [ 2.47388859e-09],
     [-1.48358061e-09]]), 2.003371894323634), (1.616971820057716e-05, Vec([[-7.28630565e-08],
     [ 7.30711647e-09],
     [ 2.32466538e-09]]), 2.034129328384671), (1.561380090141919e-05, Vec([[-1.60713500e-07],
     [-3.80046364e-10],
     [-4.82556430e-10]]), 2.0499683641785102), (1.5181514140267933e-05, Vec([[-2.21163430e-07],
     [ 4.24977546e-09],
     [ 2.29524118e-10]]), 2.093039538958735), (1.4595043385875694e-05, Vec([[-2.74616255e-07],
     [ 6.41885554e-09],
     [-9.16051889e-10]]), 2.127292233072877), (1.3978327016048493e-05, Vec([[-3.03520935e-07],
     [-3.60839869e-09],
     [-1.80117585e-10]]), 2.1702949415739576), (1.3264283638802314e-05, Vec([[-3.55106242e-07],
     [-1.06384212e-08],
     [ 9.75355372e-11]]), 2.212795259968341), (1.3594771604778322e-05, Vec([[-3.24793092e-07],
     [-4.67715080e-09],
     [-1.22685703e-10]]), 2.185351714230983), (1.4398763925765968e-05, Vec([[-2.99763306e-07],
     [-1.73806153e-09],
     [-7.60041399e-10]]), 2.163876450702963), (1.4866535476813206e-05, Vec([[-2.39639602e-07],
     [ 9.27812883e-09],
     [ 6.93369006e-11]]), 2.105548005201442), (1.527225028141141e-05, Vec([[-1.82420465e-07],
     [ 2.17461418e-09],
     [ 6.28223279e-10]]), 2.0530764643606245), (1.5914833096579356e-05, Vec([[-1.55262527e-07],
     [-7.81537923e-09],
     [ 1.17117940e-09]]), 2.043814777017047), (1.621203297275403e-05, Vec([[-5.91587942e-08],
     [ 6.50964573e-09],
     [-2.26738459e-09]]), 2.0006000075727717), (1.671680373220325e-05, Vec([[-1.18700024e-08],
     [-9.51458409e-09],
     [-4.98410468e-10]]), 1.9930109380869645), (1.684754999364062e-05, Vec([[ 6.13754093e-08],
     [ 4.60186390e-09],
     [-2.89011351e-09]]), 1.9503844413832596), (1.7282475223447143e-05, Vec([[ 1.30210448e-07],
     [-1.82516473e-09],
     [-2.70458674e-10]]), 1.9520198467898224), (1.801088210846859e-05, Vec([[1.72589999e-07],
     [6.34030241e-09],
     [2.06281283e-09]]), 1.9937751385011266), (1.829795997313851e-05, Vec([[ 2.54575984e-07],
     [-8.32691082e-09],
     [-1.39222735e-09]]), 1.9938710993412359), (1.853200296999992e-05, Vec([[ 2.92760385e-07],
     [-1.71016559e-08],
     [ 1.84392626e-09]]), 1.9961882183500668), (1.8614992144853004e-05, Vec([[ 3.61826205e-07],
     [-1.14608478e-08],
     [-9.63514641e-10]]), 1.9902897787939602), (1.869581782610748e-05, Vec([[3.85395896e-07],
     [1.03889378e-08],
     [1.92343601e-09]]), 1.992211381592184), (1.8856340945429282e-05, Vec([[ 3.88734800e-07],
     [ 9.17827379e-09],
     [-1.40242611e-10]]), 2.0106532109936275), (1.850316672914809e-05, Vec([[ 3.96179385e-07],
     [ 8.53288640e-09],
     [-1.82399575e-09]]), 1.9822948557548192), (1.8483258246832443e-05, Vec([[ 3.85623433e-07],
     [ 3.46925051e-09],
     [-1.49796148e-09]]), 1.9976224640682094), (1.8546666580887592e-05, Vec([[ 3.68384437e-07],
     [ 2.40596761e-09],
     [-9.78847614e-11]]), 2.0305566294579247), (1.81413992556531e-05, Vec([[ 3.25994883e-07],
     [-1.40390046e-08],
     [-1.75370597e-09]]), 2.0206139278089985), (1.7805388545191152e-05, Vec([[ 2.82683998e-07],
     [ 1.56907628e-09],
     [-4.29307801e-10]]), 2.0264742579597654), (1.7190402106808442e-05, Vec([[ 2.30662570e-07],
     [ 1.14604693e-08],
     [-4.58326830e-10]]), 2.0084043321092984), (1.703439866754072e-05, Vec([[ 1.78801643e-07],
     [ 1.16323235e-08],
     [-1.19647268e-09]]), 2.0529271641142044), (1.6444784749660044e-05, Vec([[ 1.29408166e-07],
     [ 1.64399865e-09],
     [-5.89042390e-11]]), 2.0549343105393425), (1.5883774537612504e-05, Vec([[ 6.10633155e-08],
     [ 1.32731317e-08],
     [-1.36197188e-09]]), 2.069458191295203), (1.5205204845744538e-05, Vec([[ 1.57911418e-09],
     [-5.28288717e-09],
     [ 7.13269437e-11]]), 2.078017163157962)]