[(1.5350728297278226e-05, Vec([[-4.93024737e-09],
     [ 1.82665735e-09],
     [-1.07154307e-09]]), 2.0979051050171353), (1.6004350833028032e-05, Vec([[-6.46899485e-08],
     [-8.72074910e-09],
     [ 4.26894259e-10]]), 2.0851677823393726), (1.6357035378667697e-05, Vec([[-1.15464683e-07],
     [-4.19690921e-09],
     [-9.92739628e-10]]), 2.0439691811122676), (1.691187831453738e-05, Vec([[-1.77939548e-07],
     [-7.68868918e-10],
     [ 8.35514276e-10]]), 2.0381614323882755), (1.740780089840565e-05, Vec([[-2.41216786e-07],
     [-1.74399880e-08],
     [-2.46838161e-10]]), 2.033803660881616), (1.7835267359531986e-05, Vec([[-2.85928140e-07],
     [-6.46464189e-09],
     [-1.26985448e-09]]), 2.0298748379564553), (1.805766049292883e-05, Vec([[-3.11169417e-07],
     [-1.48164273e-09],
     [-1.10817673e-09]]), 2.01128698957928), (1.851238307040951e-05, Vec([[-3.72943457e-07],
     [ 7.19139878e-09],
     [ 2.32706426e-09]]), 2.026803145823614), (1.850377170919979e-05, Vec([[-3.81456609e-07],
     [-3.41617922e-10],
     [-2.00076395e-09]]), 1.9998395057117118), (1.8707778935051126e-05, Vec([[-4.04644027e-07],
     [-2.09950309e-08],
     [ 1.90402858e-09]]), 2.004215520964375), (1.874177407726604e-05, Vec([[-4.11808818e-07],
     [-1.08881239e-08],
     [-2.29513041e-09]]), 1.9984369362660668), (1.8522686613325735e-05, Vec([[-3.83557020e-07],
     [ 6.82028670e-09],
     [ 4.86124115e-10]]), 1.9737626581492869), (1.839988063008974e-05, Vec([[-3.45160351e-07],
     [ 2.68253295e-09],
     [ 5.87246391e-10]]), 1.9672903466264535), (1.832038348177656e-05, Vec([[-2.96163830e-07],
     [ 7.98383104e-09],
     [-1.54206189e-09]]), 1.973393470807202), (1.8068219038542035e-05, Vec([[-2.58570455e-07],
     [-2.65010010e-09],
     [-1.60060969e-09]]), 1.9688369528844727), (1.796238406880551e-05, Vec([[-2.00009907e-07],
     [-8.29461933e-09],
     [ 5.17335484e-09]]), 1.9884064849746654), (1.7513965926967568e-05, Vec([[-1.17830499e-07],
     [ 6.50363178e-09],
     [ 1.92172752e-09]]), 1.9781662431697882), (1.7011836422704546e-05, Vec([[-4.62248125e-08],
     [-6.36954630e-09],
     [-1.95177319e-09]]), 1.9694033310911174), (1.6655217340360928e-05, Vec([[ 3.10032067e-08],
     [ 1.04082302e-08],
     [-2.91822433e-09]]), 1.9856684846762935), (1.6302893985196513e-05, Vec([[ 9.22543963e-08],
     [-3.67112512e-09],
     [ 3.39056583e-10]]), 2.0118124534446724), (1.586270775087174e-05, Vec([[ 1.29935007e-07],
     [ 5.52368822e-09],
     [-4.68857438e-10]]), 2.037120735604998), (1.5386430508069092e-05, Vec([[ 1.87045648e-07],
     [-4.72105174e-09],
     [-1.36707088e-09]]), 2.0684259205132376), (1.5045549737997038e-05, Vec([[ 2.43530418e-07],
     [-1.96746387e-09],
     [-1.44111426e-09]]), 2.1309018020646104), (1.4392322099179231e-05, Vec([[ 2.94722029e-07],
     [-5.31408297e-09],
     [-8.78345827e-11]]), 2.162908359488854), (1.3563671840238982e-05, Vec([[ 3.27703234e-07],
     [-1.28053595e-09],
     [-2.41249226e-10]]), 2.1803524449733573), (1.3164497529250767e-05, Vec([[ 3.44561827e-07],
     [ 1.04342286e-08],
     [-3.21095985e-10]]), 2.196148584110143), (1.3993115644346004e-05, Vec([[ 3.11533252e-07],
     [ 1.25372108e-09],
     [-6.78034081e-10]]), 2.172591045045429), (1.4613891279813215e-05, Vec([[ 2.68398412e-07],
     [ 2.89559777e-10],
     [-1.26293031e-10]]), 2.1300393971150116), (1.5065915665062268e-05, Vec([[1.88148833e-07],
     [4.71976896e-09],
     [4.45342009e-11]]), 2.077102249896965), (1.5797876526312732e-05, Vec([[ 1.61790260e-07],
     [-6.87948360e-09],
     [ 8.45944626e-10]]), 2.074136035460514), (1.622300337760924e-05, Vec([[1.22038763e-07],
     [1.80276248e-10],
     [5.74512395e-11]]), 2.04083253372348), (1.6698169726198423e-05, Vec([[3.86292060e-08],
     [2.99808673e-09],
     [8.03862897e-10]]), 2.02406900077224), (1.6933743542093362e-05, Vec([[-2.96098894e-08],
     [-1.14237034e-09],
     [ 2.74979695e-10]]), 1.9881871948146561), (1.7365263459123943e-05, Vec([[-1.05853324e-07],
     [ 2.81251035e-09],
     [-4.53027799e-10]]), 1.9845432439400752), (1.765995655084749e-05, Vec([[-1.65857889e-07],
     [-1.47388149e-08],
     [ 1.54556667e-10]]), 1.9735979939768873), (1.812944510413765e-05, Vec([[-2.53293875e-07],
     [-5.19474179e-09],
     [-1.09238271e-09]]), 1.990078070696726), (1.851726366431349e-05, Vec([[-2.75022150e-07],
     [-3.93390005e-09],
     [ 4.04292242e-09]]), 2.0051073686354624), (1.8591279018906404e-05, Vec([[-3.32094008e-07],
     [ 2.49040956e-08],
     [-1.89468717e-09]]), 1.9941318097083631), (1.8429132878172186e-05, Vec([[-3.73278821e-07],
     [-2.62381238e-09],
     [ 3.02532902e-09]]), 1.9661098737192395), (1.8854055969442845e-05, Vec([[-3.99317024e-07],
     [ 1.48908468e-08],
     [-3.14105729e-09]]), 2.0087292959916376), (1.8852310473738185e-05, Vec([[-3.95299507e-07],
     [ 1.04168183e-09],
     [-1.57863025e-09]]), 2.0139359273050412), (1.8645022358572003e-05, Vec([[-3.67465106e-07],
     [-6.71914435e-09],
     [-2.52869155e-09]]), 2.005250149196156), (1.8543666487703204e-05, Vec([[-3.66282812e-07],
     [-1.24650625e-08],
     [ 3.20022067e-09]]), 2.0160898953657553), (1.8292441267728267e-05, Vec([[-3.42439505e-07],
     [ 3.32483546e-09],
     [ 1.82092398e-09]]), 2.018914069370844), (1.7984743189123784e-05, Vec([[-3.04918386e-07],
     [ 8.85840091e-09],
     [-3.49785824e-09]]), 2.023770810430263), (1.7571520997196026e-05, Vec([[-2.58094373e-07],
     [-1.74508009e-08],
     [-3.51160385e-10]]), 2.0250268374269633), (1.705984246367848e-05, Vec([[-2.05931748e-07],
     [ 7.84918453e-09],
     [-1.80639103e-10]]), 2.0230654145079057), (1.6840824201050916e-05, Vec([[-1.61939462e-07],
     [ 2.24803752e-08],
     [-4.46280052e-10]]), 2.065293274622334), (1.6186706291550555e-05, Vec([[-9.43251583e-08],
     [-9.47086373e-09],
     [ 6.49228521e-10]]), 2.063865998198101), (1.54651460271223e-05, Vec([[-3.21529213e-08],
     [-2.46403812e-09],
     [ 6.58606473e-10]]), 2.062012337161546), (1.556910430236854e-05, Vec([[ 3.47299135e-08],
     [-1.20930971e-08],
     [ 7.11183655e-10]]), 2.075873392578148), (1.615759632386578e-05, Vec([[ 9.64395222e-08],
     [ 1.81614114e-10],
     [-1.17958326e-09]]), 2.06015436771373), (1.6601298359635073e-05, Vec([[ 1.51347386e-07],
     [-4.88894825e-09],
     [ 6.13168386e-10]]), 2.035918755687356), (1.7284061053402117e-05, Vec([[ 2.17634043e-07],
     [-1.58760916e-09],
     [-8.68220613e-10]]), 2.0496546913506073), (1.74858604033565e-05, Vec([[ 2.63920996e-07],
     [-5.83829904e-09],
     [ 6.16863772e-11]]), 2.015154897401814), (1.7821826119935617e-05, Vec([[3.04490164e-07],
     [2.17491971e-08],
     [7.41503173e-10]]), 2.0054382267688386), (1.8007794157992117e-05, Vec([[ 3.38330395e-07],
     [-9.34295829e-09],
     [ 2.01128194e-09]]), 1.987497920687295), (1.8445462032172108e-05, Vec([[3.60458546e-07],
     [8.39150745e-09],
     [2.19469360e-09]]), 2.0054129879371505), (1.8572380311911725e-05, Vec([[ 3.92746397e-07],
     [-1.25180924e-08],
     [ 2.06396971e-09]]), 1.9974375828123736), (1.8814532132272464e-05, Vec([[ 3.94016561e-07],
     [ 5.64504494e-10],
     [-5.69196857e-10]]), 2.0099001801080174), (1.8772329526256707e-05, Vec([[ 3.99617050e-07],
     [-8.36210383e-09],
     [ 4.26025633e-10]]), 2.0000220819602776), (1.8531362942566056e-05, Vec([[3.67150618e-07],
     [6.37980946e-09],
     [1.57356395e-09]]), 1.9770162761161636), (1.849206206217709e-05, Vec([[ 3.08359078e-07],
     [-2.27499560e-10],
     [ 1.94430773e-09]]), 1.9834896323049047), (1.832084769798812e-05, Vec([[2.89375634e-07],
     [1.73197709e-10],
     [1.65807613e-09]]), 1.9838388319587579), (1.808567540964607e-05, Vec([[ 2.23660988e-07],
     [-5.54000218e-09],
     [ 4.47477008e-09]]), 1.9852734498896116), (1.7693192573547903e-05, Vec([[ 1.64687556e-07],
     [-2.73964852e-09],
     [ 7.76104646e-10]]), 1.9773123036661797), (1.749395068795651e-05, Vec([[ 1.07168555e-07],
     [-5.23591904e-09],
     [ 3.34313975e-09]]), 1.9992499238106225), (1.6883011652724783e-05, Vec([[3.90288481e-08],
     [2.04827761e-09],
     [2.84229146e-09]]), 1.9822307745723968), (1.6520997090774693e-05, Vec([[-3.45306064e-08],
     [-9.45413639e-09],
     [-1.54545507e-09]]), 2.002593015977113), (1.6194029736280825e-05, Vec([[-9.64435271e-08],
     [ 5.97839325e-09],
     [ 8.37895805e-10]]), 2.037187687669568), (1.55420850610208e-05, Vec([[-1.63818668e-07],
     [ 1.93100437e-09],
     [ 1.56636500e-09]]), 2.0405526424746543), (1.5025737553216012e-05, Vec([[-2.23386962e-07],
     [ 4.28148060e-09],
     [-2.05707177e-11]]), 2.071562988403155), (1.4684372326988561e-05, Vec([[-2.67357924e-07],
     [-4.99448046e-09],
     [ 8.51625635e-11]]), 2.1403123219889486), (1.3907078510684129e-05, Vec([[-3.06979345e-07],
     [-4.38858477e-09],
     [-8.22393606e-10]]), 2.1592327972551524), (1.3206195702733287e-05, Vec([[-3.37903329e-07],
     [ 6.04908463e-09],
     [ 8.02538835e-11]]), 2.2031048226183074), (1.3547571884712731e-05, Vec([[-3.28370651e-07],
     [-7.60952714e-09],
     [-1.24624437e-10]]), 2.177764386385012), (1.4284409730372354e-05, Vec([[-2.70129904e-07],
     [ 3.14450664e-09],
     [ 2.99940071e-10]]), 2.146691062309413), (1.4990839494832017e-05, Vec([[-2.38011803e-07],
     [ 8.42160046e-10],
     [-1.07895954e-09]]), 2.1231531881700123), (1.5525858378400868e-05, Vec([[-2.01749795e-07],
     [ 5.20857721e-10],
     [-2.14248311e-10]]), 2.087169463460704), (1.5921182572327874e-05, Vec([[-1.61401234e-07],
     [-3.19404305e-09],
     [ 2.32869297e-09]]), 2.0446301894239745), (1.6514500409032372e-05, Vec([[-7.41206968e-08],
     [ 1.02374976e-08],
     [ 1.06327469e-09]]), 2.037925144791893), (1.6740370153758704e-05, Vec([[-1.16464787e-08],
     [-4.68846698e-09],
     [-2.17529792e-09]]), 1.995820574228179), (1.7057273799732703e-05, Vec([[ 8.38145495e-08],
     [ 1.73167966e-09],
     [-1.82875978e-09]]), 1.9746634640627636), (1.7611356776337214e-05, Vec([[ 1.16912889e-07],
     [ 6.77899482e-09],
     [-2.23587129e-09]]), 1.98916633826076), (1.778838496353802e-05, Vec([[2.14357178e-07],
     [1.43212403e-08],
     [9.05546045e-10]]), 1.9691450691198231), (1.8073711454005465e-05, Vec([[2.48550713e-07],
     [2.80113075e-09],
     [7.46429266e-10]]), 1.9694354441083122), (1.8243567097833544e-05, Vec([[ 2.81657539e-07],
     [-1.51379136e-08],
     [-2.29232933e-09]]), 1.9651191379759638), (1.848387200895978e-05, Vec([[3.61345418e-07],
     [2.82808929e-09],
     [1.04015363e-09]]), 1.976270591236338), (1.8634149156384236e-05, Vec([[ 3.89307253e-07],
     [ 3.64760435e-09],
     [-2.64652744e-10]]), 1.9856400175120992), (1.8822263395143936e-05, Vec([[ 4.08024279e-07],
     [-9.74760286e-09],
     [ 1.28390145e-09]]), 2.0070195189585545), (1.857921843344245e-05, Vec([[ 3.98911621e-07],
     [ 1.24781346e-08],
     [-1.61198003e-09]]), 1.9904424828286549), (1.8562941231322553e-05, Vec([[ 3.87396321e-07],
     [ 2.94730499e-09],
     [-5.56623765e-09]]), 2.006234393723454), (1.834335413782084e-05, Vec([[ 3.55583189e-07],
     [-1.59976986e-08],
     [ 2.18741212e-09]]), 2.0082972424505634), (1.7853145831939457e-05, Vec([[ 3.11128437e-07],
     [ 1.09500336e-08],
     [-5.36887245e-09]]), 1.9885078661713929), (1.7707171317382374e-05, Vec([[ 2.82856882e-07],
     [-8.80684678e-09],
     [ 2.31473686e-09]]), 2.0152959181365433), (1.752704709853387e-05, Vec([[ 2.42179062e-07],
     [-1.25333631e-09],
     [-1.35291069e-09]]), 2.047735538881737), (1.708290749173611e-05, Vec([[ 1.79675075e-07],
     [-1.97084586e-09],
     [-1.13258454e-09]]), 2.0587732808356423), (1.6495949841672635e-05, Vec([[ 1.23639128e-07],
     [-6.28722784e-09],
     [-1.87815481e-09]]), 2.061327881794859), (1.5879275439182396e-05, Vec([[ 6.55083975e-08],
     [-7.95154587e-09],
     [-5.13730945e-10]]), 2.068872014748968), (1.5228729470075515e-05, Vec([[ 2.41422538e-10],
     [-4.43844562e-09],
     [-1.26349009e-12]]), 2.081232152604835)]