[(1.5287864157968532e-05, Vec([[-3.63017983e-09],
     [ 3.79283809e-10],
     [-1.25312858e-09]]), 2.0893137863365943), (1.5953399008837053e-05, Vec([[-6.37313379e-08],
     [-4.68539052e-09],
     [ 7.44969035e-10]]), 2.0785293936060287), (1.651308350848388e-05, Vec([[-1.24454652e-07],
     [-4.94807546e-10],
     [-6.82167112e-11]]), 2.0634688985568146), (1.6975228215629556e-05, Vec([[-1.89801716e-07],
     [ 3.99443535e-09],
     [ 5.91058588e-10]]), 2.0457961446745334), (1.7562757956783677e-05, Vec([[-2.28107754e-07],
     [ 1.19466698e-08],
     [ 6.64642373e-10]]), 2.051907741600826), (1.7772998662584793e-05, Vec([[-2.80529550e-07],
     [ 8.60589908e-09],
     [-1.56235203e-09]]), 2.022787887221294), (1.8044806922785662e-05, Vec([[-3.10101783e-07],
     [ 2.12048120e-08],
     [ 2.26870553e-09]]), 2.009855341309631), (1.818630947367359e-05, Vec([[-3.48035548e-07],
     [-8.40244687e-09],
     [ 1.09315816e-09]]), 1.9911034204494804), (1.8593927991732028e-05, Vec([[-3.77532539e-07],
     [ 1.84952064e-10],
     [-4.30614633e-10]]), 2.0095833621713344), (1.8750635538184513e-05, Vec([[-3.91454717e-07],
     [-1.53653423e-08],
     [ 5.00370647e-10]]), 2.0088068660660006), (1.8724157588514994e-05, Vec([[-4.21276124e-07],
     [ 1.25185854e-08],
     [ 6.41879581e-11]]), 1.9965584885981853), (1.8737021000331323e-05, Vec([[-3.80682859e-07],
     [-1.23568606e-09],
     [-4.99690182e-09]]), 1.9966019588544337), (1.872621996467585e-05, Vec([[-3.44251393e-07],
     [-8.77133188e-09],
     [-1.72598181e-09]]), 2.0021821068265644), (1.829921125242927e-05, Vec([[-3.04003361e-07],
     [-1.12779812e-08],
     [-3.22061256e-09]]), 1.9711128886786708), (1.8136117042987766e-05, Vec([[-2.54697602e-07],
     [ 5.52740472e-09],
     [ 3.43653217e-09]]), 1.97623558469731), (1.7827488605721618e-05, Vec([[-1.94607624e-07],
     [ 4.07104732e-09],
     [ 5.97406580e-10]]), 1.9734737782380642), (1.7512748342066633e-05, Vec([[-1.15248530e-07],
     [ 9.71359448e-09],
     [ 1.59910664e-09]]), 1.9780287194724564), (1.7061872136411756e-05, Vec([[-4.20225452e-08],
     [ 4.20619001e-09],
     [ 1.43794153e-10]]), 1.975195798100557), (1.6689384581669098e-05, Vec([[ 1.01822133e-08],
     [ 8.87981468e-09],
     [-5.32223152e-10]]), 1.9897419718537648), (1.6213198837852855e-05, Vec([[ 7.89466593e-08],
     [ 1.07170884e-09],
     [-6.67839157e-10]]), 2.000743877852917), (1.574727266971147e-05, Vec([[1.44818364e-07],
     [6.13206794e-09],
     [3.67202646e-10]]), 2.0222963310240774), (1.5178317146904849e-05, Vec([[ 1.87040477e-07],
     [-8.25956037e-10],
     [ 3.25063219e-10]]), 2.0404488617398266), (1.4937338955569593e-05, Vec([[ 2.52965666e-07],
     [-6.49800011e-09],
     [-4.51234161e-10]]), 2.115575904686788), (1.4298150747426395e-05, Vec([[3.07289949e-07],
     [4.17363923e-10],
     [8.26097044e-10]]), 2.14875609118031), (1.3743938840196173e-05, Vec([[ 3.30973799e-07],
     [-1.65562551e-09],
     [-1.14743332e-12]]), 2.2093302615066825), (1.3257744671318546e-05, Vec([[ 3.53117313e-07],
     [ 2.25856093e-09],
     [-1.74655855e-10]]), 2.211704406014431), (1.3960533939835974e-05, Vec([[ 2.88616704e-07],
     [-1.55611417e-09],
     [ 8.77256862e-11]]), 2.167532363244324), (1.449168323821181e-05, Vec([[2.66431151e-07],
     [2.33351288e-09],
     [4.11421934e-10]]), 2.1122270336403473), (1.541091395522978e-05, Vec([[ 2.11097210e-07],
     [-4.26920043e-09],
     [-2.00740558e-11]]), 2.1246663502575776), (1.5408511524944854e-05, Vec([[ 1.50799461e-07],
     [ 2.28401879e-09],
     [-1.81196877e-09]]), 2.023015495371526), (1.618310660742585e-05, Vec([[1.00986298e-07],
     [1.07593238e-09],
     [6.62745890e-10]]), 2.035813572395202), (1.644820159799903e-05, Vec([[ 2.24659301e-08],
     [-9.29888354e-09],
     [-1.50084548e-10]]), 1.993769108762181), (1.6924891108584013e-05, Vec([[-2.43467457e-08],
     [ 8.51223039e-09],
     [-2.39083882e-09]]), 1.9871478324963072), (1.7483186445179776e-05, Vec([[-8.77495811e-08],
     [-6.86032660e-09],
     [-2.04399051e-09]]), 1.9980197607711163), (1.7625961384917335e-05, Vec([[-1.68945141e-07],
     [-5.16377331e-09],
     [ 4.52944274e-10]]), 1.9697988458254474), (1.795431178703294e-05, Vec([[-2.32971773e-07],
     [ 2.36838428e-09],
     [-2.82469527e-09]]), 1.9708536006803266), (1.8207008896605034e-05, Vec([[-2.75487226e-07],
     [ 2.63763099e-09],
     [ 1.59007561e-09]]), 1.9715120096146042), (1.8302000675216006e-05, Vec([[-3.36974381e-07],
     [-4.85290780e-09],
     [ 3.33465824e-09]]), 1.9631033287509134), (1.8677837730897e-05, Vec([[-3.81165936e-07],
     [-2.33835632e-09],
     [ 1.50293106e-09]]), 1.9926429216828414), (1.858754478208409e-05, Vec([[-4.13726375e-07],
     [-7.20568977e-09],
     [-8.03986075e-10]]), 1.9803349372062018), (1.864361545202109e-05, Vec([[-4.16118355e-07],
     [ 1.12968766e-08],
     [-3.58270425e-09]]), 1.9916416624895295), (1.8660130678453384e-05, Vec([[-3.95421504e-07],
     [-6.30928308e-10],
     [ 1.16384407e-09]]), 2.006875031168063), (1.832313089542987e-05, Vec([[-3.72522328e-07],
     [ 3.31326686e-09],
     [ 2.31213131e-09]]), 1.9921129984858637), (1.8219088786725194e-05, Vec([[-3.40925035e-07],
     [-3.75233206e-09],
     [-3.16144144e-09]]), 2.0108182469624034), (1.7987599449564225e-05, Vec([[-3.00337259e-07],
     [-6.15681288e-09],
     [ 1.29770005e-09]]), 2.0240922171051077), (1.7600181267283187e-05, Vec([[-2.60340284e-07],
     [-8.75755957e-09],
     [ 6.84798450e-10]]), 2.0283297851970326), (1.723043737925553e-05, Vec([[-2.15010041e-07],
     [-5.82338316e-09],
     [-6.82459852e-10]]), 2.0432956525262003), (1.6650119119126307e-05, Vec([[-1.54816301e-07],
     [-7.56792385e-09],
     [ 1.79045783e-10]]), 2.04190594402419), (1.623818400251983e-05, Vec([[-9.28788068e-08],
     [ 2.67709709e-09],
     [ 2.69159095e-10]]), 2.070429600170048), (1.539502000765784e-05, Vec([[-3.01792899e-08],
     [-6.82240956e-09],
     [-1.17372642e-09]]), 2.052662233577774), (1.5608074878100655e-05, Vec([[2.93312914e-08],
     [1.51446880e-08],
     [9.01725433e-10]]), 2.081069451367698), (1.6219029401263262e-05, Vec([[ 9.32705235e-08],
     [-8.19921248e-09],
     [-1.81326880e-09]]), 2.067987316389121), (1.6509349283521947e-05, Vec([[1.58905534e-07],
     [9.62390146e-09],
     [1.60258136e-09]]), 2.0246424780992123), (1.7032301920744752e-05, Vec([[ 2.05080956e-07],
     [ 8.41801546e-09],
     [-7.65768530e-10]]), 2.019799480486263), (1.750713181669587e-05, Vec([[2.50599502e-07],
     [3.98308644e-09],
     [1.42052976e-09]]), 2.017606317679496), (1.7864446701792984e-05, Vec([[ 3.22203744e-07],
     [-6.90703303e-10],
     [ 1.35801621e-09]]), 2.010234196807413), (1.8299564316221257e-05, Vec([[ 3.49819388e-07],
     [-1.03617998e-08],
     [-1.54575908e-09]]), 2.019700231404049), (1.8585213489353832e-05, Vec([[ 3.71338247e-07],
     [ 9.41742441e-09],
     [-1.09500572e-11]]), 2.0206069357399516), (1.8715254634451175e-05, Vec([[ 3.95889249e-07],
     [-2.69413323e-10],
     [ 1.56653531e-09]]), 2.01280354757652), (1.8665973475100753e-05, Vec([[3.97962287e-07],
     [5.17983483e-12],
     [3.59919949e-09]]), 1.9940301032064578), (1.870280319066902e-05, Vec([[3.94297032e-07],
     [5.64534717e-09],
     [2.28789542e-09]]), 1.9926146791518693), (1.8585237253504412e-05, Vec([[ 3.78274455e-07],
     [-1.33948053e-08],
     [-2.99845258e-09]]), 1.9827638506426453), (1.8627217790057327e-05, Vec([[ 3.45434403e-07],
     [ 2.02136804e-09],
     [-5.25837392e-10]]), 1.9979866626574794), (1.8222418056293623e-05, Vec([[ 2.71896495e-07],
     [ 6.78584321e-09],
     [-3.18593859e-09]]), 1.9731805617395928), (1.80184164291888e-05, Vec([[ 2.38212391e-07],
     [ 1.00172256e-10],
     [-1.03612494e-09]]), 1.9778903986546414), (1.7560530249530903e-05, Vec([[ 1.62916614e-07],
     [ 6.96143955e-10],
     [-2.44185342e-09]]), 1.9624865539083922), (1.7448386105754485e-05, Vec([[ 8.97069310e-08],
     [-2.13576919e-09],
     [ 8.55402914e-10]]), 1.9940426959453597), (1.685505176068693e-05, Vec([[ 2.20983196e-08],
     [-2.54523937e-09],
     [-9.45902544e-10]]), 1.9789480096492196), (1.667495129871308e-05, Vec([[-5.66631605e-08],
     [ 9.14479530e-09],
     [-8.26669096e-10]]), 2.021254578587632), (1.600799880535838e-05, Vec([[-1.09244991e-07],
     [ 3.80524354e-09],
     [-4.05476661e-10]]), 2.0137852407077808), (1.569263898610444e-05, Vec([[-1.66202318e-07],
     [-5.15798224e-09],
     [-4.68637646e-10]]), 2.0603191801340603), (1.5265599851881813e-05, Vec([[-2.11128632e-07],
     [-4.35089761e-09],
     [ 2.00341046e-09]]), 2.1046322376476305), (1.4459697974920397e-05, Vec([[-2.61197160e-07],
     [-4.78746498e-09],
     [ 6.27297009e-10]]), 2.1075650398131507), (1.4034225100518113e-05, Vec([[-3.21190579e-07],
     [-5.58138588e-09],
     [-2.54942254e-10]]), 2.1789737577032993), (1.3389466583621396e-05, Vec([[-3.59234013e-07],
     [-1.11493799e-09],
     [ 3.97063835e-10]]), 2.2336787267629004), (1.366085638357729e-05, Vec([[-3.11505176e-07],
     [-4.10059099e-09],
     [-6.21256937e-12]]), 2.195974804403542), (1.417793251856599e-05, Vec([[-2.89585205e-07],
     [ 2.14245988e-10],
     [-5.48471623e-10]]), 2.130689443534901), (1.4900859266954029e-05, Vec([[-2.51756423e-07],
     [-5.20052573e-09],
     [ 2.51198584e-10]]), 2.1104092849511646), (1.563004085907764e-05, Vec([[-2.06233596e-07],
     [ 1.39793008e-08],
     [-8.80052723e-10]]), 2.101174904383613), (1.5866281857080197e-05, Vec([[-1.38460816e-07],
     [ 5.87561115e-09],
     [-7.98627128e-10]]), 2.037579729490711), (1.639563588292026e-05, Vec([[-8.14480175e-08],
     [-9.14165656e-09],
     [-7.26396792e-11]]), 2.023257004637005), (1.6823434985581962e-05, Vec([[-2.52974570e-08],
     [-4.04185730e-09],
     [ 2.76736829e-09]]), 2.005723730420364), (1.7104939822643317e-05, Vec([[ 6.72809393e-08],
     [ 2.59349152e-09],
     [-2.71405499e-09]]), 1.9801815999046257), (1.7535767892672935e-05, Vec([[1.21081290e-07],
     [3.84014201e-09],
     [7.28767504e-10]]), 1.9806287301229413), (1.7677705719461067e-05, Vec([[1.88086889e-07],
     [3.64036998e-09],
     [1.19375497e-09]]), 1.9568930581489132), (1.8182542524716127e-05, Vec([[ 2.52554419e-07],
     [-2.00518582e-09],
     [-6.44984173e-10]]), 1.9812944233015612), (1.836728633868358e-05, Vec([[ 2.96800805e-07],
     [-1.52414253e-08],
     [ 5.81892869e-10]]), 1.9784456462529076), (1.8568716930811727e-05, Vec([[ 3.56335031e-07],
     [-1.46234965e-08],
     [-2.38998564e-09]]), 1.9853420955072218), (1.8678619523255253e-05, Vec([[ 3.58764988e-07],
     [-4.52251083e-09],
     [-2.02271084e-09]]), 1.9903787442074516), (1.8774554162606967e-05, Vec([[ 3.97457290e-07],
     [-6.02309891e-09],
     [-1.48712975e-09]]), 2.0019322795056764), (1.8796261244596777e-05, Vec([[4.00170174e-07],
     [1.80956031e-09],
     [2.59973606e-09]]), 2.013694872775076), (1.8636717615192644e-05, Vec([[ 3.80208346e-07],
     [-9.12605428e-10],
     [-7.49902606e-10]]), 2.014207953350684), (1.842304775882004e-05, Vec([[ 3.56024515e-07],
     [ 3.21435549e-09],
     [-1.82955559e-09]]), 2.0170223904301032), (1.8012820794599198e-05, Vec([[ 3.22581078e-07],
     [-2.68557139e-09],
     [ 1.36660376e-09]]), 2.0062926824871528), (1.7719304709752213e-05, Vec([[ 2.78126919e-07],
     [ 1.71769959e-08],
     [-1.97958451e-09]]), 2.0166768488158597), (1.7507008936138383e-05, Vec([[ 2.34380152e-07],
     [-4.88385863e-09],
     [-1.62031392e-09]]), 2.0453944224894296), (1.6974514121679098e-05, Vec([[ 1.77227032e-07],
     [-8.68900006e-09],
     [ 1.27545535e-09]]), 2.0457100845266383), (1.6309944710161427e-05, Vec([[1.28245580e-07],
     [8.99827244e-09],
     [6.88705004e-10]]), 2.0380847483335547), (1.5854565623601485e-05, Vec([[ 6.15783786e-08],
     [-1.33612973e-08],
     [ 8.63622181e-10]]), 2.0656526332261307), (1.544950985000912e-05, Vec([[2.68719928e-09],
     [2.42717545e-08],
     [1.22252424e-09]]), 2.111405071907462)]