[(2.0045149812784972e-05, Vec([[ 1.63480562e-09],
     [ 2.81547252e-08],
     [-1.50221519e-09]]), 2.1535647017842794), (1.9837767013634965e-05, Vec([[ 1.67640408e-09],
     [-2.27206264e-07],
     [ 1.22884724e-09]]), 2.135584007116991), (1.9674730673000018e-05, Vec([[-5.12611936e-09],
     [-4.52355797e-07],
     [ 7.96409089e-10]]), 2.1309120484784145), (1.962971348464743e-05, Vec([[-4.31773112e-09],
     [-6.62798554e-07],
     [ 1.98763307e-09]]), 2.1477445510488793), (1.9358108878952007e-05, Vec([[-2.68836043e-09],
     [-9.00398560e-07],
     [ 2.02081359e-10]]), 2.148617974410808), (1.8872986268161787e-05, Vec([[ 1.47136491e-09],
     [-1.00209327e-06],
     [-2.73773213e-09]]), 2.134190223224501), (1.8279949937445496e-05, Vec([[-3.94304163e-09],
     [-1.11509351e-06],
     [-1.09852699e-09]]), 2.115453526225463), (1.8595435772201246e-05, Vec([[ 4.58801901e-09],
     [-1.12108786e-06],
     [ 4.56322084e-10]]), 2.0973428087138815), (1.919775372008134e-05, Vec([[-2.72089956e-09],
     [-1.05963600e-06],
     [-5.63464233e-11]]), 2.0953326136806223), (1.92872133364761e-05, Vec([[ 4.15398361e-09],
     [-9.90781817e-07],
     [-4.71585140e-10]]), 2.0472094972821946), (1.9878627462687323e-05, Vec([[ 3.13276582e-09],
     [-9.40135706e-07],
     [-1.14564839e-10]]), 2.0615945773488704), (2.026879568887872e-05, Vec([[-3.75016789e-09],
     [-8.89467612e-07],
     [ 1.27632289e-10]]), 2.0630524733075344), (2.0581829333178607e-05, Vec([[-3.00081001e-09],
     [-8.20832914e-07],
     [-1.43849978e-10]]), 2.0649123601153416), (2.073133803914833e-05, Vec([[-1.58095325e-11],
     [-7.99756315e-07],
     [-4.71317898e-10]]), 2.056733733236363), (2.1098291360850133e-05, Vec([[ 6.44630351e-10],
     [-7.23789278e-07],
     [ 9.20762198e-10]]), 2.0771536223905245), (2.1629981709229797e-05, Vec([[-2.88439213e-09],
     [-7.16797467e-07],
     [-2.62857039e-10]]), 2.1218387745667426), (2.161777468152174e-05, Vec([[ 6.01150266e-09],
     [-6.63738938e-07],
     [-4.98999264e-10]]), 2.121552191104458), (2.199267271387007e-05, Vec([[-4.28538874e-10],
     [-6.46653665e-07],
     [-5.15043044e-10]]), 2.1680054307604513), (2.2158166011669987e-05, Vec([[-1.69995436e-09],
     [-6.35931319e-07],
     [ 2.32430143e-10]]), 2.2030515715774066), (2.1996455106301048e-05, Vec([[ 2.96311582e-09],
     [-5.83537332e-07],
     [-3.81294237e-10]]), 2.214886392660683), (2.1976532865867256e-05, Vec([[ 3.06457329e-09],
     [-4.74617590e-07],
     [ 4.81304771e-10]]), 2.2506687177026117), (2.1257550426732537e-05, Vec([[ 6.56740665e-09],
     [-4.04923659e-07],
     [-1.32268402e-09]]), 2.2239688691488566), (2.0854791902655586e-05, Vec([[ 3.89577939e-10],
     [-2.77001248e-07],
     [ 1.15141426e-09]]), 2.239119591913055), (1.9928881318970625e-05, Vec([[ 3.39688617e-09],
     [-1.80671240e-07],
     [-5.00527127e-10]]), 2.2065279389923758), (1.9353247235646106e-05, Vec([[-9.80459701e-10],
     [-1.08822797e-07],
     [ 5.12864400e-11]]), 2.2210997847839264), (1.88138382764028e-05, Vec([[-2.18394813e-09],
     [-4.20578986e-08],
     [-4.88299223e-10]]), 2.2027910322934945), (1.9721216312620837e-05, Vec([[-2.20786154e-09],
     [-1.61622923e-07],
     [ 9.12658353e-11]]), 2.2215977649160976), (2.0135827422004555e-05, Vec([[ 5.36624242e-09],
     [-2.48274783e-07],
     [-1.80064734e-09]]), 2.1940595586552525), (2.0413173292473818e-05, Vec([[ 3.32284991e-09],
     [-3.59604994e-07],
     [ 3.11755538e-10]]), 2.1622146768026944), (2.138030073183422e-05, Vec([[ 4.15861085e-09],
     [-4.71211171e-07],
     [-2.47957415e-10]]), 2.2118432775913113), (2.1600747871040507e-05, Vec([[-3.72185518e-10],
     [-5.64921410e-07],
     [ 4.49967081e-10]]), 2.192351055166263), (2.1876785076157037e-05, Vec([[-6.76072973e-09],
     [-6.43346383e-07],
     [-7.21492896e-10]]), 2.187766005402073), (2.1789041760713676e-05, Vec([[ 2.10586128e-09],
     [-6.80579914e-07],
     [ 2.81509589e-10]]), 2.1560164599105502), (2.1819987120792383e-05, Vec([[ 3.19226484e-09],
     [-7.23060132e-07],
     [ 6.45963505e-10]]), 2.145098540844058), (2.1465810766013603e-05, Vec([[-7.91396613e-10],
     [-7.03012153e-07],
     [ 1.92711966e-10]]), 2.1051258500541623), (2.1246153863407342e-05, Vec([[-7.74918989e-09],
     [-7.08874104e-07],
     [-2.36118409e-10]]), 2.0868906529146987), (2.121699424337818e-05, Vec([[-8.04924923e-10],
     [-8.07541118e-07],
     [ 8.82837237e-10]]), 2.0957911351273513), (2.0993610386821186e-05, Vec([[ 2.85909564e-09],
     [-8.39250692e-07],
     [-2.95118604e-10]]), 2.093978083275618), (2.0409624812146148e-05, Vec([[-4.62392391e-09],
     [-8.93212522e-07],
     [ 1.04364033e-09]]), 2.061365540204985), (1.997845426877621e-05, Vec([[ 3.06922169e-09],
     [-8.99850329e-07],
     [-9.79627702e-10]]), 2.051510450341007), (1.9473559327506272e-05, Vec([[-5.04410117e-09],
     [-9.53419626e-07],
     [ 2.66846133e-10]]), 2.0419835988508948), (1.9155176731808372e-05, Vec([[-3.74749981e-09],
     [-1.00135787e-06],
     [ 4.44129863e-10]]), 2.060501488853564), (1.8717397752336e-05, Vec([[ 4.25497761e-10],
     [-1.03762246e-06],
     [-1.42914226e-09]]), 2.075396331537279), (1.809821048354325e-05, Vec([[-1.47804940e-09],
     [-1.08775036e-06],
     [ 1.21397816e-10]]), 2.0791216564818), (1.854217416972519e-05, Vec([[ 2.86138746e-09],
     [-1.06823659e-06],
     [ 1.69234228e-10]]), 2.1199394540524428), (1.924455445732953e-05, Vec([[ 2.63566594e-09],
     [-9.44469584e-07],
     [-1.22737880e-09]]), 2.154838270012344), (1.9657840576432575e-05, Vec([[ 9.92073097e-09],
     [-7.50779103e-07],
     [-1.60894037e-09]]), 2.165152111668675), (1.9715549126399815e-05, Vec([[ 2.62281191e-09],
     [-5.24189661e-07],
     [-7.92163379e-10]]), 2.145098644191105), (2.01087863593621e-05, Vec([[-5.15484578e-09],
     [-3.27155794e-07],
     [ 5.42116473e-10]]), 2.1702285013999476), (1.9913461276658343e-05, Vec([[-3.71515151e-09],
     [-1.31361996e-07],
     [ 2.21385046e-09]]), 2.1404942998822816), (1.969575879008634e-05, Vec([[ 9.76674937e-09],
     [ 8.62350067e-08],
     [-9.50077734e-10]]), 2.1170934995340374), (2.0073532558968925e-05, Vec([[ 4.86063985e-09],
     [ 3.26364694e-07],
     [-3.52757937e-11]]), 2.1664237564974638), (1.9812867322542216e-05, Vec([[-1.64579077e-10],
     [ 5.52769528e-07],
     [ 1.45502473e-09]]), 2.1556870954313814), (1.9538338718399162e-05, Vec([[ 1.82882762e-09],
     [ 7.48212151e-07],
     [-6.50084591e-10]]), 2.151989948751373), (1.9086926504174718e-05, Vec([[ 1.12692969e-09],
     [ 9.19284338e-07],
     [-6.15904732e-11]]), 2.137188459171837), (1.8509364680767834e-05, Vec([[ 1.43244118e-09],
     [ 1.02399281e-06],
     [-4.28002221e-10]]), 2.1161883227411233), (1.8394228352986277e-05, Vec([[-5.13619844e-10],
     [ 1.10535097e-06],
     [-2.05091792e-10]]), 2.113128176829447), (1.8663312400860627e-05, Vec([[ 5.01141048e-09],
     [ 1.04414870e-06],
     [-7.08377118e-10]]), 2.0693993152037518), (1.8857306141015776e-05, Vec([[-2.46424435e-09],
     [ 9.61927861e-07],
     [-4.10438151e-10]]), 2.0284598739727864), (1.9359007349765425e-05, Vec([[-6.73416605e-09],
     [ 9.30318391e-07],
     [ 2.81355836e-10]]), 2.0299717598322142), (2.0067745047238733e-05, Vec([[1.42191129e-09],
     [8.84936300e-07],
     [6.29311464e-10]]), 2.060679376158318), (2.034044415403846e-05, Vec([[-4.45358261e-09],
     [ 8.58313672e-07],
     [ 2.34512134e-11]]), 2.054378315991682), (2.101698039413768e-05, Vec([[1.15625108e-09],
     [8.15154514e-07],
     [1.08818251e-09]]), 2.096309091721761), (2.095510119083674e-05, Vec([[-1.52933220e-09],
     [ 7.63356094e-07],
     [-5.07808925e-10]]), 2.0699216301648793), (2.1327731001782056e-05, Vec([[-4.37225031e-09],
     [ 7.63348590e-07],
     [-1.06921381e-09]]), 2.094903518144812), (2.1605172697377663e-05, Vec([[-2.18695916e-09],
     [ 6.91451532e-07],
     [ 1.09948610e-09]]), 2.1187929044890423), (2.186260337013666e-05, Vec([[-2.17367253e-09],
     [ 6.74508915e-07],
     [ 1.65619672e-09]]), 2.1492880966755354), (2.1811525262028698e-05, Vec([[ 1.96817674e-09],
     [ 6.42178833e-07],
     [-1.03549917e-09]]), 2.1582411928494265), (2.1934719695280466e-05, Vec([[-5.29756823e-09],
     [ 6.59313846e-07],
     [-1.92952570e-09]]), 2.1935596990281216), (2.1689823956255362e-05, Vec([[ 1.72292391e-09],
     [ 5.50934733e-07],
     [-9.79176081e-10]]), 2.2013917629499358), (2.115556902262634e-05, Vec([[2.92655172e-09],
     [4.94509485e-07],
     [4.61059349e-10]]), 2.188594244450589), (2.0666709036092512e-05, Vec([[-1.26562200e-09],
     [ 3.81871892e-07],
     [-9.27616840e-10]]), 2.1890698206890478), (2.0125147109433804e-05, Vec([[-4.40327986e-09],
     [ 2.40857656e-07],
     [-2.41397419e-09]]), 2.192895800077362), (1.968053716561021e-05, Vec([[-4.63809455e-09],
     [ 1.50792960e-07],
     [ 2.77289887e-10]]), 2.2170152533384684), (1.8950452034167933e-05, Vec([[1.81376986e-09],
     [4.49192929e-08],
     [9.95664909e-10]]), 2.2187862564509344), (1.9322969249084302e-05, Vec([[1.44942707e-10],
     [8.97668872e-08],
     [8.23602401e-10]]), 2.2176248935360987), (2.0092118305166963e-05, Vec([[3.93347928e-09],
     [1.72672462e-07],
     [6.50015006e-10]]), 2.224601556118907), (2.0692165280564115e-05, Vec([[ 5.80912326e-09],
     [ 2.94683173e-07],
     [-1.22048647e-10]]), 2.2216588348174513), (2.13871712359507e-05, Vec([[ 4.55946861e-09],
     [ 3.92526821e-07],
     [-9.60192410e-12]]), 2.237529822255313), (2.1892382699937146e-05, Vec([[4.26234422e-09],
     [5.02978229e-07],
     [3.02882961e-11]]), 2.242050700147051), (2.2070281547786747e-05, Vec([[-3.73928547e-09],
     [ 5.80658456e-07],
     [-1.14204719e-09]]), 2.222320189600918), (2.2135809998341672e-05, Vec([[-2.33529532e-09],
     [ 6.17266067e-07],
     [-9.97905847e-10]]), 2.200828849251416), (2.1998188779385687e-05, Vec([[ 2.99537640e-09],
     [ 6.64378277e-07],
     [-1.42431673e-10]]), 2.1685491964113965), (2.1840909660865826e-05, Vec([[-8.79545651e-10],
     [ 6.73226899e-07],
     [-1.04334659e-09]]), 2.143450490597056), (2.1616617511156173e-05, Vec([[-5.44612501e-09],
     [ 7.17391178e-07],
     [ 4.56292688e-10]]), 2.120527785309108), (2.148374157472499e-05, Vec([[ 4.21658875e-09],
     [ 7.28783888e-07],
     [-1.98444739e-10]]), 2.1151016862554037), (2.0740211287554362e-05, Vec([[-4.76064325e-09],
     [ 7.89970572e-07],
     [ 3.73780804e-10]]), 2.057614038660239), (2.07059313861338e-05, Vec([[-2.07400784e-09],
     [ 8.60141960e-07],
     [ 1.55183386e-09]]), 2.0773631417691263), (2.0192089764956382e-05, Vec([[-4.92497260e-09],
     [ 8.77771857e-07],
     [-1.49357410e-09]]), 2.055244986938122), (1.9673028154146487e-05, Vec([[ 1.98577590e-09],
     [ 9.12946264e-07],
     [-1.19060506e-09]]), 2.040272057955111), (1.94165694627827e-05, Vec([[ 2.06774252e-09],
     [ 9.64392281e-07],
     [-2.96323415e-10]]), 2.0609397902844333), (1.8992990101168086e-05, Vec([[ 4.27376799e-10],
     [ 1.04504878e-06],
     [-1.18610350e-09]]), 2.0729837547953553), (1.859186497348975e-05, Vec([[-3.30671886e-09],
     [ 1.11237312e-06],
     [-1.91809410e-10]]), 2.0969400653154127), (1.8311578550566397e-05, Vec([[-5.89538785e-09],
     [ 1.12864130e-06],
     [ 1.21110828e-09]]), 2.1191137584134707), (1.8959803197748653e-05, Vec([[-2.53553553e-09],
     [ 1.02187438e-06],
     [ 1.82837368e-09]]), 2.1440076331299607), (1.918795174076653e-05, Vec([[3.25014335e-09],
     [8.50588326e-07],
     [3.87008648e-10]]), 2.129731693324894), (1.9609127050468638e-05, Vec([[-6.93892444e-09],
     [ 6.64208471e-07],
     [ 1.94796534e-09]]), 2.1454921288794164), (1.9683263859711266e-05, Vec([[-2.97285284e-09],
     [ 4.42315291e-07],
     [ 2.98775473e-09]]), 2.131836252762434), (1.975853683372113e-05, Vec([[-7.80714066e-10],
     [ 2.29140547e-07],
     [ 2.40008232e-09]]), 2.1270546849917387), (2.001000058614679e-05, Vec([[ 5.78025571e-09],
     [-1.77054013e-08],
     [ 2.84336734e-09]]), 2.149788420015871)]