[(1.5068677438727612e-05, Vec([[-1.84680552e-09],
     [ 5.46301418e-09],
     [-1.66685890e-10]]), 2.0593586644464486), (1.601797692584985e-05, Vec([[-6.58303316e-08],
     [-5.16641992e-09],
     [-6.37115466e-10]]), 2.086943092693891), (1.6335169811490836e-05, Vec([[-1.27474692e-07],
     [ 3.53579324e-09],
     [-7.57230455e-10]]), 2.041236867804727), (1.71839968167831e-05, Vec([[-1.92146107e-07],
     [-4.82573714e-09],
     [ 5.48494984e-10]]), 2.070956218750932), (1.7423702214250417e-05, Vec([[-2.37391590e-07],
     [-6.82318348e-09],
     [-1.40430384e-09]]), 2.0356614575422434), (1.795622627662114e-05, Vec([[-2.85056693e-07],
     [ 3.97950752e-09],
     [ 1.55524518e-09]]), 2.0436414643420426), (1.7959921177847403e-05, Vec([[-3.27450433e-07],
     [-2.14334614e-08],
     [-1.66153812e-09]]), 2.000400650627972), (1.8227573510135636e-05, Vec([[-3.53327685e-07],
     [ 2.02344354e-09],
     [-4.13379572e-09]]), 1.9956211575010834), (1.8652718727342853e-05, Vec([[-3.53596084e-07],
     [ 8.65502305e-09],
     [ 2.55024479e-09]]), 2.0159373119223427), (1.8959288385534128e-05, Vec([[-3.86045914e-07],
     [ 5.19545312e-09],
     [-4.96523077e-10]]), 2.0311604162444232), (1.8849847362056423e-05, Vec([[-4.24048211e-07],
     [-7.98950178e-10],
     [-7.30778463e-10]]), 2.0099607996558557), (1.868824915866088e-05, Vec([[-3.99749374e-07],
     [ 1.07118215e-08],
     [ 3.30138877e-09]]), 1.991404870447775), (1.8556457598380286e-05, Vec([[-3.70751336e-07],
     [ 1.02252734e-08],
     [ 1.42557358e-09]]), 1.9840313442674), (1.8424197563441533e-05, Vec([[-3.11935167e-07],
     [-4.51163929e-09],
     [ 2.52856240e-09]]), 1.9845758803424218), (1.8181187898769583e-05, Vec([[-2.50949540e-07],
     [-8.46936621e-09],
     [-1.00504873e-09]]), 1.9811468139763042), (1.7912903433889765e-05, Vec([[-1.79020668e-07],
     [-1.08483133e-08],
     [-1.27352594e-09]]), 1.9829290597637217), (1.751330177209743e-05, Vec([[-1.19664929e-07],
     [-1.66555491e-09],
     [ 1.86824319e-09]]), 1.9780912282502767), (1.7004083376681107e-05, Vec([[-4.44194857e-08],
     [-4.64884818e-09],
     [-3.01483254e-09]]), 1.9685057869174452), (1.6841013878471547e-05, Vec([[2.72240141e-08],
     [4.57911771e-09],
     [1.28721036e-09]]), 2.0078195213604064), (1.6242057561959425e-05, Vec([[ 6.72974422e-08],
     [-6.75283724e-09],
     [ 7.02013830e-10]]), 2.004305106957445), (1.58327127626342e-05, Vec([[1.38713225e-07],
     [6.33400620e-10],
     [1.10232176e-09]]), 2.033268719072728), (1.5413360833605453e-05, Vec([[ 2.01505602e-07],
     [-2.55954190e-09],
     [ 1.27600137e-09]]), 2.0720462133003177), (1.4983944399398258e-05, Vec([[ 2.48019786e-07],
     [ 2.91280774e-09],
     [-7.36405740e-10]]), 2.1221766355321168), (1.429371138889449e-05, Vec([[2.83071867e-07],
     [1.27085429e-09],
     [7.35868903e-10]]), 2.148088935066567), (1.3656708344069204e-05, Vec([[ 3.32019039e-07],
     [-9.00173165e-10],
     [-4.29522452e-10]]), 2.1953080094390356), (1.3372332456336083e-05, Vec([[ 3.52048776e-07],
     [-4.50589897e-11],
     [-2.80854827e-10]]), 2.2308203503384303), (1.3840860179776076e-05, Vec([[ 3.11784083e-07],
     [-9.65023718e-09],
     [-1.09439172e-10]]), 2.1489516449796175), (1.4640360608082458e-05, Vec([[ 2.67260125e-07],
     [-6.67351458e-09],
     [-3.15724981e-10]]), 2.1338974189757964), (1.5133708295392597e-05, Vec([[ 2.15591317e-07],
     [ 3.89756342e-09],
     [-1.66646693e-09]]), 2.086448659907218), (1.5792102169139272e-05, Vec([[ 1.50391547e-07],
     [ 3.62200089e-09],
     [-9.66665000e-10]]), 2.0733779081087054), (1.618339577415123e-05, Vec([[9.94839801e-08],
     [7.62156839e-09],
     [1.05701929e-09]]), 2.03584994918975), (1.640327371481194e-05, Vec([[ 4.96988995e-08],
     [ 1.09643708e-08],
     [-2.15586086e-10]]), 1.9883231744400123), (1.6857679415003612e-05, Vec([[-2.25851754e-08],
     [ 2.00887573e-09],
     [ 7.85147256e-10]]), 1.9792565219785716), (1.7345827833348486e-05, Vec([[-1.04364702e-07],
     [ 2.19339603e-09],
     [ 6.68891184e-10]]), 1.9823220948100766), (1.772004915910737e-05, Vec([[-1.80638781e-07],
     [-1.54055979e-08],
     [-2.46691560e-09]]), 1.9803136759081006), (1.7948484058622245e-05, Vec([[-2.35169202e-07],
     [ 5.12833756e-10],
     [-4.85470473e-11]]), 1.97021388807768), (1.8230312212222906e-05, Vec([[-2.69893285e-07],
     [-5.27049806e-09],
     [ 5.43380427e-09]]), 1.9740353656949676), (1.8651004580893666e-05, Vec([[-3.30120257e-07],
     [ 1.25218552e-08],
     [-2.94022589e-10]]), 2.0005380737900538), (1.8537064667101056e-05, Vec([[-3.76305407e-07],
     [ 5.17951887e-09],
     [-3.60790323e-09]]), 1.97762456392762), (1.8736758673218546e-05, Vec([[-4.03018886e-07],
     [-8.41706508e-09],
     [ 2.92899806e-09]]), 1.9962323289916337), (1.885069797388856e-05, Vec([[-4.27269105e-07],
     [-1.63467788e-09],
     [ 4.80174430e-09]]), 2.013763668770234), (1.852389212630134e-05, Vec([[-3.85715470e-07],
     [ 3.65640587e-09],
     [ 3.35294851e-09]]), 1.9922227356773279), (1.8233244053402436e-05, Vec([[-3.65533522e-07],
     [-1.09778515e-08],
     [ 3.16800733e-10]]), 1.9823403920782785), (1.812581756981999e-05, Vec([[-3.23319455e-07],
     [ 1.37170132e-08],
     [-1.04778770e-09]]), 2.000524018361573), (1.8027837510717443e-05, Vec([[-3.17714146e-07],
     [-2.80684694e-09],
     [ 1.86707579e-10]]), 2.028620089022647), (1.7460922724867002e-05, Vec([[-2.64625783e-07],
     [ 6.81383402e-09],
     [-2.89208422e-11]]), 2.012280959043694), (1.7104589750524648e-05, Vec([[-2.13079454e-07],
     [-5.13139743e-09],
     [ 1.33768210e-09]]), 2.028371834458986), (1.6553911161885995e-05, Vec([[-1.57292102e-07],
     [ 6.27522259e-09],
     [-6.58249951e-10]]), 2.030107373794998), (1.602453290491601e-05, Vec([[-8.55876387e-08],
     [ 7.91464975e-09],
     [-5.98135643e-10]]), 2.0431882807885753), (1.546494991832084e-05, Vec([[-3.10692477e-08],
     [-2.24397263e-09],
     [-1.84789501e-10]]), 2.061986189411804), (1.560871284858254e-05, Vec([[2.60753085e-08],
     [6.29235581e-09],
     [2.12479368e-10]]), 2.0811545138043597), (1.588446718064166e-05, Vec([[ 9.44216934e-08],
     [-1.34722740e-08],
     [-8.49939176e-10]]), 2.025329373569524), (1.6811042520605925e-05, Vec([[ 1.52272402e-07],
     [-1.84281936e-08],
     [ 1.88673056e-12]]), 2.0616409649968843), (1.7285460116205995e-05, Vec([[2.19862750e-07],
     [7.89536801e-09],
     [8.75050514e-10]]), 2.0498206011810924), (1.7380592213906955e-05, Vec([[ 2.50184775e-07],
     [-1.44969180e-08],
     [ 1.57783223e-09]]), 2.003023283479679), (1.8031138174840856e-05, Vec([[ 2.97037727e-07],
     [ 2.32187479e-09],
     [-3.74683471e-09]]), 2.028991503150598), (1.810351674181681e-05, Vec([[3.33399356e-07],
     [8.27581557e-09],
     [1.30210048e-10]]), 1.9980627036165775), (1.8356553710785026e-05, Vec([[3.70440027e-07],
     [7.43143913e-09],
     [3.70881651e-10]]), 1.995746767479546), (1.864418299493798e-05, Vec([[ 3.90690169e-07],
     [ 1.66951282e-08],
     [-2.32948577e-09]]), 2.005159876627961), (1.871571809992885e-05, Vec([[3.98358305e-07],
     [3.11616965e-09],
     [1.70537491e-09]]), 1.999344172655461), (1.882143672305551e-05, Vec([[ 4.06010462e-07],
     [-7.71662862e-10],
     [ 3.54209326e-09]]), 2.0052540100405616), (1.8572773737564356e-05, Vec([[ 3.61128065e-07],
     [ 5.62328509e-09],
     [-2.04286942e-09]]), 1.9814341819103725), (1.8505764956825676e-05, Vec([[ 3.38706920e-07],
     [ 1.04650431e-08],
     [-3.08209736e-09]]), 1.984959427797514), (1.795199719669067e-05, Vec([[ 2.87427335e-07],
     [-1.85141341e-09],
     [ 1.71553343e-09]]), 1.9438985431837095), (1.79981570373788e-05, Vec([[ 2.13382273e-07],
     [-7.25912199e-09],
     [-2.05603372e-09]]), 1.9756665152905812), (1.7524080759641186e-05, Vec([[1.91690176e-07],
     [8.48752131e-09],
     [9.63112405e-10]]), 1.9584131214556737), (1.719300316931416e-05, Vec([[ 9.04508141e-08],
     [-6.91498485e-09],
     [ 3.19611198e-09]]), 1.9648569319445301), (1.693053661489028e-05, Vec([[ 2.47568010e-08],
     [ 1.18196581e-08],
     [-2.62201024e-10]]), 1.9878106701800404), (1.6593297327881403e-05, Vec([[-4.13425493e-08],
     [-4.23305935e-09],
     [ 2.85142177e-10]]), 2.011356890765532), (1.606498997994318e-05, Vec([[-9.52941714e-08],
     [ 4.79867052e-09],
     [-5.68564382e-10]]), 2.0209546556749443), (1.566050167294612e-05, Vec([[-1.58755883e-07],
     [ 6.21971331e-10],
     [-6.28369683e-10]]), 2.0560998055115576), (1.5247147902395733e-05, Vec([[-2.13096706e-07],
     [-5.00829473e-09],
     [-1.38274157e-09]]), 2.102088310903012), (1.4587151083163607e-05, Vec([[-2.43833441e-07],
     [-4.11454803e-09],
     [-1.77557203e-10]]), 2.1261418949877755), (1.4105061220798379e-05, Vec([[-3.07377834e-07],
     [-1.49753320e-09],
     [ 1.28718164e-09]]), 2.1899718745271857), (1.3406267347129677e-05, Vec([[-3.44369735e-07],
     [ 6.44174714e-10],
     [-2.00537548e-10]]), 2.2364814902492163), (1.3761495324060225e-05, Vec([[-3.42261583e-07],
     [ 2.31948652e-09],
     [-3.21318391e-10]]), 2.2121524561873698), (1.4254444091181778e-05, Vec([[-2.73693133e-07],
     [ 1.82927629e-09],
     [ 5.80967424e-10]]), 2.142187763185332), (1.48886388475919e-05, Vec([[-2.28431890e-07],
     [-1.51345376e-09],
     [ 6.59867462e-10]]), 2.1086785064755214), (1.5478430113722274e-05, Vec([[-1.98376283e-07],
     [ 3.82786513e-09],
     [-7.64165022e-10]]), 2.08079359532321), (1.5771153413596556e-05, Vec([[-1.45928008e-07],
     [ 7.88867501e-09],
     [-2.56313574e-09]]), 2.025363144036963), (1.615225718146916e-05, Vec([[-7.77884173e-08],
     [ 8.33882784e-09],
     [-1.45038412e-09]]), 1.9932235453673124), (1.666106361633149e-05, Vec([[-1.61239498e-08],
     [ 2.03179246e-09],
     [-5.06601653e-10]]), 1.9863654894472438), (1.6941046696115883e-05, Vec([[5.22088937e-08],
     [3.12994560e-09],
     [3.18768852e-09]]), 1.961208241514271), (1.773871509257564e-05, Vec([[ 1.19396983e-07],
     [ 2.89505350e-09],
     [-8.88136611e-10]]), 2.003551196779976), (1.7797694626363786e-05, Vec([[ 1.95294481e-07],
     [-3.88445342e-09],
     [ 2.69522568e-10]]), 1.9701756335407137), (1.8291480308278384e-05, Vec([[ 2.48090947e-07],
     [-5.39384346e-10],
     [-1.25340182e-09]]), 1.9931650306583342), (1.8616399975287512e-05, Vec([[ 3.06145602e-07],
     [ 9.19307643e-10],
     [-2.84714347e-09]]), 2.005279103339231), (1.8566448447943623e-05, Vec([[ 3.54564081e-07],
     [ 5.21315262e-10],
     [-3.07861542e-09]]), 1.9850995523876427), (1.879857031585777e-05, Vec([[ 3.74432215e-07],
     [-7.32125262e-09],
     [ 2.71582743e-09]]), 2.003160604646851), (1.8663638805604165e-05, Vec([[ 3.70728923e-07],
     [-1.14873395e-08],
     [-4.77620713e-09]]), 1.990105365718342), (1.861518121285396e-05, Vec([[ 3.90389697e-07],
     [-8.54790924e-09],
     [-3.74274045e-10]]), 1.9942952737411308), (1.8568188949090643e-05, Vec([[3.79539260e-07],
     [8.56700277e-09],
     [1.95399425e-09]]), 2.0068015534070245), (1.8457852334404115e-05, Vec([[3.47941798e-07],
     [2.50738694e-09],
     [2.32755183e-09]]), 2.0208329221706447), (1.831588781738068e-05, Vec([[ 3.22676310e-07],
     [ 8.70632292e-09],
     [-5.52485118e-10]]), 2.0400487031039773), (1.7856264289048776e-05, Vec([[ 2.89280161e-07],
     [-1.62872500e-09],
     [ 1.16276749e-09]]), 2.0322645491977447), (1.743846230104977e-05, Vec([[ 2.39518605e-07],
     [-7.05192285e-09],
     [ 8.84931996e-10]]), 2.037385921117087), (1.6987391529119027e-05, Vec([[ 1.84786083e-07],
     [ 1.64620049e-08],
     [-2.93046829e-09]]), 2.0472620253995006), (1.6606049987612672e-05, Vec([[ 1.31875711e-07],
     [ 4.07038228e-09],
     [-9.48858449e-10]]), 2.075085955915728), (1.5964292609898068e-05, Vec([[ 6.25837189e-08],
     [-1.07407804e-08],
     [ 1.09518181e-09]]), 2.0799486942826433), (1.5255251930180724e-05, Vec([[-4.54485250e-10],
     [ 2.39986592e-08],
     [ 6.69428456e-10]]), 2.0848568408525057)]