[(2.001043506634702e-05, Vec([[-6.00273235e-09],
     [ 9.31173067e-09],
     [ 5.93210827e-10]]), 2.1498350987003216), (2.0092768962467733e-05, Vec([[ 2.42894304e-10],
     [-2.31649750e-07],
     [ 9.64997863e-10]]), 2.163035588907251), (1.9622016559139926e-05, Vec([[-8.43977137e-10],
     [-4.57741198e-07],
     [-1.46819732e-09]]), 2.1252027382867644), (1.946021848617303e-05, Vec([[ 5.06484930e-09],
     [-6.55533070e-07],
     [-7.06095474e-10]]), 2.12919960592331), (1.9187505111715483e-05, Vec([[ 1.07353130e-09],
     [-8.51329316e-07],
     [ 9.62865911e-10]]), 2.1296821205482876), (1.897634504723155e-05, Vec([[ 1.82006599e-10],
     [-1.02216080e-06],
     [-2.39951317e-10]]), 2.145878214337346), (1.8317908607095013e-05, Vec([[ 3.44273032e-09],
     [-1.10949008e-06],
     [-8.39498456e-11]]), 2.1198463063936623), (1.8512194956267186e-05, Vec([[ 8.68390756e-11],
     [-1.08352107e-06],
     [-9.41433568e-10]]), 2.08795423999038), (1.894052212859494e-05, Vec([[-2.36286035e-09],
     [-1.02010499e-06],
     [ 8.73228555e-10]]), 2.0672571549176193), (1.964463974421737e-05, Vec([[-3.11155990e-09],
     [-9.96644830e-07],
     [-7.00457133e-11]]), 2.0851479347195787), (1.972178386098762e-05, Vec([[-8.06976112e-09],
     [-9.15071545e-07],
     [ 7.49731256e-10]]), 2.0453284684657036), (2.0265490211372122e-05, Vec([[ 3.16669169e-09],
     [-8.87209549e-07],
     [-1.51582401e-10]]), 2.0627160264041207), (2.0530281167521498e-05, Vec([[-1.16525904e-09],
     [-8.15021198e-07],
     [ 5.66066382e-10]]), 2.0597406893817274), (2.1060771014379337e-05, Vec([[-8.65463872e-10],
     [-7.74891121e-07],
     [-1.05847437e-09]]), 2.089416424132559), (2.1129718934516622e-05, Vec([[-9.16396408e-09],
     [-6.90494150e-07],
     [ 7.54050787e-10]]), 2.0802477069951872), (2.1690137109355815e-05, Vec([[-6.79884383e-09],
     [-7.04938571e-07],
     [ 4.75349843e-11]]), 2.127739845691204), (2.168143542186158e-05, Vec([[ 3.50101269e-09],
     [-6.76554077e-07],
     [ 9.23760944e-10]]), 2.127799808407582), (2.1989591341299545e-05, Vec([[ 2.74689885e-09],
     [-6.27839298e-07],
     [ 1.43839660e-09]]), 2.167701673570317), (2.2092965834678092e-05, Vec([[ 3.06333175e-09],
     [-6.11911695e-07],
     [ 9.83168762e-10]]), 2.196569114847302), (2.192986237064821e-05, Vec([[ 3.64091918e-11],
     [-5.73886730e-07],
     [ 1.20732324e-09]]), 2.2081809783866677), (2.176265904019923e-05, Vec([[-2.96369475e-10],
     [-4.90521274e-07],
     [-1.86184448e-09]]), 2.228765393283589), (2.1320602000359717e-05, Vec([[ 3.37614098e-09],
     [-3.68312815e-07],
     [-1.58919507e-09]]), 2.2305653364784765), (2.0799572044281913e-05, Vec([[-1.52770513e-09],
     [-2.94059657e-07],
     [-9.11056563e-10]]), 2.23319079303919), (2.0111269042131073e-05, Vec([[ 4.78648807e-09],
     [-2.18069734e-07],
     [-6.38889400e-11]]), 2.2267219278290513), (1.9243998365184457e-05, Vec([[-2.48795968e-09],
     [-9.18306399e-08],
     [ 2.39971570e-10]]), 2.208561700620804), (1.8862565353339566e-05, Vec([[-9.10814481e-10],
     [-5.72894189e-08],
     [-1.16024270e-10]]), 2.208496171591987), (1.9727806314940576e-05, Vec([[ 1.42616246e-10],
     [-1.65117801e-07],
     [ 3.01562318e-10]]), 2.222340129595448), (2.0142136395765255e-05, Vec([[-8.67404578e-10],
     [-2.55669084e-07],
     [ 1.18856041e-09]]), 2.194747003173666), (2.0588947511386815e-05, Vec([[-3.86618716e-09],
     [-4.08615633e-07],
     [-4.41532814e-11]]), 2.1808331243361474), (2.123554902967441e-05, Vec([[-2.04147634e-09],
     [-5.10657195e-07],
     [-9.38555728e-10]]), 2.19686836758617), (2.1746257980495075e-05, Vec([[-9.57017336e-10],
     [-6.10868727e-07],
     [-3.05355324e-10]]), 2.2071194902178926), (2.180429973018505e-05, Vec([[ 5.71785088e-09],
     [-6.27883000e-07],
     [-2.78864849e-10]]), 2.1805171808944834), (2.1792538232073616e-05, Vec([[ 1.12581569e-10],
     [-6.83133888e-07],
     [ 5.83668831e-10]]), 2.1563624342717187), (2.1793181288748597e-05, Vec([[-6.61153584e-10],
     [-6.95767781e-07],
     [-3.43243190e-10]]), 2.14246328946261), (2.168326890746058e-05, Vec([[ 7.79439223e-10],
     [-7.21187422e-07],
     [ 5.44208266e-10]]), 2.1264517044490754), (2.1450337508052217e-05, Vec([[-5.60462562e-09],
     [-7.43068590e-07],
     [-9.14483052e-10]]), 2.1069464682978936), (2.124391366782839e-05, Vec([[-4.90068323e-09],
     [-7.71586551e-07],
     [ 3.03712098e-10]]), 2.0984502059871684), (2.0765092302590364e-05, Vec([[ 6.53978944e-09],
     [-8.14640386e-07],
     [ 7.92570149e-10]]), 2.0711848689978174), (2.0432523610006692e-05, Vec([[ 1.38374455e-09],
     [-8.69960460e-07],
     [-8.66448381e-10]]), 2.063678311422306), (1.997481085524187e-05, Vec([[ 3.03030704e-09],
     [-9.01785757e-07],
     [-1.01269235e-09]]), 2.0511363222508128), (1.961943860394144e-05, Vec([[-9.83085287e-10],
     [-9.44860322e-07],
     [-3.37046948e-10]]), 2.057280396158621), (1.9263236711338863e-05, Vec([[ 1.78181644e-10],
     [-1.01872663e-06],
     [ 1.60951106e-09]]), 2.0721253831055195), (1.8486552298625818e-05, Vec([[ 4.43219905e-09],
     [-1.02436376e-06],
     [-6.59090564e-10]]), 2.0498000486500185), (1.8413978235243652e-05, Vec([[-4.19497006e-10],
     [-1.08017205e-06],
     [ 7.88187865e-10]]), 2.115397042469594), (1.8695888990665092e-05, Vec([[-1.53398272e-09],
     [-1.05519951e-06],
     [-5.92450174e-10]]), 2.1375137746580144), (1.9201745251354834e-05, Vec([[-3.03970341e-09],
     [-9.07228264e-07],
     [-1.97714165e-10]]), 2.1500448664784946), (1.939591419667718e-05, Vec([[-2.59977053e-10],
     [-7.46286192e-07],
     [-9.40942911e-10]]), 2.136303039868336), (1.9738006407994035e-05, Vec([[-4.74504167e-09],
     [-5.44035906e-07],
     [-7.29968757e-10]]), 2.1475420498498123), (1.9932087318702895e-05, Vec([[ 7.42551603e-09],
     [-3.26328479e-07],
     [-1.36816117e-09]]), 2.1511583652238726), (1.999361237632038e-05, Vec([[ 4.49889974e-09],
     [-1.12727562e-07],
     [-8.92368733e-10]]), 2.149109726882759), (1.9690878645341587e-05, Vec([[6.28723405e-09],
     [1.02579143e-07],
     [9.85356790e-10]]), 2.1165689336705933), (1.985473508377021e-05, Vec([[2.07898011e-09],
     [3.29899232e-07],
     [7.14150037e-10]]), 2.1428101724539133), (1.9594012728887042e-05, Vec([[-1.75922289e-09],
     [ 5.34999707e-07],
     [ 2.05401967e-09]]), 2.1318751950316064), (1.9594701441957245e-05, Vec([[1.97311649e-10],
     [7.37858953e-07],
     [1.58157079e-12]]), 2.1581978467886316), (1.912470156289753e-05, Vec([[-7.00739294e-09],
     [ 9.51228619e-07],
     [-4.00717611e-10]]), 2.1414181825654524), (1.852272949682075e-05, Vec([[-1.51467169e-10],
     [ 1.01433441e-06],
     [-1.28549346e-09]]), 2.11771633130082), (1.828171505237082e-05, Vec([[-8.91073766e-10],
     [ 1.10747551e-06],
     [ 5.21549761e-10]]), 2.1002026536035703), (1.8623843582609814e-05, Vec([[ 5.17230464e-09],
     [ 1.04837997e-06],
     [-5.86323530e-10]]), 2.065022988874007), (1.9260815758059967e-05, Vec([[-5.28638396e-09],
     [ 9.78440085e-07],
     [-3.79214649e-10]]), 2.071864963799268), (1.918367356560521e-05, Vec([[ 7.00166028e-09],
     [ 9.31791626e-07],
     [-2.17935209e-09]]), 2.0115863837662213), (1.9868701644445303e-05, Vec([[-1.49739881e-09],
     [ 8.69856709e-07],
     [-5.37839106e-10]]), 2.040240376453504), (2.0347747810797718e-05, Vec([[-6.83979899e-09],
     [ 8.42309591e-07],
     [ 6.85591299e-10]]), 2.0551159829747645), (2.089603109623853e-05, Vec([[ 1.39822318e-09],
     [ 8.23966958e-07],
     [-2.18434235e-10]]), 2.0842451744477994), (2.1117688229095595e-05, Vec([[ 7.34441752e-09],
     [ 7.65211561e-07],
     [-9.11908965e-10]]), 2.085981797291326), (2.145218295845711e-05, Vec([[ 7.52475380e-09],
     [ 7.50798650e-07],
     [-9.04052383e-12]]), 2.1071277365512047), (2.1280487338436854e-05, Vec([[-7.35352834e-10],
     [ 7.55095671e-07],
     [-1.38701706e-10]]), 2.0869514078090012), (2.1664188242196344e-05, Vec([[-2.11233342e-09],
     [ 6.87396284e-07],
     [ 1.40267165e-09]]), 2.1297821272599724), (2.1863733578397423e-05, Vec([[-6.64985056e-09],
     [ 6.56705530e-07],
     [ 4.11301658e-10]]), 2.1634071836567017), (2.197830736300404e-05, Vec([[ 7.82471056e-09],
     [ 6.52159370e-07],
     [-2.79370554e-10]]), 2.1979186401325133), (2.179338034865877e-05, Vec([[-6.52939234e-09],
     [ 5.83877340e-07],
     [-3.89345389e-10]]), 2.211902138216118), (2.1029565260638445e-05, Vec([[-6.84034300e-10],
     [ 4.97454968e-07],
     [-1.18085872e-09]]), 2.1755588537234054), (2.0616841263833417e-05, Vec([[-5.69543524e-09],
     [ 3.38116138e-07],
     [-1.14990971e-09]]), 2.1837877007788706), (1.999741608354239e-05, Vec([[-1.59959012e-09],
     [ 2.41020390e-07],
     [ 1.72593806e-10]]), 2.178977848139234), (1.977790199944449e-05, Vec([[-3.18965455e-09],
     [ 1.52437797e-07],
     [ 7.73679510e-10]]), 2.2279834154334828), (1.8998356392704377e-05, Vec([[ 5.67995672e-10],
     [ 4.10395513e-08],
     [-5.17619397e-10]]), 2.2243950689559404), (1.9440914798852057e-05, Vec([[-1.73334898e-09],
     [ 8.45524303e-08],
     [ 9.44117458e-10]]), 2.231161063048927), (2.005605916028774e-05, Vec([[-1.22577840e-09],
     [ 1.79029776e-07],
     [-1.39350303e-09]]), 2.2206090836183843), (2.0906943618551646e-05, Vec([[ 1.51838702e-09],
     [ 2.67779266e-07],
     [-1.79622073e-09]]), 2.244718973070146), (2.1376205989124195e-05, Vec([[-5.83098679e-09],
     [ 4.23205791e-07],
     [-1.09624222e-09]]), 2.2363826360981527), (2.183991632344332e-05, Vec([[-4.08758009e-10],
     [ 5.00857646e-07],
     [ 1.33227496e-09]]), 2.2366774944177132), (2.212239228102897e-05, Vec([[-4.90545806e-09],
     [ 6.09800587e-07],
     [ 1.80004955e-09]]), 2.227567369358383), (2.202768395938662e-05, Vec([[-5.92280850e-10],
     [ 6.21201868e-07],
     [ 6.63291608e-10]]), 2.1900785353525616), (2.1870588771106897e-05, Vec([[4.02692291e-10],
     [6.02326595e-07],
     [2.18277520e-09]]), 2.155970574680759), (2.1799068421496715e-05, Vec([[-2.60703666e-09],
     [ 6.91974388e-07],
     [ 1.85274499e-09]]), 2.1393442227517383), (2.1656175550381883e-05, Vec([[-2.56790268e-09],
     [ 7.13595065e-07],
     [-3.27478969e-10]]), 2.1244083147798807), (2.1303174082609336e-05, Vec([[4.76721422e-09],
     [7.34908090e-07],
     [3.76494350e-10]]), 2.097324586967166), (2.1013229835628618e-05, Vec([[1.00830748e-08],
     [7.90350351e-07],
     [1.15552457e-09]]), 2.0846999149583905), (2.043658301894678e-05, Vec([[5.29752483e-10],
     [8.22018810e-07],
     [1.13370090e-10]]), 2.0503402390145697), (2.0298743870728054e-05, Vec([[6.29819291e-09],
     [8.91271751e-07],
     [9.67283925e-10]]), 2.066100738808046), (1.9850186095866955e-05, Vec([[6.20557033e-10],
     [9.35259111e-07],
     [9.06137816e-10]]), 2.058644948773189), (1.959790549916923e-05, Vec([[-8.20610680e-09],
     [ 1.01089763e-06],
     [ 1.25330069e-09]]), 2.0801874052412264), (1.9072592163375822e-05, Vec([[2.61370356e-09],
     [1.06560606e-06],
     [4.60044397e-10]]), 2.081671896100431), (1.85454885227487e-05, Vec([[1.08850397e-09],
     [1.08695659e-06],
     [3.56328232e-10]]), 2.091709356196951), (1.8342951766524474e-05, Vec([[ 8.53034217e-10],
     [ 1.13730813e-06],
     [-6.56094517e-10]]), 2.1227444346765165), (1.8788423614861116e-05, Vec([[4.90006086e-10],
     [1.00842838e-06],
     [3.28493081e-11]]), 2.1246277308155137), (1.9318877449759417e-05, Vec([[ 4.89766900e-09],
     [ 8.29023516e-07],
     [-1.63935550e-09]]), 2.144263553508843), (1.9557498721610222e-05, Vec([[5.25763341e-09],
     [6.77265372e-07],
     [7.60638396e-10]]), 2.1398433219280495), (1.984226959035839e-05, Vec([[-2.74709924e-09],
     [ 4.63057924e-07],
     [-3.76318624e-10]]), 2.149057694460645), (1.991008567543825e-05, Vec([[-4.32366520e-09],
     [ 2.37600506e-07],
     [-6.53501616e-10]]), 2.1433692874591306), (2.00828407598356e-05, Vec([[-4.56505818e-09],
     [ 8.84212029e-09],
     [ 6.98459262e-11]]), 2.1576140550644056)]