[(1.9960660594843277e-05, Vec([[-2.75842683e-09],
     [-9.09045682e-09],
     [ 2.03073892e-09]]), 2.1444875435120805), (1.9972553911839378e-05, Vec([[ 8.97624235e-11],
     [-2.05943157e-07],
     [-6.49982157e-10]]), 2.1500941454796605), (1.963676650476718e-05, Vec([[ 7.91914520e-10],
     [-4.53357011e-07],
     [-1.62449255e-09]]), 2.1268002613926154), (1.92932653909169e-05, Vec([[ 1.25278737e-09],
     [-6.56501625e-07],
     [ 5.06246746e-10]]), 2.1109327778874585), (1.9431315630459764e-05, Vec([[ 4.09562984e-09],
     [-8.51000359e-07],
     [-3.43530106e-10]]), 2.1567434242221175), (1.9120846391121838e-05, Vec([[-5.32472019e-09],
     [-1.03923917e-06],
     [ 6.60514332e-10]]), 2.1622186784796686), (1.834794643933221e-05, Vec([[ 2.25106144e-09],
     [-1.12784459e-06],
     [-1.41665948e-10]]), 2.1233224449139425), (1.8485090749168668e-05, Vec([[-3.97529544e-09],
     [-1.09386324e-06],
     [-1.14404188e-09]]), 2.084897209515786), (1.8835708115790897e-05, Vec([[-4.38883047e-09],
     [-1.01710889e-06],
     [ 4.46341521e-10]]), 2.055817263428163), (1.94159694168079e-05, Vec([[ 3.43020527e-09],
     [-9.93077368e-07],
     [ 9.48461285e-10]]), 2.060876099392598), (1.9898068529552433e-05, Vec([[-4.63400758e-09],
     [-9.27674409e-07],
     [-6.82108564e-11]]), 2.0636107929101417), (2.0219159144351367e-05, Vec([[-1.88400426e-09],
     [-8.64322923e-07],
     [ 1.03738015e-09]]), 2.0580002345102493), (2.0531401221323313e-05, Vec([[-2.84916546e-09],
     [-7.94009740e-07],
     [ 1.30188561e-09]]), 2.0598530609742585), (2.1017767983611417e-05, Vec([[-1.21412920e-09],
     [-7.82995001e-07],
     [-2.88353059e-10]]), 2.0851501397352483), (2.1165489530285203e-05, Vec([[-3.57803372e-09],
     [-7.58583749e-07],
     [ 6.35069047e-10]]), 2.0837693676503077), (2.1620570905770778e-05, Vec([[ 2.32128016e-09],
     [-7.19815077e-07],
     [ 1.03761156e-09]]), 2.1209156019100295), (2.1797578757025054e-05, Vec([[ 6.72319073e-09],
     [-6.58690034e-07],
     [-3.08186135e-10]]), 2.139198028197932), (2.19231698969558e-05, Vec([[ 5.19203653e-10],
     [-6.54188093e-07],
     [ 1.30641841e-09]]), 2.1611539449731754), (2.2054400196508964e-05, Vec([[ 9.32698098e-10],
     [-6.22784297e-07],
     [ 1.69086698e-09]]), 2.1927347681900633), (2.209847871097807e-05, Vec([[ 8.53556700e-10],
     [-5.74776431e-07],
     [-1.24316445e-09]]), 2.2251594431425574), (2.1682970169727388e-05, Vec([[ 4.97717541e-09],
     [-4.81435066e-07],
     [-1.60875265e-09]]), 2.220604267549393), (2.118079633294858e-05, Vec([[ 3.81858312e-09],
     [-3.67476126e-07],
     [ 1.05120501e-09]]), 2.2159388416184695), (2.067249785943392e-05, Vec([[ 3.81905074e-09],
     [-2.74757277e-07],
     [ 4.78607739e-10]]), 2.2195471998425926), (2.027769726870229e-05, Vec([[ 4.90818295e-10],
     [-1.85855608e-07],
     [ 8.47426763e-10]]), 2.245148879442074), (1.9241011519546646e-05, Vec([[-2.80109010e-09],
     [-7.51020869e-08],
     [-7.45876380e-11]]), 2.208218911520735), (1.9045744097323123e-05, Vec([[ 4.22027516e-09],
     [-5.29989711e-08],
     [ 3.55989140e-11]]), 2.229943389784559), (1.9661250237610666e-05, Vec([[-4.48601254e-09],
     [-1.35859233e-07],
     [ 1.47259373e-09]]), 2.21484257821252), (2.005667195722322e-05, Vec([[ 9.75136798e-10],
     [-2.45937438e-07],
     [ 4.38841938e-11]]), 2.185434544123518), (2.066374272724213e-05, Vec([[ 1.13753158e-09],
     [-3.66556163e-07],
     [-2.30094883e-10]]), 2.188755621792073), (2.1131439593011374e-05, Vec([[ 1.56869417e-09],
     [-4.73419633e-07],
     [-1.20673369e-09]]), 2.1860979972108794), (2.1685304742062456e-05, Vec([[ 4.27530154e-09],
     [-5.92183953e-07],
     [ 1.41636605e-09]]), 2.2009330888307117), (2.189811113148614e-05, Vec([[ 4.88103779e-10],
     [-6.33013116e-07],
     [ 1.37435874e-09]]), 2.1898986962300864), (2.1889109505715805e-05, Vec([[-1.25769541e-08],
     [-6.58211726e-07],
     [ 4.84772511e-10]]), 2.165918120924378), (2.177675791334435e-05, Vec([[-3.91186120e-09],
     [-7.02307407e-07],
     [-1.08333729e-09]]), 2.1408487257866393), (2.157530777075034e-05, Vec([[-2.69013009e-09],
     [-7.09937065e-07],
     [-9.47812550e-11]]), 2.1158640876025787), (2.1424359074998607e-05, Vec([[-1.19418268e-09],
     [-7.45060094e-07],
     [-2.54640804e-10]]), 2.1043947523748376), (2.1021938431473366e-05, Vec([[-8.34622951e-09],
     [-7.72721060e-07],
     [ 7.85375927e-10]]), 2.0765237385887123), (2.073692596499978e-05, Vec([[-1.79083835e-09],
     [-7.91943857e-07],
     [ 2.92974059e-10]]), 2.0683754573476016), (2.0345069011738235e-05, Vec([[-4.22415929e-09],
     [-8.32022607e-07],
     [ 9.33766057e-10]]), 2.0548454251315307), (1.9993940710519196e-05, Vec([[-3.40682308e-09],
     [-8.84600145e-07],
     [ 1.45064618e-09]]), 2.053100693342138), (1.972068811667362e-05, Vec([[-7.42304962e-10],
     [-9.34554599e-07],
     [ 6.11959401e-10]]), 2.0678973481453453), (1.9126109445004396e-05, Vec([[ 1.41592911e-11],
     [-9.97324014e-07],
     [ 3.87218908e-11]]), 2.057374752484848), (1.868259225597664e-05, Vec([[-2.20097426e-09],
     [-1.06681302e-06],
     [ 6.38286163e-10]]), 2.0715370771463992), (1.839589883313502e-05, Vec([[ 3.89869630e-09],
     [-1.07341584e-06],
     [-1.47435019e-09]]), 2.1133200815184283), (1.8617523418642882e-05, Vec([[-2.25405808e-10],
     [-1.02747527e-06],
     [ 1.84000131e-10]]), 2.128554185213508), (1.93300110303646e-05, Vec([[-4.00509046e-09],
     [-9.32803449e-07],
     [ 2.54439293e-11]]), 2.1644069557622982), (1.9424783014197378e-05, Vec([[-3.71777409e-09],
     [-7.38624665e-07],
     [-2.03661125e-10]]), 2.139482706575481), (1.9851519263983137e-05, Vec([[ 6.15346600e-09],
     [-5.38570508e-07],
     [ 1.15550914e-09]]), 2.1598925186051785), (1.9829988506553758e-05, Vec([[ 2.51242916e-10],
     [-3.34256389e-07],
     [-7.89578303e-10]]), 2.1401394132033307), (1.9980607521269726e-05, Vec([[-6.46188253e-09],
     [-1.21282614e-07],
     [-1.37697399e-10]]), 2.1477118373988575), (1.9888609656188424e-05, Vec([[-1.28378759e-09],
     [ 8.53865338e-08],
     [-1.22892783e-09]]), 2.137823003756527), (2.0069823476928554e-05, Vec([[-5.02160560e-09],
     [ 3.53048360e-07],
     [-2.28549906e-10]]), 2.1660234560808105), (1.9708622041255058e-05, Vec([[-6.10626893e-09],
     [ 5.45950969e-07],
     [-1.45934083e-09]]), 2.144344960849242), (1.9679352036422487e-05, Vec([[-5.70665050e-09],
     [ 7.42064285e-07],
     [ 8.94012022e-10]]), 2.167521424963345), (1.9300308927728954e-05, Vec([[-3.48633908e-09],
     [ 9.42522696e-07],
     [-4.83043253e-10]]), 2.161081171961949), (1.8462091807998284e-05, Vec([[-5.09812790e-09],
     [ 1.06283880e-06],
     [ 5.93947175e-10]]), 2.110783582866864), (1.8266088852477545e-05, Vec([[-5.02373439e-09],
     [ 1.08813186e-06],
     [ 1.24765904e-09]]), 2.0984075164193627), (1.882753586407312e-05, Vec([[-7.30448993e-10],
     [ 1.04765423e-06],
     [ 1.55556505e-09]]), 2.0876085116750414), (1.9124549627419764e-05, Vec([[-3.58506389e-09],
     [ 9.57463885e-07],
     [ 7.55683176e-10]]), 2.057206964606904), (1.9668990193543647e-05, Vec([[-3.91061321e-09],
     [ 9.21339759e-07],
     [-8.59593299e-10]]), 2.062476340647402), (2.0157510364624453e-05, Vec([[-5.36730456e-09],
     [ 9.12973913e-07],
     [ 5.61718890e-10]]), 2.069897030548267), (2.0481811368587184e-05, Vec([[-3.40190223e-09],
     [ 8.32346702e-07],
     [-1.10309558e-10]]), 2.0686563591829548), (2.0641395463433208e-05, Vec([[2.20565556e-09],
     [7.81682364e-07],
     [4.75938288e-10]]), 2.0588469020929843), (2.1229148239920582e-05, Vec([[-8.77786828e-09],
     [ 7.89528948e-07],
     [ 9.68566857e-10]]), 2.0969916934117965), (2.1202530080200482e-05, Vec([[9.26874433e-10],
     [7.43503469e-07],
     [1.41713665e-09]]), 2.082605733112063), (2.1669241952963645e-05, Vec([[ 6.91190027e-09],
     [ 7.03986580e-07],
     [-2.94403667e-11]]), 2.125076098149787), (2.1760390470336815e-05, Vec([[-3.99221993e-10],
     [ 6.97651035e-07],
     [ 1.50611975e-10]]), 2.1392396607620623), (2.1928362864493076e-05, Vec([[ 4.62313368e-09],
     [ 6.95253569e-07],
     [-7.37875145e-10]]), 2.169802224161224), (2.1933238671276554e-05, Vec([[-2.26645146e-09],
     [ 6.77293998e-07],
     [ 2.15942379e-09]]), 2.193411590704268), (2.1318916927350923e-05, Vec([[-1.95129768e-09],
     [ 6.02009233e-07],
     [ 1.23811402e-09]]), 2.1637468433831732), (2.1089480120382644e-05, Vec([[ 8.47297331e-10],
     [ 4.77207664e-07],
     [-1.19961940e-09]]), 2.1817571893509164), (2.0659538298799947e-05, Vec([[-5.14565315e-09],
     [ 3.65502927e-07],
     [-2.88533656e-10]]), 2.188310278152699), (2.041422769060405e-05, Vec([[-3.71630591e-09],
     [ 2.79106950e-07],
     [ 2.55246784e-09]]), 2.2243948787616117), (1.957883707294061e-05, Vec([[-2.78124501e-09],
     [ 1.52943991e-07],
     [ 2.12213340e-10]]), 2.2055587237317242), (1.895265468134681e-05, Vec([[-2.15434437e-09],
     [ 5.00726127e-08],
     [-8.94352798e-10]]), 2.219044150208798), (1.931297564779444e-05, Vec([[ 1.77178351e-09],
     [ 9.30331731e-08],
     [-6.38040725e-10]]), 2.2164779653021003), (2.0258794340797255e-05, Vec([[-3.04022437e-09],
     [ 2.13539767e-07],
     [ 5.72678471e-10]]), 2.2430559451782988), (2.0723195859048e-05, Vec([[-1.68591999e-09],
     [ 2.99210479e-07],
     [ 3.14133621e-10]]), 2.2249904996240812), (2.1310508101647217e-05, Vec([[ 5.88528137e-09],
     [ 4.03773462e-07],
     [-8.12412774e-10]]), 2.2295093109226465), (2.178793235902738e-05, Vec([[-6.23030506e-09],
     [ 5.04272191e-07],
     [ 1.50672721e-10]]), 2.231353693650448), (2.222616335739028e-05, Vec([[-4.54126474e-09],
     [ 6.12889733e-07],
     [-3.49421887e-10]]), 2.238016377795137), (2.2187499497745245e-05, Vec([[-2.18343471e-09],
     [ 6.42383369e-07],
     [ 2.07825446e-10]]), 2.2059680215473145), (2.1800825340478196e-05, Vec([[ 6.44433083e-09],
     [ 6.18314623e-07],
     [-8.36214962e-10]]), 2.1490933979756233), (2.169590342947907e-05, Vec([[2.81414260e-09],
     [6.75899916e-07],
     [1.89354398e-10]]), 2.1292196878222756), (2.1685159823019978e-05, Vec([[1.13720408e-08],
     [7.22639617e-07],
     [4.45615654e-11]]), 2.1272515882677117), (2.1330660071416075e-05, Vec([[1.30959268e-09],
     [7.49707721e-07],
     [1.41827548e-09]]), 2.1000306175285246), (2.105738725226574e-05, Vec([[-4.75309337e-09],
     [ 7.81353667e-07],
     [-1.48850416e-09]]), 2.089080724735292), (2.067355928245328e-05, Vec([[2.37744869e-09],
     [8.54156989e-07],
     [1.33835894e-10]]), 2.0741153470308284), (2.0214886865251017e-05, Vec([[6.16595887e-09],
     [8.75213304e-07],
     [2.90509700e-10]]), 2.057565382035542), (1.970684807840454e-05, Vec([[-3.83098715e-09],
     [ 9.37702424e-07],
     [ 6.80385034e-10]]), 2.0437794918857293), (1.9473139248991615e-05, Vec([[ 9.35123157e-11],
     [ 9.85421557e-07],
     [-4.38626028e-10]]), 2.0669442970820584), (1.9064111288172097e-05, Vec([[-9.61989163e-10],
     [ 1.04578497e-06],
     [ 3.20388723e-10]]), 2.080746253722368), (1.8473559160905516e-05, Vec([[6.52696031e-09],
     [1.13384352e-06],
     [3.74206080e-10]]), 2.083596584243378), (1.8262129994258473e-05, Vec([[-3.79499263e-09],
     [ 1.11362680e-06],
     [-6.40116182e-10]]), 2.1133913071394614), (1.8883838507689713e-05, Vec([[ 3.60953377e-09],
     [ 9.99901157e-07],
     [-1.40056414e-09]]), 2.135417413409006), (1.9173884694996282e-05, Vec([[-2.33580068e-09],
     [ 8.55345164e-07],
     [ 5.78710378e-10]]), 2.128170347246214), (1.941744667709741e-05, Vec([[1.37566485e-09],
     [6.65300646e-07],
     [1.30503103e-09]]), 2.1245198167887156), (1.9938749733729565e-05, Vec([[-5.15701995e-09],
     [ 4.61297923e-07],
     [ 1.60113901e-09]]), 2.1595071742205225), (1.9829999660400024e-05, Vec([[ 2.95482418e-09],
     [ 2.48369936e-07],
     [-9.27075393e-10]]), 2.1347478325951927), (2.0064110034293322e-05, Vec([[ 1.11554090e-08],
     [ 5.68493397e-09],
     [-1.09463747e-09]]), 2.155601706454223)]