[(2.021514585700748e-05, Vec([[-7.94622894e-09],
     [ 1.72750361e-08],
     [-1.16237577e-09]]), 2.1718283457929193), (1.98679397949687e-05, Vec([[ 1.30200094e-09],
     [-2.26807249e-07],
     [ 1.20421664e-09]]), 2.1388321806247386), (1.9659075678927103e-05, Vec([[-4.01897479e-10],
     [-4.61709475e-07],
     [-3.73646608e-10]]), 2.129216502244859), (1.9482483747528008e-05, Vec([[ 2.07345593e-09],
     [-6.65691867e-07],
     [-1.37323238e-09]]), 2.1316357135002364), (1.9604921530164586e-05, Vec([[-1.17915060e-09],
     [-8.67789716e-07],
     [-1.14480362e-09]]), 2.1760124943002963), (1.8961971833449883e-05, Vec([[ 1.91356612e-09],
     [-1.00140373e-06],
     [-1.11026521e-09]]), 2.144252866239631), (1.832521571371204e-05, Vec([[-3.45025805e-09],
     [-1.11572225e-06],
     [ 3.00313682e-10]]), 2.120691923833119), (1.850880002994519e-05, Vec([[-1.75909757e-09],
     [-1.08891037e-06],
     [-9.71423116e-10]]), 2.0875713328945324), (1.908633228243449e-05, Vec([[-2.80366121e-09],
     [-1.03858077e-06],
     [-6.94524558e-10]]), 2.083171556946135), (1.9394937455059788e-05, Vec([[ 8.51517555e-10],
     [-9.79765030e-07],
     [ 1.05386462e-09]]), 2.058643696448427), (1.989798700696719e-05, Vec([[ 4.83448010e-10],
     [-9.47900116e-07],
     [-7.84729235e-10]]), 2.0636023382761395), (2.037909074431909e-05, Vec([[-1.72616561e-09],
     [-8.82772132e-07],
     [ 8.68771764e-11]]), 2.0742788180007565), (2.0476153151022553e-05, Vec([[-4.44024975e-09],
     [-8.26101315e-07],
     [ 6.37220868e-10]]), 2.054310190056917), (2.0844629239583282e-05, Vec([[-5.98132974e-09],
     [-8.17688735e-07],
     [ 5.44679726e-10]]), 2.0679732312935264), (2.1387907387518483e-05, Vec([[ 3.41325457e-09],
     [-7.45101759e-07],
     [-3.36932767e-10]]), 2.105666688619802), (2.1431923627414655e-05, Vec([[-5.72381030e-09],
     [-6.90125591e-07],
     [ 3.97481817e-10]]), 2.1024098484002285), (2.1597809296373647e-05, Vec([[ 1.06244922e-09],
     [-6.43777067e-07],
     [-1.58347341e-09]]), 2.119592803182657), (2.240264667240006e-05, Vec([[ 3.02050938e-10],
     [-6.78567772e-07],
     [-1.60270569e-10]]), 2.2084200624938113), (2.2349040597851675e-05, Vec([[ 7.40797357e-09],
     [-6.46686739e-07],
     [-4.25052420e-10]]), 2.2220290698432956), (2.2156026431557548e-05, Vec([[ 1.05565171e-09],
     [-5.96468209e-07],
     [-2.06654480e-09]]), 2.2309540888081503), (2.1715070032667553e-05, Vec([[ 4.73240871e-10],
     [-4.73157769e-07],
     [-4.38058910e-10]]), 2.223891690447396), (2.1225159064065587e-05, Vec([[-7.75290060e-09],
     [-3.73868646e-07],
     [ 4.82713215e-10]]), 2.2205800787776937), (2.0699758722675368e-05, Vec([[ 5.24799913e-09],
     [-2.84924765e-07],
     [ 1.08204679e-09]]), 2.2224741210634473), (2.0163966448590135e-05, Vec([[ 2.22314261e-10],
     [-1.85427582e-07],
     [-2.01724369e-09]]), 2.232556590487897), (1.948248944149042e-05, Vec([[-1.83354961e-09],
     [-9.92932292e-08],
     [-7.68979770e-10]]), 2.2359324292538987), (1.8859848342746627e-05, Vec([[ 3.06654964e-09],
     [-9.40918483e-09],
     [ 7.11301759e-10]]), 2.2081780543380365), (1.9464194623264843e-05, Vec([[ 2.65760488e-09],
     [-1.39174663e-07],
     [ 1.25781111e-11]]), 2.192644235805278), (2.0158539324502456e-05, Vec([[-3.72751119e-09],
     [-2.79829684e-07],
     [-9.18375488e-10]]), 2.196534315005037), (2.0775392946186583e-05, Vec([[ 2.17286594e-11],
     [-3.66388343e-07],
     [-3.31411518e-10]]), 2.2005818939062145), (2.1180246754277253e-05, Vec([[-2.28647379e-09],
     [-4.44363626e-07],
     [ 7.10932400e-10]]), 2.1911472148480997), (2.1665505824501666e-05, Vec([[ 7.99421974e-09],
     [-5.95427351e-07],
     [ 2.23383386e-11]]), 2.198923613137338), (2.1828310838633948e-05, Vec([[ 2.57595512e-09],
     [-6.61329065e-07],
     [-7.40385015e-10]]), 2.1829183877735403), (2.189831220848439e-05, Vec([[-6.58050437e-10],
     [-6.77689225e-07],
     [ 1.34832537e-10]]), 2.1668287244682434), (2.142875855119612e-05, Vec([[ 6.03740930e-09],
     [-6.74512050e-07],
     [ 1.08686193e-09]]), 2.10663729752931), (2.162407771649362e-05, Vec([[ 4.91456052e-09],
     [-6.96025251e-07],
     [-8.43103087e-10]]), 2.120646896628943), (2.1323667208998827e-05, Vec([[-2.12852622e-09],
     [-7.50899614e-07],
     [ 1.50763461e-10]]), 2.0945043545489326), (2.1080765616577198e-05, Vec([[-2.60265798e-10],
     [-7.50737156e-07],
     [ 1.23770291e-10]]), 2.0823346226202046), (2.074117854857137e-05, Vec([[-5.59928997e-09],
     [-7.88591736e-07],
     [-1.00144605e-09]]), 2.0687996253030954), (2.0332203029795092e-05, Vec([[-1.74996754e-10],
     [-8.59506792e-07],
     [-1.09138593e-09]]), 2.0535459650942887), (1.9994030077451467e-05, Vec([[-1.92302801e-09],
     [-9.01278042e-07],
     [-1.13494246e-09]]), 2.053109870087896), (1.9426701273860024e-05, Vec([[ 3.80528739e-09],
     [-9.54351224e-07],
     [ 9.18990843e-10]]), 2.037070096629215), (1.9253803071859155e-05, Vec([[-1.81879853e-09],
     [-9.88027750e-07],
     [-2.10529942e-10]]), 2.071110616785929), (1.8675616109412074e-05, Vec([[-3.11707345e-09],
     [-1.05456770e-06],
     [ 7.04450441e-10]]), 2.0707635578153503), (1.801467510813504e-05, Vec([[ 7.86630218e-10],
     [-1.05015773e-06],
     [ 4.56758897e-10]]), 2.069525116080666), (1.852160327716367e-05, Vec([[-8.92567362e-10],
     [-1.03760152e-06],
     [-2.25201668e-10]]), 2.1175875698371898), (1.9039143117264793e-05, Vec([[-4.34766594e-09],
     [-9.13274448e-07],
     [-9.65602555e-10]]), 2.1318380900057115), (1.9469102920324416e-05, Vec([[ 1.21034264e-09],
     [-7.47757909e-07],
     [ 4.24308042e-10]]), 2.1443641856965883), (1.9728979370011858e-05, Vec([[-3.86540522e-09],
     [-5.16718565e-07],
     [-7.19369709e-10]]), 2.146559886643884), (1.9794026278308967e-05, Vec([[-1.25618113e-09],
     [-3.41828228e-07],
     [-8.32541423e-10]]), 2.136258211657104), (1.991491791720944e-05, Vec([[ 3.35461618e-10],
     [-1.12027127e-07],
     [-1.40978879e-10]]), 2.140650873907926), (2.002209730485283e-05, Vec([[-5.63617011e-09],
     [ 8.71595460e-08],
     [-7.71504560e-13]]), 2.152171566625694), (1.9758624534149154e-05, Vec([[-5.23594260e-09],
     [ 3.43103128e-07],
     [ 8.83886226e-10]]), 2.1324375000138525), (1.957603851995927e-05, Vec([[-1.55739398e-09],
     [ 5.35845638e-07],
     [-2.52152159e-10]]), 2.129919558343316), (1.9468138526497457e-05, Vec([[1.46355054e-10],
     [7.21514534e-07],
     [8.92089212e-10]]), 2.1442579655182934), (1.9305673361004175e-05, Vec([[-4.64896000e-09],
     [ 9.69786445e-07],
     [-4.75170968e-10]]), 2.1616818346659885), (1.85612204795829e-05, Vec([[2.30385397e-09],
     [1.04237461e-06],
     [1.40206816e-09]]), 2.1221170316844877), (1.831097549014038e-05, Vec([[-1.00353455e-09],
     [ 1.07201607e-06],
     [-1.29802332e-09]]), 2.103564091459548), (1.8680347480660244e-05, Vec([[2.09339600e-09],
     [1.03539804e-06],
     [1.25321296e-09]]), 2.0712881751078567), (1.919571513680796e-05, Vec([[ 2.71288825e-10],
     [ 9.93017803e-07],
     [-6.48048178e-10]]), 2.064862160907228), (1.9753940868606253e-05, Vec([[1.66040582e-09],
     [9.50073561e-07],
     [6.19944030e-10]]), 2.071384208093295), (2.018128796703153e-05, Vec([[ 4.95277427e-10],
     [ 9.20551484e-07],
     [-3.53346976e-10]]), 2.0723386608749137), (2.0531235197617642e-05, Vec([[1.24398744e-10],
     [8.58497453e-07],
     [1.06122529e-09]]), 2.0736481500152752), (2.0939182340737047e-05, Vec([[ 1.96117751e-09],
     [ 8.19289074e-07],
     [-2.08604574e-10]]), 2.088549234520415), (2.0997770322310465e-05, Vec([[-2.27522314e-10],
     [ 7.72464152e-07],
     [-1.07642237e-09]]), 2.074136439598319), (2.145882179745914e-05, Vec([[-9.76199094e-10],
     [ 7.31515601e-07],
     [-2.41709969e-10]]), 2.107779832509307), (2.1679215505080165e-05, Vec([[7.69556006e-11],
     [7.26416532e-07],
     [1.90430329e-10]]), 2.126054192227212), (2.1799130617480688e-05, Vec([[2.77211248e-09],
     [7.03593995e-07],
     [2.70421023e-09]]), 2.1430481613193897), (2.1854858739793953e-05, Vec([[ 2.59562272e-09],
     [ 6.52811194e-07],
     [-2.42753411e-10]]), 2.1625290221332047), (2.200092846070004e-05, Vec([[-4.18358434e-09],
     [ 6.83208104e-07],
     [-1.06025411e-09]]), 2.2001808403768317), (2.1478220621978084e-05, Vec([[-2.40902233e-10],
     [ 5.63464269e-07],
     [-1.40391395e-09]]), 2.1799152476019907), (2.1116951270121413e-05, Vec([[3.97121620e-09],
     [4.84668494e-07],
     [2.02813854e-09]]), 2.1845991455347664), (2.068023857596069e-05, Vec([[ 7.28698872e-09],
     [ 3.76531629e-07],
     [-8.14803988e-10]]), 2.1905029035936123), (2.021958414985505e-05, Vec([[-5.68025873e-10],
     [ 2.66510749e-07],
     [-2.20501220e-09]]), 2.203185940476605), (1.957774663068909e-05, Vec([[ 2.81010916e-09],
     [ 1.50130652e-07],
     [-6.61557453e-11]]), 2.2054358852601847), (1.891207711827366e-05, Vec([[-8.09348416e-09],
     [ 3.96451020e-08],
     [-1.60049859e-09]]), 2.214293184949254), (1.94326273577181e-05, Vec([[ 4.89240638e-09],
     [ 1.10309516e-07],
     [-9.40953212e-10]]), 2.23020994443328), (2.018621824948182e-05, Vec([[-1.39659523e-09],
     [ 1.93011434e-07],
     [ 9.24533610e-10]]), 2.2350203123383396), (2.0814477833936516e-05, Vec([[-8.28479671e-09],
     [ 3.04123869e-07],
     [-4.49921685e-10]]), 2.23479118520826), (2.103587387113873e-05, Vec([[-1.78672562e-09],
     [ 3.90877840e-07],
     [ 7.89605642e-10]]), 2.2007770267792472), (2.1442303489909357e-05, Vec([[-1.13745509e-09],
     [ 4.88135313e-07],
     [-8.36226464e-10]]), 2.1959570235566392), (2.2170716981770707e-05, Vec([[-2.79802211e-09],
     [ 5.98586780e-07],
     [-8.34398952e-11]]), 2.23243332260335), (2.226558777665573e-05, Vec([[-5.14104308e-10],
     [ 6.82837930e-07],
     [ 6.33896066e-12]]), 2.2137318638023507), (2.1970093254885355e-05, Vec([[-4.88339866e-09],
     [ 6.36827643e-07],
     [-4.59745756e-10]]), 2.1657795807994495), (2.173171265861062e-05, Vec([[-5.71316981e-09],
     [ 6.74940415e-07],
     [ 1.95056616e-10]]), 2.1327339787076713), (2.1528111390426774e-05, Vec([[ 2.36815652e-09],
     [ 6.99047464e-07],
     [-4.86030604e-10]]), 2.111845590322785), (2.1017337978160228e-05, Vec([[-2.71203468e-10],
     [ 7.66746295e-07],
     [-9.60514716e-10]]), 2.069183658888593), (2.10225194642708e-05, Vec([[-4.52664087e-09],
     [ 8.00033846e-07],
     [-1.17162566e-09]]), 2.085621529017335), (2.0714074719994245e-05, Vec([[-9.09162747e-09],
     [ 8.37007405e-07],
     [-2.11264110e-09]]), 2.0781801376963966), (2.0295782724048134e-05, Vec([[ 6.46550282e-10],
     [ 8.91966323e-07],
     [-8.12411926e-10]]), 2.065799339500677), (1.9638500568332367e-05, Vec([[-3.48075216e-09],
     [ 9.36456215e-07],
     [-3.18350750e-10]]), 2.036691233080911), (1.9439693767373663e-05, Vec([[ 9.71159946e-09],
     [ 1.00190926e-06],
     [-4.47222192e-10]]), 2.0633942815139745), (1.8958338921003367e-05, Vec([[ 1.25048258e-09],
     [ 1.02147802e-06],
     [-6.95740500e-10]]), 2.0692017629560855), (1.8721328169551947e-05, Vec([[-6.79244253e-09],
     [ 1.09406284e-06],
     [ 9.85166916e-10]]), 2.1115419658344674), (1.82646097729098e-05, Vec([[-2.18523103e-09],
     [ 1.11595662e-06],
     [ 1.87627953e-09]]), 2.1136782803811918), (1.8712070118173657e-05, Vec([[-2.34404620e-09],
     [ 9.93016289e-07],
     [ 4.38402861e-10]]), 2.1159935441624835), (1.943763331741781e-05, Vec([[-4.61424413e-09],
     [ 8.74461789e-07],
     [ 1.53690165e-10]]), 2.157444644358838), (1.9657326532404175e-05, Vec([[ 6.35212293e-09],
     [ 6.53547843e-07],
     [-3.81406312e-10]]), 2.1507657756278213), (2.0006092317725104e-05, Vec([[ 1.79127256e-09],
     [ 4.41451063e-07],
     [-2.62164496e-10]]), 2.1668008508657994), (1.9993260980199054e-05, Vec([[-3.49181678e-09],
     [ 2.19159638e-07],
     [-5.14489248e-10]]), 2.152323311897071), (1.9912270469628666e-05, Vec([[-2.57611046e-09],
     [ 1.69953692e-08],
     [ 2.70327431e-10]]), 2.139288716536456)]