[(1.5211311335804414e-05, Vec([[ 1.11411505e-09],
     [-3.49904749e-09],
     [-7.84292643e-10]]), 2.078851705755698), (1.572462550736278e-05, Vec([[-6.76386648e-08],
     [-9.32143885e-09],
     [-1.00828688e-09]]), 2.048723052836326), (1.6633338368124533e-05, Vec([[-1.23812371e-07],
     [-4.25710917e-09],
     [-6.03266696e-10]]), 2.0784959020017686), (1.698061059196101e-05, Vec([[-1.83178362e-07],
     [ 4.88708159e-09],
     [-9.39157452e-10]]), 2.0464448101656947), (1.738128980948481e-05, Vec([[-2.30306930e-07],
     [-2.87263807e-09],
     [ 1.37087449e-09]]), 2.0307062937864933), (1.7783941781046746e-05, Vec([[-2.75040856e-07],
     [-8.31885351e-09],
     [-3.23758063e-11]]), 2.0240333499534695), (1.8178093370709274e-05, Vec([[-3.25004408e-07],
     [-9.10707360e-09],
     [-1.49569461e-09]]), 2.0247009686654547), (1.8322390004265795e-05, Vec([[-3.57782296e-07],
     [-1.02047709e-08],
     [ 3.77794181e-09]]), 2.006002012729071), (1.8549926684677864e-05, Vec([[-3.83704559e-07],
     [ 2.59426363e-09],
     [ 1.44694182e-09]]), 2.004827815381589), (1.8733230442798214e-05, Vec([[-3.85436298e-07],
     [-8.07768715e-10],
     [ 1.21113020e-09]]), 2.0069422105963057), (1.8795710530261816e-05, Vec([[-3.88894600e-07],
     [ 7.41924238e-09],
     [ 4.42558210e-09]]), 2.004188184756928), (1.8717455928938667e-05, Vec([[-3.93001434e-07],
     [ 7.44444505e-10],
     [ 3.21875290e-11]]), 1.9945171205086254), (1.8392029070802324e-05, Vec([[-3.47322796e-07],
     [ 6.35705924e-09],
     [-6.05864524e-10]]), 1.9664508685285993), (1.8382086166324287e-05, Vec([[-3.02210124e-07],
     [ 5.06706504e-10],
     [-1.07190108e-09]]), 1.9800398204831726), (1.796111708007373e-05, Vec([[-2.42093650e-07],
     [ 6.09894424e-09],
     [ 4.09510423e-09]]), 1.957166389609316), (1.78769207473481e-05, Vec([[-2.09114909e-07],
     [-1.23511307e-08],
     [-1.97948309e-10]]), 1.9789458353213432), (1.737167582189099e-05, Vec([[-1.02941657e-07],
     [ 2.05567599e-08],
     [ 1.76448436e-09]]), 1.9620948699712053), (1.7138732098666365e-05, Vec([[-6.65187164e-08],
     [-2.00757343e-09],
     [ 1.27968008e-09]]), 1.9840936185316158), (1.669825091105465e-05, Vec([[2.60653224e-08],
     [7.77855688e-10],
     [1.92376002e-10]]), 1.9907990334625008), (1.6105914605290472e-05, Vec([[9.82427706e-08],
     [1.25646943e-08],
     [2.55229457e-09]]), 1.9875047710217464), (1.5879480473001444e-05, Vec([[ 1.36424670e-07],
     [ 8.66227409e-09],
     [-9.67150526e-10]]), 2.039274722211798), (1.5336643628308175e-05, Vec([[ 2.00833454e-07],
     [-1.10341197e-08],
     [ 1.09343656e-10]]), 2.0617329794477355), (1.4822733094946449e-05, Vec([[2.44137670e-07],
     [8.04257414e-09],
     [2.47107460e-10]]), 2.0993442721321944), (1.4210552825224327e-05, Vec([[ 2.79998897e-07],
     [ 3.88537359e-09],
     [-4.46054511e-11]]), 2.135591691655405), (1.3624869501017988e-05, Vec([[ 3.28595953e-07],
     [-8.33693395e-09],
     [ 4.48467773e-10]]), 2.1901899337358253), (1.3155367221932218e-05, Vec([[ 3.43729613e-07],
     [-1.14857476e-08],
     [-4.23177990e-10]]), 2.1946254335724507), (1.3910595402802163e-05, Vec([[ 3.00201564e-07],
     [-9.86572098e-10],
     [-4.53133749e-11]]), 2.1597788349294085), (1.4629746343297699e-05, Vec([[2.52992681e-07],
     [3.68921864e-09],
     [1.22143590e-10]]), 2.132350342859651), (1.5282966068221378e-05, Vec([[ 2.11237363e-07],
     [-1.44289605e-08],
     [ 1.20314787e-09]]), 2.1070264769247533), (1.5592024392083967e-05, Vec([[1.72880386e-07],
     [5.60183889e-09],
     [1.28503627e-10]]), 2.0471092810185993), (1.6166390663591145e-05, Vec([[9.30080906e-08],
     [3.65945640e-09],
     [1.61306346e-09]]), 2.0337107285989138), (1.6609236800867323e-05, Vec([[ 3.97881825e-08],
     [-5.82619373e-09],
     [ 2.00184796e-09]]), 2.013288994324692), (1.692844374301583e-05, Vec([[-3.06461285e-08],
     [ 5.34343809e-09],
     [-1.85865987e-09]]), 1.9875649465424505), (1.7342843349374714e-05, Vec([[-1.15338664e-07],
     [ 1.96551715e-09],
     [-2.03498183e-10]]), 1.9819810209461104), (1.763929891847983e-05, Vec([[-1.72126571e-07],
     [-1.95833107e-09],
     [ 4.54120611e-10]]), 1.9712893891010066), (1.7961054411819102e-05, Vec([[-2.32315134e-07],
     [ 1.78007652e-08],
     [ 7.51371693e-10]]), 1.9715937419063154), (1.8314541276768423e-05, Vec([[-2.82458166e-07],
     [-1.04545106e-08],
     [ 1.31560383e-09]]), 1.9831559528959248), (1.8422665896943964e-05, Vec([[-3.23647972e-07],
     [ 1.06461546e-08],
     [-4.74056703e-09]]), 1.9760460830782802), (1.8472624871900922e-05, Vec([[-3.61876430e-07],
     [-1.33581565e-09],
     [-2.54804212e-09]]), 1.9707498119552418), (1.852826380100162e-05, Vec([[-4.00149957e-07],
     [-2.63079079e-09],
     [ 3.38987915e-09]]), 1.9740190843420502), (1.8565880046071813e-05, Vec([[-3.84737827e-07],
     [-6.76011962e-09],
     [ 4.63367840e-09]]), 1.9833374216335886), (1.850420745126049e-05, Vec([[-3.80341455e-07],
     [ 6.89589897e-09],
     [-5.86654186e-11]]), 1.990105672109185), (1.838988196767478e-05, Vec([[-3.64191161e-07],
     [ 2.15170502e-09],
     [-1.62773419e-09]]), 1.9993702559622657), (1.823330509468293e-05, Vec([[-3.32106978e-07],
     [ 7.24352085e-10],
     [ 2.29350024e-09]]), 2.012387283250688), (1.7982854247390264e-05, Vec([[-3.08959684e-07],
     [-8.24344802e-09],
     [ 1.09649378e-10]]), 2.0235582533143397), (1.7399330558315753e-05, Vec([[-2.53879341e-07],
     [ 3.63913385e-09],
     [-5.26213975e-10]]), 2.00518278067533), (1.710582587028896e-05, Vec([[-2.07333284e-07],
     [ 8.19055277e-09],
     [ 4.90894182e-10]]), 2.028518421459932), (1.6573481126420976e-05, Vec([[-1.45323171e-07],
     [-1.74152984e-08],
     [ 1.36675292e-09]]), 2.0325073582409003), (1.6332621813968187e-05, Vec([[-9.58303314e-08],
     [-4.69840353e-09],
     [ 1.71198115e-09]]), 2.082470776706021), (1.5402375872633886e-05, Vec([[-2.97966707e-08],
     [-1.19517208e-08],
     [ 4.94812521e-10]]), 2.0536430121817717), (1.5502826641049725e-05, Vec([[ 2.38975873e-08],
     [-1.09573521e-08],
     [-7.79930169e-10]]), 2.067036401638784), (1.6072143918318436e-05, Vec([[ 9.29068096e-08],
     [-2.38686738e-09],
     [ 3.22741163e-10]]), 2.049258864261897), (1.6620636293924237e-05, Vec([[1.52771604e-07],
     [1.42706487e-09],
     [5.00792841e-10]]), 2.0382902848450564), (1.7126513297410556e-05, Vec([[ 2.07349746e-07],
     [-3.43940218e-09],
     [-3.30820118e-11]]), 2.0309716691035704), (1.751571001683436e-05, Vec([[2.63792209e-07],
     [1.43397660e-08],
     [1.37864351e-09]]), 2.0185949108411254), (1.793337000613755e-05, Vec([[3.09490303e-07],
     [7.48496323e-09],
     [4.46564593e-09]]), 2.0179899356591795), (1.853188971543423e-05, Vec([[3.37737462e-07],
     [7.88868006e-09],
     [1.40372478e-09]]), 2.0453416977495373), (1.8284035662575032e-05, Vec([[ 3.62529841e-07],
     [-1.25763795e-08],
     [-2.46633985e-10]]), 1.9878625173866766), (1.8856733511941674e-05, Vec([[ 3.96493821e-07],
     [-1.00872949e-08],
     [-2.67819104e-09]]), 2.028019433872601), (1.8656707343552944e-05, Vec([[ 3.99307771e-07],
     [-2.79805483e-09],
     [ 3.30478567e-09]]), 1.9930402300947634), (1.8657938396974246e-05, Vec([[ 4.00916326e-07],
     [-1.43480917e-08],
     [ 2.52815955e-09]]), 1.9878347407874468), (1.8525578431301486e-05, Vec([[ 3.65355270e-07],
     [-7.42666774e-09],
     [-1.32080899e-09]]), 1.9763991562122), (1.840533499472355e-05, Vec([[ 3.32963441e-07],
     [ 1.26035436e-08],
     [-1.49389745e-10]]), 1.9741871414006509), (1.838414580710565e-05, Vec([[ 2.92746046e-07],
     [-8.90228643e-09],
     [-2.66827480e-09]]), 1.9906929496790156), (1.800977136301393e-05, Vec([[ 2.39499369e-07],
     [ 2.49499979e-09],
     [-4.65046120e-10]]), 1.9769414255054079), (1.755271080165634e-05, Vec([[ 1.82345206e-07],
     [-9.52050422e-09],
     [ 1.74295461e-09]]), 1.9616126872827973), (1.7487168328232802e-05, Vec([[ 1.01362410e-07],
     [ 8.00761662e-09],
     [-5.19313038e-10]]), 1.998474819753069), (1.700635392126776e-05, Vec([[ 2.41614048e-08],
     [ 5.82637949e-09],
     [-8.78319627e-11]]), 1.996712363849272), (1.644302368217082e-05, Vec([[-2.70602923e-08],
     [-7.25810575e-09],
     [ 1.69481133e-09]]), 1.9931414675842354), (1.6153389531989776e-05, Vec([[-9.01669502e-08],
     [ 1.07950400e-10],
     [-1.90465541e-09]]), 2.032075203306234), (1.5695139858638347e-05, Vec([[-1.64919692e-07],
     [ 1.80336469e-09],
     [-1.09221294e-09]]), 2.060647524885586), (1.5238326658145803e-05, Vec([[-2.21034932e-07],
     [ 1.59111997e-08],
     [-8.47876026e-10]]), 2.100872146768965), (1.4571154607405393e-05, Vec([[-2.73753451e-07],
     [-4.86938332e-09],
     [ 1.25008342e-10]]), 2.123810337777749), (1.3852459297346562e-05, Vec([[-3.00499524e-07],
     [ 2.97125637e-09],
     [-2.73911106e-10]]), 2.1507525404774155), (1.3266215693455624e-05, Vec([[-3.37219379e-07],
     [ 4.52939296e-09],
     [-5.83622033e-10]]), 2.213117572239042), (1.3676345500907178e-05, Vec([[-3.20858803e-07],
     [ 6.03146032e-09],
     [ 2.56936543e-10]]), 2.198464671103244), (1.4369364744338622e-05, Vec([[-2.90020241e-07],
     [ 4.69850886e-09],
     [-4.24443428e-10]]), 2.1594582800399427), (1.4747511376214418e-05, Vec([[-2.55143824e-07],
     [-1.61122545e-09],
     [-1.52339561e-09]]), 2.0886906171450557), (1.5364362057875723e-05, Vec([[-2.03363059e-07],
     [ 2.58560858e-09],
     [-1.09825486e-09]]), 2.065459218497355), (1.5800823083377115e-05, Vec([[-1.45855438e-07],
     [-1.41484397e-09],
     [ 2.06203220e-09]]), 2.029173382520692), (1.6278674213644053e-05, Vec([[-9.79252029e-08],
     [-1.80145183e-09],
     [-1.65176286e-10]]), 2.00882368114001), (1.6463238118705765e-05, Vec([[-1.69903249e-09],
     [-9.22851553e-09],
     [-1.44719755e-09]]), 1.9627803360341514), (1.7066236961098515e-05, Vec([[ 5.87217765e-08],
     [ 3.53519115e-09],
     [-2.38836222e-09]]), 1.9757010992370223), (1.7356181446431842e-05, Vec([[ 1.09507968e-07],
     [-2.88479785e-09],
     [-5.08744363e-10]]), 1.9603448122960854), (1.7992442966335446e-05, Vec([[1.82802922e-07],
     [5.51078198e-09],
     [4.60310146e-10]]), 1.9917339556796), (1.8024164449280174e-05, Vec([[ 2.47437207e-07],
     [-7.12410168e-09],
     [-2.08354986e-09]]), 1.9640364629691192), (1.839332635682549e-05, Vec([[ 3.04424670e-07],
     [-1.52125046e-08],
     [ 2.26893991e-09]]), 1.9812505658023298), (1.850348258222523e-05, Vec([[ 3.39842810e-07],
     [ 4.80801724e-09],
     [-3.27389980e-09]]), 1.9783673272017792), (1.8742077604931525e-05, Vec([[ 3.70935547e-07],
     [ 5.98135445e-09],
     [-4.46170193e-10]]), 1.9971407865928315), (1.884105175465641e-05, Vec([[ 3.96754901e-07],
     [-9.00981442e-09],
     [-1.23805212e-09]]), 2.0090229233036703), (1.8591570327438473e-05, Vec([[ 3.88270807e-07],
     [-5.05871615e-09],
     [-4.95611435e-09]]), 1.9917657750134774), (1.8473914093413346e-05, Vec([[ 3.69850478e-07],
     [-6.81856021e-09],
     [ 1.16298921e-09]]), 1.996612572277032), (1.842168867131778e-05, Vec([[ 3.60037539e-07],
     [-5.53008542e-09],
     [-3.14235982e-09]]), 2.016873592578711), (1.803632162364298e-05, Vec([[3.22127001e-07],
     [1.17441093e-09],
     [7.46515018e-11]]), 2.008910237054567), (1.7829747609908962e-05, Vec([[2.76519280e-07],
     [7.38929070e-10],
     [3.95893857e-09]]), 2.029246621925502), (1.735473066013703e-05, Vec([[ 2.32541320e-07],
     [-1.68129070e-08],
     [ 1.49104009e-09]]), 2.0276033116528698), (1.7151502973795106e-05, Vec([[ 1.86925079e-07],
     [-4.18710736e-10],
     [-2.03581689e-09]]), 2.0670401725060104), (1.660442926107816e-05, Vec([[ 1.25672912e-07],
     [ 3.45847605e-09],
     [-1.43854943e-09]]), 2.0748834305184993), (1.5739314862666026e-05, Vec([[ 6.74948170e-08],
     [-1.21902155e-08],
     [-4.82819303e-10]]), 2.050636893062726), (1.5106501090675491e-05, Vec([[-8.68234938e-09],
     [-6.20898691e-09],
     [-1.16525310e-09]]), 2.0645278284740542)]