[(1.5139709792570443e-05, Vec([[ 6.95908226e-09],
     [-1.37060716e-09],
     [-4.49067019e-10]]), 2.069066291007377), (1.596185307087271e-05, Vec([[-6.54613680e-08],
     [-1.64245961e-08],
     [-3.49715205e-10]]), 2.0796308527011567), (1.6500534890870492e-05, Vec([[-1.23319480e-07],
     [ 7.09678628e-09],
     [ 6.94739703e-10]]), 2.0619008278720266), (1.7160134579495685e-05, Vec([[-1.83933905e-07],
     [ 2.81224603e-10],
     [-1.27371735e-10]]), 2.068080423950073), (1.7507245524972356e-05, Vec([[-2.35623822e-07],
     [ 1.69078521e-08],
     [ 3.39298642e-09]]), 2.045422063846283), (1.770685732402122e-05, Vec([[-2.76309611e-07],
     [-3.20799793e-09],
     [-2.02327838e-10]]), 2.015260181794035), (1.8268513804920514e-05, Vec([[-3.24740990e-07],
     [ 8.92417331e-09],
     [ 1.43760851e-09]]), 2.0347721206284897), (1.8211478869535675e-05, Vec([[-3.65982016e-07],
     [ 8.30594004e-09],
     [ 1.11420991e-10]]), 1.9938590576096304), (1.8441638421192094e-05, Vec([[-3.72720539e-07],
     [ 1.07907902e-08],
     [ 3.26509464e-09]]), 1.9931243015938518), (1.8710069108663615e-05, Vec([[-3.99125108e-07],
     [-2.31519582e-08],
     [-2.77665531e-09]]), 2.0044608735268454), (1.863276253452479e-05, Vec([[-4.15422801e-07],
     [ 5.93345805e-09],
     [-1.32551370e-09]]), 1.9868130263525594), (1.8880828304676247e-05, Vec([[-3.85930307e-07],
     [ 5.58789319e-09],
     [-3.92025670e-09]]), 2.0119259500880227), (1.8534243382996132e-05, Vec([[-3.41648534e-07],
     [ 1.61996204e-09],
     [-2.42734428e-09]]), 1.9816562304086907), (1.837904605139967e-05, Vec([[-2.98579322e-07],
     [-1.35786719e-08],
     [ 1.36927290e-09]]), 1.979712352286412), (1.8182995419986313e-05, Vec([[-2.56629716e-07],
     [ 4.29700040e-09],
     [ 4.01782183e-10]]), 1.9813437738735156), (1.7753008701671295e-05, Vec([[-1.94017113e-07],
     [ 7.95142655e-11],
     [-4.97601305e-09]]), 1.9652289748953309), (1.74207352364012e-05, Vec([[-1.33281675e-07],
     [-5.49798692e-09],
     [-7.55157616e-10]]), 1.9676360294149575), (1.7227819984363527e-05, Vec([[-5.57369267e-08],
     [ 3.37301287e-09],
     [-1.24477306e-09]]), 1.9944070247090755), (1.674682076231351e-05, Vec([[ 3.02312608e-08],
     [ 2.80212482e-09],
     [-1.80359504e-09]]), 1.996589628744402), (1.6337599819695835e-05, Vec([[ 8.63637302e-08],
     [-6.02263905e-09],
     [-2.09686060e-09]]), 2.0160952286449727), (1.5712159022525994e-05, Vec([[1.23550994e-07],
     [5.32563951e-09],
     [2.01108549e-09]]), 2.0177869660463155), (1.5391979719112612e-05, Vec([[ 1.96751038e-07],
     [-1.38726648e-09],
     [-9.26597632e-10]]), 2.0691719110764684), (1.4925174883902494e-05, Vec([[2.57275259e-07],
     [3.41287016e-09],
     [1.39297599e-10]]), 2.1138531067374116), (1.4347913240552355e-05, Vec([[ 2.97017254e-07],
     [-7.69932317e-09],
     [-1.20065998e-09]]), 2.1562345030466816), (1.3769495548060707e-05, Vec([[ 3.35053847e-07],
     [-7.64585237e-09],
     [ 6.60965000e-11]]), 2.213438487592822), (1.333319782748314e-05, Vec([[3.35584618e-07],
     [1.76667610e-09],
     [1.03208584e-10]]), 2.2242917715184563), (1.4121271934548278e-05, Vec([[ 3.00343713e-07],
     [ 6.37373392e-09],
     [-1.01832393e-11]]), 2.1924887730094085), (1.451114239977436e-05, Vec([[ 2.78255470e-07],
     [-4.22194030e-10],
     [ 7.86069216e-10]]), 2.1150632926468926), (1.5181218828167605e-05, Vec([[ 2.04272727e-07],
     [ 2.36943331e-09],
     [-1.17564349e-09]]), 2.09299882497615), (1.573446050367599e-05, Vec([[ 1.59278801e-07],
     [ 6.01038465e-09],
     [-4.81710664e-10]]), 2.065810014076731), (1.614869947264115e-05, Vec([[ 1.13210015e-07],
     [ 1.00034870e-08],
     [-2.58864287e-09]]), 2.0314851999954437), (1.6545194281111416e-05, Vec([[ 3.99536279e-08],
     [-4.25678146e-09],
     [ 6.93092420e-10]]), 2.0055260789217004), (1.6943057233396276e-05, Vec([[-1.16985839e-08],
     [ 2.64628075e-09],
     [-7.05017936e-10]]), 1.9892807133115487), (1.7271587981601055e-05, Vec([[-9.35969342e-08],
     [ 5.82621430e-09],
     [-1.81575967e-09]]), 1.9738377895438028), (1.7709054299722148e-05, Vec([[-1.49994995e-07],
     [ 3.92814834e-09],
     [-1.97490425e-09]]), 1.9790849394520251), (1.8063073452578194e-05, Vec([[-2.38784932e-07],
     [-1.62105103e-09],
     [-5.92599153e-10]]), 1.9827924219895712), (1.835672439644967e-05, Vec([[-2.92502932e-07],
     [-5.39950472e-09],
     [-6.19282925e-11]]), 1.9877236733560437), (1.857560436260856e-05, Vec([[-3.29086285e-07],
     [-1.13320315e-08],
     [ 2.19661979e-09]]), 1.9924505197498839), (1.872261005750778e-05, Vec([[-3.59603145e-07],
     [ 3.29093778e-08],
     [-3.97546166e-09]]), 1.9974194520817896), (1.876166395484763e-05, Vec([[-3.94004450e-07],
     [-5.82427839e-09],
     [ 1.03137759e-09]]), 1.998885761702046), (1.8906718521731112e-05, Vec([[-4.06177643e-07],
     [ 7.73590687e-09],
     [ 2.56118332e-09]]), 2.0197481762991436), (1.855872862278666e-05, Vec([[-3.87443514e-07],
     [ 4.57042727e-09],
     [ 6.66598523e-10]]), 1.995969359759146), (1.851565043547782e-05, Vec([[-3.74122483e-07],
     [ 2.50594797e-09],
     [-3.92067324e-11]]), 2.013043956212509), (1.817859722814722e-05, Vec([[-3.48877950e-07],
     [-7.78912584e-09],
     [ 1.54205619e-09]]), 2.0063492438311457), (1.7913935963517407e-05, Vec([[-3.01925518e-07],
     [ 8.61878848e-09],
     [-3.09403768e-09]]), 2.015803079401643), (1.746332714781086e-05, Vec([[-2.63978515e-07],
     [-1.01505346e-09],
     [-1.58871417e-09]]), 2.0125580563416805), (1.699216669777899e-05, Vec([[-2.05102900e-07],
     [-8.75419536e-09],
     [-6.17905028e-11]]), 2.0150399886176555), (1.648872997260296e-05, Vec([[-1.51236674e-07],
     [-6.72514744e-09],
     [-3.00999734e-10]]), 2.022113805888165), (1.606195927214558e-05, Vec([[-1.00746152e-07],
     [-2.98333419e-09],
     [ 1.46920196e-09]]), 2.047960283527731), (1.5475233215933825e-05, Vec([[-3.03256576e-08],
     [-1.96227642e-10],
     [ 4.43840250e-10]]), 2.063357291017149), (1.555126728611275e-05, Vec([[ 3.29325239e-08],
     [ 5.98608836e-09],
     [-2.74760376e-10]]), 2.0734951319711614), (1.6164464709068382e-05, Vec([[9.58646826e-08],
     [2.63132903e-08],
     [1.24858619e-10]]), 2.0610301126878374), (1.678779014933175e-05, Vec([[1.51764056e-07],
     [4.29108778e-09],
     [7.21602169e-10]]), 2.0587893844900003), (1.708344838903581e-05, Vec([[2.10937814e-07],
     [2.32115137e-08],
     [4.15553667e-10]]), 2.025864756369916), (1.7508413519733273e-05, Vec([[ 2.54282455e-07],
     [-1.25234133e-08],
     [ 3.56269215e-09]]), 2.017754027319928), (1.7722026355155336e-05, Vec([[ 3.01294998e-07],
     [ 1.71796511e-08],
     [-5.34489441e-11]]), 1.994208049683392), (1.803994498333216e-05, Vec([[ 3.32241588e-07],
     [-1.04640504e-08],
     [-1.49795681e-09]]), 1.9910463674293604), (1.8406432105737174e-05, Vec([[ 3.54820317e-07],
     [-4.22496550e-10],
     [-4.71079707e-09]]), 2.0011696070310863), (1.868948101831542e-05, Vec([[ 3.82943083e-07],
     [-2.49838148e-08],
     [-3.95028806e-09]]), 2.010031625579988), (1.8860428996841e-05, Vec([[4.10862390e-07],
     [3.05945750e-09],
     [5.97137994e-10]]), 2.014803204839866), (1.8814960050829152e-05, Vec([[ 3.85572898e-07],
     [-1.03567332e-08],
     [ 1.07828213e-09]]), 2.0045639791388448), (1.868622762227076e-05, Vec([[ 3.71242163e-07],
     [ 8.55064749e-09],
     [-4.26092193e-09]]), 1.993537996257344), (1.8394920205730287e-05, Vec([[ 3.18077502e-07],
     [-2.10641661e-09],
     [ 3.71405751e-09]]), 1.9730700336426668), (1.831992053462122e-05, Vec([[ 2.94333667e-07],
     [-6.86306739e-09],
     [-2.87622879e-09]]), 1.9837384358023604), (1.8045112140587205e-05, Vec([[ 2.42008491e-07],
     [-5.14421741e-09],
     [-4.33784387e-09]]), 1.9808207999730743), (1.768738876803113e-05, Vec([[ 1.67428203e-07],
     [-1.37872561e-08],
     [ 1.84653783e-10]]), 1.97666369624224), (1.7251553021281067e-05, Vec([[ 9.90165484e-08],
     [ 4.58836606e-09],
     [-9.15452857e-10]]), 1.9715481470492204), (1.6990848087076347e-05, Vec([[3.33956850e-08],
     [9.69231501e-09],
     [1.92593950e-10]]), 1.9948918271848508), (1.6535885349046785e-05, Vec([[-2.03563284e-08],
     [-9.34522357e-09],
     [-4.55597377e-10]]), 2.0043976965222363), (1.6104083317204075e-05, Vec([[-8.53120299e-08],
     [-9.81908066e-09],
     [-1.27409188e-09]]), 2.0258725461960037), (1.55768690299527e-05, Vec([[-1.47266684e-07],
     [ 7.47784876e-09],
     [-3.12942432e-11]]), 2.045119502033142), (1.5007004117068037e-05, Vec([[-2.06440329e-07],
     [-1.50838053e-09],
     [-2.17955113e-10]]), 2.0689802537565316), (1.4656856732627238e-05, Vec([[-2.59007004e-07],
     [-2.47747492e-09],
     [-1.97143004e-10]]), 2.1363018022100304), (1.3941279715258913e-05, Vec([[-3.08196784e-07],
     [ 6.59086531e-09],
     [ 3.57466721e-10]]), 2.164542924940617), (1.3399359671094314e-05, Vec([[-3.46585263e-07],
     [ 2.56380177e-09],
     [-2.00091819e-10]]), 2.2353291270153863), (1.380131130853885e-05, Vec([[-3.26364366e-07],
     [-5.04303646e-09],
     [-3.70980243e-10]]), 2.2185528527856895), (1.424941519944244e-05, Vec([[-2.87337447e-07],
     [ 2.48738275e-09],
     [ 2.49107083e-10]]), 2.1414320107843627), (1.4877797199265443e-05, Vec([[-2.55829651e-07],
     [-5.24216121e-09],
     [-2.40882432e-10]]), 2.1071430033959726), (1.5277858518737915e-05, Vec([[-1.85984244e-07],
     [ 5.82139313e-09],
     [ 4.69239044e-10]]), 2.05383038993475), (1.5875578418255665e-05, Vec([[-1.39724527e-07],
     [-4.80563495e-09],
     [-2.99941084e-10]]), 2.0387736125173537), (1.622414708966538e-05, Vec([[-6.65233897e-08],
     [ 1.62587358e-10],
     [ 2.39002879e-09]]), 2.0020949158563486), (1.683891494553617e-05, Vec([[-3.42068991e-08],
     [-7.80803084e-12],
     [ 6.70982718e-10]]), 2.0075692823574522), (1.7144294933752805e-05, Vec([[5.00893296e-08],
     [6.15362615e-09],
     [1.26878785e-09]]), 1.9847376093199907), (1.7584058189171563e-05, Vec([[ 1.04361733e-07],
     [ 8.83210890e-09],
     [-4.76258983e-09]]), 1.9860830192773555), (1.7918937005985982e-05, Vec([[ 1.81076917e-07],
     [-4.59881598e-10],
     [-4.97727400e-09]]), 1.9835969663087403), (1.8090351842991297e-05, Vec([[ 2.57298369e-07],
     [ 8.49727621e-10],
     [-8.13952247e-10]]), 1.9712486949149242), (1.832118506717683e-05, Vec([[ 2.98515343e-07],
     [-2.46738950e-09],
     [-1.30377297e-10]]), 1.9734798141633216), (1.8647981922806502e-05, Vec([[ 3.50864006e-07],
     [ 1.49965463e-08],
     [-2.21480498e-09]]), 1.9938170012259981), (1.867208588447554e-05, Vec([[ 3.78727150e-07],
     [-4.39899897e-09],
     [ 4.76578548e-10]]), 1.9896825248892474), (1.8862892232484747e-05, Vec([[ 4.14314422e-07],
     [-9.26625119e-09],
     [ 2.27643802e-09]]), 2.0113517752798975), (1.8626847362528473e-05, Vec([[4.00346254e-07],
     [1.59238228e-08],
     [1.40223541e-09]]), 1.9955451002613565), (1.8343949647404002e-05, Vec([[ 3.73700232e-07],
     [ 2.10778764e-08],
     [-2.04415867e-09]]), 1.9825663530763162), (1.8360752160608574e-05, Vec([[ 3.61763988e-07],
     [-3.13597038e-09],
     [-4.01309571e-09]]), 2.010202041372624), (1.8178490847596443e-05, Vec([[ 3.19504724e-07],
     [ 1.70384019e-08],
     [-4.80337174e-10]]), 2.0247452401862387), (1.7714322961482814e-05, Vec([[ 2.83569692e-07],
     [-1.32849012e-08],
     [ 7.35795896e-10]]), 2.016109864017862), (1.7329232884426176e-05, Vec([[ 2.32409732e-07],
     [-1.54869856e-08],
     [ 3.30777374e-09]]), 2.0246243328669955), (1.7018017973091167e-05, Vec([[ 1.85251887e-07],
     [-4.91329853e-09],
     [-1.11844180e-09]]), 2.0509530191350436), (1.631243563678708e-05, Vec([[1.23699579e-07],
     [1.74549892e-09],
     [1.91083388e-10]]), 2.0383960136171093), (1.5784983999108815e-05, Vec([[ 6.15983804e-08],
     [-2.06257897e-09],
     [-1.65071370e-09]]), 2.056587013311355), (1.5428835476001294e-05, Vec([[ 1.44123402e-09],
     [ 9.79493047e-09],
     [-1.02614368e-10]]), 2.1085796115166517)]