[(1.5278388551694808e-05, Vec([[-1.92121486e-09],
     [ 6.22239469e-09],
     [-3.66416772e-10]]), 2.0880188039494523), (1.577760689462639e-05, Vec([[-6.18245272e-08],
     [-9.76952332e-09],
     [-2.13628757e-10]]), 2.055625868385566), (1.6424591648080816e-05, Vec([[-1.29107718e-07],
     [-2.64963592e-08],
     [-1.23482857e-09]]), 2.0524109879235075), (1.699167978507716e-05, Vec([[-1.75176484e-07],
     [ 2.46347239e-09],
     [ 1.00459133e-10]]), 2.0477788312647944), (1.7164984032773892e-05, Vec([[-2.37938293e-07],
     [-7.52025282e-09],
     [ 6.25411225e-10]]), 2.0054346651004833), (1.787457885941216e-05, Vec([[-2.88412416e-07],
     [ 1.05448246e-08],
     [ 9.40045001e-10]]), 2.0343489746677537), (1.811147012965327e-05, Vec([[-3.18967861e-07],
     [ 1.27940731e-08],
     [ 1.46950471e-09]]), 2.017280380710995), (1.8346169006985033e-05, Vec([[-3.54123665e-07],
     [ 1.21232094e-08],
     [ 2.21138949e-09]]), 2.00860542458224), (1.868100426753386e-05, Vec([[-3.67991663e-07],
     [ 1.26513953e-09],
     [-6.76878229e-11]]), 2.0189943395166816), (1.879825643238804e-05, Vec([[-3.91172876e-07],
     [ 1.86778604e-08],
     [-2.32554049e-09]]), 2.013908622699766), (1.867182799608805e-05, Vec([[-3.89866208e-07],
     [-4.33112526e-09],
     [-4.27639216e-09]]), 1.9909785797840776), (1.8793300317484146e-05, Vec([[-4.02181246e-07],
     [ 1.71641321e-09],
     [-1.66738450e-09]]), 2.0025990378387784), (1.8471575247161225e-05, Vec([[-3.46124880e-07],
     [-1.01570939e-08],
     [-4.66176265e-09]]), 1.9749558380992167), (1.848312653645121e-05, Vec([[-3.11043118e-07],
     [-9.55265123e-10],
     [ 2.35171568e-09]]), 1.990923457656748), (1.8205599837190917e-05, Vec([[-2.66040778e-07],
     [ 7.46767513e-09],
     [ 4.45446487e-09]]), 1.9838069060613592), (1.784427397453009e-05, Vec([[-1.84226333e-07],
     [-9.00975919e-09],
     [ 1.51241059e-09]]), 1.9753318910622641), (1.7365548083140705e-05, Vec([[-1.12401124e-07],
     [-6.82564657e-09],
     [-1.67885306e-10]]), 1.9614027545478154), (1.6842328033894003e-05, Vec([[-5.64364984e-08],
     [-1.95696892e-09],
     [-2.05241681e-09]]), 1.949779912591406), (1.6818337715411023e-05, Vec([[ 8.47703947e-09],
     [-1.20911094e-08],
     [-3.76658382e-10]]), 2.005116023626183), (1.6237568101823912e-05, Vec([[8.30857664e-08],
     [9.15957148e-09],
     [2.03680311e-10]]), 2.0037510978460524), (1.5918013779339996e-05, Vec([[ 1.27844547e-07],
     [ 1.12830555e-08],
     [-1.79247950e-10]]), 2.04422324667474), (1.5384015724437845e-05, Vec([[2.12435807e-07],
     [8.51571420e-09],
     [2.39246608e-09]]), 2.068101296744737), (1.4941644822540359e-05, Vec([[2.46143669e-07],
     [2.30312927e-09],
     [2.32122298e-10]]), 2.1161857447954735), (1.4512224585512123e-05, Vec([[ 2.87780707e-07],
     [-1.89025410e-09],
     [ 1.80268409e-10]]), 2.180927556684816), (1.3683878838689401e-05, Vec([[ 3.44359169e-07],
     [ 1.81169930e-09],
     [-7.48946237e-10]]), 2.199675650817717), (1.3348358016474722e-05, Vec([[3.43090431e-07],
     [3.73912518e-09],
     [2.89185227e-11]]), 2.226820848493458), (1.3994525609207518e-05, Vec([[ 3.12578732e-07],
     [-4.50692257e-09],
     [ 5.81416528e-11]]), 2.1728099581959963), (1.4511750756525087e-05, Vec([[2.66468908e-07],
     [6.82495604e-10],
     [8.99899835e-10]]), 2.1151519633384797), (1.5223822196059083e-05, Vec([[ 2.07365381e-07],
     [ 1.00846919e-09],
     [-1.08770186e-11]]), 2.0988724507993575), (1.5666662533723764e-05, Vec([[ 1.48910628e-07],
     [-7.42443202e-09],
     [ 4.07706681e-10]]), 2.0569086777246732), (1.5946870148656484e-05, Vec([[ 1.18405185e-07],
     [-1.43236076e-08],
     [ 3.56724567e-10]]), 2.0060953359203477), (1.6491196886378364e-05, Vec([[3.24048238e-08],
     [1.34059522e-09],
     [8.93589840e-10]]), 1.9989807835633622), (1.7234513466814397e-05, Vec([[-2.37215679e-08],
     [-3.68479260e-09],
     [ 9.70771336e-11]]), 2.0235005271223807), (1.727722661538074e-05, Vec([[-1.03935069e-07],
     [ 8.36219453e-10],
     [-6.70727688e-11]]), 1.9744821859043231), (1.7756527640955993e-05, Vec([[-1.70080771e-07],
     [-2.65307583e-10],
     [-1.45215431e-09]]), 1.9843903483728644), (1.797300709149354e-05, Vec([[-2.24084273e-07],
     [ 1.40972604e-09],
     [-4.30585845e-09]]), 1.9729057934097967), (1.832953383557418e-05, Vec([[-2.94424229e-07],
     [-8.44317357e-09],
     [ 1.73920245e-09]]), 1.9847793941711092), (1.825123424061878e-05, Vec([[-3.37416317e-07],
     [ 6.41067494e-09],
     [ 2.05931428e-10]]), 1.9576580357190105), (1.8627486065911776e-05, Vec([[-3.85069134e-07],
     [ 1.11900090e-08],
     [-2.67656332e-09]]), 1.9872711602255837), (1.8676302981358737e-05, Vec([[-3.83009211e-07],
     [ 1.12680028e-08],
     [ 7.27231475e-10]]), 1.9897913213089864), (1.8857324719269705e-05, Vec([[-4.07149161e-07],
     [ 5.95570930e-09],
     [ 1.25675260e-09]]), 2.0144715841540157), (1.867821651545661e-05, Vec([[-3.93056218e-07],
     [ 3.77798895e-09],
     [-4.12436097e-09]]), 2.00882014159226), (1.839620392233523e-05, Vec([[-3.70050606e-07],
     [-6.83660662e-09],
     [-4.31484030e-09]]), 2.0000575865351244), (1.822859998179655e-05, Vec([[-3.34401584e-07],
     [-2.48088853e-08],
     [ 6.03000497e-10]]), 2.0118679857733714), (1.7988845863120196e-05, Vec([[-3.00800725e-07],
     [-1.26639043e-08],
     [ 9.99558613e-10]]), 2.0242324723951484), (1.762377024113292e-05, Vec([[-2.67675034e-07],
     [ 6.14140543e-09],
     [-1.72260805e-09]]), 2.031048292326876), (1.704728720968546e-05, Vec([[-2.06076562e-07],
     [-6.11327919e-09],
     [ 7.38582013e-11]]), 2.021576532053233), (1.6723959150296726e-05, Vec([[-1.54736176e-07],
     [-4.47497547e-09],
     [ 1.39731582e-09]]), 2.050961398671395), (1.6176517472901666e-05, Vec([[-9.68265404e-08],
     [-7.50534355e-09],
     [ 1.43703986e-10]]), 2.062566885457529), (1.5561350839188775e-05, Vec([[-2.57448586e-08],
     [ 8.95641169e-09],
     [-2.00231846e-10]]), 2.0748396010637085), (1.545586676676764e-05, Vec([[3.72618770e-08],
     [1.56361832e-08],
     [6.74095181e-10]]), 2.0607751067275437), (1.6348179644772792e-05, Vec([[ 9.82330721e-08],
     [-1.32005067e-08],
     [-3.67597670e-10]]), 2.0844544587117975), (1.6685386871575398e-05, Vec([[ 1.52155694e-07],
     [-5.75192448e-09],
     [ 7.61553223e-10]]), 2.0462310442137404), (1.72023642168586e-05, Vec([[2.11693788e-07],
     [6.69893130e-09],
     [1.49405160e-11]]), 2.0399665570763443), (1.764703993434727e-05, Vec([[ 2.56593193e-07],
     [ 5.38947017e-09],
     [-2.06275387e-09]]), 2.0337300040162214), (1.7727666350219873e-05, Vec([[ 3.05047617e-07],
     [-1.02446619e-08],
     [-1.81914498e-09]]), 1.9948427019140382), (1.8185817161545413e-05, Vec([[ 3.41240447e-07],
     [-3.02985240e-08],
     [-4.80195017e-10]]), 2.00714609893125), (1.8393881903833935e-05, Vec([[ 3.78303011e-07],
     [ 6.70983761e-10],
     [-1.29577535e-09]]), 1.9998051338693899), (1.8574094854010204e-05, Vec([[3.93699887e-07],
     [1.14258263e-08],
     [4.66405365e-10]]), 1.9976219797915062), (1.866111044167376e-05, Vec([[ 3.91177568e-07],
     [ 3.97804547e-09],
     [-2.22565941e-09]]), 1.9935105998942273), (1.8849844400831126e-05, Vec([[ 3.90388266e-07],
     [-4.51367720e-09],
     [-3.85374346e-09]]), 2.008280591412308), (1.8455613093928628e-05, Vec([[ 3.61051316e-07],
     [-1.61720341e-08],
     [-1.69439513e-09]]), 1.9689349124229654), (1.848311642138761e-05, Vec([[3.05102128e-07],
     [3.55982446e-10],
     [6.99329163e-11]]), 1.9825301078505417), (1.836000491122792e-05, Vec([[2.85939921e-07],
     [3.02184716e-09],
     [1.68013645e-09]]), 1.9880788977819643), (1.8018653606414718e-05, Vec([[2.24758055e-07],
     [2.69986126e-09],
     [3.64134912e-09]]), 1.9779164337149235), (1.7653455032122207e-05, Vec([[1.79140831e-07],
     [5.84858719e-09],
     [9.04435471e-10]]), 1.972871413236041), (1.7355129267403912e-05, Vec([[ 9.52241059e-08],
     [-2.34539516e-09],
     [-3.64662455e-09]]), 1.9833850846205745), (1.691581719611223e-05, Vec([[ 2.99030508e-08],
     [-6.15246675e-09],
     [ 1.29956824e-09]]), 1.9860824663805146), (1.6437494719573937e-05, Vec([[-2.66294486e-08],
     [ 1.07139706e-09],
     [ 2.95296750e-09]]), 1.9924712742647113), (1.6258404761880323e-05, Vec([[-8.30686600e-08],
     [-1.03902145e-08],
     [ 7.21254981e-10]]), 2.0452859814037643), (1.5626292535314355e-05, Vec([[-1.65917915e-07],
     [ 1.89727909e-09],
     [ 1.52283912e-09]]), 2.0516084167489037), (1.5061812539620135e-05, Vec([[-2.04226671e-07],
     [ 4.79415580e-09],
     [-8.97515318e-10]]), 2.076536561672171), (1.4662505267658126e-05, Vec([[-2.66814242e-07],
     [-8.67378404e-09],
     [ 8.30826839e-10]]), 2.137125101215162), (1.382378523683945e-05, Vec([[-3.08246026e-07],
     [ 6.54953791e-09],
     [-4.39816091e-10]]), 2.146300565044195), (1.3430851909586557e-05, Vec([[-3.67278452e-07],
     [-8.81924713e-09],
     [-5.69539339e-10]]), 2.240582774928763), (1.3750474810640562e-05, Vec([[-3.33649385e-07],
     [ 1.37258263e-10],
     [-1.98425149e-10]]), 2.210380914995394), (1.440480572369114e-05, Vec([[-2.80320984e-07],
     [ 7.81279361e-10],
     [ 4.92296532e-10]]), 2.16478442477057), (1.492134794485572e-05, Vec([[-2.54560127e-07],
     [ 2.79329987e-09],
     [-1.26407384e-09]]), 2.113311097209468), (1.5388078269731346e-05, Vec([[-1.98610346e-07],
     [ 1.28283358e-09],
     [ 2.06373212e-09]]), 2.0686474321192754), (1.5884216362859475e-05, Vec([[-1.44340964e-07],
     [ 6.74897080e-10],
     [-6.07262350e-10]]), 2.0398829146832758), (1.6352587211219372e-05, Vec([[-6.39141120e-08],
     [ 1.04951276e-08],
     [-2.01085297e-09]]), 2.017944705243367), (1.673762130527508e-05, Vec([[-2.63698390e-08],
     [-3.90155419e-09],
     [-1.34682446e-09]]), 1.995492850987375), (1.7293609952468367e-05, Vec([[5.92756174e-08],
     [1.18145970e-08],
     [1.22901101e-09]]), 2.002023308990127), (1.749485497770261e-05, Vec([[ 1.14059327e-07],
     [-6.96889126e-09],
     [ 2.46694366e-09]]), 1.9760077009601889), (1.775916280654593e-05, Vec([[1.90183688e-07],
     [8.98410780e-09],
     [1.10823566e-09]]), 1.965910224221427), (1.7999881614556188e-05, Vec([[ 2.49614905e-07],
     [ 6.22951745e-09],
     [-1.43311739e-09]]), 1.9613904389075674), (1.825455286296649e-05, Vec([[ 3.10040666e-07],
     [-5.01339083e-09],
     [ 1.96746792e-09]]), 1.9663024776809839), (1.8538492578605106e-05, Vec([[3.66282506e-07],
     [3.49972641e-09],
     [4.47544582e-09]]), 1.9821105486551251), (1.881306945840775e-05, Vec([[ 3.78059277e-07],
     [ 9.24605111e-10],
     [-7.15163575e-11]]), 2.004705621670447), (1.891263073113842e-05, Vec([[ 3.97768088e-07],
     [-2.17766699e-08],
     [ 1.19069053e-10]]), 2.016655395548402), (1.8728118334435066e-05, Vec([[ 4.13048500e-07],
     [-5.40583528e-09],
     [-9.91006001e-10]]), 2.0063945364463254), (1.8689974557690935e-05, Vec([[ 3.75847274e-07],
     [ 9.93554939e-09],
     [-4.80441159e-10]]), 2.0199638251391665), (1.82739627898335e-05, Vec([[ 3.52767809e-07],
     [-7.03728608e-09],
     [ 3.86442035e-09]]), 2.0007000248552504), (1.803911961596593e-05, Vec([[ 3.07724755e-07],
     [-3.93588776e-09],
     [-6.24619006e-12]]), 2.0092218812766025), (1.76300499965698e-05, Vec([[ 2.65197406e-07],
     [ 6.77997554e-09],
     [-1.10343668e-09]]), 2.0065185544205044), (1.7285980475756962e-05, Vec([[2.29351883e-07],
     [4.57884389e-09],
     [3.18385499e-10]]), 2.019571029028861), (1.716032629234974e-05, Vec([[ 1.90587020e-07],
     [-1.25376898e-08],
     [ 2.89045696e-10]]), 2.068103528524145), (1.642576998249425e-05, Vec([[ 1.26529809e-07],
     [ 2.36815055e-08],
     [-1.39419895e-09]]), 2.052558232162475), (1.5982018156840615e-05, Vec([[ 6.47119239e-08],
     [-8.30446355e-09],
     [ 1.01398121e-09]]), 2.082258112502386), (1.5132437418951107e-05, Vec([[ 2.21099337e-09],
     [-1.60014578e-08],
     [ 1.01917253e-09]]), 2.068072413098385)]