[(1.9925962560257673e-05, Vec([[-6.28487464e-09],
     [-2.05563278e-10],
     [-8.45948342e-11]]), 2.1407597358776775), (1.996773307301016e-05, Vec([[ 5.53802448e-09],
     [-2.50574139e-07],
     [ 4.16896918e-10]]), 2.1495751704207495), (1.985254358583519e-05, Vec([[-7.35761936e-09],
     [-4.47669472e-07],
     [ 9.84787627e-10]]), 2.1501704406075373), (1.9584574146585995e-05, Vec([[-2.76549185e-09],
     [-6.62162616e-07],
     [ 7.22402738e-10]]), 2.142805723620999), (1.9371450727375712e-05, Vec([[ 4.40892857e-10],
     [-8.73935367e-07],
     [-7.08308889e-10]]), 2.150098828533196), (1.902829316413563e-05, Vec([[ 3.71804382e-09],
     [-1.03015027e-06],
     [ 5.01508074e-10]]), 2.1517525980536436), (1.8215569408884858e-05, Vec([[-9.23570877e-10],
     [-1.12361625e-06],
     [ 5.33169143e-10]]), 2.1080030673002508), (1.838960070232941e-05, Vec([[-1.25558762e-09],
     [-1.09156974e-06],
     [ 1.46177366e-09]]), 2.074127074010735), (1.8875474102656637e-05, Vec([[ 4.62281691e-09],
     [-1.01536324e-06],
     [-7.11827498e-10]]), 2.0601575091886772), (1.932633573833975e-05, Vec([[-1.60149937e-09],
     [-9.84713095e-07],
     [-5.73800803e-10]]), 2.051362080200966), (1.9718693508632045e-05, Vec([[ 2.89293486e-09],
     [-9.02373743e-07],
     [-8.92480797e-10]]), 2.0450079708020543), (2.018344559983125e-05, Vec([[ 3.14951997e-09],
     [-8.84941857e-07],
     [ 5.22432244e-10]]), 2.054365143531794), (2.0518521923561928e-05, Vec([[-3.67748556e-09],
     [-8.58010385e-07],
     [-4.30590427e-10]]), 2.0585609201880057), (2.0887773844526766e-05, Vec([[-7.38062795e-09],
     [-7.91686797e-07],
     [-6.96794055e-10]]), 2.0722535611124147), (2.1260143336561133e-05, Vec([[ 9.61304709e-10],
     [-7.34140809e-07],
     [ 1.96550956e-09]]), 2.0930881552817997), (2.1577958305600354e-05, Vec([[ 6.29921539e-09],
     [-7.21672849e-07],
     [ 8.69485996e-10]]), 2.116735428827029), (2.177081604920766e-05, Vec([[ 1.76033525e-09],
     [-6.73764240e-07],
     [-3.15280365e-10]]), 2.1365715561282417), (2.202642442251873e-05, Vec([[-4.53057019e-09],
     [-6.72725493e-07],
     [-7.24541376e-10]]), 2.1713326247127163), (2.202402090035467e-05, Vec([[ 7.26656234e-11],
     [-6.49079868e-07],
     [ 2.24216683e-10]]), 2.1897143396897585), (2.2136595444099822e-05, Vec([[-4.48379282e-10],
     [-6.00130159e-07],
     [-1.26027656e-09]]), 2.2289975267390307), (2.1778855052310857e-05, Vec([[-4.73777399e-09],
     [-4.90504747e-07],
     [ 2.92976824e-11]]), 2.2304240651966545), (2.1308065873276533e-05, Vec([[ 4.66736361e-10],
     [-4.04546621e-07],
     [ 7.19691845e-10]]), 2.2292538045374473), (2.0747931045757208e-05, Vec([[-1.85367570e-10],
     [-2.62096905e-07],
     [ 9.23004678e-10]]), 2.2276462461512443), (2.0128313563852134e-05, Vec([[ 1.40008698e-09],
     [-1.65516859e-07],
     [ 4.53816334e-10]]), 2.2286090991550447), (1.9160006267876845e-05, Vec([[-3.66101616e-09],
     [-1.01264799e-07],
     [-1.72293206e-09]]), 2.198922241827043), (1.892203129355013e-05, Vec([[-1.50785118e-09],
     [-5.47947092e-08],
     [-5.13371664e-10]]), 2.215458655158513), (1.9464038155611227e-05, Vec([[-4.82728256e-09],
     [-1.60945546e-07],
     [ 2.82738813e-10]]), 2.1926266097023013), (2.0371163599076074e-05, Vec([[ 2.89741375e-10],
     [-2.46549103e-07],
     [-1.07015667e-09]]), 2.2197024874497697), (2.0681134918924866e-05, Vec([[ 4.41240252e-10],
     [-3.30344926e-07],
     [-7.63195495e-10]]), 2.1905978464956686), (2.116392711271398e-05, Vec([[ 1.81642692e-09],
     [-4.88560483e-07],
     [ 1.38284282e-09]]), 2.1894589088725582), (2.1646053675868914e-05, Vec([[ 4.10653298e-11],
     [-5.50087669e-07],
     [ 9.86393433e-11]]), 2.196949332485813), (2.175037085992145e-05, Vec([[ 8.72144929e-10],
     [-6.34748387e-07],
     [-2.90558168e-10]]), 2.1751240781757013), (2.1778212786373364e-05, Vec([[ 4.20754847e-09],
     [-6.99056881e-07],
     [ 1.73305897e-09]]), 2.15494493748299), (2.1710928936388285e-05, Vec([[ 4.21243753e-09],
     [-6.51502134e-07],
     [ 4.36631316e-10]]), 2.134377152653622), (2.1452039795859507e-05, Vec([[ 3.96033648e-09],
     [-7.16667000e-07],
     [-1.43562670e-09]]), 2.1037753478267964), (2.1249048650932732e-05, Vec([[ 4.99914550e-09],
     [-7.10046969e-07],
     [ 2.50539573e-10]]), 2.0871749916739746), (2.0845044586690613e-05, Vec([[-1.55996146e-09],
     [-7.46632702e-07],
     [-5.05726413e-10]]), 2.059050360998011), (2.094544086431789e-05, Vec([[-5.32395015e-09],
     [-8.12264062e-07],
     [ 1.15457911e-09]]), 2.0891734821353074), (2.0104427669273824e-05, Vec([[-8.68174333e-09],
     [-7.98338188e-07],
     [-1.16381673e-09]]), 2.0305407269574816), (2.0009766858585582e-05, Vec([[-2.17583126e-09],
     [-9.05235742e-07],
     [-6.98471955e-10]]), 2.054725819476024), (1.9456943429657636e-05, Vec([[ 1.86305509e-09],
     [-9.56369705e-07],
     [ 1.93281808e-09]]), 2.0402412676048973), (1.9354407374499383e-05, Vec([[-4.37179789e-09],
     [-1.00308700e-06],
     [ 1.73774023e-11]]), 2.08193251199878), (1.8714077862131738e-05, Vec([[ 2.84047698e-10],
     [-1.07675479e-06],
     [-2.17413338e-09]]), 2.0750282201127), (1.8262669328853666e-05, Vec([[-1.33303512e-09],
     [-1.09198831e-06],
     [-1.86421454e-09]]), 2.098014681689778), (1.8748616558662582e-05, Vec([[ 2.28756956e-09],
     [-1.07471875e-06],
     [-1.51246243e-09]]), 2.143542153568219), (1.911452409244003e-05, Vec([[-2.60607025e-09],
     [-9.21311965e-07],
     [ 2.16530099e-10]]), 2.1402785977087406), (1.954075473237716e-05, Vec([[-2.10570799e-09],
     [-7.43497977e-07],
     [-8.29314157e-10]]), 2.152256053146), (1.9562888018716076e-05, Vec([[ 3.27593775e-10],
     [-5.34075606e-07],
     [ 3.15148619e-09]]), 2.1284887525257186), (1.98063699538953e-05, Vec([[ 4.37316767e-10],
     [-3.18902930e-07],
     [ 5.64825452e-10]]), 2.1375903953150712), (2.0097399001691632e-05, Vec([[-7.00781244e-09],
     [-8.71851231e-08],
     [ 6.87801699e-10]]), 2.160265732206233), (1.9925820686829858e-05, Vec([[2.71983388e-09],
     [1.02338857e-07],
     [8.99667888e-10]]), 2.141822810614519), (1.9842051443153337e-05, Vec([[ 6.37397678e-09],
     [ 3.51725926e-07],
     [-2.47135555e-10]]), 2.141441298277405), (1.963456794826662e-05, Vec([[ 7.24147025e-11],
     [ 5.41444748e-07],
     [-1.28621194e-09]]), 2.136287699372635), (1.9384686264763352e-05, Vec([[ 2.18888478e-09],
     [ 7.34176365e-07],
     [-1.17917428e-09]]), 2.135066373999653), (1.918236591054396e-05, Vec([[1.46872463e-09],
     [9.19645225e-07],
     [5.15471426e-10]]), 2.147874936001825), (1.8649008668877282e-05, Vec([[4.91717402e-09],
     [1.03063931e-06],
     [6.75746746e-11]]), 2.1321539154059685), (1.814897910985498e-05, Vec([[ 1.39295928e-10],
     [ 1.07397290e-06],
     [-7.76254676e-10]]), 2.084953954129711), (1.8714208261193905e-05, Vec([[ 5.89862737e-09],
     [ 1.02449909e-06],
     [-7.25182050e-10]]), 2.07504267883922), (1.8964287409104254e-05, Vec([[ 3.03535778e-09],
     [ 9.72437536e-07],
     [-3.77696580e-10]]), 2.0399677324103282), (1.9791666656536775e-05, Vec([[-2.72269902e-09],
     [ 9.65921642e-07],
     [-7.49225202e-10]]), 2.0753401074187483), (2.011859484151582e-05, Vec([[ 1.68964372e-10],
     [ 9.02385516e-07],
     [-9.38808068e-10]]), 2.0659009455026576), (2.042087210339086e-05, Vec([[-5.41815057e-09],
     [ 8.51675704e-07],
     [ 2.00822576e-09]]), 2.062501513002424), (2.079097849931774e-05, Vec([[-6.54575473e-10],
     [ 8.06111212e-07],
     [-3.13136022e-09]]), 2.0737668512108676), (2.0980445956237395e-05, Vec([[-4.71675376e-10],
     [ 7.74110882e-07],
     [ 1.67887947e-11]]), 2.0724251579520514), (2.1263891455935857e-05, Vec([[-7.99225812e-10],
     [ 7.33594011e-07],
     [-1.12732090e-09]]), 2.088632917245973), (2.152258329101176e-05, Vec([[-3.72604064e-09],
     [ 6.92525258e-07],
     [-2.35253951e-10]]), 2.1106934622561515), (2.1837120890820295e-05, Vec([[ 1.62587735e-09],
     [ 7.06891870e-07],
     [-1.52349622e-11]]), 2.1467829426213183), (2.18123073439936e-05, Vec([[-3.98092871e-09],
     [ 6.74848005e-07],
     [-5.93022312e-10]]), 2.1583185795288338), (2.1500837520066904e-05, Vec([[-5.61929126e-09],
     [ 6.61840636e-07],
     [ 3.69480605e-10]]), 2.150169746163581), (2.1298647940548724e-05, Vec([[-2.05440242e-09],
     [ 5.72516728e-07],
     [-1.61812711e-10]]), 2.161689658378828), (2.1138360921573163e-05, Vec([[8.81242792e-09],
     [4.63647463e-07],
     [1.03537698e-10]]), 2.1868140252145745), (2.0655257532099468e-05, Vec([[-1.15573647e-09],
     [ 3.46458334e-07],
     [-8.67928269e-10]]), 2.187856848572931), (2.0209008779712572e-05, Vec([[-1.97042941e-09],
     [ 2.44275547e-07],
     [-1.46907524e-09]]), 2.202033616737374), (1.986058595764036e-05, Vec([[-6.19888822e-09],
     [ 1.39450162e-07],
     [ 8.69720835e-10]]), 2.237297774842684), (1.886438333494861e-05, Vec([[-2.20630312e-09],
     [ 7.12213025e-08],
     [ 1.18306385e-09]]), 2.208709027338187), (1.9317617116254292e-05, Vec([[-1.03774344e-09],
     [ 7.59205414e-08],
     [-4.30610168e-10]]), 2.2170106492735147), (2.0079215538455802e-05, Vec([[ 3.59797870e-10],
     [ 1.94473472e-07],
     [-6.38839286e-10]]), 2.2231729603646952), (2.0729096704940236e-05, Vec([[1.34514129e-09],
     [2.77848018e-07],
     [5.74285255e-10]]), 2.2256240566361982), (2.144329238809872e-05, Vec([[ 4.54056419e-09],
     [ 3.80138034e-07],
     [-2.79444661e-11]]), 2.243401227604115), (2.1797603563296914e-05, Vec([[-1.92283966e-09],
     [ 5.02250993e-07],
     [-2.46100680e-10]]), 2.2323441445575503), (2.201657700135435e-05, Vec([[-7.68682774e-09],
     [ 5.82898712e-07],
     [-4.32443400e-10]]), 2.216912524204731), (2.226226947263407e-05, Vec([[-5.48113886e-09],
     [ 6.34042534e-07],
     [ 1.30641180e-09]]), 2.2134019450317255), (2.2016386685438986e-05, Vec([[-6.01030777e-09],
     [ 6.60767377e-07],
     [ 1.20409038e-09]]), 2.1703431193085967), (2.1594724205957034e-05, Vec([[-1.71850554e-09],
     [ 6.73750550e-07],
     [ 1.79469356e-09]]), 2.1192900347233885), (2.148539032012118e-05, Vec([[ 1.96753706e-09],
     [ 6.89402362e-07],
     [-1.89978611e-10]]), 2.1076547766326046), (2.108143677789501e-05, Vec([[-3.05845435e-09],
     [ 7.34819481e-07],
     [ 9.23726615e-10]]), 2.075494267258854), (2.0863947615836575e-05, Vec([[2.17623768e-09],
     [8.02108474e-07],
     [7.61230083e-10]]), 2.069889786608792), (2.0588562168299376e-05, Vec([[ 2.49380706e-09],
     [ 8.37783369e-07],
     [-1.91854300e-10]]), 2.065587844992533), (2.0272785169162914e-05, Vec([[-5.01108227e-10],
     [ 8.94558438e-07],
     [-1.29904116e-09]]), 2.063458541200953), (1.9796370063806457e-05, Vec([[-1.19692122e-09],
     [ 9.37675030e-07],
     [ 4.18366418e-10]]), 2.053063736484835), (1.9310989517581886e-05, Vec([[3.21251073e-09],
     [9.75598398e-07],
     [1.09209769e-09]]), 2.0497331808708865), (1.8979660867575984e-05, Vec([[-2.53811321e-09],
     [ 1.05641661e-06],
     [ 1.65751595e-10]]), 2.0715289399108574), (1.8546049908012156e-05, Vec([[ 6.88790840e-09],
     [ 1.08434518e-06],
     [-6.54621044e-10]]), 2.091772673742162), (1.8445227467277023e-05, Vec([[-2.39931201e-09],
     [ 1.13075292e-06],
     [ 2.58402772e-10]]), 2.1345803255046945), (1.873890767605599e-05, Vec([[ 7.09628084e-10],
     [ 1.01081678e-06],
     [-2.35781896e-10]]), 2.1190283820431386), (1.9463918315231552e-05, Vec([[3.95893339e-10],
     [8.83320851e-07],
     [7.17256719e-10]]), 2.1603620997318354), (1.9414679666616357e-05, Vec([[2.53257128e-09],
     [6.49068697e-07],
     [1.38969722e-09]]), 2.124217070052854), (1.9723514579913674e-05, Vec([[ 7.21151616e-10],
     [ 4.26146395e-07],
     [-2.37431143e-10]]), 2.136195689547861), (1.9858116719109074e-05, Vec([[ 3.78805806e-09],
     [ 2.54277985e-07],
     [-6.01648372e-10]]), 2.1377747025480938), (2.0174295218751538e-05, Vec([[-4.56116122e-10],
     [-1.25293410e-08],
     [-1.33864874e-10]]), 2.1674395288763564)]