[(2.0057682063962345e-05, Vec([[-5.31151346e-10],
     [-3.32741073e-10],
     [-5.09312591e-10]]), 2.1549111129621235), (1.9782699375047002e-05, Vec([[ 5.06109861e-09],
     [-2.18245832e-07],
     [-2.01529896e-11]]), 2.1296558415025184), (1.973507084819125e-05, Vec([[-1.41401608e-09],
     [-4.26407176e-07],
     [-5.20798991e-11]]), 2.1374473148797355), (1.9498399348452533e-05, Vec([[-3.35593041e-09],
     [-6.63691467e-07],
     [-4.26138051e-10]]), 2.1333770860979078), (1.9493181475237006e-05, Vec([[ 3.51692575e-09],
     [-8.80951097e-07],
     [-4.08243046e-10]]), 2.1636101107833765), (1.9069323887302635e-05, Vec([[-3.65935448e-09],
     [-1.03536545e-06],
     [-9.04463029e-10]]), 2.156392423833763), (1.8203956652277545e-05, Vec([[-4.62448651e-09],
     [-1.11776261e-06],
     [ 8.84480726e-10]]), 2.106659177027127), (1.8544268776645052e-05, Vec([[ 4.43995507e-09],
     [-1.09614968e-06],
     [ 1.81100643e-10]]), 2.0915717834210135), (1.9107160706594356e-05, Vec([[-8.85239577e-10],
     [-1.02363518e-06],
     [ 1.03095258e-09]]), 2.085444868556966), (1.9415821991835387e-05, Vec([[-2.28827659e-09],
     [-9.85490909e-07],
     [ 4.40400653e-10]]), 2.0608604512116715), (1.9863351396183686e-05, Vec([[ 5.43983729e-09],
     [-9.32729425e-07],
     [ 1.47570736e-09]]), 2.060010310229511), (2.0360729940295116e-05, Vec([[-9.27511284e-09],
     [-8.78376034e-07],
     [ 9.23106277e-10]]), 2.072409969809921), (2.069242955493529e-05, Vec([[ 8.08159257e-11],
     [-8.05560424e-07],
     [ 8.48761199e-10]]), 2.0760085440958744), (2.0980817406905182e-05, Vec([[-9.28766936e-09],
     [-8.02007151e-07],
     [-2.03570589e-09]]), 2.081484312790999), (2.126607023582743e-05, Vec([[-2.37237577e-09],
     [-7.45926121e-07],
     [-8.24141021e-10]]), 2.0936716660538317), (2.110333418869349e-05, Vec([[ 9.20475085e-11],
     [-6.97560236e-07],
     [ 1.10076220e-09]]), 2.070176172876861), (2.164748053347226e-05, Vec([[ 1.56671266e-09],
     [-6.71636937e-07],
     [-3.29557933e-10]]), 2.1244675011316327), (2.1993581986176713e-05, Vec([[ 1.98654902e-09],
     [-6.42209038e-07],
     [ 8.60963676e-10]]), 2.168095065491277), (2.2216344549164965e-05, Vec([[-1.66896350e-09],
     [-6.50744007e-07],
     [-7.84681341e-10]]), 2.2088359094324836), (2.199295763718441e-05, Vec([[-3.09954548e-09],
     [-5.64663888e-07],
     [-1.32809146e-09]]), 2.214534222426081), (2.165859725496397e-05, Vec([[ 3.64252774e-10],
     [-4.61697804e-07],
     [-1.42061395e-09]]), 2.2181081796927655), (2.1453377727546818e-05, Vec([[-8.21114243e-09],
     [-3.84500633e-07],
     [ 9.18751466e-10]]), 2.2444563576881156), (2.0852713683639397e-05, Vec([[ 1.03588100e-09],
     [-2.87675336e-07],
     [ 1.08661057e-09]]), 2.2388964594580707), (2.0243717744582487e-05, Vec([[ 7.29284706e-09],
     [-1.82356274e-07],
     [-4.25206868e-10]]), 2.2413866627815415), (1.9352506246677202e-05, Vec([[-4.99805293e-09],
     [-9.24820129e-08],
     [ 5.52634996e-10]]), 2.221014744252004), (1.872897285933427e-05, Vec([[-4.74006406e-09],
     [-5.80664633e-08],
     [-4.83633502e-10]]), 2.192854687730309), (1.9718025946435887e-05, Vec([[ 9.74642477e-10],
     [-1.54718802e-07],
     [-9.21343232e-10]]), 2.2212383697209233), (1.9960018446048398e-05, Vec([[ 2.29681926e-09],
     [-2.73091126e-07],
     [-5.09244948e-10]]), 2.17490289048812), (2.0925008917408502e-05, Vec([[ 1.81321870e-09],
     [-3.71112067e-07],
     [-9.65289379e-10]]), 2.2164295940273613), (2.1123747472943212e-05, Vec([[-7.24720214e-09],
     [-4.94135269e-07],
     [ 4.41090459e-10]]), 2.185302228981209), (2.1491835779960703e-05, Vec([[ 1.37009804e-09],
     [-5.61838274e-07],
     [ 8.48329419e-10]]), 2.181297107440718), (2.1926493121837597e-05, Vec([[-1.74298430e-09],
     [-6.45713068e-07],
     [ 1.12290453e-09]]), 2.192737008781058), (2.1735402504180374e-05, Vec([[ 4.41003579e-09],
     [-6.63687279e-07],
     [-3.63684460e-10]]), 2.150708878179642), (2.1641201113544036e-05, Vec([[-4.06764099e-09],
     [-6.65026634e-07],
     [-2.02080322e-10]]), 2.1275222883399345), (2.1701090278807153e-05, Vec([[ 1.58595454e-09],
     [-7.03451674e-07],
     [ 5.46107477e-10]]), 2.1281994245754676), (2.1365006110396975e-05, Vec([[ 2.30127205e-09],
     [-7.29741768e-07],
     [ 8.26608174e-10]]), 2.098564843213573), (2.1279430201690417e-05, Vec([[ 6.10542411e-09],
     [-7.77224675e-07],
     [-1.81573572e-10]]), 2.101958489769718), (2.1062426805664984e-05, Vec([[ 1.71856728e-09],
     [-8.22078448e-07],
     [ 6.75497769e-11]]), 2.1008420799952527), (2.0223217945457972e-05, Vec([[-1.13543018e-09],
     [-8.22122415e-07],
     [-1.46165618e-09]]), 2.042538506636984), (1.9959864529768385e-05, Vec([[-3.02938462e-10],
     [-8.88992308e-07],
     [ 2.09198049e-09]]), 2.049601541707206), (1.9835879321689995e-05, Vec([[ 4.98456026e-09],
     [-9.58166781e-07],
     [-4.97745035e-10]]), 2.0799762160820894), (1.9063055545511858e-05, Vec([[ 8.87694264e-09],
     [-9.79470756e-07],
     [-6.51560196e-10]]), 2.05059211322229), (1.8543291478883407e-05, Vec([[-1.15692362e-09],
     [-1.03025876e-06],
     [ 3.32658632e-10]]), 2.0560913231166484), (1.8012188717541624e-05, Vec([[-2.23179009e-11],
     [-1.06770528e-06],
     [-3.61395538e-10]]), 2.069239479634237), (1.870576339270381e-05, Vec([[ 2.99313821e-09],
     [-1.02195204e-06],
     [ 4.67075560e-10]]), 2.1386427217963293), (1.927033384966632e-05, Vec([[ 1.83624179e-09],
     [-9.49766750e-07],
     [ 2.08088258e-09]]), 2.157724822741229), (1.9422270191972594e-05, Vec([[-2.05939625e-09],
     [-7.39759180e-07],
     [ 2.15202503e-09]]), 2.139205939535628), (1.9652255380552135e-05, Vec([[-5.58908561e-09],
     [-5.52945810e-07],
     [-1.40655048e-09]]), 2.138212134080066), (1.9967217908339438e-05, Vec([[ 2.27683551e-09],
     [-3.40042837e-07],
     [ 4.50909782e-10]]), 2.1549498126806066), (2.0127395919595962e-05, Vec([[-3.33930064e-09],
     [-9.57014975e-08],
     [ 8.88172906e-10]]), 2.163490095409405), (1.9819521672734634e-05, Vec([[ 1.57795183e-09],
     [ 1.15067802e-07],
     [-1.70190533e-10]]), 2.130396749087956), (1.9870079157017185e-05, Vec([[3.15565945e-10],
     [3.53263625e-07],
     [2.22341233e-09]]), 2.1444661721991514), (1.968108237878049e-05, Vec([[ 3.49454233e-09],
     [ 5.47433596e-07],
     [-3.23819961e-10]]), 2.1413485800608134), (1.9414360236855866e-05, Vec([[-9.44384768e-10],
     [ 7.54196841e-07],
     [ 2.26170731e-10]]), 2.1383347219694055), (1.917112231055444e-05, Vec([[2.33080920e-10],
     [9.25967420e-07],
     [4.02849752e-11]]), 2.1466159752083267), (1.8905116522083323e-05, Vec([[ 2.73450100e-09],
     [ 1.06069476e-06],
     [-7.88311120e-10]]), 2.16143490141842), (1.8236452671039317e-05, Vec([[-6.94350065e-09],
     [ 1.09413721e-06],
     [ 7.48879671e-10]]), 2.095002913146588), (1.8630463637004246e-05, Vec([[-9.95511846e-10],
     [ 1.03439553e-06],
     [ 5.16819399e-10]]), 2.065757024490848), (1.940612694217789e-05, Vec([[-6.67627530e-09],
     [ 1.01393982e-06],
     [ 2.14235815e-10]]), 2.0874959295384072), (1.9502210665673654e-05, Vec([[-8.60404156e-11],
     [ 9.32793442e-07],
     [-6.15566788e-10]]), 2.044987957819843), (1.998902150897245e-05, Vec([[-1.79573189e-09],
     [ 8.90976050e-07],
     [-4.88388688e-10]]), 2.052595559499213), (2.050033163148926e-05, Vec([[7.94542783e-10],
     [8.65086385e-07],
     [2.67434003e-09]]), 2.070526899778055), (2.081763548282139e-05, Vec([[-5.46159689e-11],
     [ 7.98787392e-07],
     [ 1.92337762e-09]]), 2.0764257144647043), (2.1198445637139433e-05, Vec([[ 8.48939777e-09],
     [ 7.84225557e-07],
     [-4.62927057e-10]]), 2.0939589243967345), (2.149884837863862e-05, Vec([[-3.06221005e-09],
     [ 7.42269772e-07],
     [ 3.04406390e-10]]), 2.111711419311728), (2.15538025015231e-05, Vec([[ 4.23995450e-09],
     [ 6.91096094e-07],
     [-3.58780098e-10]]), 2.113755092109414), (2.1646762908848514e-05, Vec([[7.48765674e-10],
     [6.85150592e-07],
     [8.80041626e-10]]), 2.1280690622186764), (2.1962788328643474e-05, Vec([[-6.32813200e-09],
     [ 7.03339725e-07],
     [-1.22846799e-09]]), 2.1732086092681704), (2.179511599721893e-05, Vec([[ 3.02576755e-09],
     [ 6.41529879e-07],
     [-6.15523107e-10]]), 2.1795987708668667), (2.1362924538320982e-05, Vec([[8.06419471e-09],
     [5.79419609e-07],
     [4.10785361e-11]]), 2.1682133615297468), (2.1054698053003603e-05, Vec([[-6.09429484e-10],
     [ 4.95209021e-07],
     [-5.26295628e-10]]), 2.1781589012408475), (2.0696818624445835e-05, Vec([[-2.76411961e-09],
     [ 3.55331231e-07],
     [-1.16111313e-09]]), 2.192259104046282), (2.0127171327178846e-05, Vec([[-3.43276560e-09],
     [ 2.65189351e-07],
     [-2.36826896e-10]]), 2.1931163648547227), (1.9583124395426518e-05, Vec([[-7.63901328e-10],
     [ 1.51931246e-07],
     [-1.78216772e-09]]), 2.206041691207015), (1.9158029334778037e-05, Vec([[2.44209175e-09],
     [3.55841989e-08],
     [2.72966130e-10]]), 2.2430901443431317), (1.9469294987163727e-05, Vec([[1.26971012e-09],
     [9.09418633e-08],
     [2.60583797e-10]]), 2.2344181510912415), (2.023152810991278e-05, Vec([[ 4.90051307e-09],
     [ 1.78279244e-07],
     [-7.53027200e-10]]), 2.240037025085662), (2.0689760453260036e-05, Vec([[-6.42252239e-09],
     [ 2.50537822e-07],
     [ 9.74141882e-10]]), 2.2214006353610936), (2.1404805390645655e-05, Vec([[ 3.29251282e-09],
     [ 3.89875352e-07],
     [-3.95314673e-10]]), 2.239374710790824), (2.1779232387470635e-05, Vec([[ 9.50057411e-10],
     [ 4.82200974e-07],
     [-8.93427069e-10]]), 2.230462708982977), (2.1862494957683355e-05, Vec([[-7.62006172e-09],
     [ 5.76533888e-07],
     [-5.17318444e-10]]), 2.201397559623803), (2.2261490462886636e-05, Vec([[ 2.77380424e-09],
     [ 6.55398180e-07],
     [-3.89936859e-10]]), 2.2133244928343068), (2.1929880670936566e-05, Vec([[-3.23773657e-09],
     [ 6.35619276e-07],
     [-3.65659122e-10]]), 2.16181548323295), (2.153803789728797e-05, Vec([[3.29002021e-09],
     [6.80651356e-07],
     [6.23196525e-10]]), 2.113726882912704), (2.1644605638494377e-05, Vec([[ 2.56786113e-09],
     [ 7.23940579e-07],
     [-1.51370596e-10]]), 2.1232733398182164), (2.135003470851715e-05, Vec([[-4.63966209e-09],
     [ 7.66139057e-07],
     [-2.38749258e-10]]), 2.101938075196479), (2.078593055078888e-05, Vec([[ 9.36030983e-09],
     [ 8.02190249e-07],
     [-1.07995094e-09]]), 2.0621497975570153), (2.0676106820845866e-05, Vec([[-1.72613705e-09],
     [ 8.55068626e-07],
     [-1.28351035e-09]]), 2.0743709338122347), (2.010729201155446e-05, Vec([[ 2.24335615e-09],
     [ 8.82929779e-07],
     [-9.81840918e-10]]), 2.0466138764581463), (1.98292477957574e-05, Vec([[-9.88171505e-10],
     [ 9.06646576e-07],
     [-4.09649953e-10]]), 2.0564734564985945), (1.9443050861875645e-05, Vec([[9.99376927e-10],
     [9.62391508e-07],
     [3.87679383e-10]]), 2.0637506147814006), (1.9034072036355906e-05, Vec([[3.14477473e-09],
     [1.03870879e-06],
     [3.89811943e-10]]), 2.0774676293093877), (1.8642553625579285e-05, Vec([[-5.94472571e-09],
     [ 1.08711035e-06],
     [ 7.67976667e-10]]), 2.1026571391848137), (1.8347280975000952e-05, Vec([[-5.54024975e-10],
     [ 1.09687088e-06],
     [ 7.71018750e-10]]), 2.1232454338241435), (1.8877801133776166e-05, Vec([[5.04732419e-10],
     [9.97652633e-07],
     [6.90164626e-10]]), 2.134734696630794), (1.924028758030806e-05, Vec([[-4.31509125e-09],
     [ 8.66513704e-07],
     [-2.33748202e-10]]), 2.1355406143433653), (1.9579770950214824e-05, Vec([[-2.67186481e-09],
     [ 6.63386370e-07],
     [ 1.60846484e-09]]), 2.1422801918122003), (1.983108897728941e-05, Vec([[ 1.50682662e-09],
     [ 4.44542821e-07],
     [-1.74936571e-09]]), 2.1478467552364164), (1.9924183667712462e-05, Vec([[9.76302204e-11],
     [2.22636472e-07],
     [3.68505019e-10]]), 2.1448869707151426), (2.0198756262307676e-05, Vec([[-1.68876483e-10],
     [ 1.10458564e-08],
     [ 1.77813091e-10]]), 2.170067518213593)]