[(2.000492830018308e-05, Vec([[-6.76383916e-09],
     [ 1.60549116e-08],
     [-5.47751657e-10]]), 2.1492434754227507), (1.990172984603504e-05, Vec([[ 1.36280298e-09],
     [-2.40667824e-07],
     [-4.17323257e-11]]), 2.142469762042413), (1.9856323978173395e-05, Vec([[ 2.73505097e-10],
     [-4.69547756e-07],
     [ 5.56462394e-10]]), 2.1505798837514027), (1.9615478344047573e-05, Vec([[ 7.33369014e-09],
     [-6.79822980e-07],
     [-6.23143581e-10]]), 2.1461870425462375), (1.9252607186856835e-05, Vec([[-1.69346952e-09],
     [-8.60380542e-07],
     [ 4.03911882e-10]]), 2.1369080065940183), (1.893921216738389e-05, Vec([[ 1.87212501e-10],
     [-1.01535943e-06],
     [-1.31471265e-09]]), 2.1416791634820638), (1.8186340716699125e-05, Vec([[ 6.97185547e-09],
     [-1.12129335e-06],
     [ 5.28127353e-10]]), 2.1046205667921614), (1.875503688807975e-05, Vec([[-5.03927923e-09],
     [-1.09329978e-06],
     [ 1.41001672e-09]]), 2.1153439062278694), (1.901231986079862e-05, Vec([[-3.43852152e-09],
     [-1.04649478e-06],
     [ 1.13926569e-09]]), 2.0750934951513895), (1.9484072041243432e-05, Vec([[-2.18189305e-09],
     [-9.84047024e-07],
     [ 1.18451087e-10]]), 2.0681047403114285), (1.9892976500410655e-05, Vec([[ 5.08870196e-09],
     [-9.47545476e-07],
     [ 6.87232423e-11]]), 2.0630827031470984), (2.014629202929433e-05, Vec([[-6.68386937e-09],
     [-8.87812198e-07],
     [-7.29860919e-11]]), 2.050583479995146), (2.0802318302920112e-05, Vec([[ 2.77340605e-09],
     [-8.17777537e-07],
     [ 7.29139423e-11]]), 2.0870333480760372), (2.088429192863623e-05, Vec([[ 3.03641001e-10],
     [-7.77978125e-07],
     [ 9.58717545e-10]]), 2.071908123984583), (2.108426028077216e-05, Vec([[-2.67977709e-09],
     [-7.13767918e-07],
     [-9.18558179e-10]]), 2.0757722447087232), (2.1568352988399338e-05, Vec([[ 4.74949916e-09],
     [-7.03981697e-07],
     [-5.71561312e-10]]), 2.115793174933655), (2.1709266158079963e-05, Vec([[ 7.90144563e-10],
     [-6.97240192e-07],
     [-1.23585174e-09]]), 2.1305310959833856), (2.185394102972314e-05, Vec([[-4.62781175e-09],
     [-6.56500762e-07],
     [ 4.99732587e-10]]), 2.1543294647438516), (2.2191171610747444e-05, Vec([[ 1.78881135e-09],
     [-6.56163859e-07],
     [-2.45195936e-10]]), 2.2063331173912677), (2.2058900060537184e-05, Vec([[-2.51769946e-09],
     [-5.90173523e-07],
     [ 9.29111347e-11]]), 2.221174154882347), (2.1902649691602605e-05, Vec([[ 5.79287698e-09],
     [-5.10804355e-07],
     [-2.54305394e-09]]), 2.243102167050744), (2.124910425292121e-05, Vec([[ 3.50746084e-09],
     [-4.04824435e-07],
     [ 7.33162064e-10]]), 2.2230852288778595), (2.0757244963023906e-05, Vec([[ 1.41864355e-09],
     [-2.83972834e-07],
     [-2.47252258e-10]]), 2.2286462549131), (2.0049406928412398e-05, Vec([[-1.17383285e-09],
     [-1.63482777e-07],
     [-4.16558439e-10]]), 2.219872547771003), (1.946165619396379e-05, Vec([[-2.16825232e-09],
     [-8.58982751e-08],
     [-1.56186639e-10]]), 2.2335414753723963), (1.8881339504421752e-05, Vec([[ 4.35826282e-09],
     [-6.07958810e-08],
     [ 8.59735517e-11]]), 2.2106943159065704), (1.9757056508010586e-05, Vec([[ 3.39876525e-09],
     [-1.59448824e-07],
     [-1.82235257e-09]]), 2.225635167919535), (2.004283877124783e-05, Vec([[-1.00717548e-09],
     [-2.27880542e-07],
     [-9.12479081e-10]]), 2.183927239095526), (2.0722559315849623e-05, Vec([[-3.02888436e-09],
     [-3.57211747e-07],
     [ 1.58243780e-10]]), 2.194985622846023), (2.1249135950712736e-05, Vec([[-8.33354082e-09],
     [-4.68667606e-07],
     [ 8.17563363e-10]]), 2.198273967083517), (2.173952112295797e-05, Vec([[ 1.83785010e-09],
     [-5.66133204e-07],
     [-8.81660019e-10]]), 2.2064357381173565), (2.184566704982645e-05, Vec([[-5.37318216e-09],
     [-6.87798934e-07],
     [ 6.86302185e-10]]), 2.1846540783102144), (2.17201532830311e-05, Vec([[-5.23796734e-09],
     [-6.92262403e-07],
     [ 3.59907061e-10]]), 2.1491999742012244), (2.1844587331329174e-05, Vec([[-6.03169141e-09],
     [-6.73129279e-07],
     [-2.63454821e-11]]), 2.147516960040861), (2.1571783444826013e-05, Vec([[ 1.41272556e-09],
     [-6.84713434e-07],
     [ 4.54390305e-10]]), 2.115518461262712), (2.156724103844092e-05, Vec([[-2.83226839e-09],
     [-7.87772722e-07],
     [ 2.15758264e-10]]), 2.1184292470836152), (2.102181519289658e-05, Vec([[-4.75918117e-10],
     [-7.88305789e-07],
     [ 1.86207851e-10]]), 2.0765115652189237), (2.1139452581927574e-05, Vec([[-5.07755481e-09],
     [-8.29410842e-07],
     [ 4.07604071e-10]]), 2.1085249075017782), (2.020011952004394e-05, Vec([[ 5.66063050e-09],
     [-8.50340094e-07],
     [-5.60595934e-10]]), 2.0402055731009816), (2.000379919128539e-05, Vec([[-1.12260672e-09],
     [-8.97805417e-07],
     [-1.23559791e-09]]), 2.0541130227267956), (1.9395991925564113e-05, Vec([[-4.46388309e-09],
     [-9.29000894e-07],
     [-4.57523843e-10]]), 2.0338499361800118), (1.8855853253683032e-05, Vec([[-4.80015159e-10],
     [-9.38010872e-07],
     [-8.16768952e-10]]), 2.0283035884655227), (1.8805497674085706e-05, Vec([[-6.33666351e-09],
     [-1.01552492e-06],
     [-6.88365617e-11]]), 2.0851649039012043), (1.8349430255128427e-05, Vec([[-2.49514760e-10],
     [-1.12152516e-06],
     [ 1.10230594e-09]]), 2.107981773238321), (1.837376372815093e-05, Vec([[ 2.48729269e-09],
     [-1.04506499e-06],
     [-2.82894350e-10]]), 2.100684973089223), (1.93308345878546e-05, Vec([[-1.02781950e-08],
     [-9.38667095e-07],
     [-4.60307767e-11]]), 2.164499170586026), (1.965719193879366e-05, Vec([[-3.74550208e-09],
     [-7.79012717e-07],
     [-3.42253811e-10]]), 2.165080669480092), (1.9721956378267098e-05, Vec([[-3.33808242e-09],
     [-5.46216337e-07],
     [-9.67846409e-10]]), 2.1457957684358), (1.9854278633471307e-05, Vec([[-8.39086905e-09],
     [-3.29631179e-07],
     [ 5.00947214e-10]]), 2.14276091033384), (1.9912046392594476e-05, Vec([[ 4.66631530e-10],
     [-1.26959690e-07],
     [ 1.70997386e-10]]), 2.1403422142537902), (1.992827787421316e-05, Vec([[-2.15733407e-09],
     [ 8.62687721e-08],
     [-9.21721343e-10]]), 2.142086933235626), (1.98002310608667e-05, Vec([[1.99773431e-09],
     [3.24593735e-07],
     [2.09741540e-10]]), 2.136927859029708), (1.9838835333370877e-05, Vec([[1.76882264e-09],
     [5.50142123e-07],
     [7.26775453e-10]]), 2.1585124767820996), (1.9430438764947364e-05, Vec([[-2.64252079e-09],
     [ 7.53639293e-07],
     [ 3.84267438e-10]]), 2.1401056417667492), (1.9439715265403643e-05, Vec([[-3.28782352e-09],
     [ 9.48997113e-07],
     [-5.12761555e-10]]), 2.176690684365562), (1.8577933438058133e-05, Vec([[-4.20432954e-09],
     [ 1.04428857e-06],
     [ 1.85233116e-09]]), 2.1240278356571647), (1.8138527722269564e-05, Vec([[ 5.29589837e-09],
     [ 1.09030678e-06],
     [-6.21017559e-10]]), 2.083753299165018), (1.8759501333930825e-05, Vec([[ 2.82383480e-09],
     [ 1.03936508e-06],
     [-1.97099837e-11]]), 2.0800648020128603), (1.9136926133549524e-05, Vec([[6.86436422e-10],
     [9.86249001e-07],
     [1.60208466e-09]]), 2.0585382918853843), (1.9663452881379386e-05, Vec([[ 3.52490724e-09],
     [ 9.21359611e-07],
     [-4.94299363e-10]]), 2.0618957020270567), (1.9852476985694752e-05, Vec([[ 1.41901947e-09],
     [ 8.73846971e-07],
     [-1.46144581e-09]]), 2.038574328793751), (2.0425882445348966e-05, Vec([[-9.10193545e-10],
     [ 8.36588625e-07],
     [-1.58835056e-09]]), 2.0630075559283543), (2.100191533959269e-05, Vec([[-2.07693531e-10],
     [ 8.27954057e-07],
     [ 5.29575777e-11]]), 2.0948064490862492), (2.1265679500588945e-05, Vec([[ 3.63571380e-09],
     [ 8.09416697e-07],
     [-1.51426104e-09]]), 2.100600210781672), (2.133804163283084e-05, Vec([[ 4.55296638e-09],
     [ 7.28760044e-07],
     [-8.57633430e-10]]), 2.095916273662808), (2.1363223994593034e-05, Vec([[-9.37967546e-09],
     [ 7.07186406e-07],
     [-5.73183778e-10]]), 2.095065290649018), (2.1774607414063788e-05, Vec([[3.33101867e-09],
     [6.75452909e-07],
     [1.09507621e-09]]), 2.140637312606455), (2.189558473193829e-05, Vec([[-2.16134626e-09],
     [ 6.70388344e-07],
     [ 8.58550749e-11]]), 2.166558841818423), (2.189223394877595e-05, Vec([[-5.70055254e-10],
     [ 6.61545426e-07],
     [-6.20335608e-10]]), 2.18931095445285), (2.1610734730679717e-05, Vec([[4.87992628e-09],
     [5.71097341e-07],
     [6.53601663e-10]]), 2.1933646636949367), (2.1071037959399142e-05, Vec([[4.93210659e-10],
     [4.83502979e-07],
     [8.13705887e-10]]), 2.179849303661784), (2.0478717272278213e-05, Vec([[-9.18387616e-09],
     [ 3.77782824e-07],
     [ 1.17963537e-09]]), 2.1691572600590368), (2.0162222303623532e-05, Vec([[-2.74080131e-09],
     [ 2.74088927e-07],
     [-9.71349408e-10]]), 2.1969356233483976), (1.9703912943221987e-05, Vec([[-7.44655411e-09],
     [ 1.31197720e-07],
     [-7.16333394e-10]]), 2.2196485379428395), (1.872544473522312e-05, Vec([[-1.68672132e-09],
     [ 3.16339009e-08],
     [-6.92435483e-10]]), 2.1924416024236977), (1.9555358927202028e-05, Vec([[ 8.06237940e-10],
     [ 7.53853338e-08],
     [-7.79204889e-10]]), 2.244295387524445), (2.001939634905312e-05, Vec([[-2.05458637e-09],
     [ 1.92347076e-07],
     [-5.56797815e-10]]), 2.2165497731123702), (2.0546298799322368e-05, Vec([[-1.97849304e-09],
     [ 2.96809620e-07],
     [-8.61307887e-10]]), 2.2059975662957445), (2.1142173878310193e-05, Vec([[-1.24201125e-09],
     [ 3.61247057e-07],
     [ 2.51015941e-10]]), 2.2118981532493196), (2.1902267123989874e-05, Vec([[ 2.77630584e-10],
     [ 5.04809272e-07],
     [-6.71019584e-10]]), 2.2430629873965353), (2.220678245425685e-05, Vec([[-9.19775587e-09],
     [ 5.87942660e-07],
     [ 2.34298606e-10]]), 2.2360648588608245), (2.2049954806279754e-05, Vec([[-1.24979118e-09],
     [ 6.47182373e-07],
     [-8.77152089e-10]]), 2.192292790098304), (2.194628128889884e-05, Vec([[-7.71011763e-09],
     [ 6.43350789e-07],
     [ 6.36160858e-10]]), 2.163432232105296), (2.1760495489755987e-05, Vec([[8.91740994e-10],
     [7.01822373e-07],
     [4.85082300e-10]]), 2.135558704165414), (2.1595359636125302e-05, Vec([[ 5.33152605e-09],
     [ 7.28089717e-07],
     [-8.02356892e-10]]), 2.118442449125668), (2.1201288077175002e-05, Vec([[ 3.96628503e-09],
     [ 7.47441296e-07],
     [-1.23533602e-09]]), 2.0872937801288676), (2.1123688068551802e-05, Vec([[4.32454574e-09],
     [7.89258282e-07],
     [4.45540956e-10]]), 2.0956583573579013), (2.0767175464353953e-05, Vec([[-6.35251455e-10],
     [ 8.37973221e-07],
     [ 1.46137270e-09]]), 2.0835075739307904), (2.0362204560584216e-05, Vec([[4.36019774e-09],
     [8.75725121e-07],
     [1.08567735e-09]]), 2.072560063534349), (1.973982920999264e-05, Vec([[-5.71329496e-09],
     [ 9.11422316e-07],
     [-4.93197360e-10]]), 2.0471999353828707), (1.9231016273695203e-05, Vec([[5.27170374e-10],
     [9.84363017e-07],
     [3.31375610e-10]]), 2.041244552599033), (1.881895909752474e-05, Vec([[3.54744013e-09],
     [1.02428609e-06],
     [1.44306679e-09]]), 2.0539891972527173), (1.851331918225144e-05, Vec([[2.13851874e-09],
     [1.08055355e-06],
     [9.75599848e-10]]), 2.0880810392389875), (1.8234207017215496e-05, Vec([[-4.30606973e-09],
     [ 1.09397679e-06],
     [-3.69256549e-10]]), 2.1101599109676767), (1.8923218168260572e-05, Vec([[ 3.80199533e-09],
     [ 1.03273700e-06],
     [-1.07492505e-09]]), 2.1398705341494164), (1.923152041785139e-05, Vec([[-4.23332042e-09],
     [ 8.60927606e-07],
     [-1.59868161e-10]]), 2.134567519142963), (1.9443389994066738e-05, Vec([[-6.59598722e-09],
     [ 6.48034775e-07],
     [ 2.13431601e-09]]), 2.1273583512227807), (1.9822291016853103e-05, Vec([[5.81785891e-09],
     [4.55287139e-07],
     [5.91553346e-10]]), 2.146893874091188), (1.9880913931250835e-05, Vec([[-6.52682102e-09],
     [ 2.23927635e-07],
     [-7.42307319e-10]]), 2.1402288780419045), (2.0136064609597347e-05, Vec([[-1.98962786e-09],
     [ 1.97851049e-08],
     [-6.33568474e-10]]), 2.1633321966203676)]