[(1.52809215992022e-05, Vec([[-5.28296110e-09],
     [ 1.37769330e-08],
     [-6.86528725e-10]]), 2.0883649825276995), (1.5760720974886216e-05, Vec([[-6.77725831e-08],
     [ 1.40482703e-08],
     [-5.19131050e-10]]), 2.053425843143385), (1.639256450023619e-05, Vec([[-1.31468081e-07],
     [ 4.31866657e-09],
     [ 2.18631560e-09]]), 2.0484088871981694), (1.7037278106580885e-05, Vec([[-1.84636003e-07],
     [-1.05286384e-08],
     [-9.58063795e-10]]), 2.0532741842079765), (1.7527117689675517e-05, Vec([[-2.37422714e-07],
     [ 1.46080949e-08],
     [-5.35454243e-10]]), 2.0477437862487164), (1.7680841568175814e-05, Vec([[-2.78542009e-07],
     [-9.61130797e-09],
     [-1.75344126e-09]]), 2.0122992658113104), (1.796528061655573e-05, Vec([[-3.22160736e-07],
     [-1.55615770e-08],
     [ 8.72383399e-10]]), 2.000997592261121), (1.837677925255967e-05, Vec([[-3.63933591e-07],
     [-7.06280083e-09],
     [-1.09464156e-09]]), 2.0119567457918937), (1.870091362592387e-05, Vec([[-3.81058432e-07],
     [ 1.96410024e-08],
     [-7.62865953e-10]]), 2.0211460911739896), (1.8909999713515636e-05, Vec([[-3.92401260e-07],
     [-8.31510980e-09],
     [ 1.97031839e-09]]), 2.025879986012158), (1.885844342680357e-05, Vec([[-3.86441927e-07],
     [ 1.39486749e-08],
     [ 7.15079860e-10]]), 2.0108773987582897), (1.8741482379422216e-05, Vec([[-3.84850595e-07],
     [ 1.93952673e-08],
     [ 4.70660861e-09]]), 1.997077359839036), (1.856716292875934e-05, Vec([[-3.37737954e-07],
     [ 7.29236360e-09],
     [-5.37174200e-10]]), 1.9851759437099488), (1.8633547370170968e-05, Vec([[-3.18362009e-07],
     [-7.64548690e-09],
     [ 4.49051509e-09]]), 2.007126147487515), (1.832596631171999e-05, Vec([[-2.42681858e-07],
     [ 7.07094072e-09],
     [ 6.40054378e-10]]), 1.9969228618971697), (1.7864715913540917e-05, Vec([[-1.96013395e-07],
     [ 1.83775019e-08],
     [-7.65434528e-10]]), 1.9775947802165599), (1.764203736364396e-05, Vec([[-1.30057322e-07],
     [ 5.81779251e-09],
     [-1.67489338e-09]]), 1.9926316471681713), (1.724246425793492e-05, Vec([[-4.83266374e-08],
     [-2.25503117e-09],
     [-7.05972151e-10]]), 1.9961023432176885), (1.6592815457587136e-05, Vec([[2.56834382e-08],
     [3.03851168e-09],
     [1.72565219e-09]]), 1.9782288067978118), (1.6517431292998167e-05, Vec([[ 9.05897293e-08],
     [-2.84497299e-09],
     [-1.16502233e-09]]), 2.0382868222258086), (1.5667459117554326e-05, Vec([[ 1.26861651e-07],
     [-3.33813864e-09],
     [ 6.42436007e-10]]), 2.012046514622292), (1.5409376545283426e-05, Vec([[2.03872165e-07],
     [3.12716253e-09],
     [1.12163634e-09]]), 2.071510598153208), (1.4859011853154737e-05, Vec([[ 2.49716614e-07],
     [ 6.88214123e-09],
     [-2.29407149e-10]]), 2.104482434086322), (1.4356934841678389e-05, Vec([[ 2.71916286e-07],
     [-4.01373183e-09],
     [-1.33684554e-10]]), 2.1575902881908027), (1.3646210448436656e-05, Vec([[ 3.15662274e-07],
     [-2.20376243e-09],
     [-3.57826267e-11]]), 2.1936204787556703), (1.3628782526772277e-05, Vec([[ 3.48126826e-07],
     [ 1.79210528e-09],
     [-3.82395566e-10]]), 2.2736022687391886), (1.3898752385395968e-05, Vec([[ 2.84982285e-07],
     [ 2.45889323e-09],
     [-3.39270908e-10]]), 2.1579400711960854), (1.452099671314395e-05, Vec([[ 2.53099037e-07],
     [ 2.88828380e-09],
     [-1.58770181e-11]]), 2.116499602477509), (1.5050022763001638e-05, Vec([[ 2.12526559e-07],
     [-9.07406188e-09],
     [-6.96736786e-10]]), 2.074911132983701), (1.5582852373448236e-05, Vec([[ 1.39858838e-07],
     [-2.75230237e-09],
     [ 4.19125130e-10]]), 2.045905067633427), (1.589708763144273e-05, Vec([[ 9.59570819e-08],
     [-4.04478217e-09],
     [ 8.80897733e-10]]), 1.9998327605897706), (1.659358705269998e-05, Vec([[ 4.70810791e-08],
     [-7.35688698e-10],
     [ 8.60674955e-10]]), 2.0113920097656175), (1.683238732264453e-05, Vec([[-4.03287351e-08],
     [-6.11466544e-09],
     [ 1.29735064e-09]]), 1.9762869828430931), (1.7207697511205607e-05, Vec([[-9.88874540e-08],
     [ 7.63341597e-09],
     [ 2.90268843e-09]]), 1.966536235975445), (1.7664531532285785e-05, Vec([[-1.67645961e-07],
     [ 1.48085258e-08],
     [ 2.54998824e-09]]), 1.9741092735014494), (1.7891497656876803e-05, Vec([[-2.14777999e-07],
     [ 3.79637571e-09],
     [ 2.18543153e-09]]), 1.9639584628404436), (1.8252809015759004e-05, Vec([[-3.02528617e-07],
     [ 1.09923637e-08],
     [ 9.67029757e-10]]), 1.9764713901183766), (1.8669069845439847e-05, Vec([[-3.39940198e-07],
     [-3.55922310e-09],
     [ 2.93084463e-09]]), 2.00247578440403), (1.8672963658125363e-05, Vec([[-3.56076770e-07],
     [ 1.04504493e-08],
     [ 1.09798259e-09]]), 1.9921229318024227), (1.8791863815925768e-05, Vec([[-3.90142852e-07],
     [-4.77534129e-09],
     [ 4.30639884e-10]]), 2.002103284010288), (1.8810175084475012e-05, Vec([[-4.01554120e-07],
     [ 1.14061202e-08],
     [-1.12726524e-10]]), 2.009434729726829), (1.854051558198569e-05, Vec([[-3.80530557e-07],
     [-3.44205012e-09],
     [-1.02884318e-11]]), 1.9940105687166312), (1.8445194078465827e-05, Vec([[-3.60122448e-07],
     [-1.38693179e-08],
     [ 3.37454837e-09]]), 2.0053838556854453), (1.8303771452221915e-05, Vec([[-3.47878632e-07],
     [-4.44376032e-09],
     [ 1.30457020e-10]]), 2.0201645677897266), (1.7733650696651395e-05, Vec([[-3.01483383e-07],
     [-2.83338240e-09],
     [ 2.75761108e-09]]), 1.995516103001852), (1.755103069981154e-05, Vec([[-2.64888046e-07],
     [ 1.16269366e-08],
     [-5.10973562e-10]]), 2.0226654367197017), (1.7016000920040565e-05, Vec([[-2.15329083e-07],
     [ 1.67650504e-08],
     [ 5.49646014e-11]]), 2.017866403389172), (1.6576692202577187e-05, Vec([[-1.61293020e-07],
     [-1.02950792e-08],
     [ 2.13703240e-09]]), 2.0329011521497113), (1.608488207461955e-05, Vec([[-1.00973849e-07],
     [ 1.03941520e-08],
     [ 2.49114500e-10]]), 2.0508830271518694), (1.563739702245835e-05, Vec([[-3.33356938e-08],
     [-9.80300861e-09],
     [ 8.71142684e-10]]), 2.0849790570908873), (1.5564546962604968e-05, Vec([[ 3.01732005e-08],
     [-6.48521948e-09],
     [-7.32587446e-10]]), 2.0752657493783584), (1.608401012647744e-05, Vec([[9.82028088e-08],
     [1.41999355e-08],
     [7.73417743e-11]]), 2.050771850480699), (1.662926901001294e-05, Vec([[ 1.60587314e-07],
     [ 1.78317298e-09],
     [-3.19949844e-11]]), 2.0393489676189436), (1.7109859214747987e-05, Vec([[ 2.10608704e-07],
     [ 4.92147085e-09],
     [-1.63854606e-09]]), 2.0289967212858087), (1.7438163466329074e-05, Vec([[ 2.62064898e-07],
     [-2.09445786e-08],
     [-8.71047495e-10]]), 2.0096580723085844), (1.8077874775928747e-05, Vec([[ 3.07366025e-07],
     [-1.19314417e-08],
     [-3.24663350e-09]]), 2.0342506368544138), (1.823071127385226e-05, Vec([[3.34131121e-07],
     [8.33629497e-09],
     [1.38035883e-09]]), 2.01210100646063), (1.8252055750234637e-05, Vec([[ 3.66403268e-07],
     [-1.07718727e-08],
     [-2.04568897e-09]]), 1.9843856225575491), (1.8652581097802808e-05, Vec([[ 3.90360590e-07],
     [ 2.23869106e-09],
     [-3.12284308e-09]]), 2.006063082679356), (1.875238257969464e-05, Vec([[ 4.04850294e-07],
     [-1.03800709e-08],
     [-5.50032855e-10]]), 2.00326092933943), (1.883443683207797e-05, Vec([[ 4.06500742e-07],
     [-4.56960678e-09],
     [-5.99897492e-10]]), 2.006639054186332), (1.8609858924989897e-05, Vec([[ 3.73510793e-07],
     [ 2.32237737e-09],
     [-2.53895966e-10]]), 1.9853906107694017), (1.8624178027950885e-05, Vec([[ 3.33589947e-07],
     [-4.26576952e-09],
     [-2.49956439e-09]]), 1.9976606126689747), (1.8300291510602198e-05, Vec([[ 2.84584136e-07],
     [-7.97573067e-09],
     [ 2.54878915e-09]]), 1.9816129435367016), (1.811118488718751e-05, Vec([[ 2.16855074e-07],
     [-1.65863830e-09],
     [-3.13832891e-09]]), 1.9880736377364292), (1.7604874235016617e-05, Vec([[ 1.61336272e-07],
     [ 1.64901877e-09],
     [-2.94672413e-10]]), 1.9674422399853972), (1.7251602905471497e-05, Vec([[ 9.95733142e-08],
     [-6.44669559e-09],
     [-5.79389524e-09]]), 1.9715538479320966), (1.682270845478144e-05, Vec([[ 3.72329681e-08],
     [-1.34377222e-08],
     [-1.08754193e-09]]), 1.9751505890446488), (1.6575021864248157e-05, Vec([[-3.18154117e-08],
     [ 6.57165413e-09],
     [-3.41465997e-09]]), 2.009141630050056), (1.626954574971073e-05, Vec([[-9.48659063e-08],
     [ 9.62824700e-09],
     [-7.09804758e-11]]), 2.0466875030513214), (1.560291174860623e-05, Vec([[-1.76130629e-07],
     [-2.88104557e-09],
     [-1.33802968e-10]]), 2.048538704679186), (1.5210123147460645e-05, Vec([[-1.98408053e-07],
     [ 5.29417400e-09],
     [ 9.62383758e-10]]), 2.0969837952872834), (1.451879527559118e-05, Vec([[-2.56164378e-07],
     [ 1.90187745e-09],
     [ 1.52952559e-10]]), 2.1161787332012905), (1.4324313129267331e-05, Vec([[-3.09444315e-07],
     [ 2.54375281e-09],
     [-2.38289271e-10]]), 2.224013237798648), (1.3421729199694704e-05, Vec([[-3.62628963e-07],
     [ 1.44662387e-09],
     [ 3.16002760e-10]]), 2.239060891820978), (1.365180326589462e-05, Vec([[-3.31889753e-07],
     [ 1.38455080e-09],
     [ 7.28736372e-11]]), 2.1945195209444215), (1.431142004505929e-05, Vec([[-2.77372270e-07],
     [-1.16139473e-08],
     [ 1.03769723e-10]]), 2.150750229066953), (1.4858312017156658e-05, Vec([[-2.64977164e-07],
     [-4.85998527e-10],
     [ 4.60492068e-10]]), 2.1043833162863477), (1.5312806967548317e-05, Vec([[-1.73564249e-07],
     [-4.90724714e-09],
     [-1.09790669e-09]]), 2.0585285736599004), (1.604244497770735e-05, Vec([[-1.50544246e-07],
     [ 3.51363966e-10],
     [ 1.65506442e-10]]), 2.060202950665465), (1.6150623795742745e-05, Vec([[-9.29978149e-08],
     [ 4.53288893e-09],
     [ 1.45129923e-09]]), 1.9930219820283943), (1.65612242414776e-05, Vec([[-3.36020098e-08],
     [-1.18654738e-08],
     [ 4.22698923e-10]]), 1.9744624385217697), (1.7033821639978217e-05, Vec([[ 4.65410355e-08],
     [-1.72404625e-08],
     [ 2.35155645e-09]]), 1.9719484860677878), (1.7358414100817254e-05, Vec([[1.09664972e-07],
     [6.41024935e-09],
     [6.59002520e-10]]), 1.9605969859931398), (1.7782536853634078e-05, Vec([[1.72199827e-07],
     [7.38352549e-09],
     [2.57815375e-09]]), 1.9684976929356097), (1.812943538641782e-05, Vec([[ 2.30437079e-07],
     [ 5.36538334e-09],
     [-3.50567303e-10]]), 1.9755075056136244), (1.8303079267859228e-05, Vec([[2.99204211e-07],
     [3.12508036e-09],
     [1.48212513e-09]]), 1.9715295347822899), (1.8567761432021195e-05, Vec([[ 3.46139163e-07],
     [-3.58448818e-09],
     [-1.32694650e-10]]), 1.9852399348690843), (1.8768651271625124e-05, Vec([[ 3.69294566e-07],
     [-9.11257843e-09],
     [ 2.44668801e-10]]), 1.999972455243544), (1.860818414989777e-05, Vec([[ 3.97731643e-07],
     [ 4.73266505e-09],
     [-4.23877275e-09]]), 1.9841922311455586), (1.8698437968043833e-05, Vec([[ 3.93773211e-07],
     [ 1.66575497e-10],
     [-1.10511480e-10]]), 2.0032147976223986), (1.8562798663785242e-05, Vec([[3.81627623e-07],
     [3.83525938e-10],
     [2.79080081e-09]]), 2.0062189853949346), (1.8291817707988054e-05, Vec([[3.53743915e-07],
     [3.18041035e-09],
     [6.36233903e-11]]), 2.002654846346705), (1.810920108710426e-05, Vec([[ 3.21660418e-07],
     [-1.16921494e-08],
     [ 8.36642954e-10]]), 2.0170276516401717), (1.7561544369244005e-05, Vec([[ 2.77813437e-07],
     [-1.95469367e-09],
     [ 2.05258870e-09]]), 1.998721763581104), (1.741783542933659e-05, Vec([[ 2.28853611e-07],
     [-4.14848947e-09],
     [ 1.31811414e-09]]), 2.0349760241147243), (1.6980684604621656e-05, Vec([[ 1.85446667e-07],
     [-1.18480978e-09],
     [-1.56538223e-09]]), 2.046453729917104), (1.6360614020909827e-05, Vec([[ 1.34860272e-07],
     [ 1.08365009e-08],
     [-1.16072187e-09]]), 2.044416366942939), (1.584177118300913e-05, Vec([[ 6.20103676e-08],
     [ 6.33986365e-09],
     [-5.28895288e-11]]), 2.0639856768094305), (1.5259037043216917e-05, Vec([[-1.43079191e-09],
     [-4.53587972e-09],
     [-5.40748054e-10]]), 2.085374132788622)]