[(2.002495239159652e-05, Vec([[-4.95431734e-09],
     [-2.45260479e-08],
     [ 4.22087706e-10]]), 2.15139477770066), (1.9943449779695905e-05, Vec([[-3.43126524e-09],
     [-2.26990144e-07],
     [-1.69127780e-09]]), 2.146961014663884), (1.975709365969203e-05, Vec([[-3.31800128e-09],
     [-4.69175024e-07],
     [-1.58480791e-09]]), 2.1398325406369945), (1.9743113383916243e-05, Vec([[ 6.55049437e-09],
     [-6.31012914e-07],
     [ 3.19388024e-10]]), 2.160151966772729), (1.9300944577006434e-05, Vec([[ 2.26025916e-10],
     [-8.37577119e-07],
     [-6.62201723e-10]]), 2.142273127017763), (1.9039071028733854e-05, Vec([[ 2.88836877e-09],
     [-1.00788405e-06],
     [ 4.03650157e-10]]), 2.1529713777913035), (1.8244513818618587e-05, Vec([[-1.18886600e-09],
     [-1.10085301e-06],
     [ 1.03402573e-10]]), 2.1113526691233013), (1.8495669204251765e-05, Vec([[ 3.37170950e-10],
     [-1.09263446e-06],
     [-9.22188491e-10]]), 2.0860903327621365), (1.8963971715631328e-05, Vec([[ 1.23107649e-09],
     [-1.04752945e-06],
     [ 1.22641210e-09]]), 2.0698165525018952), (1.9634883031911733e-05, Vec([[ 5.81969431e-09],
     [-1.01209392e-06],
     [ 1.30032022e-09]]), 2.084112324559319), (1.9716900164988677e-05, Vec([[ 7.44794544e-09],
     [-9.23154526e-07],
     [-1.52295874e-10]]), 2.0448219847455507), (2.0373838767576255e-05, Vec([[-4.15488287e-10],
     [-8.70511307e-07],
     [ 7.52008176e-10]]), 2.0737442473348233), (2.0745792148549127e-05, Vec([[ 5.97825490e-10],
     [-8.37486018e-07],
     [ 1.17554972e-09]]), 2.0813622508698097), (2.0876054813199987e-05, Vec([[ 5.16220147e-10],
     [-7.79282638e-07],
     [ 2.82352160e-10]]), 2.0710909286279544), (2.1262157749065364e-05, Vec([[ 2.45842156e-09],
     [-7.56430680e-07],
     [ 9.16438440e-10]]), 2.093286476755259), (2.1459351424438888e-05, Vec([[-2.83295799e-09],
     [-7.03586960e-07],
     [ 3.97539739e-10]]), 2.1051004361228305), (2.1654111976985277e-05, Vec([[-2.96013275e-09],
     [-6.84291154e-07],
     [ 1.05805265e-09]]), 2.125118306023556), (2.195447602565973e-05, Vec([[-1.50103930e-09],
     [-6.62346329e-07],
     [-6.54234703e-12]]), 2.1642400572401668), (2.1915026077503197e-05, Vec([[ 4.11920692e-09],
     [-6.13204658e-07],
     [-1.39936187e-10]]), 2.178877647896301), (2.20780126248641e-05, Vec([[-8.39859015e-09],
     [-5.87763375e-07],
     [-1.93904241e-09]]), 2.223098654009682), (2.174537136277569e-05, Vec([[-2.72600679e-09],
     [-4.88023142e-07],
     [-1.16465552e-09]]), 2.2269949213435263), (2.111696436167079e-05, Vec([[-1.87710141e-10],
     [-4.18558038e-07],
     [-2.54776728e-11]]), 2.20926072894187), (2.0654908789105007e-05, Vec([[-3.34914014e-09],
     [-3.01358199e-07],
     [ 4.69453502e-11]]), 2.2176587114721102), (2.013598351032608e-05, Vec([[-6.48362828e-09],
     [-1.98194249e-07],
     [ 5.50211478e-10]]), 2.2294583164750974), (1.9199710388540778e-05, Vec([[ 6.03882212e-09],
     [-1.10268182e-07],
     [ 6.26600882e-10]]), 2.203478935222623), (1.8880795086932686e-05, Vec([[-5.54279199e-09],
     [-5.24003594e-08],
     [ 2.12690122e-11]]), 2.210630573572597), (1.9501109808570624e-05, Vec([[-4.43498563e-09],
     [-1.82438151e-07],
     [-8.36895060e-10]]), 2.1968027365725105), (2.0319785663141343e-05, Vec([[ 3.47273903e-09],
     [-2.67249309e-07],
     [-1.34644997e-09]]), 2.21410419495952), (2.059044890849107e-05, Vec([[-2.25443616e-09],
     [-3.38937380e-07],
     [-2.17263984e-10]]), 2.180992156095101), (2.1262518551519884e-05, Vec([[ 4.70199403e-09],
     [-4.62409184e-07],
     [ 5.42165666e-10]]), 2.199658429163973), (2.158916329889227e-05, Vec([[ 1.41496086e-09],
     [-5.75761681e-07],
     [ 6.08262857e-10]]), 2.191175288052807), (2.1551707385364e-05, Vec([[ 2.33032362e-09],
     [-6.29030773e-07],
     [ 1.61343005e-09]]), 2.155256936151001), (2.1818355437435144e-05, Vec([[ 4.48983565e-09],
     [-6.54553173e-07],
     [-2.07878357e-10]]), 2.1589170358149907), (2.163022272974855e-05, Vec([[-2.15184266e-09],
     [-6.93502501e-07],
     [-4.38986896e-10]]), 2.126443015701956), (2.1568071503478452e-05, Vec([[-3.91990065e-09],
     [-7.16735121e-07],
     [-1.23397576e-09]]), 2.1151544357073857), (2.1327355982057164e-05, Vec([[-2.60107041e-09],
     [-7.53996628e-07],
     [ 4.90490565e-10]]), 2.0948666820584507), (2.097561325008252e-05, Vec([[-9.38355202e-10],
     [-7.73584025e-07],
     [-8.28022697e-10]]), 2.071947788603601), (2.1098674416469956e-05, Vec([[-5.71929197e-10],
     [-8.27574845e-07],
     [-8.28715576e-10]]), 2.104457546853891), (2.058701728554912e-05, Vec([[ 5.62228777e-10],
     [-8.71733343e-07],
     [-8.46636414e-10]]), 2.0792821229511316), (1.9961536746512932e-05, Vec([[-3.90552603e-09],
     [-8.69821737e-07],
     [ 4.59933887e-10]]), 2.049773255198176), (1.957758029594394e-05, Vec([[-1.35651300e-09],
     [-9.56969538e-07],
     [-1.00925955e-09]]), 2.052891163714308), (1.907820492528128e-05, Vec([[ 4.11657356e-09],
     [-9.90747531e-07],
     [ 1.14031719e-09]]), 2.052221715496764), (1.8810571569010574e-05, Vec([[ 1.03936515e-09],
     [-1.01716809e-06],
     [ 3.41873638e-10]]), 2.085727500425198), (1.8207391540987827e-05, Vec([[ 9.08901893e-10],
     [-1.10118955e-06],
     [ 1.37595630e-09]]), 2.0916643717528496), (1.8702075644897804e-05, Vec([[-5.86864919e-09],
     [-1.05789401e-06],
     [-2.50745457e-10]]), 2.1382210990675716), (1.940893546359094e-05, Vec([[-2.25538877e-09],
     [-9.49884076e-07],
     [-1.95088368e-10]]), 2.1732442291599363), (1.9613713822825336e-05, Vec([[ 3.31262866e-11],
     [-7.39783079e-07],
     [ 2.25336128e-10]]), 2.1602919067350603), (1.9827872032271024e-05, Vec([[ 4.44199934e-09],
     [-5.33969464e-07],
     [-2.72809975e-11]]), 2.1573196435429973), (1.9669331820671916e-05, Vec([[-9.02022262e-09],
     [-3.15990811e-07],
     [-1.33563521e-10]]), 2.1228006383807068), (1.9955292411060092e-05, Vec([[-5.79149606e-09],
     [-1.01416209e-07],
     [ 4.43023298e-10]]), 2.1449907208459997), (1.9990178089626735e-05, Vec([[4.21204076e-09],
     [8.48186373e-08],
     [2.08477636e-10]]), 2.1487405760360136), (1.9949775772256443e-05, Vec([[-4.60904637e-09],
     [ 3.26830399e-07],
     [ 7.70161441e-10]]), 2.1530673807836176), (1.9804827875928535e-05, Vec([[-6.86535950e-09],
     [ 5.74388968e-07],
     [-1.01980307e-09]]), 2.1548123845156217), (1.9429440836002163e-05, Vec([[-2.59405653e-09],
     [ 7.74872101e-07],
     [ 9.31809654e-10]]), 2.1399957279664723), (1.941221568043915e-05, Vec([[-1.83379335e-09],
     [ 9.31853305e-07],
     [-1.34837838e-09]]), 2.173611519388148), (1.8631596724966008e-05, Vec([[1.93929635e-10],
     [1.02052692e-06],
     [6.96508813e-10]]), 2.130163195950344), (1.8352574581797028e-05, Vec([[ 1.29223037e-09],
     [ 1.10634060e-06],
     [-1.27379114e-09]]), 2.1083429933532987), (1.8718397176028516e-05, Vec([[4.71714338e-09],
     [1.02679070e-06],
     [7.57357711e-10]]), 2.075507148238006), (1.8913042575714784e-05, Vec([[4.73558037e-10],
     [9.74502487e-07],
     [3.12530415e-10]]), 2.0344553815208837), (1.9674515023626355e-05, Vec([[-2.43071434e-09],
     [ 9.72368615e-07],
     [ 5.06122217e-10]]), 2.063055670405542), (2.0006341789907294e-05, Vec([[3.77709294e-10],
     [9.04488073e-07],
     [1.09871837e-09]]), 2.054374112377361), (2.033426126714999e-05, Vec([[ 5.39382821e-09],
     [ 8.47447283e-07],
     [-1.76237925e-09]]), 2.053753846404995), (2.1108629956751885e-05, Vec([[-3.29848889e-09],
     [ 7.96669157e-07],
     [ 7.28633853e-10]]), 2.1054505481896975), (2.107330133893617e-05, Vec([[1.89909055e-09],
     [7.81320625e-07],
     [2.83607296e-10]]), 2.081597309562061), (2.1118396789814188e-05, Vec([[-5.15710562e-11],
     [ 7.15601390e-07],
     [-8.76044567e-11]]), 2.0743417913918383), (2.1758977052579116e-05, Vec([[-3.72719571e-10],
     [ 7.48812115e-07],
     [-1.37088178e-09]]), 2.1338763097941014), (2.1695138718972454e-05, Vec([[2.84925984e-09],
     [6.96909937e-07],
     [2.29231621e-09]]), 2.1328248340316733), (2.1570139099604548e-05, Vec([[-3.07274959e-10],
     [ 6.70465148e-07],
     [ 1.78868846e-10]]), 2.134356134245359), (2.1891550522525618e-05, Vec([[-7.32788301e-10],
     [ 6.55108030e-07],
     [ 1.10319080e-09]]), 2.1892426090944035), (2.1550717866292715e-05, Vec([[1.57010440e-09],
     [5.69889231e-07],
     [5.90867503e-10]]), 2.1872732988610823), (2.124275196562696e-05, Vec([[ 1.77126963e-09],
     [ 4.63918962e-07],
     [-8.66883987e-10]]), 2.197613528548376), (2.075900629974824e-05, Vec([[-5.44928104e-10],
     [ 3.53257927e-07],
     [-1.44762328e-09]]), 2.1988461790849625), (2.035347144833147e-05, Vec([[-2.39329000e-09],
     [ 2.63671860e-07],
     [-3.93711063e-10]]), 2.2177746981595248), (1.9649378120835252e-05, Vec([[-1.21885160e-09],
     [ 1.63826150e-07],
     [ 5.67929291e-10]]), 2.2135051826039027), (1.8985156598070345e-05, Vec([[-1.30940172e-09],
     [ 3.89715044e-08],
     [-3.50916307e-10]]), 2.2228495901003886), (1.949049398041489e-05, Vec([[-3.94736539e-09],
     [ 1.20219516e-07],
     [ 4.70075598e-10]]), 2.236851080241295), (2.0109530982864184e-05, Vec([[-3.01670115e-09],
     [ 1.70976944e-07],
     [ 5.89135021e-10]]), 2.2265294897152104), (2.0655529729489055e-05, Vec([[3.48312475e-09],
     [2.58309818e-07],
     [7.36268024e-11]]), 2.217725380072106), (2.134401032463003e-05, Vec([[-2.58432107e-09],
     [ 4.28758137e-07],
     [-1.55608764e-10]]), 2.2330143197061316), (2.1873665114757492e-05, Vec([[2.80016380e-09],
     [4.67379759e-07],
     [9.66964892e-10]]), 2.240133787971145), (2.208042919871917e-05, Vec([[ 1.84251282e-09],
     [ 6.11344245e-07],
     [-1.57845676e-11]]), 2.223341985788489), (2.217953608902704e-05, Vec([[2.80694174e-09],
     [6.15783026e-07],
     [1.80264861e-09]]), 2.2051762682910874), (2.2065969817335617e-05, Vec([[-3.75974992e-10],
     [ 6.61792293e-07],
     [ 8.06409952e-10]]), 2.1752309517528183), (2.180655243166469e-05, Vec([[-6.67630586e-09],
     [ 6.82937400e-07],
     [-1.28477562e-09]]), 2.1400786978956425), (2.1435907766442443e-05, Vec([[-5.41167806e-09],
     [ 7.19346660e-07],
     [ 3.54188655e-11]]), 2.1028006809393416), (2.1293426981615342e-05, Vec([[7.85181179e-09],
     [7.20679306e-07],
     [1.76935127e-10]]), 2.0963649724755844), (2.0920994604020586e-05, Vec([[ 2.80139251e-09],
     [ 7.60724092e-07],
     [-1.12361756e-10]]), 2.07554935690551), (2.0842948291904834e-05, Vec([[ 1.01554792e-09],
     [ 8.50068010e-07],
     [-1.72235395e-09]]), 2.091109631339676), (2.040346007026668e-05, Vec([[8.48665205e-10],
     [8.97239971e-07],
     [2.46548524e-10]]), 2.076759241551357), (1.9714684304740847e-05, Vec([[4.47299105e-09],
     [9.14657241e-07],
     [1.13910095e-09]]), 2.044592179871966), (1.946573499603296e-05, Vec([[1.85747570e-09],
     [9.91671011e-07],
     [1.40618493e-09]]), 2.0661583848451377), (1.9061849554635895e-05, Vec([[-1.61578843e-09],
     [ 1.03154971e-06],
     [ 1.19683192e-09]]), 2.0804993975478925), (1.8535434132927596e-05, Vec([[ 5.42680707e-09],
     [ 1.09179883e-06],
     [-2.62714636e-09]]), 2.090575341245883), (1.831697525969176e-05, Vec([[ 3.74969165e-09],
     [ 1.10083421e-06],
     [-2.98269440e-10]]), 2.119738294442745), (1.9005817559976073e-05, Vec([[ 2.78693950e-09],
     [ 1.02721611e-06],
     [-8.42256645e-11]]), 2.1492110175121844), (1.937890616393447e-05, Vec([[2.00912853e-09],
     [8.69118339e-07],
     [2.19128755e-09]]), 2.150926331110922), (1.961134102542669e-05, Vec([[-3.82329600e-09],
     [ 6.41092287e-07],
     [-1.08974998e-09]]), 2.1457343663759567), (1.9731404951130894e-05, Vec([[-3.14034660e-09],
     [ 4.48886623e-07],
     [-3.81877222e-10]]), 2.1370502723817095), (1.986639780012574e-05, Vec([[-4.20899267e-09],
     [ 1.87330459e-07],
     [ 9.06264515e-10]]), 2.1386661811186745), (1.990709288541054e-05, Vec([[ 1.41426133e-09],
     [ 5.88326351e-09],
     [-5.32227053e-10]]), 2.1387324591516617)]