[(1.996095019749952e-05, Vec([[-8.30317361e-09],
     [ 2.86010517e-09],
     [ 1.13459345e-09]]), 2.1445186571761763), (1.9895080534486095e-05, Vec([[ 5.00375122e-09],
     [-2.39044089e-07],
     [-6.07587974e-10]]), 2.1417539474352285), (1.996241792282765e-05, Vec([[ 9.04952173e-10],
     [-4.22359194e-07],
     [ 9.99042245e-10]]), 2.162070605972297), (1.9715592064081095e-05, Vec([[-1.42119521e-09],
     [-6.52911081e-07],
     [ 1.41964295e-09]]), 2.157140778414843), (1.9317514501512993e-05, Vec([[-3.44984685e-09],
     [-8.62907753e-07],
     [-1.43230812e-09]]), 2.1441122755550523), (1.9097786102444753e-05, Vec([[-4.04153014e-09],
     [-1.01783576e-06],
     [ 2.69826711e-10]]), 2.15961098079261), (1.8314585318641738e-05, Vec([[-6.81224444e-09],
     [-1.09854702e-06],
     [-1.43961564e-09]]), 2.1194617176884853), (1.85804474779939e-05, Vec([[ 1.02529119e-09],
     [-1.09182386e-06],
     [ 8.92136001e-10]]), 2.0956523083429435), (1.893245865771635e-05, Vec([[ 1.06419171e-09],
     [-1.02377220e-06],
     [-8.09177713e-10]]), 2.0663770699994712), (1.935768582688145e-05, Vec([[ 7.01694394e-09],
     [-9.75805407e-07],
     [ 1.37217605e-09]]), 2.0546896837216795), (1.984733758261177e-05, Vec([[ 6.00159624e-09],
     [-9.30432473e-07],
     [-9.04310295e-10]]), 2.0583495320251557), (2.029296517368923e-05, Vec([[-3.96725495e-09],
     [-8.86631575e-07],
     [-1.62717790e-10]]), 2.065512556095988), (2.065942062580419e-05, Vec([[-6.23051693e-09],
     [-8.58310495e-07],
     [ 1.33297621e-09]]), 2.0726968585963204), (2.0908017269171123e-05, Vec([[-4.37523520e-09],
     [-7.96957792e-07],
     [-1.18286155e-09]]), 2.074261889482907), (2.1275068928119088e-05, Vec([[ 4.98285044e-09],
     [-7.34856867e-07],
     [-6.29915664e-10]]), 2.0945575987566607), (2.145688997459386e-05, Vec([[ 2.62068306e-09],
     [-6.96262304e-07],
     [-1.12950614e-09]]), 2.104858974997572), (2.1750142367142015e-05, Vec([[-5.36689748e-09],
     [-6.77147527e-07],
     [-3.68070409e-10]]), 2.134542656478267), (2.181526111408689e-05, Vec([[-2.38718476e-09],
     [-6.24479313e-07],
     [ 3.96415161e-10]]), 2.150516455372423), (2.2110834262278414e-05, Vec([[ 2.58222994e-10],
     [-6.37693986e-07],
     [-1.40280336e-09]]), 2.1983456638399295), (2.2171717615089603e-05, Vec([[-2.76225569e-09],
     [-6.03181910e-07],
     [-1.82308514e-09]]), 2.232534079253062), (2.175376837621199e-05, Vec([[-3.92389431e-09],
     [-5.03275314e-07],
     [-1.93080405e-10]]), 2.2278548793532154), (2.133568936963998e-05, Vec([[-5.50737429e-09],
     [-4.21477695e-07],
     [-9.12298123e-10]]), 2.2321437798514467), (2.0813382855193432e-05, Vec([[ 1.75252897e-09],
     [-2.88039027e-07],
     [-3.78639294e-10]]), 2.2346736204601747), (2.017119898190125e-05, Vec([[ 1.20647176e-10],
     [-1.50889859e-07],
     [ 1.28128117e-09]]), 2.233357377374287), (1.951926785542567e-05, Vec([[-9.67718436e-10],
     [-7.57349481e-08],
     [-6.79919017e-10]]), 2.2401533502332893), (1.896386780931661e-05, Vec([[-6.66828576e-09],
     [-2.92393881e-08],
     [ 9.50735646e-10]]), 2.2203570230725393), (1.9436584931131168e-05, Vec([[-2.37536581e-09],
     [-1.51756051e-07],
     [-7.10463626e-10]]), 2.1895340001402017), (2.0028811416591736e-05, Vec([[ 3.07744781e-09],
     [-2.37429583e-07],
     [ 8.93145277e-11]]), 2.1823987768714104), (2.0732020099169325e-05, Vec([[ 1.86640822e-09],
     [-3.51558592e-07],
     [ 7.51798913e-10]]), 2.1959877328195594), (2.1312742542281835e-05, Vec([[-1.46729016e-09],
     [-4.58336666e-07],
     [ 8.30576261e-10]]), 2.2048542212032882), (2.1531579038377506e-05, Vec([[ 2.84059219e-09],
     [-5.89613396e-07],
     [ 5.58769064e-10]]), 2.185330818451374), (2.1741151189162725e-05, Vec([[ 2.82385439e-09],
     [-6.28425030e-07],
     [-1.48182063e-09]]), 2.1742020742250876), (2.1709433226843202e-05, Vec([[-2.88052665e-09],
     [-6.64023025e-07],
     [-8.79755312e-10]]), 2.1481392291787444), (2.1810362814367033e-05, Vec([[-1.13165986e-09],
     [-6.81121265e-07],
     [-9.26176462e-12]]), 2.144152386038587), (2.162951908543151e-05, Vec([[-7.21381238e-09],
     [-6.94967261e-07],
     [ 7.78365335e-10]]), 2.12118052503626), (2.1475943602983283e-05, Vec([[ 1.84671407e-09],
     [-7.47238328e-07],
     [-1.01587743e-09]]), 2.1094616115333626), (2.1217324764062597e-05, Vec([[-4.49663018e-09],
     [-7.77588407e-07],
     [ 7.40446399e-10]]), 2.0958237835935964), (2.0767272702287753e-05, Vec([[ 2.02281275e-09],
     [-7.83313204e-07],
     [ 1.97097043e-10]]), 2.071402349892956), (2.024625399233473e-05, Vec([[-5.33406168e-09],
     [-8.44424368e-07],
     [ 3.01285695e-10]]), 2.0448651399607884), (2.0013238696653714e-05, Vec([[ 4.95059710e-09],
     [-8.96575149e-07],
     [-1.55139896e-10]]), 2.0550823291430302), (1.9702952360653727e-05, Vec([[ 3.85404120e-09],
     [-9.43989719e-07],
     [ 1.17573292e-09]]), 2.066037589366954), (1.9135383883230677e-05, Vec([[-1.89263017e-09],
     [-9.91015323e-07],
     [ 1.65411098e-09]]), 2.058372393699079), (1.8695298113580337e-05, Vec([[-9.99526138e-10],
     [-1.05145040e-06],
     [ 1.73140357e-10]]), 2.072945910287024), (1.8168459952121362e-05, Vec([[-2.59579149e-09],
     [-1.07507564e-06],
     [-5.97858976e-10]]), 2.087191912467048), (1.854159481171771e-05, Vec([[-1.29655420e-09],
     [-1.04586516e-06],
     [-4.12391083e-10]]), 2.1198732156552174), (1.9078957125279592e-05, Vec([[ 4.90552112e-10],
     [-9.34899188e-07],
     [ 2.40246259e-09]]), 2.136296117254048), (1.9525437004229604e-05, Vec([[-2.04234216e-09],
     [-7.32952071e-07],
     [-4.73345682e-10]]), 2.150568929307769), (1.9664324772230617e-05, Vec([[-6.25913227e-09],
     [-5.48698801e-07],
     [-9.94330391e-10]]), 2.1395253126052864), (1.9825625331291445e-05, Vec([[ 4.25540423e-09],
     [-3.43917367e-07],
     [ 3.16079703e-10]]), 2.1396685201746988), (1.98578308128175e-05, Vec([[-1.91294343e-09],
     [-1.08499792e-07],
     [ 1.34023073e-09]]), 2.13451459152838), (1.9904326432208688e-05, Vec([[3.84019549e-09],
     [1.07754395e-07],
     [1.97806115e-09]]), 2.1395123971280015), (1.986218976748651e-05, Vec([[ 8.60077455e-10],
     [ 3.24761582e-07],
     [-7.95216094e-10]]), 2.1436147146466102), (1.9810088809039084e-05, Vec([[-3.64034326e-10],
     [ 5.64365067e-07],
     [ 8.05845942e-10]]), 2.1553847865527285), (1.959402636804318e-05, Vec([[1.56787176e-08],
     [7.51786178e-07],
     [7.88400162e-10]]), 2.1581234928582043), (1.9309695045103222e-05, Vec([[-1.47284634e-09],
     [ 9.52337526e-07],
     [ 9.10341320e-10]]), 2.1621321479650435), (1.868603198287395e-05, Vec([[-1.81039287e-09],
     [ 1.05088902e-06],
     [ 3.78888960e-10]]), 2.1363868162159214), (1.8164744454543503e-05, Vec([[ 1.83356131e-09],
     [ 1.06421441e-06],
     [-3.58271851e-10]]), 2.0867650762621235), (1.8563570915823123e-05, Vec([[ 3.29901699e-09],
     [ 1.03316800e-06],
     [-4.14235345e-10]]), 2.0583399192937044), (1.8911211793047312e-05, Vec([[ 4.24018442e-09],
     [ 9.62742496e-07],
     [-1.10708623e-09]]), 2.0342584462242317), (1.9696729279211936e-05, Vec([[-6.61133230e-09],
     [ 9.28703735e-07],
     [-7.94189314e-10]]), 2.0653850414672754), (1.9891126668728827e-05, Vec([[-4.94612224e-09],
     [ 8.90046072e-07],
     [-9.02320447e-10]]), 2.042543115746939), (2.051321846351382e-05, Vec([[ 2.47359989e-09],
     [ 8.54171836e-07],
     [-1.28412419e-09]]), 2.071828465666813), (2.08065513456285e-05, Vec([[8.12425641e-10],
     [8.03734114e-07],
     [5.82720550e-10]]), 2.075320142820462), (2.1147141209992585e-05, Vec([[ 3.67369898e-09],
     [ 7.88876895e-07],
     [-8.35634793e-10]]), 2.088891130044068), (2.1096259419270793e-05, Vec([[-1.10900550e-09],
     [ 7.44986480e-07],
     [-2.18473935e-09]]), 2.0721673615178897), (2.1716391644909585e-05, Vec([[8.41978072e-09],
     [7.44662688e-07],
     [8.36790437e-10]]), 2.129700010864729), (2.1727043131721184e-05, Vec([[ 1.94620979e-09],
     [ 6.93510671e-07],
     [-8.96930124e-10]]), 2.135961321182418), (2.1873856135773304e-05, Vec([[-2.35599791e-09],
     [ 6.79656426e-07],
     [-7.73876420e-10]]), 2.1644088064246265), (2.180954231345205e-05, Vec([[-1.76495486e-09],
     [ 6.50861351e-07],
     [-8.50612606e-10]]), 2.1810414601892756), (2.150996630484793e-05, Vec([[-1.92855967e-09],
     [ 5.70029432e-07],
     [ 1.30169484e-10]]), 2.1831372509211437), (2.1194145425340038e-05, Vec([[-1.99141465e-09],
     [ 4.63640611e-07],
     [ 4.35240537e-10]]), 2.1925850656315506), (2.0717720826687414e-05, Vec([[-4.93404447e-09],
     [ 3.55503096e-07],
     [-3.54145662e-11]]), 2.1944731178998222), (2.0055683030831693e-05, Vec([[-3.66193166e-09],
     [ 2.38729968e-07],
     [-1.56169612e-09]]), 2.185326787766818), (1.955764031611595e-05, Vec([[-1.46924292e-09],
     [ 1.57489305e-07],
     [-2.84533510e-10]]), 2.2031709061225744), (1.898047110657705e-05, Vec([[1.54244866e-09],
     [3.21663250e-08],
     [3.85844571e-10]]), 2.222300996108472), (1.9586982181487385e-05, Vec([[ 4.62474555e-09],
     [ 1.03471752e-07],
     [-1.06025964e-09]]), 2.247924670116258), (2.007150350873219e-05, Vec([[8.83775796e-10],
     [2.15675840e-07],
     [1.61005213e-10]]), 2.2223190835825957), (2.0871214465876794e-05, Vec([[-1.24975376e-08],
     [ 2.50959551e-07],
     [ 2.69271959e-10]]), 2.240882835738729), (2.1132559557471955e-05, Vec([[-1.11612919e-08],
     [ 3.81851135e-07],
     [-8.17642543e-10]]), 2.2108923012196633), (2.1744963748898605e-05, Vec([[-1.01265311e-08],
     [ 4.95116119e-07],
     [-1.06144022e-09]]), 2.226953176642135), (2.2047614690035916e-05, Vec([[-1.24534008e-10],
     [ 5.97814082e-07],
     [-1.80525904e-09]]), 2.220037798435884), (2.2000809367198384e-05, Vec([[-6.85927416e-09],
     [ 6.65465436e-07],
     [-4.46851894e-10]]), 2.187406558234753), (2.185526939108147e-05, Vec([[-5.2016143e-10],
     [ 6.3561026e-07],
     [ 8.2140410e-10]]), 2.15446041265893), (2.157664349174716e-05, Vec([[-1.52236032e-10],
     [ 6.55739888e-07],
     [ 5.40472838e-10]]), 2.117515606993716), (2.1422107466803874e-05, Vec([[ 1.95469278e-09],
     [ 7.05362199e-07],
     [-7.07054069e-10]]), 2.101446911376917), (2.130615197595816e-05, Vec([[-3.56267305e-09],
     [ 7.22230420e-07],
     [ 9.38199547e-10]]), 2.097617764355363), (2.0966330244128084e-05, Vec([[-6.92347243e-09],
     [ 8.00991878e-07],
     [-4.23661324e-10]]), 2.080047056964758), (2.0543493513233727e-05, Vec([[9.15458953e-10],
     [8.14932869e-07],
     [8.61658746e-10]]), 2.0610662438562914), (2.0356934458142694e-05, Vec([[-1.41915854e-09],
     [ 8.91258099e-07],
     [-5.01709799e-10]]), 2.0720236479503424), (1.9900080087439558e-05, Vec([[ 8.13856379e-09],
     [ 9.60086757e-07],
     [-2.02694856e-09]]), 2.0638194097696254), (1.9438619298995338e-05, Vec([[-1.28200704e-09],
     [ 1.01008826e-06],
     [ 3.67342920e-10]]), 2.063280233837399), (1.9085434504181635e-05, Vec([[ 2.49861220e-10],
     [ 1.04653432e-06],
     [-9.04296219e-11]]), 2.083073569229421), (1.869031745714334e-05, Vec([[-1.47695069e-09],
     [ 1.09892941e-06],
     [-8.25149571e-10]]), 2.1080443282711405), (1.8395110003615716e-05, Vec([[-9.85715034e-10],
     [ 1.11583132e-06],
     [ 1.08407522e-10]]), 2.1287804646959616), (1.8939557792157287e-05, Vec([[2.51227453e-09],
     [1.01533646e-06],
     [7.20585198e-10]]), 2.141718247334603), (1.9555577277457494e-05, Vec([[-1.40228353e-10],
     [ 9.11623695e-07],
     [-1.15436159e-09]]), 2.1705356190040943), (1.9627166411718485e-05, Vec([[-2.07158959e-09],
     [ 7.06448125e-07],
     [ 2.13859292e-09]]), 2.1474658683259484), (1.9713240522393695e-05, Vec([[1.21402257e-09],
     [4.55586412e-07],
     [6.89504005e-10]]), 2.135082936681255), (2.0021974004593824e-05, Vec([[-2.51846246e-09],
     [ 2.71418809e-07],
     [-2.02023946e-09]]), 2.1554143390097136), (2.028432706309092e-05, Vec([[-3.87179575e-10],
     [-3.51934789e-08],
     [ 8.45114868e-10]]), 2.179260877095484)]