[(2.0083990498159445e-05, Vec([[ 4.80105133e-10],
     [-1.71259011e-08],
     [ 1.60166174e-11]]), 2.157737578006049), (1.9840913744306222e-05, Vec([[ 1.53782046e-09],
     [-2.10213612e-07],
     [-1.17791602e-09]]), 2.135922760349228), (1.973279948880277e-05, Vec([[-5.14374328e-09],
     [-4.36747725e-07],
     [-7.25894008e-11]]), 2.137201310643755), (1.9864136112939426e-05, Vec([[-4.90988334e-09],
     [-6.27529004e-07],
     [-6.15295804e-10]]), 2.1733934186673736), (1.968264061881683e-05, Vec([[ 2.93602888e-09],
     [-9.01534709e-07],
     [ 1.16185019e-09]]), 2.184638782739794), (1.9012082699332595e-05, Vec([[ 4.34799622e-09],
     [-1.04177259e-06],
     [ 8.68225403e-10]]), 2.1499194904041707), (1.8175318086026473e-05, Vec([[-6.29832893e-11],
     [-1.11342562e-06],
     [-5.96808089e-10]]), 2.1033449690468426), (1.870018509274269e-05, Vec([[-1.25283749e-09],
     [-1.11765288e-06],
     [ 1.33333127e-10]]), 2.109157279579022), (1.8917507262686112e-05, Vec([[ 2.20535172e-09],
     [-1.04053865e-06],
     [ 1.79495505e-10]]), 2.0647452048300527), (1.9230636520962177e-05, Vec([[ 5.07704248e-09],
     [-9.57380298e-07],
     [-7.63188183e-11]]), 2.0412042443705656), (1.9779224532831914e-05, Vec([[-7.50872970e-11],
     [-9.45284623e-07],
     [ 4.53557097e-10]]), 2.0512855888864046), (2.0085051675572667e-05, Vec([[ 8.25345158e-10],
     [-8.74040752e-07],
     [-1.11006056e-09]]), 2.0443501514268863), (2.0525586014940452e-05, Vec([[-5.48309168e-10],
     [-8.37389523e-07],
     [ 1.72008922e-10]]), 2.059269638998388), (2.099867743371016e-05, Vec([[-4.63828368e-09],
     [-8.04314047e-07],
     [ 1.32764805e-10]]), 2.0832561868271533), (2.103297341859047e-05, Vec([[ 3.33542911e-09],
     [-7.47938361e-07],
     [-3.45435408e-10]]), 2.070722987887888), (2.1453857913227166e-05, Vec([[ 3.53137021e-09],
     [-7.15897254e-07],
     [-1.05606525e-09]]), 2.1045615385290075), (2.1536771734953925e-05, Vec([[-4.41700283e-09],
     [-6.61601978e-07],
     [-4.39988806e-10]]), 2.1136026226910283), (2.190548388433323e-05, Vec([[-1.48571462e-09],
     [-6.21410751e-07],
     [ 8.47110624e-10]]), 2.159410483779846), (2.2026741847704478e-05, Vec([[ 9.39068415e-09],
     [-6.19660236e-07],
     [-4.24805892e-10]]), 2.189984866922564), (2.2012041271424983e-05, Vec([[-8.73824242e-09],
     [-5.85047124e-07],
     [-6.93191399e-10]]), 2.216455808499732), (2.1814874830236046e-05, Vec([[ 3.83461939e-09],
     [-4.96071924e-07],
     [ 2.46289428e-11]]), 2.234112935861086), (2.137566653895948e-05, Vec([[ 2.38888219e-10],
     [-4.18597459e-07],
     [-1.70486887e-09]]), 2.2363261987218475), (2.0702804651739085e-05, Vec([[-1.37486111e-09],
     [-2.84588974e-07],
     [-6.51791069e-10]]), 2.2228011537892582), (2.0077154410634213e-05, Vec([[ 3.69652913e-09],
     [-1.86525473e-07],
     [ 1.63289099e-09]]), 2.2229447520648202), (1.9650142559029255e-05, Vec([[-3.48267991e-09],
     [-9.74606293e-08],
     [-1.13319458e-09]]), 2.255173350363923), (1.891905026378022e-05, Vec([[-4.48449284e-09],
     [-3.26517881e-08],
     [-6.03105741e-10]]), 2.2151096256012432), (1.9445058533709202e-05, Vec([[ 1.21130700e-09],
     [-1.80854974e-07],
     [-1.28431059e-09]]), 2.190488552651048), (2.0320802558465067e-05, Vec([[-5.53195311e-09],
     [-2.38021916e-07],
     [ 2.17983072e-09]]), 2.214214998894139), (2.070720828856169e-05, Vec([[ 1.65245148e-09],
     [-3.59491248e-07],
     [-1.38667647e-09]]), 2.193359603410907), (2.1204935381565974e-05, Vec([[-1.21850971e-09],
     [-4.68286725e-07],
     [ 3.83065979e-10]]), 2.193701312425418), (2.1629519730938217e-05, Vec([[ 3.70330216e-09],
     [-5.64815659e-07],
     [ 1.04498829e-10]]), 2.1952712326426367), (2.16698972147975e-05, Vec([[-1.41202170e-09],
     [-6.57807554e-07],
     [ 6.76224572e-10]]), 2.1670763918031333), (2.205270606521615e-05, Vec([[-8.09742643e-09],
     [-6.94851838e-07],
     [ 3.69680501e-10]]), 2.1821059312439415), (2.1743343506090693e-05, Vec([[ 4.65090613e-09],
     [-6.83338942e-07],
     [ 1.10492567e-10]]), 2.137563792764168), (2.162145060727898e-05, Vec([[ 3.82691124e-09],
     [-6.95923475e-07],
     [ 9.44499361e-10]]), 2.1203892592362097), (2.120490327772572e-05, Vec([[-3.83093144e-09],
     [-7.24708559e-07],
     [ 9.84236474e-10]]), 2.082838839008065), (2.1206861723211325e-05, Vec([[ 5.69384746e-10],
     [-7.50805431e-07],
     [-2.15568546e-10]]), 2.094790256034931), (2.0646981318525397e-05, Vec([[ 5.11697135e-09],
     [-8.00925127e-07],
     [ 3.52061060e-10]]), 2.0594040553374184), (2.0272444043431204e-05, Vec([[ 5.20129957e-09],
     [-8.64979012e-07],
     [-1.20085152e-09]]), 2.047510326696135), (1.9971256718424665e-05, Vec([[-3.98769732e-09],
     [-8.87958045e-07],
     [ 4.26278442e-10]]), 2.050771361642532), (1.9575660399297166e-05, Vec([[-2.41045235e-09],
     [-9.50390926e-07],
     [ 2.22504819e-09]]), 2.0526898447156454), (1.9181407990069834e-05, Vec([[-5.06868823e-09],
     [-9.93542876e-07],
     [-7.27753353e-10]]), 2.063323156722203), (1.870851993331955e-05, Vec([[-2.21789201e-09],
     [-1.04998532e-06],
     [ 1.01963121e-10]]), 2.074411953619869), (1.8407153840822394e-05, Vec([[ 3.32424062e-10],
     [-1.10185547e-06],
     [-7.15741684e-10]]), 2.1146130563265157), (1.877401779867649e-05, Vec([[ 2.04497076e-09],
     [-1.06058071e-06],
     [ 1.27641064e-10]]), 2.1464462947112386), (1.9075979588061115e-05, Vec([[-1.55607967e-09],
     [-9.26092821e-07],
     [ 2.55469425e-10]]), 2.1359627184651604), (1.9641774447132983e-05, Vec([[-3.56243810e-09],
     [-7.44436911e-07],
     [-2.37534485e-09]]), 2.1633825574979566), (1.9693014406286984e-05, Vec([[ 1.11526270e-09],
     [-5.45043879e-07],
     [ 1.88981065e-10]]), 2.1426468130373615), (1.9922317259788146e-05, Vec([[-6.05447391e-09],
     [-2.93750823e-07],
     [ 2.02100209e-09]]), 2.1501039375752704), (1.9903948086521196e-05, Vec([[ 6.65011663e-09],
     [-1.47632568e-07],
     [-1.77516131e-09]]), 2.1394717288194536), (1.9861938498959277e-05, Vec([[-7.51134561e-09],
     [ 1.04299513e-07],
     [ 2.25071916e-10]]), 2.1349561259582828), (1.9805005308339418e-05, Vec([[8.21662066e-10],
     [3.10651279e-07],
     [6.58210182e-11]]), 2.1374431167758923), (1.9670935919880356e-05, Vec([[-1.47550225e-09],
     [ 5.42636258e-07],
     [ 1.11489086e-09]]), 2.140244621196138), (1.9512494767377573e-05, Vec([[-8.36496534e-11],
     [ 7.58605297e-07],
     [-1.18497062e-09]]), 2.149143446618512), (1.9266797090417364e-05, Vec([[3.83810895e-09],
     [9.34945709e-07],
     [1.35148749e-10]]), 2.157328807120375), (1.8777038692665933e-05, Vec([[-2.10575419e-09],
     [ 1.07413342e-06],
     [ 4.20086423e-10]]), 2.14679167558708), (1.8311073759661368e-05, Vec([[-1.16600084e-09],
     [ 1.10467100e-06],
     [-8.53828288e-10]]), 2.103575380657971), (1.860609755653167e-05, Vec([[-3.04387107e-09],
     [ 1.03097399e-06],
     [-7.42398235e-10]]), 2.063055298818516), (1.9010506134760472e-05, Vec([[-8.85545618e-09],
     [ 9.94915252e-07],
     [ 1.72553770e-09]]), 2.0449394303675397), (1.9587809987736755e-05, Vec([[ 1.58064730e-09],
     [ 9.48625635e-07],
     [-1.32754815e-10]]), 2.053963841929468), (1.97883584553769e-05, Vec([[-4.17198616e-10],
     [ 8.98540345e-07],
     [ 3.48916502e-10]]), 2.031990244097411), (2.041389573127696e-05, Vec([[1.53054657e-09],
     [8.62471243e-07],
     [1.13436163e-10]]), 2.0617969016632345), (2.0684747838564035e-05, Vec([[-2.63657959e-09],
     [ 8.03256504e-07],
     [-8.21070002e-10]]), 2.063171023657081), (2.103472736637949e-05, Vec([[3.90167604e-09],
     [7.95392657e-07],
     [1.17329873e-09]]), 2.0777870153797844), (2.141489016351518e-05, Vec([[4.04404791e-09],
     [7.59583542e-07],
     [3.11022143e-09]]), 2.1034646742536367), (2.1522071508511567e-05, Vec([[ 1.65429690e-09],
     [ 6.98844160e-07],
     [-1.49861542e-09]]), 2.1106432723712922), (2.1707752699309623e-05, Vec([[-2.65303438e-09],
     [ 6.83291158e-07],
     [-3.83469563e-10]]), 2.134064900337199), (2.176216382946083e-05, Vec([[ 4.19941609e-10],
     [ 6.59840726e-07],
     [-9.25993701e-10]]), 2.1533568999892894), (2.1574399251350517e-05, Vec([[-7.77176102e-09],
     [ 6.32649297e-07],
     [ 1.64345607e-09]]), 2.1575262135074147), (2.156295667338867e-05, Vec([[-1.36067929e-09],
     [ 5.61263461e-07],
     [-1.67221035e-09]]), 2.188515467040211), (2.1011482198401182e-05, Vec([[-5.05160072e-09],
     [ 5.07607267e-07],
     [-1.45561721e-09]]), 2.173688117658959), (2.058538484807502e-05, Vec([[-3.46844279e-09],
     [ 3.37360251e-07],
     [-6.73923284e-10]]), 2.180455758074132), (2.0138271953356786e-05, Vec([[-1.77784090e-09],
     [ 2.71883054e-07],
     [ 7.00474047e-11]]), 2.1943259220515703), (1.9550950613143874e-05, Vec([[1.35244221e-09],
     [1.52950480e-07],
     [6.71037498e-10]]), 2.202417310150849), (1.8958236028493144e-05, Vec([[ 4.57994300e-09],
     [ 4.32243949e-08],
     [-2.81060295e-10]]), 2.21969763416361), (1.9583394142206013e-05, Vec([[2.18477117e-10],
     [9.56443529e-08],
     [1.27074337e-09]]), 2.2475128842707814), (2.0061604040709693e-05, Vec([[7.00895420e-09],
     [2.04798051e-07],
     [3.49048740e-10]]), 2.221223013390637), (2.077578128409336e-05, Vec([[1.70158146e-09],
     [2.99465403e-07],
     [1.48887998e-09]]), 2.2306364468969067), (2.1478558008397525e-05, Vec([[-4.18312263e-10],
     [ 3.70200349e-07],
     [-1.38350730e-09]]), 2.2470907233419277), (2.1594363093014965e-05, Vec([[-1.17716132e-08],
     [ 4.87774990e-07],
     [-1.42337559e-09]]), 2.211529807217505), (2.186331168821825e-05, Vec([[ 3.27378079e-09],
     [ 5.64003037e-07],
     [-8.39706864e-10]]), 2.201479798572737), (2.2051431487098245e-05, Vec([[ 3.99039149e-09],
     [ 6.11608195e-07],
     [-3.53591682e-10]]), 2.1924396074836503), (2.20305103728182e-05, Vec([[ 2.12893736e-09],
     [ 6.82744464e-07],
     [-1.10264536e-09]]), 2.1717354117024708), (2.171527442808797e-05, Vec([[-1.23583228e-09],
     [ 6.84413969e-07],
     [-5.20035756e-10]]), 2.1311207430949874), (2.1475834725176577e-05, Vec([[ 4.08006470e-09],
     [ 6.99385302e-07],
     [-1.04731012e-09]]), 2.10671740034907), (2.1184199311776148e-05, Vec([[ 1.86723056e-09],
     [ 7.84120496e-07],
     [-1.32458988e-10]]), 2.085611369437721), (2.0942159488464055e-05, Vec([[-4.46040792e-09],
     [ 8.21781271e-07],
     [ 1.03018024e-11]]), 2.0776491023108834), (2.0763772445244772e-05, Vec([[1.98959364e-09],
     [8.35446642e-07],
     [1.80201653e-09]]), 2.083166159370087), (2.012692914194989e-05, Vec([[-3.94711431e-10],
     [ 8.92652683e-07],
     [-3.94124928e-12]]), 2.0486126350944667), (1.9892371180427247e-05, Vec([[-2.31406228e-09],
     [ 9.31047480e-07],
     [-1.01514908e-09]]), 2.0630199259559823), (1.941713765089927e-05, Vec([[6.80786603e-10],
     [9.72238748e-07],
     [1.32738032e-09]]), 2.06100009967637), (1.9019257756268974e-05, Vec([[-1.84582013e-09],
     [ 1.04640237e-06],
     [ 9.67691240e-10]]), 2.07585072950606), (1.8510861663062954e-05, Vec([[-1.63875593e-09],
     [ 1.07892175e-06],
     [ 8.85938456e-10]]), 2.0878038604591844), (1.842649625772404e-05, Vec([[-2.26473675e-09],
     [ 1.09891619e-06],
     [-6.89547221e-11]]), 2.132412649803452), (1.8802274812006898e-05, Vec([[-8.24386938e-10],
     [ 1.01187795e-06],
     [-5.93602866e-12]]), 2.1261940483610497), (1.9257827672292264e-05, Vec([[-3.56571832e-09],
     [ 8.80327159e-07],
     [-3.43306309e-10]]), 2.1374874448496786), (1.9763498832985213e-05, Vec([[-4.13207702e-09],
     [ 6.72280328e-07],
     [ 7.62232550e-10]]), 2.162382398571584), (1.9827446778366075e-05, Vec([[-4.43176552e-09],
     [ 4.30892883e-07],
     [ 2.34751736e-10]]), 2.1474522794137134), (2.0014749873787995e-05, Vec([[3.49744923e-09],
     [2.15942600e-07],
     [1.00929716e-10]]), 2.1546366437074322), (2.0068513955184382e-05, Vec([[ 2.00301923e-09],
     [ 9.06648855e-09],
     [-2.32671218e-10]]), 2.1560748447779083)]