[(1.5538683224332564e-05, Vec([[-2.05623975e-09],
     [-2.27483160e-08],
     [-1.58734483e-10]]), 2.1235919384587993), (1.6100104545380286e-05, Vec([[-6.53947433e-08],
     [-1.97137549e-08],
     [ 4.68575639e-10]]), 2.097643299660842), (1.6351485462467805e-05, Vec([[-1.24166826e-07],
     [-1.24400420e-08],
     [-1.88932891e-09]]), 2.0432756656060813), (1.6945379136469704e-05, Vec([[-1.78420205e-07],
     [-6.56292348e-09],
     [-2.15211726e-09]]), 2.042198836273631), (1.7425169720113685e-05, Vec([[-2.42700541e-07],
     [ 1.19501284e-08],
     [-1.33193138e-09]]), 2.0358329104910964), (1.7814576837149894e-05, Vec([[-2.77637954e-07],
     [-2.35780681e-08],
     [-2.90759588e-09]]), 2.0275199996509263), (1.827687483960439e-05, Vec([[-3.19648675e-07],
     [ 3.57236857e-09],
     [ 5.39194548e-10]]), 2.035703384137718), (1.8331437606687535e-05, Vec([[-3.45779554e-07],
     [ 1.42286891e-09],
     [-2.40058306e-09]]), 2.0069925772058754), (1.869795058382054e-05, Vec([[-3.87172680e-07],
     [-1.42736809e-08],
     [-3.06806758e-09]]), 2.020825853292305), (1.8918787938129247e-05, Vec([[-4.01627161e-07],
     [-2.65834702e-08],
     [-2.17453987e-09]]), 2.0268214925498107), (1.8864820854310784e-05, Vec([[-3.84889042e-07],
     [-6.04474442e-09],
     [-1.02144819e-09]]), 2.0115574243863987), (1.8719705171174466e-05, Vec([[-3.94303270e-07],
     [ 1.41905208e-08],
     [ 2.28765487e-09]]), 1.994756797960759), (1.8681545776208786e-05, Vec([[-3.31434610e-07],
     [-1.13693228e-08],
     [ 1.57672562e-09]]), 1.9974056030284417), (1.8345116036298017e-05, Vec([[-3.04954032e-07],
     [-8.83198912e-10],
     [ 5.69795350e-10]]), 1.976057555958999), (1.8112771860431783e-05, Vec([[-2.55490509e-07],
     [ 2.90141159e-09],
     [-2.29510646e-09]]), 1.9736917336409328), (1.7923753791982674e-05, Vec([[-2.05038608e-07],
     [-1.07088899e-08],
     [-1.62829401e-09]]), 1.9841301766262494), (1.7411184116777386e-05, Vec([[-1.21540891e-07],
     [ 1.72117375e-09],
     [-1.87796604e-09]]), 1.9665572501993822), (1.7127503044672453e-05, Vec([[-5.26332202e-08],
     [-5.55433976e-09],
     [-5.46027720e-10]]), 1.9827936685561327), (1.6835802331163368e-05, Vec([[ 2.92445085e-08],
     [-2.94178022e-09],
     [-1.07152453e-09]]), 2.0071981902162506), (1.6382659379355838e-05, Vec([[ 7.80771443e-08],
     [-5.96672651e-10],
     [ 2.00605692e-09]]), 2.0216556759712594), (1.5849983253149355e-05, Vec([[1.41886757e-07],
     [2.61138439e-09],
     [9.03398127e-10]]), 2.035486630093661), (1.5055692922045892e-05, Vec([[ 1.87937095e-07],
     [-5.91512204e-09],
     [ 3.88992962e-10]]), 2.0239642635058117), (1.4753805654841586e-05, Vec([[ 2.50961866e-07],
     [-5.98120206e-09],
     [ 4.59990813e-11]]), 2.0895820760749637), (1.4280984376946672e-05, Vec([[ 2.91359755e-07],
     [-6.77400301e-09],
     [-3.09268002e-11]]), 2.146176293010368), (1.3809900023628062e-05, Vec([[ 3.30892939e-07],
     [-1.12678600e-09],
     [ 7.16495564e-12]]), 2.2199334837950895), (1.3486023584736883e-05, Vec([[ 3.63770977e-07],
     [ 1.35700535e-09],
     [-7.08599511e-10]]), 2.2497867111971352), (1.4034751616762998e-05, Vec([[ 3.07849051e-07],
     [-9.14943526e-09],
     [-9.38137829e-12]]), 2.1790555053646337), (1.468599639682676e-05, Vec([[ 2.66565027e-07],
     [ 3.55633250e-09],
     [-3.78214319e-10]]), 2.1405490373628897), (1.5174463507767101e-05, Vec([[ 2.19368422e-07],
     [ 8.52486530e-09],
     [-6.62019012e-14]]), 2.092067484889387), (1.5485613733353565e-05, Vec([[1.47010426e-07],
     [1.35993191e-08],
     [2.47973328e-10]]), 2.0331384045237613), (1.610141491141383e-05, Vec([[9.56841607e-08],
     [5.35646381e-09],
     [5.39227197e-12]]), 2.025536864249626), (1.658122487294873e-05, Vec([[ 4.70951755e-08],
     [-1.24006276e-08],
     [ 3.01523405e-09]]), 2.0098935278824666), (1.6753325348726513e-05, Vec([[-1.96993589e-08],
     [ 9.01756132e-09],
     [ 7.53627702e-10]]), 1.9670043334543248), (1.7281855685915813e-05, Vec([[-1.03780403e-07],
     [-1.99338287e-09],
     [-1.37667189e-09]]), 1.9750112069973644), (1.7652067566422387e-05, Vec([[-1.72392797e-07],
     [-4.64672063e-09],
     [-2.23697555e-10]]), 1.9727163562564844), (1.8087401985668458e-05, Vec([[-2.35283419e-07],
     [ 6.93436814e-09],
     [ 6.71889476e-10]]), 1.9854629769854384), (1.8301033301522167e-05, Vec([[-2.82182028e-07],
     [ 7.37024999e-09],
     [-3.94167870e-09]]), 1.9816932669833287), (1.839851902109564e-05, Vec([[-3.40588862e-07],
     [ 9.31462501e-09],
     [ 2.24505697e-09]]), 1.973456048622595), (1.8552967618464664e-05, Vec([[-3.56864976e-07],
     [ 7.47165168e-10],
     [-2.60660226e-09]]), 1.9793211684235534), (1.8703757451760307e-05, Vec([[-3.85760010e-07],
     [-5.71952727e-09],
     [ 1.72982372e-09]]), 1.9927163470483258), (1.863314682243228e-05, Vec([[-3.97913861e-07],
     [ 1.76702499e-08],
     [-1.59003675e-09]]), 1.9905233301096377), (1.8644655972476414e-05, Vec([[-3.83056802e-07],
     [-2.62120666e-09],
     [-2.64512819e-09]]), 2.005210744803996), (1.8258555917039023e-05, Vec([[-3.76951871e-07],
     [-7.54513914e-09],
     [ 1.10803523e-09]]), 1.9850923285706892), (1.8253703413507135e-05, Vec([[-3.34157809e-07],
     [ 4.25348846e-09],
     [ 3.84083275e-09]]), 2.0146386204157474), (1.7928886880221974e-05, Vec([[-3.14529025e-07],
     [-2.13480354e-08],
     [-2.34142269e-09]]), 2.0174854625470515), (1.7538522173590348e-05, Vec([[-2.60589905e-07],
     [-9.05218417e-09],
     [ 7.92782103e-10]]), 2.0212238938220426), (1.7169415803649925e-05, Vec([[-2.12210426e-07],
     [ 2.29220240e-08],
     [-1.43396202e-09]]), 2.0360593231515702), (1.6655124225050804e-05, Vec([[-1.54237581e-07],
     [-1.27723527e-09],
     [-1.09072614e-09]]), 2.0425197507762367), (1.6000730359528057e-05, Vec([[-1.00022538e-07],
     [-2.54388394e-09],
     [ 7.42962988e-10]]), 2.0401533666305043), (1.5572802221124978e-05, Vec([[-2.74463041e-08],
     [ 1.18770643e-08],
     [-5.89305902e-10]]), 2.076366446706716), (1.5530037694744592e-05, Vec([[ 3.43627745e-08],
     [ 5.27370562e-09],
     [-6.75798647e-10]]), 2.0706645295806467), (1.6167439150932984e-05, Vec([[ 9.47485333e-08],
     [-1.99566648e-08],
     [ 3.12791927e-10]]), 2.0614093652249137), (1.6492795139224724e-05, Vec([[ 1.45568564e-07],
     [-2.09621412e-09],
     [ 2.09472611e-09]]), 2.0226123421346047), (1.6987586943632543e-05, Vec([[ 2.08489335e-07],
     [-8.21632637e-09],
     [-2.13950155e-09]]), 2.0144968920304303), (1.7651459518205026e-05, Vec([[2.58609998e-07],
     [6.78738746e-09],
     [1.05167958e-09]]), 2.0342393381782236), (1.790061164318514e-05, Vec([[ 2.99760510e-07],
     [ 6.36146332e-09],
     [-3.55027622e-09]]), 2.0143037324121598), (1.8227428260772707e-05, Vec([[ 3.28635778e-07],
     [ 5.78925745e-09],
     [-1.15301106e-09]]), 2.0117386643763107), (1.8398665416025797e-05, Vec([[3.64312093e-07],
     [9.18738079e-09],
     [1.10060229e-09]]), 2.00032520311248), (1.8392376116640992e-05, Vec([[3.83139425e-07],
     [4.84759491e-09],
     [5.03219916e-11]]), 1.9780783440578749), (1.850866113535996e-05, Vec([[3.96135011e-07],
     [2.27446241e-09],
     [1.37204100e-09]]), 1.9772248965845038), (1.878467428284082e-05, Vec([[ 3.91849444e-07],
     [ 1.47941449e-09],
     [-2.14144537e-09]]), 2.0013373042255864), (1.8536542954774823e-05, Vec([[ 3.72356058e-07],
     [-8.62508095e-09],
     [ 7.74703274e-09]]), 1.977568905109452), (1.848001646427399e-05, Vec([[ 3.35960002e-07],
     [-1.01729842e-09],
     [-1.74284963e-09]]), 1.982197601244476), (1.8084355337670687e-05, Vec([[2.79833777e-07],
     [3.17833680e-09],
     [4.69425286e-09]]), 1.9582306976849917), (1.7818507770736896e-05, Vec([[ 2.47025029e-07],
     [-6.15569569e-09],
     [ 9.63522638e-10]]), 1.9559463272811202), (1.7664714713621008e-05, Vec([[ 1.53414390e-07],
     [-1.24780595e-08],
     [ 1.62984579e-09]]), 1.9741297450306223), (1.7392650317969877e-05, Vec([[1.02574132e-07],
     [3.75342589e-09],
     [1.56846107e-09]]), 1.987673078729129), (1.714136498861643e-05, Vec([[2.33987759e-08],
     [5.96577225e-09],
     [3.97350263e-10]]), 2.012563984289468), (1.667311745328341e-05, Vec([[-1.72572230e-08],
     [-5.08671943e-09],
     [ 9.97674125e-10]]), 2.021032288974623), (1.6054590974662072e-05, Vec([[-1.14141085e-07],
     [ 6.84302929e-10],
     [ 5.74221778e-10]]), 2.019646474458306), (1.5595833270970523e-05, Vec([[-1.56909888e-07],
     [-3.15872788e-10],
     [ 2.32621529e-09]]), 2.047609356642064), (1.5037348923963263e-05, Vec([[-2.31744533e-07],
     [ 4.01546630e-09],
     [-8.76121718e-10]]), 2.0731638206950436), (1.463257324456827e-05, Vec([[-2.61648618e-07],
     [-3.83492333e-09],
     [-3.25604945e-10]]), 2.132762376243695), (1.4130657360019896e-05, Vec([[-3.23881141e-07],
     [-6.82209456e-09],
     [-1.97184457e-10]]), 2.1939459675221844), (1.326696273150104e-05, Vec([[-3.36392596e-07],
     [-8.06364396e-10],
     [ 2.97741242e-10]]), 2.213242195798891), (1.365857588789865e-05, Vec([[-3.31750027e-07],
     [ 2.02413352e-10],
     [ 5.60490837e-10]]), 2.1956082160351977), (1.4272000900543835e-05, Vec([[-2.97111023e-07],
     [ 3.98603186e-09],
     [ 1.37344917e-09]]), 2.1448262373296334), (1.4728170586993697e-05, Vec([[-2.45260369e-07],
     [ 1.37630384e-09],
     [ 3.26500903e-11]]), 2.085951380405856), (1.5313656603246818e-05, Vec([[-2.02730697e-07],
     [-2.77233494e-09],
     [ 1.19633866e-09]]), 2.0586427917367214), (1.5891731516101332e-05, Vec([[-1.22529941e-07],
     [ 6.48250322e-09],
     [-1.07763034e-10]]), 2.0408480257311923), (1.6220798960954864e-05, Vec([[-6.32925642e-08],
     [ 1.86629851e-09],
     [-2.96203963e-10]]), 2.0016817495165764), (1.6584284371115393e-05, Vec([[-3.18400119e-08],
     [-2.65398652e-09],
     [-9.58424646e-10]]), 1.9772117135230243), (1.6987247928500834e-05, Vec([[5.39910511e-08],
     [8.85340629e-09],
     [9.62770193e-10]]), 1.9665568034624685), (1.734695698802193e-05, Vec([[1.19586040e-07],
     [9.91813449e-09],
     [1.79898322e-09]]), 1.9593029287892827), (1.790611131754444e-05, Vec([[1.95337438e-07],
     [6.78409640e-09],
     [2.10108747e-09]]), 1.9821771836132065), (1.7896211958822756e-05, Vec([[2.25200464e-07],
     [1.73131371e-09],
     [1.54150079e-09]]), 1.9500938828571124), (1.844125814217917e-05, Vec([[3.19325816e-07],
     [2.47586102e-08],
     [5.04165036e-10]]), 1.986413573026233), (1.882329766957957e-05, Vec([[ 3.37331228e-07],
     [ 1.01523316e-08],
     [-3.92882802e-09]]), 2.01256152371351), (1.880101784730005e-05, Vec([[ 3.93893599e-07],
     [-1.09491728e-08],
     [-2.74555656e-09]]), 2.0034214116380973), (1.8737039185613613e-05, Vec([[ 4.17918211e-07],
     [ 3.01072082e-09],
     [-1.84626849e-09]]), 1.9979320543734345), (1.8922826959253424e-05, Vec([[ 4.09916077e-07],
     [-1.09264820e-08],
     [ 2.11050212e-09]]), 2.0272542039291084), (1.84601207726478e-05, Vec([[ 3.74447809e-07],
     [-8.07784806e-09],
     [-5.50546583e-10]]), 1.9951218260542942), (1.8250546422896093e-05, Vec([[ 3.51268999e-07],
     [-1.35008552e-08],
     [ 3.70421295e-10]]), 1.9981363156886895), (1.8218984952055853e-05, Vec([[ 3.29751191e-07],
     [-2.47471313e-09],
     [-1.28560072e-09]]), 2.0292555290736485), (1.7731730788154908e-05, Vec([[ 2.84693707e-07],
     [-4.90253935e-09],
     [ 4.20047386e-10]]), 2.0180910907992087), (1.7501579280640357e-05, Vec([[ 2.33032770e-07],
     [ 2.41646048e-09],
     [-9.72755975e-10]]), 2.0447600601541946), (1.6928801775152832e-05, Vec([[ 1.77609760e-07],
     [-1.93859464e-09],
     [-2.92837455e-10]]), 2.040200989679751), (1.6446399853117306e-05, Vec([[ 1.21471105e-07],
     [-1.08226661e-08],
     [-9.44332026e-10]]), 2.0551361332788876), (1.5699387227608556e-05, Vec([[ 6.67144407e-08],
     [-2.60942131e-10],
     [ 7.26234137e-10]]), 2.045434819007024), (1.523788284169121e-05, Vec([[2.04467973e-09],
     [5.21166014e-09],
     [4.27868623e-10]]), 2.082483096838151)]