[(1.988348188337937e-05, Vec([[ 1.66866764e-09],
     [-1.69797526e-08],
     [ 7.95029187e-10]]), 2.1361957946206926), (2.0069695641330374e-05, Vec([[ 6.81921476e-10],
     [-2.36495449e-07],
     [-3.70825951e-10]]), 2.160551689606581), (1.957367964654666e-05, Vec([[-2.22988115e-09],
     [-4.46273637e-07],
     [ 5.44965191e-10]]), 2.1199675098537476), (1.966462741360809e-05, Vec([[ 2.34763974e-09],
     [-6.48686246e-07],
     [ 1.16172300e-09]]), 2.1515645864630293), (1.9508913743177653e-05, Vec([[ 3.23412924e-09],
     [-9.05203798e-07],
     [ 1.33087211e-09]]), 2.165356285158513), (1.881302830016128e-05, Vec([[ 5.72001697e-09],
     [-1.00465497e-06],
     [-2.65564108e-10]]), 2.1274100715679003), (1.808849013700967e-05, Vec([[-1.50866680e-09],
     [-1.10346194e-06],
     [-5.20765428e-10]]), 2.0932967746288558), (1.8547576223872468e-05, Vec([[-1.44972069e-09],
     [-1.10050103e-06],
     [-3.75813248e-10]]), 2.0919448239209837), (1.8886531654193162e-05, Vec([[ 3.81797796e-10],
     [-1.03684446e-06],
     [ 2.49750813e-09]]), 2.061364382070774), (1.952069990163406e-05, Vec([[ 1.35532093e-09],
     [-9.74773829e-07],
     [ 6.70642964e-10]]), 2.071992544233575), (1.979202672434398e-05, Vec([[ 1.35194523e-09],
     [-9.49124755e-07],
     [-1.98807992e-10]]), 2.0526132926551375), (2.018153346794943e-05, Vec([[-4.20725274e-09],
     [-8.92348318e-07],
     [-7.63987265e-10]]), 2.0541705178387515), (2.0450373647422375e-05, Vec([[ 7.91793845e-09],
     [-7.95798213e-07],
     [-7.80327099e-11]]), 2.051723810840574), (2.091153727187003e-05, Vec([[-3.40825218e-09],
     [-7.82098817e-07],
     [-1.28069638e-09]]), 2.074611105162003), (2.1253764927855646e-05, Vec([[-4.15046209e-09],
     [-7.44206176e-07],
     [-6.33016974e-10]]), 2.09246019283114), (2.1472559510595685e-05, Vec([[-4.69722940e-09],
     [-6.93938133e-07],
     [-1.80856311e-09]]), 2.1063961112520126), (2.172544662127014e-05, Vec([[ 1.61030261e-10],
     [-6.88420933e-07],
     [-1.23765698e-09]]), 2.13211903450342), (2.1707207141066585e-05, Vec([[-5.10307525e-09],
     [-6.32012198e-07],
     [ 2.34048040e-10]]), 2.139864653139422), (2.2163215173818133e-05, Vec([[ 6.78830560e-09],
     [-6.44558383e-07],
     [ 1.43954165e-09]]), 2.203553579035955), (2.1910453658158083e-05, Vec([[-5.08051604e-09],
     [-5.61059614e-07],
     [ 2.50924666e-09]]), 2.206226659248166), (2.1464137066207396e-05, Vec([[ 3.50296368e-09],
     [-4.93625291e-07],
     [ 9.97928799e-10]]), 2.198193051754058), (2.1277465113263394e-05, Vec([[ 4.68531274e-09],
     [-3.93958476e-07],
     [ 1.50894904e-09]]), 2.226052347348103), (2.0986008063948355e-05, Vec([[ 7.27690122e-09],
     [-2.80259903e-07],
     [-4.44468919e-10]]), 2.2532078973201615), (2.016983180324139e-05, Vec([[-4.17347844e-09],
     [-1.77844487e-07],
     [ 1.18765449e-09]]), 2.233206003202186), (1.9453470113574403e-05, Vec([[ 3.38259168e-09],
     [-7.04220594e-08],
     [-2.09753453e-10]]), 2.232601989550213), (1.8903770717014398e-05, Vec([[ 4.10482913e-09],
     [-4.40831706e-08],
     [-1.04158845e-09]]), 2.2133206419765954), (1.956277177855226e-05, Vec([[ 5.21168948e-10],
     [-1.44097288e-07],
     [ 7.27029818e-10]]), 2.2037489660808727), (2.024899445882444e-05, Vec([[ 7.00429431e-11],
     [-2.18339409e-07],
     [-8.88191089e-10]]), 2.2063905750895723), (2.0576765844888477e-05, Vec([[ 2.87038413e-09],
     [-3.44141391e-07],
     [ 9.20185559e-10]]), 2.1795428115703053), (2.103817750207355e-05, Vec([[ 2.40690843e-09],
     [-4.48763317e-07],
     [ 6.05392220e-10]]), 2.1764498107105004), (2.159033003536202e-05, Vec([[ 3.87751480e-09],
     [-5.57251953e-07],
     [-8.99472350e-10]]), 2.191293705060673), (2.1674696926388378e-05, Vec([[-4.33627750e-09],
     [-6.65827713e-07],
     [-9.42874230e-10]]), 2.167556382159016), (2.173162013530614e-05, Vec([[-4.58438155e-09],
     [-6.54616214e-07],
     [ 1.91574518e-09]]), 2.150334614380441), (2.1586283223610265e-05, Vec([[ 7.26414955e-09],
     [-7.23592799e-07],
     [ 4.18109534e-10]]), 2.1221233719743555), (2.1657725358998e-05, Vec([[-5.67982001e-09],
     [-7.39721223e-07],
     [ 1.00131094e-10]]), 2.1239466798424194), (2.133297918383019e-05, Vec([[ 4.50221235e-10],
     [-7.26174697e-07],
     [-1.10338406e-09]]), 2.0954190176621106), (2.0990876373051152e-05, Vec([[ 5.60588624e-09],
     [-7.53690447e-07],
     [ 2.70438901e-10]]), 2.073455462944513), (2.0638361407014095e-05, Vec([[-2.29907641e-10],
     [-8.07013429e-07],
     [-2.63759109e-10]]), 2.0585442744111337), (2.0442110485645716e-05, Vec([[ 3.51392388e-09],
     [-8.53713260e-07],
     [ 1.25004533e-09]]), 2.064646582777728), (1.966623957128366e-05, Vec([[ 4.43091105e-09],
     [-8.69552068e-07],
     [-3.53442073e-10]]), 2.0194503266678225), (1.951805886708215e-05, Vec([[ 4.88637187e-11],
     [-9.26092726e-07],
     [ 6.87696908e-10]]), 2.0466497889624273), (1.9130031704544156e-05, Vec([[-3.73901404e-09],
     [-9.83682489e-07],
     [ 6.25713351e-10]]), 2.0577966656697013), (1.8883311169636392e-05, Vec([[-2.86788162e-09],
     [-1.02930715e-06],
     [ 2.29471741e-10]]), 2.0937929111352673), (1.8323379928419394e-05, Vec([[-8.40652722e-10],
     [-1.08898061e-06],
     [ 9.23928037e-10]]), 2.1049891128054883), (1.8558741131317786e-05, Vec([[ 4.10261527e-09],
     [-1.04676872e-06],
     [ 6.01198718e-10]]), 2.121833566101679), (1.942145941326599e-05, Vec([[-3.22342973e-11],
     [-9.47293226e-07],
     [-2.26479540e-09]]), 2.174646552404745), (1.961453871145822e-05, Vec([[ 1.78431009e-09],
     [-7.36052684e-07],
     [-4.12636178e-13]]), 2.160382761544796), (1.9743748359530815e-05, Vec([[-5.87573046e-10],
     [-5.76787108e-07],
     [ 1.01737277e-10]]), 2.1481667878359367), (1.987280775984915e-05, Vec([[-1.20994229e-09],
     [-3.26280280e-07],
     [ 2.60954120e-09]]), 2.144760654995333), (1.972959946174509e-05, Vec([[-2.74529287e-10],
     [-9.83615599e-08],
     [ 1.97385615e-10]]), 2.1207310271232087), (2.000375517775738e-05, Vec([[ 7.52316010e-09],
     [ 1.29667348e-07],
     [-5.95507785e-10]]), 2.1501999747487184), (1.9896544529131052e-05, Vec([[ 1.29479749e-09],
     [ 3.16097303e-07],
     [-1.69512649e-09]]), 2.1473224313405654), (1.9962000112325435e-05, Vec([[-2.28072371e-09],
     [ 5.13247844e-07],
     [ 1.75014922e-09]]), 2.171913097716048), (1.951134016883441e-05, Vec([[-6.15554926e-10],
     [ 7.35417444e-07],
     [-1.34679332e-09]]), 2.1490162769294434), (1.9107439001959258e-05, Vec([[-6.35334995e-09],
     [ 9.24122326e-07],
     [ 4.64793849e-10]]), 2.139485270736775), (1.874381346292203e-05, Vec([[ 6.87478998e-09],
     [ 1.03283319e-06],
     [-3.15159455e-10]]), 2.142993012347304), (1.8245235099510893e-05, Vec([[-4.23757999e-09],
     [ 1.07141940e-06],
     [-4.45173183e-10]]), 2.096011838158724), (1.8828213345887533e-05, Vec([[-1.89009210e-09],
     [ 1.02822322e-06],
     [-5.77679103e-10]]), 2.0876836312664993), (1.9026736402833546e-05, Vec([[-3.60457908e-10],
     [ 1.00211321e-06],
     [ 2.95775828e-10]]), 2.046685302619061), (1.9781003390414542e-05, Vec([[2.65092944e-10],
     [9.36368080e-07],
     [1.36320304e-09]]), 2.074221964907377), (2.005127819636962e-05, Vec([[-1.09819420e-10],
     [ 9.03339114e-07],
     [-9.66664092e-10]]), 2.0589884587235794), (2.059365319960945e-05, Vec([[-1.80929989e-10],
     [ 8.71421891e-07],
     [ 1.45433623e-09]]), 2.0799523481364375), (2.0755707009384777e-05, Vec([[-8.15689455e-10],
     [ 7.83999804e-07],
     [ 4.99971736e-11]]), 2.070248746153032), (2.1028882611961655e-05, Vec([[5.91783012e-09],
     [7.76824600e-07],
     [3.56580405e-10]]), 2.077209677027547), (2.127615075483731e-05, Vec([[-4.15940901e-09],
     [ 7.16314308e-07],
     [ 4.90632274e-11]]), 2.089837079488853), (2.1595015111059128e-05, Vec([[ 8.83979149e-10],
     [ 7.39064662e-07],
     [-1.00409555e-09]]), 2.1177967624021488), (2.194020231669704e-05, Vec([[4.98033190e-09],
     [6.92947542e-07],
     [9.50707891e-10]]), 2.1569167623624685), (2.1481937274988518e-05, Vec([[7.01220064e-09],
     [6.78122755e-07],
     [4.00965131e-10]]), 2.1256286010314307), (2.2033209761413684e-05, Vec([[-2.27259760e-09],
     [ 6.60271684e-07],
     [-1.20370223e-09]]), 2.2034090995595963), (2.1719586022976226e-05, Vec([[1.64010433e-09],
     [5.63347871e-07],
     [1.71952704e-09]]), 2.204412440695399), (2.12045976123174e-05, Vec([[-1.62143498e-09],
     [ 4.78544633e-07],
     [ 8.35444429e-10]]), 2.1936663693883114), (2.066019506014521e-05, Vec([[ 5.24017163e-09],
     [ 3.80215419e-07],
     [-4.33385326e-10]]), 2.188379843966869), (2.012683022817395e-05, Vec([[ 3.16254608e-09],
     [ 2.46061788e-07],
     [-2.30344710e-09]]), 2.193079197694096), (1.990605209752473e-05, Vec([[-4.78911661e-10],
     [ 1.88314823e-07],
     [ 2.55657961e-10]]), 2.2424195418344004), (1.908517197724958e-05, Vec([[ 3.04627722e-09],
     [ 5.51958753e-08],
     [-4.64424449e-11]]), 2.2345597460563784), (1.933987514199286e-05, Vec([[8.20630846e-09],
     [8.03106897e-08],
     [2.21396065e-09]]), 2.2195651196203094), (2.0129517552141887e-05, Vec([[3.94538257e-09],
     [1.88135478e-07],
     [6.41924766e-10]]), 2.22874240487136), (2.0842500834669982e-05, Vec([[-5.79575470e-10],
     [ 3.00740847e-07],
     [-2.90538813e-10]]), 2.2377999349603255), (2.135627420724186e-05, Vec([[-4.56033229e-09],
     [ 3.72724495e-07],
     [ 1.91103145e-10]]), 2.234297369380063), (2.184025218941417e-05, Vec([[-4.70330829e-09],
     [ 4.74302638e-07],
     [-7.14683627e-10]]), 2.2367118912463004), (2.1993112428249362e-05, Vec([[ 4.30148857e-09],
     [ 5.97763744e-07],
     [-1.95094718e-10]]), 2.2145498087840565), (2.2299943085683563e-05, Vec([[4.79904848e-09],
     [6.79644889e-07],
     [4.86542448e-11]]), 2.217147603061003), (2.183144714737822e-05, Vec([[-3.47328829e-09],
     [ 6.34655240e-07],
     [-1.08339763e-09]]), 2.1521120508025295), (2.1789405180933243e-05, Vec([[-3.45895650e-09],
     [ 6.97150622e-07],
     [ 2.52443981e-10]]), 2.1383958795715245), (2.1949661003764527e-05, Vec([[-6.62742106e-09],
     [ 7.04227328e-07],
     [ 7.89433969e-11]]), 2.153198390662972), (2.1340171025452087e-05, Vec([[-7.45605122e-09],
     [ 7.51613597e-07],
     [ 1.13630198e-10]]), 2.1009669830517037), (2.085730216381619e-05, Vec([[ 1.77230680e-09],
     [ 7.71420652e-07],
     [-6.39918324e-10]]), 2.0692304984665064), (2.0449544502771376e-05, Vec([[2.36608951e-10],
     [8.30355342e-07],
     [1.02126602e-09]]), 2.0516406252786665), (2.0409863206703325e-05, Vec([[ 1.97988106e-09],
     [ 8.72835209e-07],
     [-7.47079906e-10]]), 2.0774109826150746), (1.9941268641837943e-05, Vec([[2.75254829e-09],
     [9.44782375e-07],
     [7.67864237e-10]]), 2.0680910377055044), (1.964723153886195e-05, Vec([[3.71792113e-10],
     [9.97757189e-07],
     [2.07690920e-09]]), 2.0854230364939426), (1.9099224228552136e-05, Vec([[-6.45234743e-10],
     [ 1.04238337e-06],
     [ 5.25215470e-10]]), 2.084578644230824), (1.855114203757788e-05, Vec([[-5.40734118e-09],
     [ 1.10449562e-06],
     [ 4.72122209e-10]]), 2.092347005070373), (1.8204010459352203e-05, Vec([[-3.85041076e-09],
     [ 1.09034856e-06],
     [-3.34804883e-10]]), 2.1066654038694423), (1.886096263440396e-05, Vec([[2.44885512e-09],
     [1.01036933e-06],
     [3.50861358e-10]]), 2.1328305697362304), (1.943116072601236e-05, Vec([[-3.61974266e-10],
     [ 8.81821079e-07],
     [-1.18850429e-09]]), 2.156726230885615), (1.9534058443901143e-05, Vec([[-2.18442497e-09],
     [ 6.98017688e-07],
     [ 1.16239374e-09]]), 2.1372786523640173), (1.9967908840020163e-05, Vec([[-9.21596720e-10],
     [ 4.26896876e-07],
     [-1.36870558e-10]]), 2.162665311017931), (1.9817259074289494e-05, Vec([[-1.44214762e-09],
     [ 2.25916264e-07],
     [-6.55255714e-10]]), 2.1333762774236735), (2.0078629233861393e-05, Vec([[ 4.27539088e-09],
     [-2.19887324e-09],
     [ 1.51145812e-09]]), 2.1571615868232894)]