[(1.9928213466811688e-05, Vec([[-1.00604724e-09],
     [-1.09198232e-09],
     [ 4.41588212e-10]]), 2.1410015635989477), (1.9924544479509874e-05, Vec([[ 3.02784677e-09],
     [-2.14632381e-07],
     [ 3.79731258e-12]]), 2.144925812985223), (1.9781962468353327e-05, Vec([[-1.30367412e-09],
     [-4.58801136e-07],
     [-9.21298240e-10]]), 2.1425260079524273), (1.950268741124743e-05, Vec([[-2.30198010e-09],
     [-6.81652112e-07],
     [-1.45552760e-09]]), 2.1338462556305915), (1.9267470770522924e-05, Vec([[-3.36013912e-09],
     [-8.88729820e-07],
     [ 1.76006200e-09]]), 2.138557762943092), (1.88815035041884e-05, Vec([[ 2.90606270e-10],
     [-9.76433298e-07],
     [ 1.93765641e-09]]), 2.1351533671381677), (1.8345296344858275e-05, Vec([[-4.25838561e-09],
     [-1.09683192e-06],
     [-5.23035612e-10]]), 2.1230157618147603), (1.852415915449325e-05, Vec([[-4.17070044e-09],
     [-1.10258475e-06],
     [-3.68510888e-10]]), 2.0893036584938693), (1.9170092677497313e-05, Vec([[-4.84184840e-10],
     [-1.05486178e-06],
     [-2.56709563e-10]]), 2.09231355814424), (1.9515199232673618e-05, Vec([[-7.82679769e-09],
     [-9.72875646e-07],
     [ 3.85850234e-10]]), 2.071408684785309), (1.977088666121131e-05, Vec([[ 4.53816748e-09],
     [-9.17258818e-07],
     [ 4.60054462e-10]]), 2.0504208757188613), (2.024790095213449e-05, Vec([[-4.71333665e-09],
     [-8.82286033e-07],
     [-7.83770703e-10]]), 2.0609257096368667), (2.053017933234285e-05, Vec([[-2.53930185e-09],
     [-8.28451795e-07],
     [-5.08150382e-10]]), 2.0597304725678733), (2.081471573206342e-05, Vec([[-6.20522098e-09],
     [-7.90319018e-07],
     [-1.60563714e-10]]), 2.065005544409094), (2.1097532873590707e-05, Vec([[-3.63532913e-09],
     [-7.48968779e-07],
     [ 2.71717108e-10]]), 2.0770789483550063), (2.150619384371259e-05, Vec([[-8.03693598e-10],
     [-7.30665864e-07],
     [-1.09513401e-09]]), 2.1096955422512393), (2.185643264443919e-05, Vec([[-3.85570098e-09],
     [-6.81865602e-07],
     [-8.55774601e-10]]), 2.1449739045606924), (2.2075612496361987e-05, Vec([[ 7.47473902e-10],
     [-6.81483287e-07],
     [ 2.26109831e-10]]), 2.176181512913266), (2.2207742880044148e-05, Vec([[-1.79449100e-10],
     [-6.37017254e-07],
     [-1.64020469e-09]]), 2.2079806978294645), (2.216868139711896e-05, Vec([[ 1.88580188e-09],
     [-5.49375535e-07],
     [-3.35915204e-10]]), 2.232228353724297), (2.175114517606812e-05, Vec([[ 2.12359809e-09],
     [-4.52203594e-07],
     [-5.42364269e-10]]), 2.227586231221132), (2.143378252386251e-05, Vec([[ 4.77604155e-09],
     [-3.78330651e-07],
     [-8.95534150e-10]]), 2.2424063038435422), (2.0716488235035662e-05, Vec([[-2.72920360e-09],
     [-2.65726364e-07],
     [-1.05234338e-10]]), 2.2242703211436945), (2.024172396420239e-05, Vec([[ 6.01070596e-09],
     [-2.14326464e-07],
     [ 5.39247253e-10]]), 2.2411659111978235), (1.932450749331638e-05, Vec([[ 4.81689050e-09],
     [-1.04681576e-07],
     [ 1.18189076e-09]]), 2.2178014320720507), (1.881425417203108e-05, Vec([[-1.39139204e-09],
     [-5.21537973e-08],
     [ 1.25816509e-09]]), 2.202839726831361), (1.949164250209458e-05, Vec([[-1.37547609e-09],
     [-1.50940897e-07],
     [ 1.15879842e-09]]), 2.195736243179124), (2.0270873963371427e-05, Vec([[ 1.75045003e-09],
     [-2.24820351e-07],
     [ 7.32552653e-10]]), 2.20877463088643), (2.0802271550154133e-05, Vec([[ 1.79783752e-09],
     [-3.71309208e-07],
     [-2.32405890e-10]]), 2.2034289432678165), (2.1215931677922585e-05, Vec([[-4.10607434e-09],
     [-4.81293922e-07],
     [ 2.41361108e-10]]), 2.194838905599613), (2.158752142328875e-05, Vec([[ 3.77821070e-09],
     [-5.81959886e-07],
     [ 7.93567001e-11]]), 2.1910086471691987), (2.2110198862779535e-05, Vec([[-6.59904222e-10],
     [-6.82186550e-07],
     [ 1.86471378e-09]]), 2.211108317619668), (2.185898221312503e-05, Vec([[-3.89026437e-09],
     [-6.73897837e-07],
     [ 9.98730402e-10]]), 2.1629370380740354), (2.1696196009380032e-05, Vec([[ 6.27476761e-10],
     [-6.97067192e-07],
     [ 1.40942753e-10]]), 2.132928775069675), (2.1595061682310544e-05, Vec([[ 5.62857292e-09],
     [-7.26349352e-07],
     [ 1.09653662e-09]]), 2.1178013295879086), (2.1212365317600734e-05, Vec([[ 1.53690606e-10],
     [-7.62147876e-07],
     [ 1.55623520e-09]]), 2.083571793375569), (2.124748467033252e-05, Vec([[ 4.53566901e-10],
     [-8.06821836e-07],
     [ 6.31664866e-10]]), 2.09880294564981), (2.0923569094998834e-05, Vec([[-5.75253616e-09],
     [-8.18082229e-07],
     [ 1.74019583e-10]]), 2.086991913326861), (2.047037091534009e-05, Vec([[ 3.02011791e-09],
     [-8.59004453e-07],
     [-1.89808757e-09]]), 2.0675008770854166), (1.983873126382893e-05, Vec([[-7.55091983e-09],
     [-8.70433464e-07],
     [-2.01071046e-10]]), 2.0371628336061938), (1.9487866580387234e-05, Vec([[-6.68927975e-09],
     [-9.55115596e-07],
     [ 6.89135661e-10]]), 2.0434838472254313), (1.912354780406746e-05, Vec([[-4.56528304e-10],
     [-9.84217885e-07],
     [-7.50976122e-11]]), 2.0570991995605206), (1.874909729897693e-05, Vec([[ 2.64462370e-09],
     [-1.06203064e-06],
     [ 5.47625669e-10]]), 2.078911196353451), (1.8125883390862505e-05, Vec([[ 4.81002719e-09],
     [-1.06151918e-06],
     [ 9.51414819e-10]]), 2.082300718906651), (1.86316230257794e-05, Vec([[ 2.93106438e-10],
     [-1.04633344e-06],
     [-3.47791681e-10]]), 2.130166202940326), (1.910538570798222e-05, Vec([[ 4.27947247e-09],
     [-9.21340933e-07],
     [-1.89353184e-09]]), 2.139255360688656), (1.947107601100767e-05, Vec([[ 1.08335926e-09],
     [-7.13329593e-07],
     [-1.51176147e-10]]), 2.1445815056734565), (1.9861510451747994e-05, Vec([[-1.00886959e-09],
     [-5.53616135e-07],
     [ 3.18719541e-10]]), 2.1609795836009766), (1.9806493784361266e-05, Vec([[ 7.55439887e-09],
     [-2.92256784e-07],
     [ 2.41521568e-10]]), 2.1376037596425737), (1.9843815086954155e-05, Vec([[-1.31797083e-10],
     [-9.66302231e-08],
     [-3.64031542e-10]]), 2.1330080437262473), (2.0009094144781683e-05, Vec([[ 1.95992232e-10],
     [ 1.10316867e-07],
     [-8.67863390e-10]]), 2.1507738593348282), (1.9832456005520832e-05, Vec([[-4.72367515e-09],
     [ 3.09498405e-07],
     [ 4.77559432e-12]]), 2.140405716524169), (1.9796783320291828e-05, Vec([[ 1.32080492e-09],
     [ 5.28764942e-07],
     [-1.65922760e-09]]), 2.153937117726004), (1.9575436807565007e-05, Vec([[5.08342159e-09],
     [7.54015523e-07],
     [2.91207618e-10]]), 2.156076003157196), (1.951794563888216e-05, Vec([[-4.90319815e-10],
     [ 9.52474529e-07],
     [-2.33242491e-10]]), 2.1854502429733045), (1.8786851401385e-05, Vec([[-3.48424485e-09],
     [ 1.06485407e-06],
     [ 2.64916739e-10]]), 2.1479135692859668), (1.8422162077338713e-05, Vec([[-3.38305216e-09],
     [ 1.08275341e-06],
     [-1.35280625e-09]]), 2.1163372019040616), (1.8734095053843107e-05, Vec([[-3.90231680e-09],
     [ 1.06562675e-06],
     [-1.94561970e-09]]), 2.0772477383809522), (1.9114882279527916e-05, Vec([[-4.02898797e-09],
     [ 9.69958145e-07],
     [ 1.02012634e-09]]), 2.0561670585280765), (1.944280466398044e-05, Vec([[-1.95449778e-09],
     [ 9.36679713e-07],
     [-5.77027882e-10]]), 2.0387586866788703), (1.988298033487193e-05, Vec([[ 2.25082429e-10],
     [ 8.92039640e-07],
     [-3.69199479e-10]]), 2.0417066001279345), (2.0309248838628913e-05, Vec([[-4.15917492e-09],
     [ 8.04987725e-07],
     [-1.63671922e-11]]), 2.05122759917092), (2.0742927898901665e-05, Vec([[-4.74412882e-09],
     [ 8.05331612e-07],
     [-1.34106066e-10]]), 2.068974111786559), (2.123627998720252e-05, Vec([[-4.22413481e-09],
     [ 7.52866037e-07],
     [ 7.26142511e-10]]), 2.0976961594902614), (2.1321247525333565e-05, Vec([[-1.54516851e-10],
     [ 7.34592669e-07],
     [-7.34524203e-10]]), 2.0942666825798555), (2.16069098154398e-05, Vec([[2.05928112e-09],
     [6.98675868e-07],
     [5.64907327e-10]]), 2.1189632615362117), (2.1853391786331302e-05, Vec([[-7.11752571e-09],
     [ 6.72567225e-07],
     [-9.81675903e-10]]), 2.1483825161694448), (2.190433746720691e-05, Vec([[-8.68776940e-09],
     [ 6.70098722e-07],
     [-2.44576668e-09]]), 2.1674249212686183), (2.1672001125788666e-05, Vec([[-9.88575433e-10],
     [ 6.64007660e-07],
     [-1.14541227e-09]]), 2.1672867913169953), (2.162051161206868e-05, Vec([[2.07653954e-09],
     [5.73946314e-07],
     [5.60689785e-10]]), 2.1943569606448983), (2.1160909433161615e-05, Vec([[-7.56674747e-09],
     [ 4.53159143e-07],
     [-2.26769390e-10]]), 2.1891467227010204), (2.092408065161249e-05, Vec([[-1.73414355e-09],
     [ 3.92742252e-07],
     [-1.07506791e-09]]), 2.2163312697786357), (1.997540879495679e-05, Vec([[ 8.68431215e-09],
     [ 2.48589033e-07],
     [-1.42335141e-09]]), 2.1765798686140148), (1.962507225763583e-05, Vec([[-7.78605846e-09],
     [ 1.50098852e-07],
     [-1.46275846e-09]]), 2.2107671237285165), (1.8986183204396356e-05, Vec([[-8.98567319e-10],
     [ 3.89234506e-08],
     [ 2.06531468e-09]]), 2.222969788816642), (1.9355772690388978e-05, Vec([[9.42235803e-10],
     [9.69798042e-08],
     [9.60196764e-10]]), 2.2213896217770417), (2.0094703262298014e-05, Vec([[1.23845619e-09],
     [1.85158791e-07],
     [4.31763443e-10]]), 2.2248877628577337), (2.0714518401690036e-05, Vec([[-1.70078325e-09],
     [ 2.74477842e-07],
     [-1.18307558e-10]]), 2.224058825749372), (2.1440800447977325e-05, Vec([[ 3.87422822e-10],
     [ 3.52121129e-07],
     [-5.27304739e-10]]), 2.2431405203663335), (2.1788262371819792e-05, Vec([[4.98414834e-09],
     [4.58328765e-07],
     [1.23264900e-09]]), 2.2313874910411857), (2.210018825398681e-05, Vec([[-4.37364238e-09],
     [ 5.69086990e-07],
     [ 1.65639172e-09]]), 2.2253315819498996), (2.230053859134252e-05, Vec([[ 4.04441005e-09],
     [ 6.48720274e-07],
     [-1.01191675e-09]]), 2.2172068105638787), (2.183508483675674e-05, Vec([[1.64321758e-09],
     [6.40394265e-07],
     [2.38559180e-10]]), 2.1524706488879306), (2.1754671579526808e-05, Vec([[-1.15697031e-09],
     [ 6.75309784e-07],
     [-1.74604845e-09]]), 2.1349871499842115), (2.155766206437413e-05, Vec([[ 5.08822925e-09],
     [ 6.94950630e-07],
     [-1.19205919e-09]]), 2.1147444261442376), (2.118906707301817e-05, Vec([[-5.90782767e-09],
     [ 7.40326374e-07],
     [-9.46008456e-10]]), 2.086090606723996), (2.0853687317932286e-05, Vec([[ 1.25341651e-09],
     [ 7.75445636e-07],
     [-1.95232191e-09]]), 2.068871873497108), (2.0440716284286083e-05, Vec([[-8.63151721e-09],
     [ 8.33977833e-07],
     [-5.49224579e-11]]), 2.0507549169593045), (2.022282840137768e-05, Vec([[ 9.99964369e-09],
     [ 8.85680184e-07],
     [-2.47710035e-10]]), 2.0583737085883116), (1.9747122193290326e-05, Vec([[-1.51740438e-09],
     [ 9.24979244e-07],
     [ 3.89908998e-11]]), 2.0479562841221104), (1.9515465550623617e-05, Vec([[ 6.65062982e-11],
     [ 9.87061775e-07],
     [-1.32062628e-09]]), 2.071436952665537), (1.8996878651995487e-05, Vec([[ 2.38702289e-09],
     [ 1.03150543e-06],
     [-5.73103614e-11]]), 2.073408169416327), (1.8468521338065058e-05, Vec([[ 7.45585047e-09],
     [ 1.05209516e-06],
     [-2.74791279e-10]]), 2.083028378064429), (1.8284563398885125e-05, Vec([[-3.09229633e-09],
     [ 1.12791586e-06],
     [ 6.66800525e-10]]), 2.1159874206455216), (1.899485590943445e-05, Vec([[-1.00351355e-10],
     [ 1.01229836e-06],
     [-9.66883791e-10]]), 2.1479714549393125), (1.9267490831369584e-05, Vec([[9.76183781e-09],
     [8.56281050e-07],
     [4.52227421e-10]]), 2.1385599895601644), (1.9493155129373233e-05, Vec([[-3.51794379e-09],
     [ 6.68258697e-07],
     [-4.00969576e-10]]), 2.132803300700537), (1.981879598477122e-05, Vec([[-3.40528778e-09],
     [ 4.15014244e-07],
     [ 9.31578023e-10]]), 2.146515337475013), (1.99222631162993e-05, Vec([[-5.24462220e-11],
     [ 2.15772018e-07],
     [-1.47979892e-09]]), 2.144680218670924), (2.0033680676202265e-05, Vec([[-6.73582820e-09],
     [ 1.33695004e-08],
     [ 1.53149492e-09]]), 2.152332507067095)]