[(1.5148264238597721e-05, Vec([[ 7.86645000e-11],
     [ 1.55054415e-08],
     [-8.54721282e-10]]), 2.070235383160119), (1.586264852453398e-05, Vec([[-6.43051636e-08],
     [ 3.89736743e-09],
     [ 7.32694305e-10]]), 2.0667057346476194), (1.646478449509997e-05, Vec([[-1.22536920e-07],
     [-8.72489298e-09],
     [ 6.05046720e-11]]), 2.0574334714424616), (1.6962094896933866e-05, Vec([[-1.83717319e-07],
     [ 5.95931979e-09],
     [ 1.89463687e-09]]), 2.0442133622569347), (1.7371511249000745e-05, Vec([[-2.34674620e-07],
     [ 1.82467541e-08],
     [ 1.74656736e-09]]), 2.029563836320056), (1.7794223612742526e-05, Vec([[-2.73974947e-07],
     [ 1.45161391e-08],
     [ 1.69853323e-09]]), 2.02520355004224), (1.7997548911953282e-05, Vec([[-3.20555087e-07],
     [ 1.34917198e-08],
     [-7.82177249e-10]]), 2.0045916792545286), (1.8343669482375418e-05, Vec([[-3.56968164e-07],
     [-1.23771262e-08],
     [-3.56288086e-09]]), 2.008331767521311), (1.850916164851526e-05, Vec([[-3.75386382e-07],
     [-6.65340222e-09],
     [-7.81981436e-10]]), 2.00042203633011), (1.883916331923104e-05, Vec([[-3.96864864e-07],
     [-1.84245857e-08],
     [-2.51374718e-09]]), 2.0182910893629495), (1.873569756854909e-05, Vec([[-3.99537137e-07],
     [-7.81349132e-09],
     [ 1.82139474e-09]]), 1.9977889976337138), (1.87627677025259e-05, Vec([[-3.82241487e-07],
     [-5.03290831e-09],
     [-4.53830588e-09]]), 1.9993455068301136), (1.851522556257255e-05, Vec([[-3.45706781e-07],
     [-1.79927442e-09],
     [ 3.08742170e-10]]), 1.9796228707752588), (1.8384652841856504e-05, Vec([[-3.13227276e-07],
     [-5.25754481e-09],
     [-5.16141831e-09]]), 1.980316291810424), (1.823593321860624e-05, Vec([[-2.34169033e-07],
     [-1.16468749e-09],
     [ 1.50997473e-09]]), 1.9871122391497522), (1.8020265385068915e-05, Vec([[-2.01771029e-07],
     [-1.16350958e-08],
     [-5.74797912e-09]]), 1.9948138518462435), (1.7601584387441693e-05, Vec([[-1.26978564e-07],
     [-2.05244757e-08],
     [-4.81248620e-10]]), 1.9880625671383956), (1.713150948585942e-05, Vec([[-6.29511954e-08],
     [ 3.03795803e-10],
     [-1.84752814e-09]]), 1.9832574808350294), (1.6552752549545927e-05, Vec([[ 1.57678395e-08],
     [-4.79754370e-09],
     [ 9.38642610e-10]]), 1.9734524263834217), (1.623273164990692e-05, Vec([[ 8.27019565e-08],
     [-3.81481575e-09],
     [ 4.43705880e-10]]), 2.0031542691967386), (1.5829592650260658e-05, Vec([[ 1.45094048e-07],
     [-3.84433831e-09],
     [ 1.03976694e-09]]), 2.0328680279855957), (1.5262826912268477e-05, Vec([[ 1.88198806e-07],
     [-9.48279105e-10],
     [ 3.41725359e-10]]), 2.0518096636570062), (1.4884183837831983e-05, Vec([[2.29753717e-07],
     [1.19957870e-09],
     [7.46132318e-11]]), 2.1080475432677317), (1.4105687886947387e-05, Vec([[ 2.90477387e-07],
     [-4.63830304e-09],
     [-1.42527761e-10]]), 2.11983236872937), (1.3774437701857735e-05, Vec([[ 3.29289477e-07],
     [-1.26403022e-08],
     [ 5.28788556e-10]]), 2.2142329359724133), (1.352843569608901e-05, Vec([[3.49449117e-07],
     [7.54551369e-09],
     [1.56485122e-10]]), 2.2568620513753785), (1.4011700490723832e-05, Vec([[2.98777497e-07],
     [6.35496232e-09],
     [7.06040370e-10]]), 2.175476554737499), (1.4703167202218035e-05, Vec([[ 2.56300541e-07],
     [-7.31328098e-09],
     [-1.10277955e-09]]), 2.1430517583194995), (1.5159956647059294e-05, Vec([[ 2.22513462e-07],
     [ 2.07002783e-09],
     [-5.42437497e-10]]), 2.090067458227549), (1.5658423230266813e-05, Vec([[ 1.37978590e-07],
     [-3.70274492e-09],
     [ 4.12214518e-12]]), 2.0558269224534067), (1.611049898828545e-05, Vec([[ 1.21911329e-07],
     [-1.07034021e-09],
     [-6.15314613e-10]]), 2.0266796291980715), (1.643397029905898e-05, Vec([[ 4.49158155e-08],
     [-1.63876046e-09],
     [ 8.15926284e-11]]), 1.9920440615565531), (1.6870606182416826e-05, Vec([[-2.16386305e-08],
     [ 9.92635492e-10],
     [ 9.88679429e-10]]), 1.9807742509661053), (1.7434216199678294e-05, Vec([[-1.05588873e-07],
     [ 1.43116973e-08],
     [ 2.73682922e-09]]), 1.992423325675685), (1.7938070077556232e-05, Vec([[-1.76911175e-07],
     [ 3.88256731e-10],
     [-1.94776552e-09]]), 2.0046787215443556), (1.804028755930036e-05, Vec([[-2.27866012e-07],
     [ 2.43296082e-09],
     [-3.41879299e-10]]), 1.9802912033216538), (1.8356585086171286e-05, Vec([[-2.81585001e-07],
     [-1.36396898e-09],
     [-3.49921796e-09]]), 1.9877085884023062), (1.850079161361036e-05, Vec([[-3.47654780e-07],
     [ 6.52338724e-09],
     [-2.18605619e-09]]), 1.984425978652021), (1.8661091444105783e-05, Vec([[-3.64845020e-07],
     [ 2.68496425e-10],
     [ 8.15520384e-10]]), 1.9908563460459956), (1.8762946781121907e-05, Vec([[-3.84923676e-07],
     [-2.15978256e-08],
     [ 7.21489538e-10]]), 1.9990224352497954), (1.8641867370694654e-05, Vec([[-4.02627068e-07],
     [-3.82619797e-09],
     [-3.51255913e-10]]), 1.9914549201911744), (1.8489922483442948e-05, Vec([[-3.91389380e-07],
     [ 1.72103627e-08],
     [ 7.83253963e-10]]), 1.988569340679997), (1.8065938109115597e-05, Vec([[-3.71291303e-07],
     [ 4.37536470e-09],
     [-5.16649976e-10]]), 1.964150687041521), (1.8205679969102684e-05, Vec([[-3.36687921e-07],
     [ 3.56287984e-09],
     [ 1.25367127e-09]]), 2.0093383323815392), (1.7835843277738184e-05, Vec([[-2.97058921e-07],
     [-2.33301860e-09],
     [ 3.15796631e-10]]), 2.0070155367425038), (1.753500807286756e-05, Vec([[-2.70761286e-07],
     [ 2.65579048e-09],
     [ 5.53106661e-11]]), 2.020818911904188), (1.7223349137568656e-05, Vec([[-2.09225790e-07],
     [-8.92811464e-11],
     [-5.99344874e-10]]), 2.042455083415617), (1.6429722787446446e-05, Vec([[-1.63219462e-07],
     [ 1.46846825e-08],
     [ 9.27553780e-10]]), 2.0148773938691775), (1.5958375019987207e-05, Vec([[-9.43757085e-08],
     [ 4.98917674e-09],
     [-5.20328749e-11]]), 2.0347529013631434), (1.555730955922241e-05, Vec([[-3.73102143e-08],
     [ 3.04447713e-09],
     [-8.06808849e-10]]), 2.074300765598854), (1.5662174993304373e-05, Vec([[ 2.66972118e-08],
     [-1.18581232e-09],
     [ 1.48343703e-09]]), 2.0882827751084685), (1.629069615643156e-05, Vec([[ 9.59053411e-08],
     [ 1.44101863e-08],
     [-5.78046966e-10]]), 2.0771250975120323), (1.659992107377748e-05, Vec([[1.54797153e-07],
     [2.90901712e-09],
     [1.07319991e-09]]), 2.0357498506988017), (1.7298352097263857e-05, Vec([[ 2.08489533e-07],
     [-1.70364547e-08],
     [-4.25116342e-10]]), 2.051349414888381), (1.7652514601430915e-05, Vec([[2.68187426e-07],
     [2.94808180e-09],
     [2.66064605e-10]]), 2.0343609310584574), (1.7861802866426723e-05, Vec([[ 3.05160086e-07],
     [ 1.42474063e-08],
     [-1.21464682e-09]]), 2.0099366937079495), (1.8155067772987802e-05, Vec([[ 3.35005462e-07],
     [-1.10258833e-08],
     [-8.12064698e-10]]), 2.003752327029791), (1.837164538954298e-05, Vec([[ 3.49938449e-07],
     [ 5.27952817e-09],
     [-1.88775480e-09]]), 1.9973875530851433), (1.855522015106227e-05, Vec([[3.79208116e-07],
     [1.65706687e-08],
     [3.71147380e-09]]), 1.995592027766001), (1.8970421070274808e-05, Vec([[4.03435247e-07],
     [2.40418939e-10],
     [1.24561506e-09]]), 2.026553328980655), (1.876849828981389e-05, Vec([[ 3.95009664e-07],
     [-8.08779413e-09],
     [-1.97638912e-09]]), 1.9996138983368161), (1.8733062225392097e-05, Vec([[ 3.80206045e-07],
     [ 3.74682004e-09],
     [-1.14435221e-09]]), 1.998534540383283), (1.832940774219691e-05, Vec([[ 3.37610313e-07],
     [-3.71261532e-09],
     [-3.15114649e-09]]), 1.966043056782634), (1.7986615302569536e-05, Vec([[2.76415619e-07],
     [1.56641755e-09],
     [1.14182150e-09]]), 1.9476471002299478), (1.7956015291945037e-05, Vec([[2.35041260e-07],
     [4.63697464e-09],
     [1.35008863e-09]]), 1.9710405952490753), (1.760614123861267e-05, Vec([[ 1.81423517e-07],
     [-9.06083669e-09],
     [ 1.78007551e-09]]), 1.9675838346574075), (1.745673875423043e-05, Vec([[ 1.07427918e-07],
     [-1.96098489e-09],
     [-1.69806181e-09]]), 1.9949972563032239), (1.6940689533294487e-05, Vec([[ 4.95561755e-08],
     [-1.98945479e-09],
     [ 8.82201035e-10]]), 1.9890027221507733), (1.669186971256415e-05, Vec([[-3.31745094e-08],
     [-7.54335724e-09],
     [-2.20003459e-09]]), 2.023305344484715), (1.5683195694397463e-05, Vec([[-8.44671332e-08],
     [-3.86544723e-09],
     [-6.65673923e-10]]), 1.9729254356227053), (1.5562541962874177e-05, Vec([[-1.52653118e-07],
     [ 1.11620497e-09],
     [-2.09716300e-09]]), 2.043238471626268), (1.5068986589862454e-05, Vec([[-1.99308965e-07],
     [-4.50135104e-09],
     [ 8.84677754e-10]]), 2.077525631054376), (1.4670482984628542e-05, Vec([[-2.61511009e-07],
     [-1.22820647e-09],
     [-3.76738352e-10]]), 2.138287888806821), (1.4158214029281205e-05, Vec([[-3.28332329e-07],
     [-2.31107029e-09],
     [ 4.21636491e-10]]), 2.1982244552007013), (1.3344948029757763e-05, Vec([[-3.54231094e-07],
     [-4.56406778e-09],
     [ 3.27787097e-10]]), 2.2262519823074425), (1.369484745255866e-05, Vec([[-3.35171968e-07],
     [ 2.53479307e-09],
     [ 5.05646677e-10]]), 2.2014388491868226), (1.4261768552629032e-05, Vec([[-2.91041257e-07],
     [-6.45356717e-09],
     [-8.13801105e-10]]), 2.1432884986180056), (1.4697499423862719e-05, Vec([[-2.49230952e-07],
     [-4.75194396e-10],
     [-3.11732092e-10]]), 2.081607422363421), (1.5317409977020797e-05, Vec([[-1.91209771e-07],
     [ 4.89069848e-09],
     [ 6.84067811e-10]]), 2.059147364619912), (1.5717590024961074e-05, Vec([[-1.27402185e-07],
     [ 1.18568843e-08],
     [-2.13261524e-09]]), 2.0184844262687043), (1.6265129714545292e-05, Vec([[-9.61258665e-08],
     [-1.16331457e-08],
     [ 5.73882845e-10]]), 2.0071522605942285), (1.6870657197196124e-05, Vec([[-1.94051904e-09],
     [ 1.21030295e-09],
     [ 1.66402572e-09]]), 2.0113536573953623), (1.7033273733074657e-05, Vec([[ 6.07707013e-08],
     [-3.62769541e-09],
     [ 3.59970577e-10]]), 1.9718850567204684), (1.776158471214911e-05, Vec([[ 1.20753034e-07],
     [-4.79518289e-10],
     [-6.97478479e-10]]), 2.006134273030268), (1.7780740295397292e-05, Vec([[1.81846553e-07],
     [2.10989012e-09],
     [1.88441744e-11]]), 1.9682988168824658), (1.805600675939352e-05, Vec([[ 2.62565285e-07],
     [-1.86425632e-09],
     [ 2.01190627e-09]]), 1.9675062192678798), (1.8428334550317364e-05, Vec([[ 2.90103076e-07],
     [-7.03195611e-09],
     [ 1.07708943e-09]]), 1.9850214989015382), (1.8461967154360645e-05, Vec([[ 3.36575288e-07],
     [-1.04571391e-09],
     [-1.45740337e-09]]), 1.9739285538142766), (1.869106126638296e-05, Vec([[3.73087055e-07],
     [3.88171149e-09],
     [2.41425505e-09]]), 1.991704526395554), (1.8672962361035873e-05, Vec([[3.86254471e-07],
     [1.52527021e-08],
     [1.72701348e-09]]), 1.9910995372132725), (1.879087504319336e-05, Vec([[ 3.98238287e-07],
     [ 5.33734154e-09],
     [-1.04865621e-09]]), 2.013117834288078), (1.862978597534128e-05, Vec([[ 3.87904221e-07],
     [-3.72924597e-09],
     [ 1.12936665e-09]]), 2.0134587997493547), (1.8339426769707862e-05, Vec([[ 3.56634468e-07],
     [-2.27784961e-08],
     [ 3.24775186e-09]]), 2.0078672598807388), (1.799676238509413e-05, Vec([[ 3.32218238e-07],
     [-1.63815517e-08],
     [ 1.84452026e-10]]), 2.00450407481433), (1.8018290952625094e-05, Vec([[2.85442601e-07],
     [2.44911760e-09],
     [3.51527372e-10]]), 2.0507051949610853), (1.7423157516409752e-05, Vec([[ 2.32175066e-07],
     [-1.63637651e-09],
     [ 2.41172715e-09]]), 2.0355978189201736), (1.7004310130488444e-05, Vec([[ 1.80591250e-07],
     [ 2.76066304e-09],
     [-3.72621715e-10]]), 2.0493009970713496), (1.6392986863013764e-05, Vec([[ 1.22514608e-07],
     [-1.66152153e-08],
     [-3.34751429e-11]]), 2.048461665496964), (1.584472309501935e-05, Vec([[6.73603340e-08],
     [1.13627390e-08],
     [3.26424763e-10]]), 2.0643702742157375), (1.5087017204652709e-05, Vec([[ 7.19041533e-10],
     [-1.61477865e-08],
     [-9.33934892e-10]]), 2.0618650659548314)]