[(2.006981265075818e-05, Vec([[-1.70768606e-09],
     [ 4.51771192e-09],
     [-1.46112409e-09]]), 2.1562143710459707), (1.992118556571953e-05, Vec([[ 7.20133379e-09],
     [-2.23782047e-07],
     [ 2.40543866e-09]]), 2.1445642177226607), (1.9658372478031136e-05, Vec([[-7.18074614e-09],
     [-4.35452554e-07],
     [ 7.29213162e-10]]), 2.129140340629911), (1.9504671454997443e-05, Vec([[ 2.62355129e-09],
     [-6.52484620e-07],
     [ 2.16190541e-11]]), 2.1340633356789813), (1.9070406359583734e-05, Vec([[-3.15565592e-10],
     [-8.55727728e-07],
     [-1.39870865e-09]]), 2.1166849582126157), (1.8893491537353616e-05, Vec([[-4.08533765e-09],
     [-1.00845469e-06],
     [ 9.75719797e-10]]), 2.1365089948492977), (1.8298575489633622e-05, Vec([[ 5.12114948e-09],
     [-1.12799632e-06],
     [ 3.62292946e-11]]), 2.1176089746916293), (1.8419500505247688e-05, Vec([[-5.95079831e-10],
     [-1.08576785e-06],
     [ 4.34655575e-10]]), 2.077499414266744), (1.8927565668919485e-05, Vec([[ 9.36522256e-11],
     [-1.01687182e-06],
     [ 2.10439365e-10]]), 2.065843026321553), (1.934127532851379e-05, Vec([[ 4.59637327e-09],
     [-1.00470772e-06],
     [-1.49984140e-10]]), 2.0529478183973677), (1.9838282908396022e-05, Vec([[ 7.90089756e-09],
     [-9.31108153e-07],
     [-9.37827663e-10]]), 2.0574104799050894), (2.0318899586296907e-05, Vec([[-3.94326207e-10],
     [-8.89971060e-07],
     [-5.56068409e-10]]), 2.0681522814598092), (2.0547533197633803e-05, Vec([[ 5.10915798e-09],
     [-8.24736660e-07],
     [ 9.54252185e-10]]), 2.0614715331099163), (2.08139597080294e-05, Vec([[-5.73030098e-09],
     [-7.92903059e-07],
     [-6.85779623e-10]]), 2.0649305400784055), (2.1245144671720337e-05, Vec([[ 1.64275668e-09],
     [-7.55054051e-07],
     [ 4.29835567e-10]]), 2.0916115176492895), (2.171294473489429e-05, Vec([[-7.61253223e-10],
     [-7.21756401e-07],
     [-6.86721490e-10]]), 2.129977207926359), (2.1837505365202378e-05, Vec([[ 1.59536288e-09],
     [-6.73729003e-07],
     [ 8.33417390e-10]]), 2.1431163955743107), (2.1984584007857365e-05, Vec([[ 1.53493045e-09],
     [-6.53663869e-07],
     [ 7.89560777e-10]]), 2.1672080579812754), (2.2229766669354683e-05, Vec([[ 4.41647703e-09],
     [-6.46652698e-07],
     [-2.27704876e-10]]), 2.210170389143588), (2.2057750698295043e-05, Vec([[-2.27672272e-09],
     [-5.95501053e-07],
     [ 1.05057492e-09]]), 2.221058422289161), (2.1800068993246562e-05, Vec([[ 3.22629277e-09],
     [-4.89624854e-07],
     [-7.15815450e-10]]), 2.232596635070829), (2.1434378942136085e-05, Vec([[ 6.01190634e-10],
     [-4.06971838e-07],
     [ 1.24645815e-09]]), 2.2424687012339657), (2.0833421843611927e-05, Vec([[-4.67573032e-09],
     [-2.83171742e-07],
     [-1.97306497e-10]]), 2.2368251495561933), (2.003693826746679e-05, Vec([[ 1.45346750e-09],
     [-2.17042431e-07],
     [-1.92838995e-10]]), 2.2184920162550608), (1.9398091405057974e-05, Vec([[-9.41867617e-10],
     [-1.03593122e-07],
     [ 1.46668341e-10]]), 2.2262463823453973), (1.8942422656476264e-05, Vec([[ 2.40134221e-09],
     [-5.26016876e-08],
     [-9.78619301e-10]]), 2.2178461483818537), (1.9554014738659047e-05, Vec([[-1.87875882e-09],
     [-1.68302418e-07],
     [ 2.94028432e-10]]), 2.2027624843169873), (2.0215649665113947e-05, Vec([[ 6.31967914e-09],
     [-2.63498526e-07],
     [ 3.56312105e-10]]), 2.202757227333922), (2.0670510471210485e-05, Vec([[ 5.74124609e-09],
     [-3.97764994e-07],
     [-6.61754809e-10]]), 2.1894724782615476), (2.1050801183463848e-05, Vec([[-1.78359475e-09],
     [-4.99896710e-07],
     [-3.68530738e-10]]), 2.177755760761053), (2.1820732768457004e-05, Vec([[ 7.05235303e-10],
     [-5.72270249e-07],
     [-1.57238376e-10]]), 2.2146782507268523), (2.180209682606707e-05, Vec([[-3.85659392e-09],
     [-6.56837124e-07],
     [ 9.03713782e-10]]), 2.180296881672011), (2.1681505007833753e-05, Vec([[ 2.06475752e-09],
     [-6.61719877e-07],
     [-1.73617156e-10]]), 2.145375743728507), (2.1818190768019603e-05, Vec([[ 7.07398544e-09],
     [-6.68743555e-07],
     [-9.53995896e-10]]), 2.1449219434111444), (2.1666739215199675e-05, Vec([[-1.25805056e-09],
     [-7.18013346e-07],
     [ 3.52420682e-10]]), 2.1248306577133533), (2.1246439249540657e-05, Vec([[ 1.83844011e-10],
     [-7.39049961e-07],
     [ 7.18807048e-11]]), 2.0869186847955703), (2.1189303131143172e-05, Vec([[ 4.34053751e-09],
     [-7.72278555e-07],
     [-1.79325059e-09]]), 2.09305583780492), (2.1034783832946055e-05, Vec([[-9.05285718e-09],
     [-8.35431795e-07],
     [ 1.24718568e-09]]), 2.09808487063662), (2.0394333410612942e-05, Vec([[-2.79072895e-09],
     [-8.43248999e-07],
     [ 2.05235817e-09]]), 2.05982111356941), (1.9867312012579583e-05, Vec([[ 6.84641925e-09],
     [-8.82186259e-07],
     [-3.85751176e-10]]), 2.0400976805143536), (1.9539558035787884e-05, Vec([[ 2.84302402e-10],
     [-9.48086586e-07],
     [ 6.73687348e-10]]), 2.048904176521872), (1.918339478429987e-05, Vec([[-5.07451543e-09],
     [-9.94467276e-07],
     [ 6.67580574e-10]]), 2.063536874012644), (1.855221020850078e-05, Vec([[-7.60648470e-09],
     [-1.02102332e-06],
     [ 8.65367805e-11]]), 2.05708023722612), (1.808916991832311e-05, Vec([[-3.65843305e-09],
     [-1.09180260e-06],
     [ 1.22374049e-09]]), 2.0780830767308838), (1.8698995480499736e-05, Vec([[-6.86732521e-09],
     [-1.04436555e-06],
     [ 6.86535354e-10]]), 2.137868941765377), (1.9359042392339773e-05, Vec([[-1.17095913e-09],
     [-9.61448734e-07],
     [-1.71405567e-10]]), 2.167657635841871), (1.9599696731494442e-05, Vec([[-6.35610052e-10],
     [-7.37758953e-07],
     [ 1.47750702e-09]]), 2.1587480375203043), (1.9780517891669762e-05, Vec([[-1.03081977e-09],
     [-5.58274012e-07],
     [-1.37694123e-09]]), 2.1521674003998132), (2.0012398202093567e-05, Vec([[ 4.22069198e-10],
     [-3.37663317e-07],
     [-5.70146472e-10]]), 2.1598258683238742), (2.0158163176211217e-05, Vec([[ 4.62453579e-09],
     [-9.80667931e-08],
     [-1.31173264e-09]]), 2.1667972621793106), (1.9816107022722683e-05, Vec([[1.87263271e-09],
     [1.10771302e-07],
     [9.78653240e-10]]), 2.130029708984524), (1.9737757315316964e-05, Vec([[1.56016772e-09],
     [3.16722045e-07],
     [2.16745985e-09]]), 2.1301854181504694), (1.9600470611384042e-05, Vec([[-7.55466553e-10],
     [ 5.42807455e-07],
     [ 8.22556111e-10]]), 2.132577828009255), (1.948564917875227e-05, Vec([[4.25045365e-09],
     [7.60150627e-07],
     [1.13614279e-09]]), 2.146186622206641), (1.9049194035044017e-05, Vec([[-1.64753877e-09],
     [ 9.40193894e-07],
     [ 1.04376420e-09]]), 2.1329635045912996), (1.863778596237349e-05, Vec([[-2.83729143e-09],
     [ 1.04569771e-06],
     [-9.36123902e-10]]), 2.130870815696039), (1.817646800246488e-05, Vec([[-4.34154560e-09],
     [ 1.07555155e-06],
     [-4.27012789e-10]]), 2.0881118769525178), (1.8807104464040552e-05, Vec([[2.51364128e-09],
     [1.06048016e-06],
     [8.68361144e-10]]), 2.0853430657387615), (1.8829446722326376e-05, Vec([[1.99873698e-09],
     [9.61211953e-07],
     [3.44816640e-10]]), 2.0254630666610174), (1.948347972478768e-05, Vec([[-5.04562642e-09],
     [ 9.26224326e-07],
     [ 5.94046551e-10]]), 2.0430238446632822), (1.9935758318183846e-05, Vec([[3.26543109e-09],
     [8.95909511e-07],
     [9.23457113e-10]]), 2.04712616777094), (2.0305481901430784e-05, Vec([[-2.92950257e-09],
     [ 8.38864544e-07],
     [-1.90712109e-10]]), 2.0508471397257413), (2.0924308365772873e-05, Vec([[1.55799515e-09],
     [7.99079941e-07],
     [1.98564591e-10]]), 2.087065650848417), (2.1184052692196247e-05, Vec([[-1.60299304e-09],
     [ 7.61934957e-07],
     [ 9.31141131e-10]]), 2.092537205275058), (2.1735265518195295e-05, Vec([[1.01113426e-08],
     [7.97056923e-07],
     [4.04438560e-10]]), 2.134933350297525), (2.1560660912992245e-05, Vec([[-8.04896106e-11],
     [ 7.37440509e-07],
     [ 9.13076497e-10]]), 2.114427688147429), (2.1769713713436974e-05, Vec([[1.01952308e-08],
     [7.26252289e-07],
     [1.68308051e-09]]), 2.140156218368599), (2.17536607664777e-05, Vec([[-2.52924930e-09],
     [ 6.37423639e-07],
     [-1.40016813e-09]]), 2.152515525506069), (2.1832471346938687e-05, Vec([[6.11456221e-09],
     [6.24982464e-07],
     [2.00262182e-09]]), 2.1833344552442693), (2.1213047880808037e-05, Vec([[ 4.35332531e-09],
     [ 5.85373573e-07],
     [-3.55021114e-11]]), 2.1530017470891276), (2.1324629080876805e-05, Vec([[6.44208133e-09],
     [4.68864238e-07],
     [1.13641595e-09]]), 2.2060839120675513), (2.0735878334548675e-05, Vec([[ 1.54068330e-09],
     [ 3.56865899e-07],
     [-1.07859349e-10]]), 2.196396406818662), (2.0015918790451487e-05, Vec([[5.02037084e-09],
     [2.71653305e-07],
     [3.85170823e-10]]), 2.180993958036488), (1.951178037322241e-05, Vec([[ 8.95614351e-10],
     [ 1.40296202e-07],
     [-8.81583249e-10]]), 2.1980047771670153), (1.8839826593115238e-05, Vec([[-4.97779302e-09],
     [ 8.38443612e-08],
     [-6.43793821e-10]]), 2.2058338367525026), (1.936443935116456e-05, Vec([[3.76258031e-10],
     [8.93501030e-08],
     [8.20639801e-10]]), 2.2223842620122984), (2.0077907856686902e-05, Vec([[-4.54403944e-09],
     [ 1.84118022e-07],
     [-1.02604374e-09]]), 2.2230281736949267), (2.0630398364968634e-05, Vec([[-2.54516686e-09],
     [ 2.66883686e-07],
     [ 1.60959745e-09]]), 2.21502709706205), (2.1318931125571372e-05, Vec([[7.49667715e-10],
     [3.74280503e-07],
     [9.71993720e-10]]), 2.2303905292481536), (2.187137944244473e-05, Vec([[-9.83522632e-10],
     [ 4.81921958e-07],
     [ 2.49677937e-09]]), 2.239899706862689), (2.2255996379719674e-05, Vec([[-9.05028480e-10],
     [ 5.76423558e-07],
     [-2.02587242e-10]]), 2.241020350703044), (2.230861371858527e-05, Vec([[-1.50548007e-09],
     [ 6.82081028e-07],
     [-5.76054413e-10]]), 2.218009671312979), (2.2002782880292143e-05, Vec([[2.81739326e-10],
     [6.68178922e-07],
     [5.23537207e-10]]), 2.169002076142944), (2.15549680744183e-05, Vec([[-9.65477628e-09],
     [ 6.84038179e-07],
     [ 1.98001330e-10]]), 2.115388397796442), (2.1678645964313572e-05, Vec([[-8.46136162e-11],
     [ 7.20086255e-07],
     [ 6.07370760e-10]]), 2.126612597529712), (2.128547446486391e-05, Vec([[ 6.77799553e-10],
     [ 7.43314310e-07],
     [-6.56490875e-10]]), 2.09558203708547), (2.0856249593734134e-05, Vec([[ 3.51997874e-09],
     [ 7.72696237e-07],
     [-3.88705511e-10]]), 2.0691260741215713), (2.0827102181286265e-05, Vec([[ 1.09634916e-09],
     [ 8.21651559e-07],
     [-8.27862612e-10]]), 2.089519839239744), (1.9860020288793896e-05, Vec([[1.66271752e-09],
     [8.56596412e-07],
     [2.68478703e-10]]), 2.0214454082841793), (1.982754429109095e-05, Vec([[ 2.49136501e-09],
     [ 9.22119946e-07],
     [-1.06184585e-09]]), 2.056296787561595), (1.9373819337707414e-05, Vec([[-3.28789345e-09],
     [ 9.79526137e-07],
     [-6.34780265e-11]]), 2.0564021486595228), (1.8995387008545352e-05, Vec([[4.93238748e-09],
     [1.03510595e-06],
     [1.00787321e-09]]), 2.0732453644749453), (1.8611093214909423e-05, Vec([[2.18615683e-11],
     [1.07046432e-06],
     [8.58692919e-10]]), 2.0991087810346776), (1.8434847751088485e-05, Vec([[ 1.09840254e-09],
     [ 1.13471897e-06],
     [-7.71037775e-10]]), 2.1333791292603173), (1.8628901945930844e-05, Vec([[-1.47210603e-09],
     [ 9.59321048e-07],
     [-3.98232392e-10]]), 2.1065887421050853), (1.9322236195858613e-05, Vec([[ 1.78401888e-09],
     [ 8.54424013e-07],
     [-2.39659420e-09]]), 2.1446363514037894), (1.9796956885640004e-05, Vec([[-2.71271546e-09],
     [ 6.61965192e-07],
     [ 1.04865640e-09]]), 2.166043142287189), (1.9722539352616177e-05, Vec([[3.02921266e-10],
     [4.52855176e-07],
     [1.59878810e-10]]), 2.136090065555707), (1.959203701741244e-05, Vec([[-3.59607970e-09],
     [ 2.10554429e-07],
     [-1.10151365e-09]]), 2.1091305736412846), (2.021706193745756e-05, Vec([[ 2.78895109e-09],
     [-2.22913972e-08],
     [ 3.06382244e-10]]), 2.1720342012373326)]