[(1.5336615133855694e-05, Vec([[-3.91571887e-10],
     [-1.29885692e-08],
     [-1.48317862e-09]]), 2.0959763315401583), (1.5710691025349884e-05, Vec([[-6.28414227e-08],
     [ 1.30953103e-09],
     [ 4.44961679e-10]]), 2.0469075632072857), (1.6272914587738936e-05, Vec([[-1.27872374e-07],
     [ 4.76223781e-09],
     [-9.86959789e-10]]), 2.033457477727838), (1.699151232835457e-05, Vec([[-1.80398087e-07],
     [ 9.26168422e-09],
     [ 1.45509506e-09]]), 2.047758649956294), (1.7428708846198952e-05, Vec([[-2.36608261e-07],
     [ 1.55642791e-08],
     [ 2.06462499e-09]]), 2.0362463968143), (1.7612654563672118e-05, Vec([[-2.72728427e-07],
     [ 2.63350582e-09],
     [ 1.24453150e-09]]), 2.0045387382045456), (1.8352759496874578e-05, Vec([[-3.37537531e-07],
     [ 5.23424316e-09],
     [-8.72156949e-10]]), 2.0441555213310147), (1.848373207580863e-05, Vec([[-3.60275781e-07],
     [ 1.12836884e-08],
     [-6.96778805e-10]]), 2.0236663305488234), (1.8667884812724678e-05, Vec([[-3.80288107e-07],
     [ 5.65653441e-09],
     [-7.27803435e-10]]), 2.017576422973334), (1.876827457338966e-05, Vec([[-4.03818681e-07],
     [ 5.43236865e-09],
     [ 5.85223042e-09]]), 2.010696584148288), (1.849716974339271e-05, Vec([[-3.98982052e-07],
     [ 7.94601444e-09],
     [ 2.60658996e-09]]), 1.9723547557015189), (1.9032764681039372e-05, Vec([[-4.08291498e-07],
     [-6.59364661e-09],
     [-4.18277830e-10]]), 2.0281161687285683), (1.8640827365231557e-05, Vec([[-3.40001056e-07],
     [-8.75327126e-09],
     [-5.13784162e-09]]), 1.993052045608375), (1.8307067087443815e-05, Vec([[-3.03878798e-07],
     [-4.45023353e-09],
     [-7.63651185e-10]]), 1.9719590856778146), (1.814951272338451e-05, Vec([[-2.71076431e-07],
     [-4.40035797e-11],
     [ 1.55586409e-09]]), 1.9776952698227717), (1.7925576981637407e-05, Vec([[-1.58443317e-07],
     [-4.41108255e-09],
     [ 2.38410559e-09]]), 1.9843320007337244), (1.733292903501024e-05, Vec([[-1.17217908e-07],
     [-5.47348038e-09],
     [ 2.00091556e-09]]), 1.9577185004979285), (1.713604643339015e-05, Vec([[-2.97362851e-08],
     [ 6.96423727e-09],
     [-1.01276068e-09]]), 1.9837827080567114), (1.666063349779155e-05, Vec([[ 1.52276236e-08],
     [ 4.62418309e-09],
     [-2.32652765e-09]]), 1.9863142098504687), (1.6223697701224598e-05, Vec([[ 7.36323671e-08],
     [-2.98672135e-09],
     [-2.65769436e-10]]), 2.002039460348728), (1.581609232224691e-05, Vec([[1.62045155e-07],
     [7.18803268e-09],
     [1.32396582e-09]]), 2.0311342887926287), (1.5397210417422786e-05, Vec([[ 1.79989247e-07],
     [-2.12428704e-09],
     [-1.71075070e-09]]), 2.069875083391936), (1.5029706138677643e-05, Vec([[ 2.42604677e-07],
     [-6.48866152e-10],
     [ 8.09896318e-10]]), 2.1286578724688954), (1.4319022606699767e-05, Vec([[ 2.85459819e-07],
     [-7.71419821e-09],
     [ 1.10173088e-09]]), 2.151892757980105), (1.3481060793068052e-05, Vec([[ 3.18695908e-07],
     [-9.35734720e-09],
     [ 3.47781342e-10]]), 2.1670727666677685), (1.340860576879605e-05, Vec([[ 3.64487028e-07],
     [-7.17937794e-09],
     [-2.59405907e-10]]), 2.2368715941191324), (1.4163507837297347e-05, Vec([[ 3.15184971e-07],
     [ 4.40708616e-09],
     [-5.35988693e-10]]), 2.199046379365582), (1.4719300574224431e-05, Vec([[2.58887733e-07],
     [2.85549855e-09],
     [6.18391087e-10]]), 2.1454032687641824), (1.5172461341692387e-05, Vec([[ 2.27101457e-07],
     [-4.78437929e-09],
     [-8.48853691e-11]]), 2.0917914509760887), (1.5728803506269345e-05, Vec([[ 1.61163442e-07],
     [-9.62104527e-09],
     [ 4.98057828e-10]]), 2.065067295132568), (1.607777861579277e-05, Vec([[ 9.52791362e-08],
     [-6.73981128e-09],
     [-1.21810379e-09]]), 2.0225634492809315), (1.6675426165755526e-05, Vec([[ 8.62002754e-09],
     [ 7.75920266e-09],
     [-1.16437507e-09]]), 2.0213121396063465), (1.699525889565231e-05, Vec([[-4.87387760e-08],
     [ 6.64774007e-09],
     [-3.50163770e-10]]), 1.9954096992730694), (1.7278618878570972e-05, Vec([[-9.66178912e-08],
     [ 1.14881635e-09],
     [ 6.25044156e-10]]), 1.9746412970237401), (1.7663990367502512e-05, Vec([[-1.70381678e-07],
     [-4.81987522e-11],
     [ 1.71623307e-09]]), 1.9740487953384591), (1.802422022415583e-05, Vec([[-2.44786608e-07],
     [-8.94685853e-09],
     [-1.86379453e-10]]), 1.9785274840714506), (1.8305347307444575e-05, Vec([[-3.15765069e-07],
     [-3.28852064e-09],
     [ 2.37601605e-09]]), 1.9821604010707494), (1.841368088100898e-05, Vec([[-3.26523704e-07],
     [-5.15505940e-09],
     [ 2.59773820e-09]]), 1.9750823351796836), (1.8542475691975105e-05, Vec([[-3.79419409e-07],
     [ 1.10641058e-09],
     [-1.89458621e-09]]), 1.9782018384799351), (1.8752308802794804e-05, Vec([[-4.04728518e-07],
     [-1.64781481e-09],
     [ 1.08413128e-09]]), 1.9978890547851136), (1.869141261225687e-05, Vec([[-4.09922872e-07],
     [ 3.22696318e-09],
     [ 2.21000570e-09]]), 1.9967476901223802), (1.8662410035527018e-05, Vec([[-3.74809944e-07],
     [ 2.09653795e-09],
     [ 2.33824494e-09]]), 2.00712017333116), (1.850635125531956e-05, Vec([[-3.75881796e-07],
     [ 4.59939763e-09],
     [-1.91457221e-09]]), 2.012032938075148), (1.8149473531888118e-05, Vec([[-3.36148660e-07],
     [-1.25184136e-08],
     [ 4.30114480e-11]]), 2.0031348975736387), (1.78954822616156e-05, Vec([[-3.02665524e-07],
     [ 1.84809391e-08],
     [-1.71637524e-09]]), 2.0137265380320764), (1.7443626432934448e-05, Vec([[-2.56409424e-07],
     [ 4.64922243e-09],
     [ 2.20019392e-09]]), 2.010287650931267), (1.7068945888378023e-05, Vec([[-2.07859085e-07],
     [-1.49880676e-08],
     [ 3.00422058e-10]]), 2.0241449569305527), (1.6545705836044294e-05, Vec([[-1.50441338e-07],
     [-4.29059635e-09],
     [-1.25750849e-09]]), 2.0291011045011302), (1.6048343415618404e-05, Vec([[-1.02744724e-07],
     [-1.03797669e-08],
     [-1.87947023e-09]]), 2.0462242105542283), (1.5559475283010337e-05, Vec([[-2.51531089e-08],
     [ 6.17713897e-09],
     [ 1.68311416e-09]]), 2.074589527771662), (1.5604730108483035e-05, Vec([[ 3.59247760e-08],
     [-4.63352883e-09],
     [ 1.15584954e-09]]), 2.0806234836280857), (1.613662618501704e-05, Vec([[9.28732677e-08],
     [2.00746512e-08],
     [7.13608507e-10]]), 2.0574805960539577), (1.66390130225826e-05, Vec([[ 1.52940166e-07],
     [-8.39200462e-09],
     [-6.45415285e-10]]), 2.0405439354772685), (1.692880382234828e-05, Vec([[2.00010041e-07],
     [1.63447515e-08],
     [1.84342015e-10]]), 2.007526012910051), (1.7543598867578033e-05, Vec([[ 2.58759078e-07],
     [-3.25564830e-08],
     [-8.44079476e-10]]), 2.0218089565250446), (1.8007088143146247e-05, Vec([[ 2.95656882e-07],
     [ 8.99648598e-09],
     [-1.49031886e-09]]), 2.0262852230763344), (1.8183879818799767e-05, Vec([[ 3.26262670e-07],
     [-2.61767731e-09],
     [ 6.09264163e-11]]), 2.006932276813735), (1.8468965773200117e-05, Vec([[ 3.68877218e-07],
     [-1.13148679e-08],
     [-1.22175436e-09]]), 2.0079683431481214), (1.8702828816264777e-05, Vec([[3.85715636e-07],
     [2.71784434e-09],
     [2.85319190e-10]]), 2.0114671654959317), (1.8621641974447482e-05, Vec([[ 3.86589400e-07],
     [-7.94023506e-09],
     [-6.72139200e-10]]), 1.9892943016185656), (1.866211433015095e-05, Vec([[ 3.76225562e-07],
     [-1.02839864e-08],
     [-2.69380368e-09]]), 1.9882796487331824), (1.873182187110024e-05, Vec([[ 3.94870604e-07],
     [-1.27811301e-08],
     [-3.85351548e-09]]), 1.99840221333153), (1.859753862669635e-05, Vec([[ 3.12592704e-07],
     [-5.94541360e-09],
     [-1.96739386e-09]]), 1.9948032257522796), (1.8349237661970348e-05, Vec([[ 2.94557555e-07],
     [ 3.70712156e-09],
     [-2.64666360e-09]]), 1.9869129862727009), (1.7967364548328433e-05, Vec([[2.42556189e-07],
     [9.37205717e-09],
     [1.64123430e-09]]), 1.9722864086822818), (1.7615936422540435e-05, Vec([[ 1.60156860e-07],
     [-1.72764306e-09],
     [-4.96734791e-09]]), 1.9686785007340093), (1.748294458681506e-05, Vec([[9.24715512e-08],
     [5.78153289e-09],
     [9.82296426e-10]]), 1.9979921206270546), (1.6786248957291487e-05, Vec([[ 5.63072408e-08],
     [ 4.21753177e-09],
     [-1.82458011e-09]]), 1.9708698872695969), (1.6741843266745627e-05, Vec([[-2.46356401e-08],
     [-3.95850254e-09],
     [ 2.48084700e-10]]), 2.0293628899244673), (1.605849956358667e-05, Vec([[-1.06031426e-07],
     [-1.32327741e-09],
     [ 1.18970671e-09]]), 2.020138169815362), (1.558061723366628e-05, Vec([[-1.58865026e-07],
     [-5.10613592e-09],
     [-2.90048238e-09]]), 2.04561161148707), (1.5213269068031634e-05, Vec([[-2.01058950e-07],
     [ 3.68116003e-09],
     [ 3.85419311e-10]]), 2.097417515934688), (1.4732507063045473e-05, Vec([[-2.74409529e-07],
     [-4.48594143e-09],
     [ 1.64004020e-11]]), 2.147328173017797), (1.3998850416731881e-05, Vec([[-3.10543130e-07],
     [-7.70639200e-11],
     [-5.03965363e-10]]), 2.173481433965781), (1.3320588556178985e-05, Vec([[-3.62402613e-07],
     [ 8.15478034e-09],
     [ 1.13636593e-10]]), 2.222188247759972), (1.3565760379444022e-05, Vec([[-3.32912835e-07],
     [ 2.59168068e-11],
     [ 3.66731252e-10]]), 2.1806881764490047), (1.4418641596885288e-05, Vec([[-2.96285410e-07],
     [ 4.03801936e-09],
     [-2.19988378e-10]]), 2.1668637088212064), (1.4851735419852288e-05, Vec([[-2.32145987e-07],
     [-7.92601592e-10],
     [ 5.92859121e-11]]), 2.103451872551066), (1.5532444360969705e-05, Vec([[-2.03204311e-07],
     [ 4.44212015e-10],
     [ 1.23412146e-09]]), 2.08805482911132), (1.571298425672717e-05, Vec([[-1.28570976e-07],
     [-1.04296842e-08],
     [ 8.58234412e-10]]), 2.017892944277103), (1.631276828566684e-05, Vec([[-7.35047395e-08],
     [-1.91964364e-08],
     [ 8.40860882e-10]]), 2.0130309635247428), (1.6855861505701847e-05, Vec([[-4.51617553e-08],
     [-2.12462696e-09],
     [ 9.24848862e-10]]), 2.009589685319298), (1.715689296950859e-05, Vec([[ 3.22530809e-08],
     [-1.55134994e-09],
     [-8.31378400e-10]]), 1.986196041729412), (1.740146120910634e-05, Vec([[ 1.24342778e-07],
     [-6.09625962e-09],
     [ 3.09506203e-09]]), 1.9654590678790265), (1.7842511272716448e-05, Vec([[ 1.80017574e-07],
     [ 9.29587313e-09],
     [-5.79572513e-10]]), 1.9751367628596894), (1.8187658829103476e-05, Vec([[ 2.56404179e-07],
     [-7.95484744e-09],
     [ 2.06139569e-09]]), 1.9818519308853764), (1.8493301790030585e-05, Vec([[3.11449529e-07],
     [2.97278293e-09],
     [4.83455165e-09]]), 1.9920194925185366), (1.858988751237545e-05, Vec([[ 3.68216958e-07],
     [-4.59841893e-09],
     [-2.61663620e-09]]), 1.9876056254496208), (1.8767864434839636e-05, Vec([[ 3.67091014e-07],
     [ 2.36750997e-09],
     [-5.85559917e-10]]), 1.9998886105455433), (1.8795226175819846e-05, Vec([[ 4.01715593e-07],
     [-2.53715813e-09],
     [-5.24746164e-10]]), 2.0041365380022995), (1.869464756694716e-05, Vec([[4.10688621e-07],
     [5.94408806e-09],
     [2.65065300e-09]]), 2.0028087215865953), (1.845730496233983e-05, Vec([[ 3.83480092e-07],
     [ 1.41467863e-08],
     [-4.69912773e-10]]), 1.9948175006020046), (1.821820787149826e-05, Vec([[ 3.51816382e-07],
     [-1.97633432e-08],
     [ 1.99934199e-09]]), 1.9945957732606718), (1.807270606670581e-05, Vec([[3.20261025e-07],
     [5.68700260e-09],
     [1.97619869e-10]]), 2.012962786219727), (1.775118994067005e-05, Vec([[ 2.86469097e-07],
     [ 9.35769543e-09],
     [-1.35069449e-09]]), 2.020305783927279), (1.7413389064131136e-05, Vec([[ 2.37218244e-07],
     [-1.43928468e-08],
     [ 1.44472413e-09]]), 2.034456542424576), (1.6881214870786233e-05, Vec([[ 1.86189246e-07],
     [-1.15822475e-08],
     [ 1.70181641e-09]]), 2.0344659795665705), (1.624115998093557e-05, Vec([[ 1.31162105e-07],
     [-3.27893253e-11],
     [ 6.40048725e-10]]), 2.029489433631713), (1.5995678794042166e-05, Vec([[ 6.53016483e-08],
     [-7.54301243e-09],
     [-5.90015827e-10]]), 2.0840379235597717), (1.535474384252209e-05, Vec([[-1.93799421e-09],
     [-9.51912920e-10],
     [-1.43572014e-09]]), 2.0984538889382223)]