[(1.9935121828921986e-05, Vec([[-3.45243487e-09],
     [ 3.32050339e-09],
     [ 4.82181456e-10]]), 2.1417437683181357), (1.9915647155170217e-05, Vec([[ 4.37788297e-09],
     [-2.19727243e-07],
     [ 2.39067810e-10]]), 2.143967994317787), (1.9561425775306723e-05, Vec([[-4.60917118e-09],
     [-4.41051275e-07],
     [ 2.59857088e-09]]), 2.118640329202603), (1.9664890870118808e-05, Vec([[ 1.61223302e-09],
     [-6.62956039e-07],
     [-2.03735210e-09]]), 2.1515934120129168), (1.9585809342110542e-05, Vec([[ 3.53301946e-10],
     [-8.87482050e-07],
     [-1.69901610e-09]]), 2.1738911718591414), (1.893663821268737e-05, Vec([[ 2.88822962e-10],
     [-1.04404024e-06],
     [ 1.06343055e-09]]), 2.141388096193068), (1.8373073054915218e-05, Vec([[-1.02406445e-08],
     [-1.13152664e-06],
     [-3.60194601e-10]]), 2.126230231189019), (1.8699933651960098e-05, Vec([[ 2.34734430e-09],
     [-1.08691794e-06],
     [ 1.27657890e-09]]), 2.1091289200652334), (1.9122764881796383e-05, Vec([[-9.99348853e-09],
     [-1.05181240e-06],
     [-1.22034205e-09]]), 2.08714798120687), (1.9449229366109862e-05, Vec([[-1.29876334e-08],
     [-9.98262060e-07],
     [ 1.23755263e-10]]), 2.0644064219385374), (1.9778715019275355e-05, Vec([[ 6.07064767e-09],
     [-9.27905903e-07],
     [-1.22335644e-09]]), 2.0512327476936583), (2.0295306085980368e-05, Vec([[-3.64953122e-09],
     [-9.19990818e-07],
     [-2.95543087e-10]]), 2.0657508250571124), (2.08053645581298e-05, Vec([[-1.11361979e-09],
     [-8.60752974e-07],
     [-3.55334341e-10]]), 2.0873389695994073), (2.1132148221944382e-05, Vec([[ 4.77082845e-09],
     [-7.73649419e-07],
     [-1.66860893e-09]]), 2.096497680070117), (2.1296071058298118e-05, Vec([[-9.61047567e-11],
     [-7.49448229e-07],
     [-1.09735324e-09]]), 2.0966252851883804), (2.140135578114963e-05, Vec([[-2.18019043e-09],
     [-7.09054004e-07],
     [-1.32597268e-10]]), 2.0994112309103), (2.146551126563565e-05, Vec([[-2.47978646e-09],
     [-6.59406305e-07],
     [ 9.19996714e-10]]), 2.1066091736867443), (2.2003853312196137e-05, Vec([[ 2.94910474e-09],
     [-6.32039494e-07],
     [ 1.11086679e-09]]), 2.169107597750586), (2.2294368046701094e-05, Vec([[-3.24254400e-09],
     [-6.39792141e-07],
     [-2.38496740e-10]]), 2.216593310869787), (2.214024532080121e-05, Vec([[ 2.47850346e-09],
     [-6.07359580e-07],
     [ 7.51094629e-10]]), 2.229365043332124), (2.1518129204630115e-05, Vec([[ 2.46961392e-09],
     [-4.85129669e-07],
     [-7.69085768e-10]]), 2.203722514371822), (2.132005953900338e-05, Vec([[ 7.65333119e-09],
     [-4.01694013e-07],
     [ 4.20055680e-10]]), 2.230508584070744), (2.0773439741112887e-05, Vec([[ 2.62747664e-09],
     [-2.91287824e-07],
     [ 7.43719387e-10]]), 2.230385042098078), (2.0174036787369748e-05, Vec([[ 3.27109341e-09],
     [-1.81262232e-07],
     [ 6.65894271e-10]]), 2.2336715795089406), (1.9483910856773164e-05, Vec([[ 9.68859575e-10],
     [-6.37407556e-08],
     [-4.72971339e-10]]), 2.2360955597683883), (1.9232413565575677e-05, Vec([[ 3.92742901e-09],
     [-5.28768979e-08],
     [-7.33765924e-10]]), 2.2517993143773336), (1.9309832941823188e-05, Vec([[-5.65739811e-09],
     [-1.49536285e-07],
     [ 8.13402684e-10]]), 2.175255370887245), (1.996472938307686e-05, Vec([[-1.99010560e-09],
     [-2.62559259e-07],
     [ 1.24499174e-09]]), 2.1754162081780706), (2.076439854379924e-05, Vec([[ 1.80562636e-09],
     [-3.79403960e-07],
     [-2.89053109e-10]]), 2.1994173391422893), (2.117693560540465e-05, Vec([[ 3.86627903e-09],
     [-4.54470373e-07],
     [-1.67692287e-09]]), 2.1908046685730573), (2.1466567483828616e-05, Vec([[-3.22407391e-09],
     [-5.57401421e-07],
     [-4.20124279e-10]]), 2.1787325214357254), (2.186922788055316e-05, Vec([[ 2.32262455e-09],
     [-6.66117793e-07],
     [ 2.50358488e-09]]), 2.1870102556161344), (2.2042666754160584e-05, Vec([[-1.25338337e-09],
     [-6.74135022e-07],
     [ 2.36356112e-10]]), 2.1811125456641776), (2.175258443681563e-05, Vec([[-7.03220269e-09],
     [-7.06818434e-07],
     [ 1.41360500e-09]]), 2.138472258333115), (2.1495737484714603e-05, Vec([[ 1.74343013e-09],
     [-7.05316155e-07],
     [-5.14209316e-11]]), 2.1080607268138376), (2.129982009875297e-05, Vec([[ 2.32971907e-09],
     [-7.53878408e-07],
     [-2.39613298e-09]]), 2.0921619865235925), (2.107855261966741e-05, Vec([[ 2.60158686e-09],
     [-7.99952033e-07],
     [-9.70430107e-10]]), 2.082116025242443), (2.0719616377001095e-05, Vec([[-1.75398559e-09],
     [-8.00626820e-07],
     [ 1.98347882e-09]]), 2.0666489368858074), (2.027452406113649e-05, Vec([[-1.01797304e-09],
     [-8.49568709e-07],
     [ 2.23303194e-09]]), 2.0477204078152225), (2.0009015459011584e-05, Vec([[ 7.67461292e-10],
     [-9.16816559e-07],
     [ 9.85172645e-10]]), 2.0546486611504746), (1.942750076996264e-05, Vec([[ 7.98686566e-10],
     [-9.25984465e-07],
     [ 6.83382460e-10]]), 2.037153931222646), (1.914642886506294e-05, Vec([[ 3.07948076e-09],
     [-9.73469548e-07],
     [-1.12547352e-09]]), 2.0595604903597566), (1.875048006933695e-05, Vec([[-8.03978931e-10],
     [-1.04532574e-06],
     [-9.83837790e-11]]), 2.0790645187634635), (1.82817240982711e-05, Vec([[ 2.58447646e-09],
     [-1.11205122e-06],
     [ 5.71776038e-10]]), 2.100203692796212), (1.8597378734029474e-05, Vec([[ 3.00278586e-10],
     [-1.04503665e-06],
     [-1.16322294e-09]]), 2.126251029644452), (1.909931196998127e-05, Vec([[ 1.89453689e-09],
     [-9.30275236e-07],
     [-8.83681441e-10]]), 2.138575276194339), (1.9596375437361816e-05, Vec([[-6.66071426e-09],
     [-7.62161698e-07],
     [-8.75821290e-12]]), 2.1583822238401713), (1.9715623986591404e-05, Vec([[ 5.27430229e-09],
     [-5.51908801e-07],
     [-1.43165906e-09]]), 2.1451067891580267), (1.9729786916290268e-05, Vec([[ 3.49445796e-10],
     [-3.43258729e-07],
     [ 1.54900992e-09]]), 2.129325217697485), (1.9828696454274948e-05, Vec([[-1.98366351e-09],
     [-1.01511035e-07],
     [-2.90135275e-10]]), 2.131382944672785), (2.006291379366991e-05, Vec([[-7.79457727e-09],
     [ 1.15223549e-07],
     [-1.48751648e-10]]), 2.156558923521633), (1.9985237562929068e-05, Vec([[6.41458370e-09],
     [3.39617699e-07],
     [3.94509331e-10]]), 2.1568945729101374), (1.969375660229198e-05, Vec([[-3.25237666e-09],
     [ 5.42843078e-07],
     [ 4.20902100e-10]]), 2.1427275657282356), (1.9496500125862532e-05, Vec([[-1.79719651e-09],
     [ 7.64380657e-07],
     [-2.30535956e-11]]), 2.14738176624894), (1.9312303291162222e-05, Vec([[-3.55436626e-09],
     [ 9.38873365e-07],
     [ 4.61657205e-10]]), 2.162424196733333), (1.8698467707548793e-05, Vec([[4.09002619e-09],
     [1.05606648e-06],
     [1.35974179e-09]]), 2.1378086011229454), (1.8359701654044746e-05, Vec([[4.00660957e-10],
     [1.10317403e-06],
     [5.62938354e-10]]), 2.109161751112306), (1.8408992227634078e-05, Vec([[-3.06141069e-09],
     [ 1.01252556e-06],
     [ 9.42467394e-11]]), 2.0412001412836256), (1.922550959224051e-05, Vec([[ 5.74689441e-09],
     [ 9.95669846e-07],
     [-4.90779459e-10]]), 2.0680671180129697), (1.955504096511795e-05, Vec([[6.89628131e-10],
     [9.47225020e-07],
     [1.50517460e-09]]), 2.05052770549377), (2.005708818807142e-05, Vec([[ 2.27831031e-09],
     [ 8.94522911e-07],
     [-1.44061483e-09]]), 2.0595850643734606), (2.0480026650638267e-05, Vec([[ 2.41807958e-09],
     [ 8.27673469e-07],
     [-4.24083956e-10]]), 2.068476103244262), (2.0751066339171466e-05, Vec([[ 6.89564069e-09],
     [ 8.12068842e-07],
     [-1.03347262e-09]]), 2.0697858690423625), (2.1020776453431927e-05, Vec([[ 1.91783365e-09],
     [ 7.87838706e-07],
     [-4.15288006e-10]]), 2.0764089596878685), (2.1158031693105087e-05, Vec([[ 5.26181756e-09],
     [ 7.21343682e-07],
     [-6.81903778e-10]]), 2.0782349058698153), (2.150456986158222e-05, Vec([[-4.58506023e-09],
     [ 7.17756844e-07],
     [-9.74449754e-10]]), 2.108926907228084), (2.159902578853726e-05, Vec([[ 3.04021057e-09],
     [ 6.98707743e-07],
     [-6.87414913e-10]]), 2.123376079287161), (2.1781577553726307e-05, Vec([[4.49706771e-09],
     [6.46219266e-07],
     [1.93261094e-09]]), 2.15527787978841), (2.167058412482696e-05, Vec([[-7.39246252e-09],
     [ 6.57024550e-07],
     [-8.78955951e-11]]), 2.1671450855534267), (2.158555833588499e-05, Vec([[ 6.12888597e-09],
     [ 5.59288625e-07],
     [-1.36912024e-09]]), 2.1908094051444906), (2.123421715037078e-05, Vec([[6.17332209e-10],
     [4.91168237e-07],
     [1.53998074e-09]]), 2.1967305814847853), (2.063725569598103e-05, Vec([[ 3.93476670e-09],
     [ 3.56966179e-07],
     [-3.48368918e-10]]), 2.185950048796777), (2.032877769800842e-05, Vec([[5.18544711e-09],
     [2.58530579e-07],
     [9.04384300e-10]]), 2.2150839937846882), (1.93946299867592e-05, Vec([[4.58366917e-09],
     [1.77891064e-07],
     [1.05124308e-10]]), 2.1848077698120902), (1.8876039001899804e-05, Vec([[-7.85989816e-10],
     [ 5.56737758e-08],
     [-2.01624484e-09]]), 2.210073714238238), (1.943383726635988e-05, Vec([[-6.77160367e-09],
     [ 8.98487719e-08],
     [-7.39403633e-10]]), 2.2303488011218318), (2.005709129023616e-05, Vec([[-2.88966308e-09],
     [ 1.79712323e-07],
     [ 5.99862842e-10]]), 2.2207233611601795), (2.053527932332948e-05, Vec([[ 6.46369615e-11],
     [ 2.96018049e-07],
     [-7.56550402e-10]]), 2.2048144365525437), (2.1211180197647166e-05, Vec([[-6.64307440e-10],
     [ 3.84362945e-07],
     [ 4.62299084e-10]]), 2.219117607179768), (2.1770128540429087e-05, Vec([[-2.22725895e-09],
     [ 4.88011616e-07],
     [-1.78405922e-09]]), 2.229530362471713), (2.2179944273308795e-05, Vec([[-2.99195412e-09],
     [ 5.86653180e-07],
     [-1.30660188e-10]]), 2.2333624451537815), (2.217587094520418e-05, Vec([[-2.75893657e-09],
     [ 6.34219646e-07],
     [-2.79413793e-10]]), 2.2048118653502145), (2.192611600097466e-05, Vec([[2.61528790e-09],
     [6.37410547e-07],
     [3.15402087e-10]]), 2.1614443675878157), (2.171461947040864e-05, Vec([[3.34252961e-09],
     [6.72868485e-07],
     [2.36033869e-09]]), 2.131056466039641), (2.1317283414304445e-05, Vec([[3.57843427e-09],
     [6.99524287e-07],
     [6.02370693e-10]]), 2.091163974382773), (2.14087575594524e-05, Vec([[ 1.24696800e-09],
     [ 7.45748423e-07],
     [-4.25062348e-10]]), 2.1077194145689933), (2.09557393650607e-05, Vec([[-4.71981114e-09],
     [ 8.10043295e-07],
     [ 6.63008315e-10]]), 2.0789963472516955), (2.064022817198025e-05, Vec([[1.38396956e-09],
     [8.41968620e-07],
     [1.44033560e-09]]), 2.0707713380567974), (2.0107128021247665e-05, Vec([[-7.76231811e-09],
     [ 8.53707887e-07],
     [-4.11952387e-10]]), 2.0465971847605626), (1.989448591242194e-05, Vec([[-2.74087436e-09],
     [ 9.44021611e-07],
     [ 2.04800090e-10]]), 2.0632392429093778), (1.968003722700129e-05, Vec([[-3.72500175e-10],
     [ 1.01616334e-06],
     [ 3.84303022e-10]]), 2.0889051422368556), (1.911611718106243e-05, Vec([[2.19470581e-09],
     [1.02554967e-06],
     [1.05591105e-09]]), 2.0864224200627413), (1.8486149101578136e-05, Vec([[-8.60055385e-10],
     [ 1.08697459e-06],
     [-1.26124103e-10]]), 2.0850165790128115), (1.837687161300573e-05, Vec([[ 4.81646399e-09],
     [ 1.11132720e-06],
     [-1.37648154e-09]]), 2.1266698206372743), (1.8905228873257053e-05, Vec([[ 1.43332292e-09],
     [ 1.00619093e-06],
     [-7.94111229e-10]]), 2.1378362732765632), (1.9283072352166635e-05, Vec([[-1.31638572e-09],
     [ 8.67227028e-07],
     [ 3.77771187e-11]]), 2.140289432031149), (1.9674759799873796e-05, Vec([[-4.00767921e-09],
     [ 6.47514996e-07],
     [-7.91494849e-10]]), 2.152673200575421), (1.967685397300887e-05, Vec([[1.53092837e-09],
     [4.43952808e-07],
     [9.12685164e-10]]), 2.1311420168396897), (1.9851593826468538e-05, Vec([[3.54900287e-09],
     [2.34498805e-07],
     [8.72035487e-10]]), 2.13707249724476), (1.9939275509834676e-05, Vec([[-3.96607466e-09],
     [ 5.91370129e-09],
     [ 2.55702111e-10]]), 2.1421900219345744)]