[(2.0185817023149254e-05, Vec([[-5.45946737e-10],
     [-6.75274474e-09],
     [-2.06683940e-10]]), 2.1686773819971137), (1.9922393927004335e-05, Vec([[ 3.41695695e-10],
     [-2.35732272e-07],
     [-1.35077941e-09]]), 2.1446943007623935), (1.9776449099025697e-05, Vec([[-2.69440363e-09],
     [-4.40092181e-07],
     [-1.36510095e-09]]), 2.1419288711822615), (1.9660088651945368e-05, Vec([[ 6.96070611e-10],
     [-6.58196521e-07],
     [-1.00596122e-09]]), 2.151067987231601), (1.925328083878219e-05, Vec([[-1.06167798e-08],
     [-8.52059550e-07],
     [-1.80481772e-09]]), 2.1369827773603345), (1.8814259378997077e-05, Vec([[ 3.65705092e-09],
     [-9.97117627e-07],
     [-4.54246750e-11]]), 2.127549284111058), (1.8102946011711276e-05, Vec([[-1.35538847e-09],
     [-1.06259484e-06],
     [-3.26367996e-10]]), 2.0949696857263604), (1.8502327388624504e-05, Vec([[ 5.41144628e-09],
     [-1.09046530e-06],
     [ 2.14825363e-09]]), 2.086841296347197), (1.8924611599438022e-05, Vec([[-1.27079840e-09],
     [-1.05551375e-06],
     [-4.01906663e-10]]), 2.0655206053645054), (1.948532928103639e-05, Vec([[ 1.43976914e-09],
     [-9.72863487e-07],
     [-1.60289107e-09]]), 2.068238187958821), (1.9636367819000135e-05, Vec([[-1.70958516e-11],
     [-9.53702614e-07],
     [ 1.32544796e-09]]), 2.0364700475656425), (2.0148889035083633e-05, Vec([[-4.24253012e-10],
     [-8.71200079e-07],
     [-6.47804578e-10]]), 2.0508478153458523), (2.0587026136749345e-05, Vec([[-4.14410368e-09],
     [-7.93498215e-07],
     [-1.50586337e-09]]), 2.0654337396172604), (2.10516659127641e-05, Vec([[-4.00194743e-10],
     [-7.84608720e-07],
     [ 8.36169384e-10]]), 2.088513116801346), (2.12370830276522e-05, Vec([[-3.62615650e-09],
     [-7.20972401e-07],
     [ 5.17902031e-10]]), 2.0908178385360316), (2.1688236983249227e-05, Vec([[-4.27496844e-10],
     [-7.14822641e-07],
     [ 1.08442605e-09]]), 2.1275534488045253), (2.1677271857437043e-05, Vec([[-5.58796866e-09],
     [-6.69862557e-07],
     [-9.99585811e-10]]), 2.1273911993181724), (2.1985523322163965e-05, Vec([[-1.64801755e-09],
     [-6.61941426e-07],
     [ 1.35885110e-09]]), 2.167300654208409), (2.214911244742307e-05, Vec([[-1.24206847e-09],
     [-6.45005039e-07],
     [-1.08553977e-09]]), 2.2021514307926484), (2.215955630203616e-05, Vec([[ 2.93768550e-09],
     [-5.73148727e-07],
     [-7.58562158e-10]]), 2.231309521629173), (2.1552320094686108e-05, Vec([[ 3.53610374e-09],
     [-4.82185404e-07],
     [-1.00617565e-09]]), 2.2072240843032174), (2.128706020307023e-05, Vec([[ 2.09979705e-09],
     [-3.91437251e-07],
     [-7.98645087e-12]]), 2.2270561874236865), (2.0975812696232246e-05, Vec([[ 5.19516223e-09],
     [-3.01348213e-07],
     [-4.58562968e-10]]), 2.252113249734779), (2.0096439973955098e-05, Vec([[-2.09918369e-09],
     [-1.76020509e-07],
     [-1.12951526e-09]]), 2.225080051764068), (1.9369903207267465e-05, Vec([[-2.71762362e-09],
     [-8.66487444e-08],
     [-9.64462759e-10]]), 2.223011328336961), (1.885737308753816e-05, Vec([[-9.45876263e-10],
     [-5.37872722e-08],
     [ 1.21188023e-10]]), 2.207888242663473), (1.9580959303615947e-05, Vec([[ 3.40028216e-09],
     [-1.32086764e-07],
     [ 3.06769931e-10]]), 2.2057977933129425), (2.017985451441883e-05, Vec([[ 6.56474699e-10],
     [-2.74895142e-07],
     [-1.63003362e-09]]), 2.198856881403747), (2.0900480344465755e-05, Vec([[ 1.69276465e-09],
     [-3.64609551e-07],
     [ 9.38762555e-10]]), 2.213831465864829), (2.1134422046004866e-05, Vec([[-8.24888875e-09],
     [-4.89699664e-07],
     [-3.53453280e-10]]), 2.1864065391105996), (2.1371600909792797e-05, Vec([[ 1.47459698e-09],
     [-5.47710087e-07],
     [ 1.81304910e-10]]), 2.169093963084138), (2.1706742257642565e-05, Vec([[ 2.10910264e-10],
     [-6.57022553e-07],
     [-1.54036820e-09]]), 2.170761043452058), (2.1836463944949562e-05, Vec([[ 8.93610183e-09],
     [-6.79113628e-07],
     [-6.68402468e-10]]), 2.160708864969034), (2.173796852667613e-05, Vec([[ 2.00603670e-09],
     [-6.83561545e-07],
     [ 7.04639688e-11]]), 2.1370353845467194), (2.176714660626937e-05, Vec([[-4.32716216e-09],
     [-7.22184866e-07],
     [-5.76936995e-10]]), 2.134677487948714), (2.148023846247585e-05, Vec([[ 7.34670977e-09],
     [-7.31024473e-07],
     [ 8.29641119e-10]]), 2.109883471517444), (2.118517083361592e-05, Vec([[-1.13098391e-09],
     [-7.74941556e-07],
     [ 6.37340928e-10]]), 2.0926476540430743), (2.0754453323912335e-05, Vec([[-3.70150536e-09],
     [-8.23175573e-07],
     [-9.04958942e-10]]), 2.0701236990623113), (2.027527185163991e-05, Vec([[ 4.03437653e-10],
     [-8.44855869e-07],
     [ 9.09925783e-11]]), 2.047795934415502), (1.9846405497798563e-05, Vec([[ 1.68683504e-09],
     [-9.01850026e-07],
     [-1.39176570e-09]]), 2.037950871107757), (1.9559135848409575e-05, Vec([[-3.24911339e-09],
     [-9.30185272e-07],
     [ 4.86983145e-10]]), 2.050957092047099), (1.9227410706391277e-05, Vec([[ 3.56417257e-09],
     [-1.00528396e-06],
     [-3.97712559e-10]]), 2.0682716187906443), (1.8624396449391968e-05, Vec([[-3.86971174e-09],
     [-1.03303512e-06],
     [ 8.95306835e-10]]), 2.065084291075664), (1.830664785528008e-05, Vec([[ 4.66341704e-09],
     [-1.08322134e-06],
     [-8.83013311e-10]]), 2.1030669329494516), (1.8465432769724886e-05, Vec([[ 1.02715859e-09],
     [-1.07240634e-06],
     [-2.69579023e-10]]), 2.111165557305992), (1.9185243833080144e-05, Vec([[ 3.42674138e-09],
     [-9.36646496e-07],
     [-1.34372123e-09]]), 2.148197180802704), (1.9600164401518354e-05, Vec([[ 5.72425563e-09],
     [-7.89321244e-07],
     [-8.51237262e-10]]), 2.1587995475900854), (1.9556931300455465e-05, Vec([[-1.00513537e-09],
     [-5.34079394e-07],
     [-1.05733665e-09]]), 2.127840647409156), (1.9914707022803076e-05, Vec([[-1.59416740e-09],
     [-3.27082063e-07],
     [-1.37242222e-09]]), 2.149282607390929), (1.986773626470919e-05, Vec([[-5.75064076e-09],
     [-9.62793012e-08],
     [-1.05007673e-09]]), 2.135579326735251), (1.9945033625956647e-05, Vec([[6.44159588e-09],
     [1.19172961e-07],
     [7.96320092e-10]]), 2.1438880059170096), (1.994290878456549e-05, Vec([[ 6.75896905e-09],
     [ 3.22941375e-07],
     [-1.37811759e-09]]), 2.15232626532596), (1.9705539791066505e-05, Vec([[-2.67537840e-10],
     [ 5.33210106e-07],
     [-3.14434797e-09]]), 2.1440096046966883), (1.9488126979156553e-05, Vec([[ 1.11492969e-09],
     [ 7.45488501e-07],
     [-5.04114497e-10]]), 2.146459531876285), (1.9403576015183702e-05, Vec([[6.23166737e-11],
     [9.40732321e-07],
     [1.68400565e-10]]), 2.172644124618172), (1.8659796983849723e-05, Vec([[4.84199314e-10],
     [1.05278841e-06],
     [1.18336093e-09]]), 2.133387350835033), (1.8289704571228763e-05, Vec([[ 5.72180785e-09],
     [ 1.09415268e-06],
     [-2.83673821e-10]]), 2.101120489192759), (1.8752500285389612e-05, Vec([[3.13119759e-09],
     [1.03861229e-06],
     [1.40870868e-09]]), 2.079288521535648), (1.9035997201095024e-05, Vec([[9.19948516e-10],
     [9.63563851e-07],
     [4.83656759e-10]]), 2.047681476597141), (1.9486256761679094e-05, Vec([[-1.01263568e-09],
     [ 9.59173941e-07],
     [ 4.64094181e-10]]), 2.043315042779164), (1.997280678834583e-05, Vec([[1.99759646e-09],
     [8.98421443e-07],
     [3.54237175e-10]]), 2.050930532347094), (2.0423674077164933e-05, Vec([[-1.59643962e-12],
     [ 8.43771495e-07],
     [ 5.72630739e-10]]), 2.0627845114522034), (2.0660779884455767e-05, Vec([[-7.19044152e-10],
     [ 7.99422747e-07],
     [-5.14465338e-10]]), 2.060780373850834), (2.100642584349266e-05, Vec([[8.62284660e-09],
     [7.70047085e-07],
     [8.27440248e-10]]), 2.0749914223708763), (2.1351612154812717e-05, Vec([[ 4.69169138e-09],
     [ 7.36806110e-07],
     [-2.15630708e-10]]), 2.0972492300021637), (2.1521804211061043e-05, Vec([[-2.09964318e-09],
     [ 7.08600474e-07],
     [ 1.93823231e-09]]), 2.110617058836714), (2.183126506776014e-05, Vec([[3.20560152e-09],
     [6.87305153e-07],
     [5.70164961e-11]]), 2.146207263202616), (2.1968020616394846e-05, Vec([[-1.89264187e-09],
     [ 6.51546836e-07],
     [ 8.49049629e-10]]), 2.173726341926579), (2.1899289986674374e-05, Vec([[4.93567608e-09],
     [7.04606723e-07],
     [3.44582342e-10]]), 2.190016586463827), (2.1207721121261367e-05, Vec([[ 2.37958858e-09],
     [ 5.86857574e-07],
     [-7.91689297e-10]]), 2.1524611117841608), (2.1386041065264563e-05, Vec([[2.59746029e-09],
     [4.94442631e-07],
     [1.85515966e-09]]), 2.2124371288223257), (2.074978019422732e-05, Vec([[-1.63375447e-09],
     [ 3.78527617e-07],
     [-1.83103690e-09]]), 2.1978689267743468), (2.0094194387230387e-05, Vec([[-2.15242815e-09],
     [ 2.41281873e-07],
     [-1.32363037e-09]]), 2.1895230995374977), (1.952173383120966e-05, Vec([[-3.08955459e-09],
     [ 1.52446093e-07],
     [-3.71162122e-10]]), 2.1991260355958637), (1.9133095492033007e-05, Vec([[ 1.63174653e-09],
     [ 5.07258118e-08],
     [-2.75370991e-10]]), 2.2401708014428445), (1.946031182553112e-05, Vec([[5.46605429e-09],
     [9.76070754e-08],
     [3.57711977e-10]]), 2.2333871872366533), (2.0075730888008885e-05, Vec([[-4.08432522e-09],
     [ 2.00621731e-07],
     [-9.32771267e-10]]), 2.2227871394826457), (2.0685000210618648e-05, Vec([[-2.59515979e-09],
     [ 3.04542792e-07],
     [ 3.72198659e-10]]), 2.2208895416704757), (2.1332949527702408e-05, Vec([[7.70464834e-09],
     [3.73189778e-07],
     [7.21411696e-10]]), 2.231857137079667), (2.166184178763874e-05, Vec([[-6.12341412e-09],
     [ 5.03712842e-07],
     [-1.35935065e-09]]), 2.2184404599591403), (2.1846816511495498e-05, Vec([[-1.41868831e-09],
     [ 5.56623677e-07],
     [ 2.53190109e-10]]), 2.1998188517387494), (2.1962745681812868e-05, Vec([[7.44630853e-10],
     [6.35615056e-07],
     [1.35387895e-10]]), 2.183622117687443), (2.182501893092119e-05, Vec([[-2.38690849e-09],
     [ 6.29306451e-07],
     [-3.55889962e-10]]), 2.1514783666491635), (2.1795606430043908e-05, Vec([[3.14805786e-09],
     [6.80179053e-07],
     [5.35973982e-10]]), 2.139004465507503), (2.1388274124762307e-05, Vec([[-1.22312217e-09],
     [ 7.19513675e-07],
     [ 3.97117965e-10]]), 2.098127958176585), (2.1193378991686882e-05, Vec([[1.41034740e-09],
     [7.34988459e-07],
     [1.73134213e-09]]), 2.0865151206018724), (2.0970280319672823e-05, Vec([[-2.85659931e-09],
     [ 7.95442448e-07],
     [-4.18135291e-10]]), 2.0804389397079923), (2.0755683402575673e-05, Vec([[-1.56005478e-09],
     [ 8.69914284e-07],
     [-7.33770155e-10]]), 2.082354610312978), (2.0305913295805048e-05, Vec([[-4.48382798e-10],
     [ 8.68555382e-07],
     [-6.68078182e-10]]), 2.0668304763003134), (2.0050954936505003e-05, Vec([[-1.21554607e-09],
     [ 9.57975118e-07],
     [-1.45441124e-10]]), 2.0794665046847793), (1.9649215501755622e-05, Vec([[-3.67818127e-09],
     [ 9.99001085e-07],
     [-2.79388832e-10]]), 2.0856336209680872), (1.8863234965975762e-05, Vec([[-1.16524879e-09],
     [ 1.00262995e-06],
     [ 9.48467800e-10]]), 2.0588216725785897), (1.8836913915493123e-05, Vec([[-4.03084876e-09],
     [ 1.09428022e-06],
     [ 3.74161817e-10]]), 2.1245786559131137), (1.837472433579123e-05, Vec([[-1.09571675e-09],
     [ 1.11129321e-06],
     [-1.69574882e-10]]), 2.1264213262392726), (1.8851212917718734e-05, Vec([[ 8.06759214e-10],
     [ 1.01242434e-06],
     [-2.60208754e-10]]), 2.1317280547588355), (1.943486422279969e-05, Vec([[-4.23167591e-10],
     [ 8.73993040e-07],
     [-1.34315383e-09]]), 2.1571372937541624), (1.959300755701541e-05, Vec([[ 2.72086638e-09],
     [ 6.73149616e-07],
     [-8.43040407e-10]]), 2.1437284478019056), (1.9739805621227086e-05, Vec([[-3.45342318e-09],
     [ 4.73572533e-07],
     [-6.62327503e-11]]), 2.137960124182011), (1.997967891608187e-05, Vec([[-6.22614665e-10],
     [ 2.02618113e-07],
     [-1.76762300e-09]]), 2.15086116956561), (2.01008133071763e-05, Vec([[-5.28290857e-09],
     [ 3.81240583e-08],
     [-4.91741455e-10]]), 2.1595449482687754)]