[(1.997853573447935e-05, Vec([[-6.79445528e-09],
     [ 8.36670637e-09],
     [ 7.96213205e-10]]), 2.146407971651518), (1.986437944538259e-05, Vec([[-6.40961786e-09],
     [-2.61104681e-07],
     [-3.22045042e-10]]), 2.138448900307422), (1.978710536720259e-05, Vec([[-1.09630063e-09],
     [-4.47040359e-07],
     [ 1.02763660e-09]]), 2.1430830201577855), (1.9164359514340808e-05, Vec([[ 3.56662024e-09],
     [-6.34803224e-07],
     [-1.89499333e-10]]), 2.096828807687842), (1.9483735317030084e-05, Vec([[ 5.14234502e-09],
     [-9.12529195e-07],
     [ 8.26498734e-10]]), 2.1625616516885637), (1.8929779709883228e-05, Vec([[-4.52445281e-09],
     [-1.01124498e-06],
     [ 1.43393078e-09]]), 2.1406125247269214), (1.8271306088550476e-05, Vec([[ 5.55823202e-09],
     [-1.11591656e-06],
     [-5.23259971e-10]]), 2.114453213823749), (1.85060263214833e-05, Vec([[ 4.28480398e-09],
     [-1.09546701e-06],
     [-4.11973453e-10]]), 2.087258491745377), (1.900561152490538e-05, Vec([[ 1.63012280e-09],
     [-1.04496817e-06],
     [-4.39041907e-10]]), 2.0743613160024337), (1.9417787166034758e-05, Vec([[-4.15316210e-09],
     [-9.71468849e-07],
     [-3.63481845e-10]]), 2.061069041390801), (1.980672760504478e-05, Vec([[-6.29159723e-09],
     [-9.41203483e-07],
     [ 6.44336367e-11]]), 2.054137907772148), (2.0355798029284633e-05, Vec([[ 3.29324545e-09],
     [-9.09622295e-07],
     [-1.28328219e-09]]), 2.071907976925662), (2.0532425189842708e-05, Vec([[-2.25520022e-09],
     [-8.23019498e-07],
     [ 5.19386929e-10]]), 2.059955792622541), (2.0989788317173487e-05, Vec([[ 4.06317618e-09],
     [-8.06272900e-07],
     [ 2.42290221e-09]]), 2.0823743071431156), (2.1251610513768765e-05, Vec([[-3.40355102e-09],
     [-7.25772455e-07],
     [-5.89942484e-10]]), 2.092248088023781), (2.1324976903101505e-05, Vec([[-1.97180427e-09],
     [-6.88558985e-07],
     [ 2.89848035e-10]]), 2.0919186834278736), (2.1856475627441744e-05, Vec([[ 1.99439589e-09],
     [-7.11595709e-07],
     [-5.56547898e-10]]), 2.14497812288032), (2.1841465948614656e-05, Vec([[ 8.30336007e-09],
     [-6.42801652e-07],
     [ 7.69703048e-10]]), 2.1530996895389793), (2.2271314618142432e-05, Vec([[-2.65366778e-10],
     [-6.15877861e-07],
     [ 2.85615132e-10]]), 2.2143012487925526), (2.198504203089662e-05, Vec([[-4.05863358e-09],
     [-5.92719677e-07],
     [ 1.08306828e-09]]), 2.2137371772398557), (2.1722272941039175e-05, Vec([[ 4.42648256e-11],
     [-4.94651354e-07],
     [-1.32172510e-09]]), 2.224629357332679), (2.1409550547881445e-05, Vec([[ 1.65267086e-09],
     [-4.06692527e-07],
     [-3.28098745e-10]]), 2.2398711500211115), (2.0729733577910962e-05, Vec([[-5.80800548e-09],
     [-2.84231358e-07],
     [ 1.14838189e-09]]), 2.2256924358726318), (2.002783393664802e-05, Vec([[ 6.91568430e-09],
     [-1.83805109e-07],
     [-4.27693833e-10]]), 2.21748398374205), (1.9339523707845467e-05, Vec([[-2.21285858e-09],
     [-7.83210722e-08],
     [-2.10111368e-10]]), 2.219524786837932), (1.8979772511701244e-05, Vec([[-1.93470577e-10],
     [-7.32566632e-08],
     [-4.00472878e-10]]), 2.22221920213826), (1.9515183369662023e-05, Vec([[-2.68346995e-10],
     [-1.32673462e-07],
     [ 4.11544078e-10]]), 2.198388125189999), (2.009658786531906e-05, Vec([[-2.80982742e-09],
     [-2.52685077e-07],
     [ 9.14920722e-10]]), 2.189783900018592), (2.0619929243604577e-05, Vec([[ 1.50489028e-09],
     [-3.89151418e-07],
     [-9.35823083e-10]]), 2.184114787365908), (2.102745200760436e-05, Vec([[-2.68284975e-09],
     [-4.74787625e-07],
     [-1.80634233e-09]]), 2.1753402326396363), (2.1762023253609985e-05, Vec([[-1.49859465e-09],
     [-5.79938137e-07],
     [ 7.40784234e-10]]), 2.2087195743147396), (2.177890009105098e-05, Vec([[ 5.31791889e-10],
     [-6.57065125e-07],
     [-6.09101740e-10]]), 2.17797711539338), (2.1550479156873347e-05, Vec([[-3.30407433e-09],
     [-6.79658631e-07],
     [ 8.09057684e-10]]), 2.132410791233268), (2.1766323456613674e-05, Vec([[-8.90907558e-11],
     [-6.92268378e-07],
     [-2.12077795e-09]]), 2.139822926010335), (2.1709677134488866e-05, Vec([[-1.64723289e-09],
     [-7.33577924e-07],
     [-8.93162719e-10]]), 2.129041527026817), (2.114113473645085e-05, Vec([[-4.05936893e-09],
     [-7.28023843e-07],
     [ 6.17911455e-10]]), 2.0765752124904324), (2.1099620825838287e-05, Vec([[-3.46808090e-10],
     [-8.07724653e-07],
     [-3.96821625e-11]]), 2.0841971192569604), (2.0993826985290374e-05, Vec([[ 1.01455455e-09],
     [-8.35280041e-07],
     [-1.88084522e-09]]), 2.0939996875846907), (2.0460346343092766e-05, Vec([[ 3.26036426e-09],
     [-8.76392493e-07],
     [-4.62910432e-11]]), 2.066488398513364), (1.9928053248427484e-05, Vec([[-4.33860021e-10],
     [-8.91116184e-07],
     [-4.58230836e-10]]), 2.0463349638613115), (1.9761891175101883e-05, Vec([[ 7.79931790e-10],
     [-9.50600637e-07],
     [ 1.30171576e-09]]), 2.072217871585257), (1.907490731471415e-05, Vec([[-1.97949951e-09],
     [-9.98645168e-07],
     [-1.54956102e-09]]), 2.051866995121256), (1.8679153404946788e-05, Vec([[ 1.56145765e-09],
     [-1.03251613e-06],
     [ 7.11177058e-11]]), 2.0711557752738585), (1.8407961368461654e-05, Vec([[-5.78486295e-09],
     [-1.12231902e-06],
     [ 1.57742037e-09]]), 2.1147058250676305), (1.855051763713076e-05, Vec([[ 2.21342703e-09],
     [-1.05919218e-06],
     [-5.83586899e-10]]), 2.1208933683871245), (1.9240650517167123e-05, Vec([[-1.63601012e-09],
     [-9.41947999e-07],
     [ 1.16022044e-10]]), 2.1544011406579364), (1.9498150261505385e-05, Vec([[-3.72045073e-09],
     [-7.60041430e-07],
     [ 4.55257798e-10]]), 2.147563515340747), (1.9984547230481023e-05, Vec([[ 4.03520040e-09],
     [-5.48622211e-07],
     [ 1.49906135e-10]]), 2.1743662778063366), (1.979437151450732e-05, Vec([[ 3.69409268e-10],
     [-3.17875531e-07],
     [-5.18804908e-10]]), 2.136295471063216), (1.9835688632971822e-05, Vec([[-9.39027826e-10],
     [-1.46180687e-07],
     [-2.24813375e-10]]), 2.1321345326783296), (1.9740725774073806e-05, Vec([[4.71698530e-09],
     [1.12714574e-07],
     [2.77169306e-09]]), 2.1219269923945125), (1.975283198997739e-05, Vec([[-1.23974431e-09],
     [ 3.31703782e-07],
     [-7.36283534e-10]]), 2.131812343217588), (1.9721718463874084e-05, Vec([[4.87028429e-09],
     [5.42080230e-07],
     [8.35540663e-10]]), 2.1457698827838896), (1.946257731871033e-05, Vec([[-2.72681779e-09],
     [ 7.63575674e-07],
     [-6.63078321e-10]]), 2.143645443469551), (1.926073653914294e-05, Vec([[-6.08113078e-10],
     [ 9.71033680e-07],
     [ 7.67734761e-10]]), 2.156650199161305), (1.8622129659091666e-05, Vec([[-2.79344565e-09],
     [ 1.04667048e-06],
     [ 8.89154038e-10]]), 2.129080819834284), (1.8168166973434997e-05, Vec([[4.76668323e-09],
     [1.07015031e-06],
     [3.20394343e-10]]), 2.0871582550879246), (1.8749208593782004e-05, Vec([[-6.33822742e-09],
     [ 1.02715089e-06],
     [-9.75116161e-10]]), 2.0789235367884427), (1.9282113527390633e-05, Vec([[-2.95084943e-09],
     [ 1.02229708e-06],
     [ 3.91842832e-10]]), 2.074155941639333), (1.9662758927466087e-05, Vec([[1.91346424e-09],
     [9.39059851e-07],
     [7.77410629e-12]]), 2.0618229345126298), (2.0044949278682885e-05, Vec([[5.89310149e-09],
     [8.99171390e-07],
     [6.06937247e-10]]), 2.058338566564807), (2.052489553422964e-05, Vec([[1.04577806e-08],
     [8.59895303e-07],
     [3.25500758e-10]]), 2.073007846052571), (2.0893077399516536e-05, Vec([[-3.25886546e-10],
     [ 7.94626450e-07],
     [ 1.61926621e-09]]), 2.0839505621306924), (2.106403595574883e-05, Vec([[-3.83025579e-09],
     [ 7.57947667e-07],
     [ 1.23655464e-09]]), 2.0806820852977355), (2.134271577050863e-05, Vec([[-2.86349066e-09],
     [ 7.27056529e-07],
     [-8.56949616e-10]]), 2.096375388017948), (2.15072150897041e-05, Vec([[5.07860894e-09],
     [6.88461701e-07],
     [7.01141288e-10]]), 2.1091863215199247), (2.1656125324968445e-05, Vec([[1.62782860e-09],
     [6.90895325e-07],
     [9.47789230e-10]]), 2.128989470880994), (2.1814204065333203e-05, Vec([[ 2.39410821e-10],
     [ 6.68856720e-07],
     [-2.82541493e-10]]), 2.1585062593025914), (2.1792752315236628e-05, Vec([[ 1.30787134e-09],
     [ 6.64141862e-07],
     [-3.09176791e-10]]), 2.179362393214919), (2.164031725262684e-05, Vec([[-1.95800666e-09],
     [ 5.90418356e-07],
     [-5.41601391e-10]]), 2.196367118683646), (2.1084719291727563e-05, Vec([[9.43430319e-10],
     [4.83718367e-07],
     [1.78582902e-10]]), 2.181264670233034), (2.0644275543044332e-05, Vec([[-1.26269320e-09],
     [ 3.45169785e-07],
     [ 9.12026645e-10]]), 2.186693608660386), (2.0164387207571018e-05, Vec([[-2.36528143e-09],
     [ 2.52383763e-07],
     [ 1.06944007e-09]]), 2.19717151771221), (1.959223580936189e-05, Vec([[7.42741747e-09],
     [1.40251580e-07],
     [1.41586936e-09]]), 2.2070680932561166), (1.9236398541201194e-05, Vec([[5.27825084e-09],
     [5.10940164e-08],
     [1.77365155e-09]]), 2.252265889482464), (1.943185870292668e-05, Vec([[1.36259985e-10],
     [1.01457395e-07],
     [8.43716300e-10]]), 2.2301217287984048), (2.0351892237876568e-05, Vec([[-4.12940034e-09],
     [ 1.61050617e-07],
     [ 1.31922068e-09]]), 2.2533637546172263), (2.0725348508480127e-05, Vec([[-3.48011663e-09],
     [ 3.29518930e-07],
     [ 9.72623914e-10]]), 2.2252216234607753), (2.1246396119340972e-05, Vec([[ 7.50048980e-09],
     [ 3.98622028e-07],
     [-2.72303280e-10]]), 2.222801903440306), (2.1786394379749996e-05, Vec([[2.13261887e-09],
     [4.86156805e-07],
     [1.31477999e-10]]), 2.231196185554462), (2.2148547171492962e-05, Vec([[ 3.70741163e-09],
     [ 6.06738741e-07],
     [-6.50616291e-10]]), 2.2302009805793857), (2.2135050343509232e-05, Vec([[-1.88164001e-09],
     [ 6.42433173e-07],
     [-6.03320830e-10]]), 2.200753321395384), (2.199644720245793e-05, Vec([[7.79035641e-10],
     [6.49385355e-07],
     [8.89456405e-10]]), 2.168377514311336), (2.174546018177163e-05, Vec([[1.98941460e-09],
     [6.96531013e-07],
     [4.88924600e-10]]), 2.134083150318264), (2.1332462313648835e-05, Vec([[ 1.78466020e-09],
     [ 6.90781505e-07],
     [-2.44664518e-10]]), 2.0926529805972542), (2.1213515203559565e-05, Vec([[-5.22238205e-09],
     [ 7.61089949e-07],
     [-2.64824393e-10]]), 2.088497556274847), (2.1031668102726617e-05, Vec([[-6.65814635e-09],
     [ 7.87204915e-07],
     [ 6.18805600e-10]]), 2.0865291555916423), (2.0577756238925325e-05, Vec([[-5.55848278e-09],
     [ 8.36858852e-07],
     [-5.05132134e-10]]), 2.0645037189527238), (2.022337091288647e-05, Vec([[ 4.30154020e-09],
     [ 8.91190278e-07],
     [-2.65407895e-10]]), 2.0584289279376593), (1.9820792447417077e-05, Vec([[-2.38626006e-10],
     [ 9.19833681e-07],
     [ 9.56901253e-10]]), 2.055596559926096), (1.947316634357236e-05, Vec([[-2.43058577e-09],
     [ 9.91565093e-07],
     [ 1.13168880e-09]]), 2.0669471729917124), (1.90742271784551e-05, Vec([[-3.27652485e-09],
     [ 1.05065076e-06],
     [ 2.84587759e-10]]), 2.081850349291852), (1.838321428468231e-05, Vec([[3.20857384e-09],
     [1.08443887e-06],
     [1.04147215e-10]]), 2.0734067624628016), (1.8250812637359588e-05, Vec([[-2.88083170e-09],
     [ 1.11473762e-06],
     [ 4.37821196e-10]]), 2.1120816020997197), (1.883526899093841e-05, Vec([[-1.42852223e-09],
     [ 9.98753465e-07],
     [ 6.25498832e-10]]), 2.129925087694117), (1.9185455732262454e-05, Vec([[-4.19161249e-10],
     [ 8.86934446e-07],
     [-8.62227506e-11]]), 2.1294546534151757), (1.9393728382507252e-05, Vec([[ 5.53985805e-10],
     [ 6.73788652e-07],
     [-3.87577424e-10]]), 2.1219247285819507), (1.975331027640689e-05, Vec([[4.74776060e-09],
     [4.52607814e-07],
     [1.39733689e-10]]), 2.1394227735524893), (2.005710748294253e-05, Vec([[-3.33125966e-09],
     [ 2.40920887e-07],
     [-4.88564573e-10]]), 2.1591965436512095), (2.0269870116132688e-05, Vec([[-2.84400118e-09],
     [-1.49776347e-08],
     [ 9.06738544e-10]]), 2.1777076848791324)]