[(1.5246816299960133e-05, Vec([[ 1.52875211e-09],
     [-2.38711033e-08],
     [-3.23311002e-10]]), 2.083703986645129), (1.581761710223437e-05, Vec([[-6.87731740e-08],
     [-1.51696654e-08],
     [-4.47215017e-10]]), 2.060838700617205), (1.646766566926252e-05, Vec([[-1.32165107e-07],
     [ 1.56289134e-08],
     [-1.23875084e-10]]), 2.057793501916037), (1.685003392915557e-05, Vec([[-1.90618889e-07],
     [ 6.11044149e-09],
     [ 7.41914432e-10]]), 2.030708159679554), (1.7298398835141213e-05, Vec([[-2.35477285e-07],
     [-7.59420045e-09],
     [-9.54197955e-10]]), 2.02102190182579), (1.7946026435238087e-05, Vec([[-2.86982346e-07],
     [ 3.03580795e-09],
     [ 9.73499462e-11]]), 2.0424805957687133), (1.81719524783783e-05, Vec([[-3.20084675e-07],
     [ 1.91640126e-08],
     [ 2.22300317e-09]]), 2.0240169876561467), (1.8589917299630796e-05, Vec([[-3.59544932e-07],
     [ 2.61675357e-09],
     [-1.21324136e-09]]), 2.0352918757238667), (1.8605038147364244e-05, Vec([[-3.95698755e-07],
     [ 4.50047583e-09],
     [ 1.61550470e-09]]), 2.0107841188871594), (1.8825531824962016e-05, Vec([[-3.99139380e-07],
     [ 2.60928754e-09],
     [ 1.15754306e-10]]), 2.016830710101319), (1.8890146255788903e-05, Vec([[-3.97512548e-07],
     [-1.52406028e-08],
     [ 8.18128420e-11]]), 2.014257874062667), (1.8710220087209103e-05, Vec([[-3.85818733e-07],
     [ 7.69475817e-09],
     [ 3.07926619e-09]]), 1.9937460750061973), (1.8565582831802385e-05, Vec([[-3.48595582e-07],
     [ 1.34312742e-09],
     [ 2.58948071e-10]]), 1.9850070018807788), (1.833321304480908e-05, Vec([[-3.06376293e-07],
     [-1.06175342e-08],
     [ 1.58223634e-10]]), 1.9747754165479596), (1.8204363843167638e-05, Vec([[-2.35572397e-07],
     [ 6.04758537e-09],
     [ 4.50994118e-10]]), 1.9836722236833457), (1.7889834411063303e-05, Vec([[-1.94843148e-07],
     [ 1.33823610e-08],
     [ 1.11783979e-09]]), 1.9803753567355236), (1.74446802498198e-05, Vec([[-1.21216405e-07],
     [-5.79507306e-10],
     [-9.59170656e-10]]), 1.9703405691767932), (1.6801226742652148e-05, Vec([[-5.61853972e-08],
     [-4.47877406e-09],
     [-2.12554342e-09]]), 1.9450217537499637), (1.6762901173661213e-05, Vec([[ 3.31090096e-08],
     [ 3.13244738e-09],
     [-1.05575190e-09]]), 1.998506767703399), (1.6021039358759878e-05, Vec([[ 7.00240187e-08],
     [-6.68305482e-10],
     [-1.09703034e-09]]), 1.9770309816372065), (1.595115526935182e-05, Vec([[ 1.29389532e-07],
     [-2.43615664e-09],
     [-8.97146660e-10]]), 2.0484793432738986), (1.538530563700036e-05, Vec([[ 2.13229148e-07],
     [-3.38571999e-09],
     [-4.89768810e-10]]), 2.068274702043523), (1.4819308751594683e-05, Vec([[ 2.57556316e-07],
     [-4.12158700e-09],
     [-1.99034807e-10]]), 2.098859282248393), (1.4307491862038555e-05, Vec([[ 2.93706009e-07],
     [-1.69815901e-09],
     [-2.12526397e-10]]), 2.1501598934814505), (1.3663975388650253e-05, Vec([[ 3.45303638e-07],
     [ 8.24818141e-10],
     [-1.41854557e-10]]), 2.1964761826746204), (1.3281527029182791e-05, Vec([[ 3.46344521e-07],
     [-4.44581652e-09],
     [ 3.26967995e-11]]), 2.2156718640533204), (1.3792911806985887e-05, Vec([[ 2.97322301e-07],
     [-2.70230957e-09],
     [-2.03130542e-10]]), 2.1415071123968716), (1.460679476542249e-05, Vec([[ 2.62114320e-07],
     [-3.16095348e-09],
     [ 4.90068423e-10]]), 2.129005048703284), (1.4948530940973041e-05, Vec([[ 2.18256930e-07],
     [-6.62462359e-10],
     [ 4.66309516e-10]]), 2.0609186949156584), (1.5502078539771378e-05, Vec([[ 1.55007221e-07],
     [ 3.56522663e-09],
     [-5.85520549e-10]]), 2.035300103170487), (1.5953991701965316e-05, Vec([[ 9.11493146e-08],
     [ 1.27941000e-09],
     [-1.31369319e-10]]), 2.006991217980224), (1.672036046408087e-05, Vec([[ 4.22507438e-08],
     [ 4.17588472e-09],
     [-2.93526161e-10]]), 2.026758851539636), (1.697874838540169e-05, Vec([[-3.56716418e-08],
     [-9.21940423e-10],
     [-1.19553960e-09]]), 1.9934712038081688), (1.7402202450192522e-05, Vec([[-8.32133707e-08],
     [-5.60478970e-09],
     [-2.57798890e-09]]), 1.9887647189171567), (1.758967288417152e-05, Vec([[-1.57683720e-07],
     [-2.14349887e-09],
     [ 2.92079152e-09]]), 1.9657434048015598), (1.810757512864876e-05, Vec([[-2.42053586e-07],
     [-1.94917077e-08],
     [ 6.22475689e-10]]), 1.9876773927732094), (1.828563544070195e-05, Vec([[-2.77942827e-07],
     [ 3.83438095e-09],
     [ 1.49049010e-09]]), 1.9800259383352339), (1.8383497497654922e-05, Vec([[-3.32354016e-07],
     [ 1.50129034e-08],
     [ 3.96430903e-10]]), 1.9718448147912404), (1.869142339781095e-05, Vec([[-3.88028031e-07],
     [ 3.49416627e-09],
     [ 1.14158118e-09]]), 1.9940923069597916), (1.8702042474816024e-05, Vec([[-3.92421580e-07],
     [-1.02754585e-08],
     [-2.28211953e-09]]), 1.9925336317516535), (1.8712079518489503e-05, Vec([[-3.96630868e-07],
     [-1.37212517e-09],
     [ 1.19526142e-09]]), 1.9989554738858675), (1.8404746610784944e-05, Vec([[-3.79171554e-07],
     [ 3.13375931e-10],
     [-9.52982577e-10]]), 1.9794087761029937), (1.832276280179474e-05, Vec([[-3.61312573e-07],
     [ 1.31735145e-08],
     [ 1.29788782e-09]]), 1.9920729788997247), (1.8194275719363728e-05, Vec([[-3.45883331e-07],
     [-1.10398813e-08],
     [ 2.26308241e-11]]), 2.0080796594733354), (1.8067968876617043e-05, Vec([[-3.00105781e-07],
     [-9.65181511e-09],
     [ 3.51588718e-09]]), 2.0331359548338095), (1.7399666268455982e-05, Vec([[-2.73138624e-07],
     [-2.73162346e-09],
     [-2.15904172e-10]]), 2.005221469531216), (1.6961717691176426e-05, Vec([[-2.05296868e-07],
     [-8.98059234e-09],
     [-1.08467592e-09]]), 2.0114291503408706), (1.6597729859151242e-05, Vec([[-1.57542059e-07],
     [ 8.68376963e-09],
     [-1.63728546e-09]]), 2.0354811286471497), (1.6093736182592365e-05, Vec([[-9.90171342e-08],
     [ 1.84418881e-10],
     [ 2.81781117e-10]]), 2.0520119592558026), (1.5298851419465633e-05, Vec([[-3.50461919e-08],
     [-8.73937905e-09],
     [ 1.03831945e-09]]), 2.039839799508806), (1.5562161056646556e-05, Vec([[ 2.76161769e-08],
     [-3.57949232e-09],
     [-8.62827454e-10]]), 2.074947629684376), (1.60359562204933e-05, Vec([[9.89273747e-08],
     [7.03817704e-09],
     [1.33021439e-09]]), 2.044644796535633), (1.6803741194835903e-05, Vec([[ 1.60506477e-07],
     [ 1.55642583e-09],
     [-8.82928207e-10]]), 2.060745558760905), (1.699974394397876e-05, Vec([[ 2.02234091e-07],
     [ 1.11988185e-08],
     [-8.80072579e-10]]), 2.0159385470162228), (1.7587721757304177e-05, Vec([[ 2.53837129e-07],
     [-1.16111503e-08],
     [ 1.11484239e-09]]), 2.0268938911675565), (1.766849335716926e-05, Vec([[2.95987838e-07],
     [1.46229768e-08],
     [1.86728555e-09]]), 1.9881841372160423), (1.8136976255076464e-05, Vec([[3.32055587e-07],
     [1.19061064e-08],
     [3.37227047e-09]]), 2.0017555886222214), (1.8161244972408086e-05, Vec([[ 3.62545277e-07],
     [ 2.99620652e-09],
     [-2.13260268e-09]]), 1.9745125647300794), (1.8580140711511705e-05, Vec([[ 3.92097867e-07],
     [-8.14480354e-09],
     [-2.58030963e-10]]), 1.998272204630273), (1.8806882285230785e-05, Vec([[ 4.03942771e-07],
     [-2.25241960e-09],
     [-4.38747147e-10]]), 2.0090829698346617), (1.8512421438141704e-05, Vec([[ 3.88814730e-07],
     [-2.11263220e-08],
     [ 5.09765698e-10]]), 1.9723312237328523), (1.878579920150803e-05, Vec([[3.59715926e-07],
     [1.65540345e-08],
     [1.64755099e-09]]), 2.0041607784779925), (1.8402357649806402e-05, Vec([[ 3.43555515e-07],
     [-1.81439045e-08],
     [-5.67083072e-09]]), 1.973867786384693), (1.821762268321678e-05, Vec([[ 2.79566016e-07],
     [ 3.68185171e-09],
     [-1.85128712e-09]]), 1.9726613037074103), (1.808205072188639e-05, Vec([[2.50420242e-07],
     [4.00748079e-09],
     [7.98705422e-10]]), 1.9848755661384976), (1.7718950655173338e-05, Vec([[ 1.70971313e-07],
     [ 2.70371750e-09],
     [-3.12656670e-09]]), 1.9801909120069352), (1.7436367030325817e-05, Vec([[ 9.38148478e-08],
     [-1.22516436e-08],
     [-1.37956793e-09]]), 1.9926691276723236), (1.6981924858826624e-05, Vec([[ 6.82043939e-09],
     [-4.16081697e-09],
     [-1.90294283e-09]]), 1.9938441528712292), (1.6553821512307287e-05, Vec([[-1.88636552e-08],
     [ 2.24280053e-09],
     [-4.69706870e-10]]), 2.0065718289357672), (1.6010410553533482e-05, Vec([[-9.35069438e-08],
     [ 6.77146170e-10],
     [-1.64299716e-09]]), 2.0140886354630143), (1.5598640873525667e-05, Vec([[-1.63738832e-07],
     [-1.66535322e-09],
     [-5.36445935e-10]]), 2.047977972615431), (1.518719359015628e-05, Vec([[-2.07494856e-07],
     [ 3.11319164e-09],
     [ 1.40848953e-09]]), 2.093822551316133), (1.4538984362232256e-05, Vec([[-2.71304660e-07],
     [ 5.55759153e-10],
     [-3.45947609e-10]]), 2.1191213820217767), (1.398718062608213e-05, Vec([[-3.04950231e-07],
     [ 1.06931034e-09],
     [ 2.71394322e-10]]), 2.1716695656651392), (1.35110179695023e-05, Vec([[-3.65783531e-07],
     [-9.40340753e-10],
     [ 2.67295594e-10]]), 2.253956363900652), (1.3651499503610906e-05, Vec([[-3.32599365e-07],
     [ 1.80120394e-10],
     [-3.02630837e-11]]), 2.1944706913320724), (1.4211980747117367e-05, Vec([[-2.91697687e-07],
     [-3.70195107e-10],
     [-3.35199401e-10]]), 2.135806282753206), (1.4894385989221808e-05, Vec([[-2.25489714e-07],
     [-1.72987939e-09],
     [ 5.34226244e-10]]), 2.1094924743709558), (1.543034054707229e-05, Vec([[-2.02549344e-07],
     [ 3.17182736e-09],
     [ 7.37667033e-10]]), 2.074328827155381), (1.5825814973893277e-05, Vec([[-1.30437025e-07],
     [ 9.71074323e-09],
     [ 7.34653913e-10]]), 2.032382891211896), (1.6156544766268644e-05, Vec([[-6.07682137e-08],
     [ 1.40082720e-08],
     [ 3.83134959e-10]]), 1.9937526426246848), (1.6631826956007287e-05, Vec([[-3.82866764e-08],
     [ 9.91912054e-09],
     [-6.03443873e-10]]), 1.982879836044074), (1.6968892634626487e-05, Vec([[5.40696093e-08],
     [3.17418625e-09],
     [1.42361767e-09]]), 1.964431872561355), (1.7437949199506012e-05, Vec([[ 1.25685904e-07],
     [ 1.40434041e-09],
     [-1.02919457e-10]]), 1.96958031095959), (1.7746673601731616e-05, Vec([[ 1.82082095e-07],
     [-5.46423558e-09],
     [-1.53257754e-09]]), 1.964527689712097), (1.826696019729061e-05, Vec([[ 2.53407316e-07],
     [ 7.37530145e-09],
     [-2.22423307e-10]]), 1.9904931513492237), (1.826216911975849e-05, Vec([[ 2.99321548e-07],
     [ 6.15638255e-09],
     [-1.99648811e-09]]), 1.9671228683371222), (1.8604708428419944e-05, Vec([[ 3.62448964e-07],
     [-8.63578827e-09],
     [ 4.22110402e-09]]), 1.9891902577441816), (1.891243412751723e-05, Vec([[ 3.78957930e-07],
     [-9.35176021e-10],
     [-2.18978021e-09]]), 2.0152938412695716), (1.8792359237546434e-05, Vec([[ 3.91272695e-07],
     [-5.69172980e-09],
     [ 1.37739436e-09]]), 2.0038308361345916), (1.8839293274689392e-05, Vec([[ 4.07354393e-07],
     [ 1.80219752e-09],
     [-3.14784590e-09]]), 2.0183050118466164), (1.867101515378379e-05, Vec([[ 3.92030496e-07],
     [-2.12517770e-08],
     [ 4.42219644e-09]]), 2.0179147420909036), (1.842792328586068e-05, Vec([[ 3.56302753e-07],
     [-8.07951992e-09],
     [ 5.20568907e-10]]), 2.0175561808938127), (1.8098658072641232e-05, Vec([[ 3.30405151e-07],
     [-6.80740179e-09],
     [-4.43035691e-10]]), 2.0158533562308225), (1.7773432385012015e-05, Vec([[ 2.88119301e-07],
     [-8.32522470e-09],
     [-1.10754987e-09]]), 2.0228372502178735), (1.7376963118891342e-05, Vec([[ 2.31063419e-07],
     [ 1.00070139e-08],
     [-9.67431669e-11]]), 2.0302007940269395), (1.6871257656166742e-05, Vec([[ 1.76146564e-07],
     [ 1.57862703e-08],
     [-1.45869874e-09]]), 2.033265970292969), (1.6422520664778883e-05, Vec([[ 1.27896542e-07],
     [-5.14425422e-09],
     [ 7.64621700e-10]]), 2.052152198604676), (1.5957073535480605e-05, Vec([[ 6.61313274e-08],
     [ 1.95712916e-08],
     [-5.21437199e-10]]), 2.0790081387080597), (1.5250222685676173e-05, Vec([[ 2.33547631e-09],
     [-3.74400566e-09],
     [ 8.33840148e-10]]), 2.0841695198657644)]