[(2.0099817761906102e-05, Vec([[-2.48227259e-09],
     [ 9.49510648e-09],
     [ 3.16198774e-10]]), 2.1594379911657895), (1.9750563032670663e-05, Vec([[ 6.54065748e-09],
     [-2.48495892e-07],
     [ 1.80077885e-09]]), 2.126196285859034), (1.987754316510635e-05, Vec([[-2.92153546e-10],
     [-4.31134164e-07],
     [ 2.00452017e-10]]), 2.1528780713020157), (1.9707394171909542e-05, Vec([[-2.47222495e-09],
     [-7.09775918e-07],
     [-1.15224480e-09]]), 2.156243822977602), (1.9279567289162392e-05, Vec([[ 5.31973942e-09],
     [-8.59697819e-07],
     [ 7.08476906e-10]]), 2.139900393958295), (1.889253945683037e-05, Vec([[-3.17940819e-09],
     [-1.02378749e-06],
     [-6.71607742e-10]]), 2.1364013319222144), (1.8277674575171985e-05, Vec([[ 8.97361432e-10],
     [-1.11714961e-06],
     [-1.03430292e-09]]), 2.115190209139726), (1.86507295321027e-05, Vec([[-1.11986386e-09],
     [-1.11837031e-06],
     [ 2.93404911e-10]]), 2.103579283681004), (1.91015419657284e-05, Vec([[ 5.46472145e-09],
     [-1.02678517e-06],
     [ 2.53884772e-09]]), 2.0848316129044604), (1.9533612835353578e-05, Vec([[-6.67063465e-10],
     [-9.86273825e-07],
     [-7.24421025e-10]]), 2.073363166318123), (1.9924608801808876e-05, Vec([[ 4.21343277e-09],
     [-9.36888153e-07],
     [ 8.89926024e-10]]), 2.0663632606782483), (2.0364067186859443e-05, Vec([[ 5.59127252e-09],
     [-8.84287643e-07],
     [ 5.13907954e-11]]), 2.072749650316067), (2.0566217933557186e-05, Vec([[ 7.93880667e-09],
     [-8.42052626e-07],
     [-6.17352398e-10]]), 2.0633461158561395), (2.0776013128267075e-05, Vec([[ 9.60458985e-11],
     [-7.62410623e-07],
     [ 1.52666007e-09]]), 2.061165900742983), (2.118006290452884e-05, Vec([[ 9.21466123e-10],
     [-7.45389704e-07],
     [ 9.20552265e-10]]), 2.0852041348825394), (2.142431436420516e-05, Vec([[ 1.67937063e-09],
     [-7.02396094e-07],
     [ 2.79174574e-10]]), 2.1016634016421665), (2.1924859811512382e-05, Vec([[ 2.80182362e-10],
     [-6.93137973e-07],
     [-2.47531324e-10]]), 2.1516892954079885), (2.1779038491098637e-05, Vec([[-4.12404471e-10],
     [-6.58431600e-07],
     [-3.04391130e-10]]), 2.146945682307383), (2.2007978199479196e-05, Vec([[ 1.79120439e-09],
     [-6.20835171e-07],
     [-5.79594261e-10]]), 2.1881193115923323), (2.2170110501183947e-05, Vec([[-1.25360819e-09],
     [-6.19796155e-07],
     [-1.03875997e-09]]), 2.232372254327005), (2.1819095456281984e-05, Vec([[-8.04232483e-10],
     [-5.05279213e-07],
     [-7.17977102e-10]]), 2.234545180158614), (2.1132685071575484e-05, Vec([[ 7.03395576e-10],
     [-4.03105512e-07],
     [ 8.79038698e-11]]), 2.2109054325284596), (2.072099195911634e-05, Vec([[ 3.64481459e-09],
     [-2.94517118e-07],
     [ 3.28131228e-11]]), 2.2247538731672627), (2.011324792220971e-05, Vec([[-6.21508171e-09],
     [-1.66335957e-07],
     [ 9.51685414e-10]]), 2.2269410296497485), (1.9477446771422433e-05, Vec([[ 2.04240205e-10],
     [-9.59038723e-08],
     [-1.09249080e-09]]), 2.2353537008748123), (1.895667241994329e-05, Vec([[ 3.70182588e-09],
     [-5.13573073e-08],
     [-6.68810540e-10]]), 2.2195145613189857), (1.9684417931496058e-05, Vec([[-9.38780966e-09],
     [-1.72032832e-07],
     [ 6.95677291e-10]]), 2.2174524221561267), (2.0096514813411097e-05, Vec([[-5.17059829e-10],
     [-2.69937901e-07],
     [ 5.09560134e-10]]), 2.189775940065738), (2.0570253464825884e-05, Vec([[-1.09862423e-09],
     [-3.64291475e-07],
     [-5.42962518e-10]]), 2.178853003888251), (2.119348255715708e-05, Vec([[-1.10322446e-08],
     [-4.78681526e-07],
     [ 1.97232945e-09]]), 2.192516490331661), (2.149093625658213e-05, Vec([[-2.62146100e-09],
     [-5.90737032e-07],
     [-6.26800257e-10]]), 2.181205811017097), (2.170013848518273e-05, Vec([[-1.84934204e-09],
     [-6.76045337e-07],
     [-1.49815652e-09]]), 2.170100639793808), (2.1741544796455088e-05, Vec([[-2.09431494e-09],
     [-6.42333604e-07],
     [ 2.38125681e-09]]), 2.1513166554004712), (2.1809483493921875e-05, Vec([[-2.77123695e-09],
     [-6.80748578e-07],
     [ 6.30889572e-10]]), 2.144065941028633), (2.18005857865908e-05, Vec([[-1.47185624e-09],
     [-7.19128607e-07],
     [-1.48348220e-10]]), 2.13795682753046), (2.1664694649267268e-05, Vec([[-5.03756625e-10],
     [-7.85829597e-07],
     [-1.52860218e-09]]), 2.128001569247607), (2.0946525107879853e-05, Vec([[ 8.04068326e-10],
     [-7.62191316e-07],
     [ 7.06301859e-10]]), 2.0690744942120216), (2.081173344402013e-05, Vec([[ 1.96349346e-09],
     [-8.29064030e-07],
     [-6.47951155e-10]]), 2.075837023921784), (2.04174388312485e-05, Vec([[ 3.17180202e-09],
     [-8.74932088e-07],
     [-1.25718710e-10]]), 2.0621547536205354), (2.0024489627132285e-05, Vec([[-3.37516187e-09],
     [-9.00476025e-07],
     [ 2.41148649e-10]]), 2.056237643820649), (1.9519316801158803e-05, Vec([[-3.00103178e-09],
     [-9.36109614e-07],
     [ 3.48222819e-10]]), 2.0467816950361843), (1.9220839716306267e-05, Vec([[ 4.46322442e-09],
     [-9.81849471e-07],
     [-3.79811398e-10]]), 2.067564784547193), (1.8710097222833302e-05, Vec([[-1.78967619e-09],
     [-1.01965123e-06],
     [-1.00415148e-09]]), 2.074586844430756), (1.8537749349192058e-05, Vec([[-1.10249117e-09],
     [-1.12556476e-06],
     [ 7.83018830e-11]]), 2.129615862816004), (1.8564014286251487e-05, Vec([[ 3.33387650e-09],
     [-1.04761199e-06],
     [ 1.76419534e-09]]), 2.122436449511626), (1.9092604944244074e-05, Vec([[-2.22556197e-09],
     [-9.49118254e-07],
     [-2.29542596e-09]]), 2.1378242816328115), (1.9562089567553678e-05, Vec([[ 2.13677200e-09],
     [-7.27486513e-07],
     [ 4.23560859e-10]]), 2.1546059126463324), (1.9704752556434053e-05, Vec([[-7.15857928e-09],
     [-5.61471767e-07],
     [-2.77332419e-10]]), 2.143923951696009), (1.9791712536146006e-05, Vec([[ 3.25656260e-09],
     [-3.14615323e-07],
     [-1.60650748e-09]]), 2.136008502445558), (1.993759399586124e-05, Vec([[ 4.62556309e-09],
     [-1.05661193e-07],
     [ 3.04670108e-10]]), 2.1430883214427126), (2.0060558033990213e-05, Vec([[ 2.65194812e-09],
     [ 1.23982362e-07],
     [-1.10226101e-09]]), 2.1563057033457818), (1.9615997311766565e-05, Vec([[-2.97013056e-09],
     [ 3.20006031e-07],
     [-7.54074362e-10]]), 2.1170445440413457), (1.9747569696657744e-05, Vec([[2.34814498e-09],
     [5.49707490e-07],
     [1.81160838e-09]]), 2.148582558405521), (1.9454835803717547e-05, Vec([[-2.27121835e-09],
     [ 7.52112551e-07],
     [-2.16750276e-10]]), 2.1427927782203358), (1.928989080421477e-05, Vec([[1.30236390e-08],
     [9.33458614e-07],
     [1.21067977e-10]]), 2.15991464086351), (1.8509716189729787e-05, Vec([[3.81715239e-09],
     [1.04934410e-06],
     [4.53332288e-10]]), 2.116228511001145), (1.8407585033334157e-05, Vec([[ 8.46712502e-11],
     [ 1.09799622e-06],
     [-1.17344437e-09]]), 2.114662591704069), (1.8738992922752542e-05, Vec([[-1.25218314e-09],
     [ 1.03817438e-06],
     [-1.12398225e-09]]), 2.0777908170343795), (1.917712960474759e-05, Vec([[-8.24027233e-10],
     [ 9.83317796e-07],
     [-2.43804608e-10]]), 2.0628629354749757), (1.9431408180350848e-05, Vec([[3.05472600e-09],
     [9.04638867e-07],
     [5.09326450e-10]]), 2.0375636595004885), (1.9911764436278058e-05, Vec([[ 7.59252092e-09],
     [ 9.01598534e-07],
     [-6.71980852e-10]]), 2.044662328536345), (2.0433128312002783e-05, Vec([[-5.69336043e-09],
     [ 8.63577716e-07],
     [-4.23653471e-10]]), 2.0637393861293782), (2.0846847303488222e-05, Vec([[-2.69205240e-09],
     [ 8.01282023e-07],
     [-2.78302728e-09]]), 2.0793394063510378), (2.0860001883875072e-05, Vec([[7.89445889e-09],
     [7.95464699e-07],
     [4.69737447e-10]]), 2.060527826207506), (2.1192417242384086e-05, Vec([[ 8.07017237e-10],
     [ 7.30011403e-07],
     [-2.70675231e-10]]), 2.081612405715059), (2.137659791265456e-05, Vec([[-3.55738712e-09],
     [ 7.17951095e-07],
     [ 1.94845980e-09]]), 2.096376854462504), (2.178147135706416e-05, Vec([[-7.44368762e-09],
     [ 6.96025337e-07],
     [-8.32971061e-10]]), 2.1413120991694816), (2.1684592351617424e-05, Vec([[-1.67592850e-09],
     [ 6.70855127e-07],
     [-1.31140228e-10]]), 2.1456812350891687), (2.1911534503015074e-05, Vec([[-7.93123634e-09],
     [ 6.61205740e-07],
     [-1.20641685e-09]]), 2.191241087070727), (2.1512817544270824e-05, Vec([[2.58335494e-09],
     [5.58750257e-07],
     [6.71003384e-10]]), 2.1834266352422156), (2.11816276963505e-05, Vec([[-8.54804270e-10],
     [ 4.86593877e-07],
     [-2.73648908e-10]]), 2.191290076610419), (2.0772235306662054e-05, Vec([[2.85520309e-09],
     [3.71656934e-07],
     [5.37211247e-10]]), 2.200247428782829), (2.0236460399805042e-05, Vec([[3.39123646e-10],
     [2.46561656e-07],
     [9.28042519e-10]]), 2.2050248267930703), (1.9583549247121914e-05, Vec([[-4.09951610e-09],
     [ 1.47847474e-07],
     [-1.59706303e-09]]), 2.2060895508096863), (1.8925654183432393e-05, Vec([[3.26303620e-09],
     [5.74526489e-08],
     [1.05668233e-10]]), 2.2158828359783076), (1.9452210921421346e-05, Vec([[ 2.85914222e-09],
     [ 1.03480790e-07],
     [-2.15579046e-11]]), 2.232457476777437), (1.9908075290524523e-05, Vec([[ 2.02711891e-09],
     [ 1.86604355e-07],
     [-9.04863142e-10]]), 2.204224293226667), (2.0855236056191232e-05, Vec([[-2.28130356e-09],
     [ 2.91886267e-07],
     [ 3.89432679e-10]]), 2.239167279412799), (2.145042217350384e-05, Vec([[-5.46729905e-09],
     [ 3.95883837e-07],
     [ 2.52934274e-10]]), 2.244147147075851), (2.1714554495692806e-05, Vec([[-3.42253362e-09],
     [ 5.08717140e-07],
     [ 1.79394089e-09]]), 2.223838893086276), (2.224090792110322e-05, Vec([[3.39344421e-09],
     [5.71779955e-07],
     [1.51604942e-09]]), 2.2395010503651345), (2.198826710545932e-05, Vec([[-2.94054098e-09],
     [ 5.97223439e-07],
     [ 1.00358825e-09]]), 2.18615955749377), (2.1821695200515448e-05, Vec([[-4.91466199e-10],
     [ 6.39300168e-07],
     [ 2.77051151e-10]]), 2.151150718178976), (2.1904160235139395e-05, Vec([[5.84328465e-09],
     [6.66496531e-07],
     [1.43836387e-09]]), 2.1496578545101146), (2.1571768353349323e-05, Vec([[-1.30285369e-09],
     [ 7.25136857e-07],
     [ 7.97817021e-10]]), 2.1161282123774012), (2.13373230554858e-05, Vec([[-4.53829135e-09],
     [ 7.28764623e-07],
     [-1.07938273e-09]]), 2.1006865967857853), (2.0875309577364424e-05, Vec([[-4.81560761e-10],
     [ 7.87001381e-07],
     [-9.98667448e-12]]), 2.0710169945828234), (2.0679199879348746e-05, Vec([[ 3.00226935e-09],
     [ 8.21276969e-07],
     [-1.79677578e-09]]), 2.07468125096771), (2.012455894914363e-05, Vec([[-2.08998278e-09],
     [ 8.87274518e-07],
     [-6.97894295e-10]]), 2.048371385826073), (1.9955665199872196e-05, Vec([[-6.58172969e-09],
     [ 9.52918366e-07],
     [ 5.95157302e-10]]), 2.0695840917924437), (1.955180965141772e-05, Vec([[9.40088010e-09],
     [9.95189528e-07],
     [1.86262869e-09]]), 2.0752946373926076), (1.912725287479707e-05, Vec([[ 5.84240898e-09],
     [ 1.04831617e-06],
     [-1.20964365e-10]]), 2.0876378217497487), (1.8401170263060675e-05, Vec([[-2.17611222e-09],
     [ 1.07144098e-06],
     [-8.79312755e-10]]), 2.075431982123509), (1.8335165090161956e-05, Vec([[ 2.36537230e-09],
     [ 1.12179434e-06],
     [-4.62472912e-11]]), 2.1218433188624672), (1.9051326380961924e-05, Vec([[ 4.38596154e-09],
     [ 1.01535873e-06],
     [-1.24909796e-10]]), 2.15435723440857), (1.9419358354314316e-05, Vec([[2.39281763e-09],
     [8.58416119e-07],
     [1.49622216e-09]]), 2.155416248173478), (1.9216070364083884e-05, Vec([[ 3.66297350e-09],
     [ 6.53123384e-07],
     [-6.44648108e-10]]), 2.1024866434913374), (1.9820010940534757e-05, Vec([[-5.70254558e-09],
     [ 4.23554964e-07],
     [ 1.53221031e-09]]), 2.1466469257502436), (2.002667365213751e-05, Vec([[7.20532422e-09],
     [2.39767960e-07],
     [7.21802560e-10]]), 2.1559202675311284), (2.0049700028213162e-05, Vec([[-3.41772688e-09],
     [-2.23025823e-08],
     [-1.50222329e-09]]), 2.1540535573639663)]