[(1.5201768363505124e-05, Vec([[-3.77625428e-09],
     [ 6.40138826e-11],
     [ 7.37100581e-10]]), 2.077547516800229), (1.5832247440393825e-05, Vec([[-6.60210631e-08],
     [ 7.38822128e-09],
     [-1.01129807e-09]]), 2.0627448516440787), (1.6495056506520936e-05, Vec([[-1.28290562e-07],
     [-1.11178684e-09],
     [-1.27224970e-09]]), 2.0612162509597955), (1.6947102631999964e-05, Vec([[-1.85055895e-07],
     [ 2.51019679e-08],
     [ 2.20943711e-09]]), 2.042406546029658), (1.7475647268994606e-05, Vec([[-2.40062505e-07],
     [ 1.88788705e-09],
     [-2.50815083e-11]]), 2.0417303483297693), (1.776582989771821e-05, Vec([[-2.76615209e-07],
     [ 5.93737689e-09],
     [ 2.76872844e-09]]), 2.021971992784246), (1.8050406028209466e-05, Vec([[-3.15019388e-07],
     [-8.82826423e-09],
     [-1.55744918e-09]]), 2.010478977350224), (1.8514110184358663e-05, Vec([[-3.67489434e-07],
     [-1.43301123e-08],
     [ 1.18968258e-09]]), 2.026992236551265), (1.8622628581529474e-05, Vec([[-3.83847396e-07],
     [-4.85392124e-09],
     [-2.69062958e-09]]), 2.0126852472473176), (1.869678310506347e-05, Vec([[-4.10974035e-07],
     [-2.08529594e-10],
     [-3.60072120e-09]]), 2.0030375076254496), (1.8766170007671348e-05, Vec([[-3.98674993e-07],
     [ 8.07432296e-09],
     [ 1.22352215e-09]]), 2.0010382763641577), (1.880822573657307e-05, Vec([[-3.67183048e-07],
     [-7.30634011e-09],
     [-3.21336877e-09]]), 2.0041894785491317), (1.858954364776771e-05, Vec([[-3.30101929e-07],
     [-1.05415839e-08],
     [ 6.27361703e-10]]), 1.9875688599109225), (1.8253547561275672e-05, Vec([[-2.92657820e-07],
     [ 3.37466461e-09],
     [ 1.62012781e-09]]), 1.9661941908760239), (1.8055952044446384e-05, Vec([[-2.66707176e-07],
     [-3.73079849e-09],
     [-9.24296839e-10]]), 1.9675002571523248), (1.7819571903342754e-05, Vec([[-1.76037715e-07],
     [-4.78975582e-09],
     [ 2.55563697e-09]]), 1.9725974122562744), (1.7509506967687297e-05, Vec([[-1.19366407e-07],
     [ 3.12119426e-09],
     [-3.76213765e-10]]), 1.977662612937511), (1.7264862487560785e-05, Vec([[-5.69800963e-08],
     [ 1.47724593e-08],
     [ 2.62534485e-09]]), 1.998695311251219), (1.6600798891169855e-05, Vec([[ 5.00800760e-08],
     [-1.15842044e-10],
     [-5.07447397e-10]]), 1.979180607794506), (1.6177785877631882e-05, Vec([[ 7.38727146e-08],
     [-4.07801999e-09],
     [ 1.81721040e-09]]), 1.9963738418059067), (1.5848114353819225e-05, Vec([[ 1.38854229e-07],
     [-1.04888768e-08],
     [-6.34763628e-10]]), 2.035246622294365), (1.5396326911331562e-05, Vec([[ 1.78147709e-07],
     [-4.86146918e-09],
     [-4.37864686e-10]]), 2.069756312056436), (1.4843169660547201e-05, Vec([[ 2.38213491e-07],
     [-5.36956974e-10],
     [ 4.76574744e-11]]), 2.1022387037232635), (1.4276546849374475e-05, Vec([[2.93588375e-07],
     [6.01331276e-09],
     [3.76297045e-10]]), 2.1455094120570912), (1.3763480405728583e-05, Vec([[ 3.42342147e-07],
     [-3.82120319e-09],
     [-1.77323752e-11]]), 2.2124715569235174), (1.3370210211834426e-05, Vec([[ 3.61739098e-07],
     [-2.51092023e-09],
     [-4.95727607e-10]]), 2.230466309916675), (1.4133313695326971e-05, Vec([[ 2.99039639e-07],
     [ 3.31488245e-09],
     [-4.49174539e-10]]), 2.1943583939215277), (1.4576800811683847e-05, Vec([[ 2.59015294e-07],
     [ 2.28800984e-09],
     [-3.81572098e-10]]), 2.1246332970653876), (1.5045024622879396e-05, Vec([[ 1.98019574e-07],
     [-2.11297558e-09],
     [-1.49117522e-10]]), 2.0742220511964398), (1.5704207781027356e-05, Vec([[1.73164627e-07],
     [2.13436392e-09],
     [2.51635847e-09]]), 2.061838071258225), (1.63894323111553e-05, Vec([[ 9.96465184e-08],
     [-5.99386194e-09],
     [-1.76832567e-09]]), 2.0617690751411124), (1.6581270286468374e-05, Vec([[ 5.13963112e-08],
     [ 6.69104059e-10],
     [-7.40886778e-10]]), 2.0098990326832227), (1.6885137979464695e-05, Vec([[-3.12427451e-08],
     [-2.04416029e-09],
     [ 7.82929028e-10]]), 1.9824804261385591), (1.7264097279151093e-05, Vec([[-9.75914530e-08],
     [ 9.17880461e-09],
     [-3.03616870e-09]]), 1.9729817344096883), (1.76418670340807e-05, Vec([[-1.73959659e-07],
     [-1.49392601e-09],
     [-1.73214536e-09]]), 1.9715763902486927), (1.792486098434707e-05, Vec([[-2.46453633e-07],
     [-2.59950026e-09],
     [ 2.45345838e-10]]), 1.9676207716415497), (1.8112716843769398e-05, Vec([[-2.92984604e-07],
     [-8.38234527e-09],
     [-3.13608623e-09]]), 1.9613017704900804), (1.8528111766100067e-05, Vec([[-3.35746182e-07],
     [ 5.30434783e-09],
     [-8.75591945e-10]]), 1.9873563840894528), (1.8651648023724946e-05, Vec([[-3.69654672e-07],
     [ 1.86825197e-09],
     [-1.66222316e-09]]), 1.989848875853275), (1.8709644878864847e-05, Vec([[-4.08474519e-07],
     [-1.16813033e-08],
     [-2.52501709e-09]]), 1.993343599206804), (1.8749409064916427e-05, Vec([[-4.04532699e-07],
     [ 1.18400827e-08],
     [-2.62382587e-09]]), 2.0029432776515605), (1.8744578629742884e-05, Vec([[-4.08075201e-07],
     [ 8.40693091e-09],
     [ 2.44434616e-09]]), 2.0159573086610005), (1.8408885576916344e-05, Vec([[-3.65928723e-07],
     [ 7.61097589e-10],
     [-2.95085779e-11]]), 2.0014363513912796), (1.8165208039618843e-05, Vec([[-3.40437105e-07],
     [ 4.59864089e-09],
     [-2.60103099e-09]]), 2.0048714956890707), (1.7882883578682974e-05, Vec([[-3.09002456e-07],
     [-4.34100680e-10],
     [ 1.11132134e-09]]), 2.012308844907365), (1.7559496199247827e-05, Vec([[-2.54365646e-07],
     [ 6.04784366e-10],
     [ 9.18682297e-10]]), 2.023641041708788), (1.724425881532331e-05, Vec([[-2.09799937e-07],
     [ 1.18469974e-08],
     [ 2.49077735e-10]]), 2.0449346869631877), (1.6641604061698277e-05, Vec([[-1.55979568e-07],
     [-4.35040294e-10],
     [ 1.32047961e-09]]), 2.0408616904514916), (1.609081922983421e-05, Vec([[-1.00347369e-07],
     [ 3.20707656e-10],
     [ 3.55623771e-10]]), 2.051640036796256), (1.5509573121036252e-05, Vec([[-3.31942857e-08],
     [ 2.83201318e-09],
     [ 8.24895329e-10]]), 2.067935929191918), (1.5571206741930247e-05, Vec([[ 2.92156805e-08],
     [ 1.36913709e-09],
     [-3.86259898e-10]]), 2.0761537168833164), (1.6114485489307324e-05, Vec([[9.35415216e-08],
     [2.37977327e-08],
     [1.32694696e-09]]), 2.054657573987042), (1.6857094384614146e-05, Vec([[ 1.58662106e-07],
     [ 6.25732383e-09],
     [-7.02998001e-10]]), 2.0672885867453537), (1.7180877734280533e-05, Vec([[2.13423167e-07],
     [2.70547389e-08],
     [1.39928236e-09]]), 2.037418552317469), (1.7648062397614647e-05, Vec([[ 2.64579675e-07],
     [-3.91854258e-09],
     [ 3.00352541e-10]]), 2.0338478376150912), (1.794082430305107e-05, Vec([[ 2.93564020e-07],
     [-1.92198202e-10],
     [-2.32357198e-09]]), 2.0188287459967653), (1.8287146529664222e-05, Vec([[3.37845087e-07],
     [2.25084347e-08],
     [1.94695986e-09]]), 2.0183296956935055), (1.8386841107244153e-05, Vec([[ 3.56249582e-07],
     [-1.20633416e-09],
     [ 1.36971669e-09]]), 1.999039649930742), (1.8444536376603467e-05, Vec([[ 3.92195384e-07],
     [-2.38470915e-09],
     [ 2.36097369e-09]]), 1.983688118455585), (1.876482349028035e-05, Vec([[ 4.06571191e-07],
     [-4.20004670e-09],
     [ 1.10407743e-10]]), 2.004589954597732), (1.8835891575665603e-05, Vec([[ 3.91215062e-07],
     [-7.91628337e-09],
     [-2.11561037e-10]]), 2.0067940439703538), (1.8693338238562445e-05, Vec([[3.78378370e-07],
     [1.64429456e-08],
     [4.78559283e-10]]), 1.9942965915201667), (1.8377579884399786e-05, Vec([[ 3.19813707e-07],
     [-6.40418961e-09],
     [-7.26953539e-10]]), 1.9712100816554716), (1.8321695645003982e-05, Vec([[ 2.78762188e-07],
     [-6.19224823e-09],
     [-4.62901083e-10]]), 1.9839306503202903), (1.8148584322403024e-05, Vec([[ 2.44210217e-07],
     [ 4.13558574e-09],
     [-4.23968442e-09]]), 1.9921789920620205), (1.7688574932799716e-05, Vec([[ 1.67187769e-07],
     [-2.84522552e-09],
     [-2.64148623e-09]]), 1.9767962567273727), (1.7233580236572354e-05, Vec([[ 1.10119184e-07],
     [ 1.04981448e-08],
     [-1.29218361e-09]]), 1.9694941748447432), (1.697196509706032e-05, Vec([[2.95218345e-08],
     [3.80581946e-09],
     [1.37286691e-09]]), 1.9926747793798951), (1.6464984128919636e-05, Vec([[-4.62637740e-08],
     [ 6.75891119e-09],
     [-1.98265506e-09]]), 1.9958034036069392), (1.6257631874749532e-05, Vec([[-9.60247404e-08],
     [-2.33176770e-09],
     [ 1.35573794e-11]]), 2.0451887532170527), (1.5487675712863974e-05, Vec([[-1.46931821e-07],
     [-3.42982479e-09],
     [ 8.18605155e-10]]), 2.0334091260982587), (1.5095095582224092e-05, Vec([[-2.16315767e-07],
     [ 2.66705259e-09],
     [ 7.61122692e-10]]), 2.081125216236089), (1.4702653144943111e-05, Vec([[-2.59615261e-07],
     [-3.23643183e-09],
     [ 7.06080509e-11]]), 2.142976832194281), (1.4062675807788605e-05, Vec([[-2.99491798e-07],
     [-2.75817317e-09],
     [-5.15317625e-10]]), 2.183391054995204), (1.3261446304128864e-05, Vec([[-3.49653797e-07],
     [-4.39808558e-09],
     [-9.78744080e-11]]), 2.2123219256453335), (1.3586253541014326e-05, Vec([[-3.31990641e-07],
     [ 9.97436571e-10],
     [-6.51462330e-10]]), 2.1839824403814667), (1.4214255373697173e-05, Vec([[-2.90299626e-07],
     [ 2.93235877e-09],
     [-1.05394074e-10]]), 2.1361481184076805), (1.4710830470642316e-05, Vec([[-2.35350867e-07],
     [-7.84115430e-09],
     [-1.41107801e-09]]), 2.0834954990439503), (1.5277155170871526e-05, Vec([[-1.90270789e-07],
     [-2.68002196e-09],
     [-5.80496097e-11]]), 2.0537358375980523), (1.582188201773134e-05, Vec([[-1.42035750e-07],
     [-1.47616144e-09],
     [-1.56157645e-09]]), 2.0318778130956288), (1.6406251253475675e-05, Vec([[-9.40675595e-08],
     [-7.73349739e-09],
     [-8.20792587e-10]]), 2.0245669643718047), (1.6918052312119222e-05, Vec([[-9.64583565e-09],
     [ 2.81967373e-09],
     [ 1.16045093e-09]]), 2.01700419825035), (1.7023806858506064e-05, Vec([[ 5.10772576e-08],
     [ 1.01634616e-08],
     [-2.56149012e-09]]), 1.970789108355627), (1.7499176754874605e-05, Vec([[ 1.35883585e-07],
     [ 4.90707790e-09],
     [-2.34893624e-09]]), 1.976495836756946), (1.789298625808239e-05, Vec([[ 1.80631996e-07],
     [-7.73592032e-09],
     [-2.42699703e-10]]), 1.9807242610362223), (1.7899019158188053e-05, Vec([[ 2.55054535e-07],
     [ 2.91596961e-09],
     [-1.04281523e-09]]), 1.9503997745353525), (1.8363250217322854e-05, Vec([[ 3.14355763e-07],
     [ 1.04058330e-08],
     [-3.98756047e-10]]), 1.9780108924963304), (1.8719662163517013e-05, Vec([[ 3.47124285e-07],
     [-8.71146897e-09],
     [ 2.17779344e-10]]), 2.0014809555976933), (1.8692850981567988e-05, Vec([[ 3.82515722e-07],
     [ 8.21379936e-10],
     [-9.89263395e-10]]), 1.9918952370130079), (1.8686453934236002e-05, Vec([[ 3.95185391e-07],
     [-2.26700181e-08],
     [ 4.33717005e-09]]), 1.9925381447912065), (1.8714880825271117e-05, Vec([[ 3.98977160e-07],
     [-1.26416384e-09],
     [ 4.05550384e-09]]), 2.004976365886506), (1.8629988159603826e-05, Vec([[ 3.90292250e-07],
     [ 2.41093419e-09],
     [-1.97754907e-09]]), 2.013480651298435), (1.8283924819276056e-05, Vec([[3.44847407e-07],
     [3.16236214e-09],
     [6.13018491e-10]]), 2.0017907041338807), (1.7908328667927745e-05, Vec([[3.19230198e-07],
     [2.52901700e-09],
     [1.52984294e-09]]), 1.994654206120291), (1.791918357777366e-05, Vec([[ 2.82744881e-07],
     [-3.11489231e-09],
     [ 6.03769315e-10]]), 2.0394255453538523), (1.7513802267551267e-05, Vec([[ 2.40430957e-07],
     [-7.08298395e-09],
     [ 1.23579520e-09]]), 2.046188107020735), (1.706438535097365e-05, Vec([[ 1.80230929e-07],
     [-3.28128569e-09],
     [ 1.51519613e-09]]), 2.0565410561090216), (1.6527664986213968e-05, Vec([[ 1.28983905e-07],
     [-1.32901443e-09],
     [-1.58589831e-09]]), 2.0652909947010976), (1.5929751681853788e-05, Vec([[ 7.53619956e-08],
     [ 6.39578188e-09],
     [-6.72146756e-10]]), 2.0754484411276453), (1.5516804428122765e-05, Vec([[-1.01254923e-09],
     [ 1.67732032e-08],
     [ 9.67146742e-11]]), 2.120601875878621)]