[(1.526614421459962e-05, Vec([[-5.95513399e-09],
     [ 7.20730271e-09],
     [ 1.04922893e-09]]), 2.0863454333573803), (1.5905772405031392e-05, Vec([[-6.09881845e-08],
     [ 1.43975455e-08],
     [ 7.31751147e-10]]), 2.072324239715447), (1.6435584055814845e-05, Vec([[-1.26280909e-07],
     [-3.34219863e-09],
     [ 4.47666170e-10]]), 2.0537845951887865), (1.6902593775909567e-05, Vec([[-1.84888510e-07],
     [ 1.41350807e-08],
     [-8.06602698e-10]]), 2.03704249171257), (1.7530631636760656e-05, Vec([[-2.31137723e-07],
     [ 1.44563356e-08],
     [ 1.45153898e-10]]), 2.048154330836606), (1.7737632538154633e-05, Vec([[-2.87071914e-07],
     [-1.16933935e-08],
     [ 4.31620902e-10]]), 2.0187627832153003), (1.7896803951488115e-05, Vec([[-3.20545514e-07],
     [ 1.44176157e-08],
     [ 3.04423812e-09]]), 1.9933705673985038), (1.8180678020289126e-05, Vec([[-3.50697608e-07],
     [ 5.21425422e-09],
     [ 2.00868517e-09]]), 1.9904868684155375), (1.8405964016375533e-05, Vec([[-3.67970982e-07],
     [ 8.67402790e-09],
     [ 3.25831331e-09]]), 1.9892687047341349), (1.857175336027881e-05, Vec([[-3.90408612e-07],
     [ 7.50030387e-09],
     [-1.65337281e-09]]), 1.989642729124506), (1.885699789916747e-05, Vec([[-4.04591797e-07],
     [ 2.83481053e-09],
     [ 7.67118810e-10]]), 2.0107232620256372), (1.860815527907749e-05, Vec([[-3.76162390e-07],
     [ 5.41887951e-09],
     [-2.22550547e-09]]), 1.9828701307543297), (1.8665926718882112e-05, Vec([[-3.57857837e-07],
     [ 1.34574194e-08],
     [-9.36020197e-10]]), 1.9957356345476722), (1.838317031786604e-05, Vec([[-2.97785826e-07],
     [ 1.37905167e-09],
     [ 4.66899696e-09]]), 1.9801566006573423), (1.827243837761634e-05, Vec([[-2.47634735e-07],
     [ 1.51673431e-08],
     [ 3.07953064e-09]]), 1.9910900914149197), (1.804782637228338e-05, Vec([[-1.89334149e-07],
     [ 2.59011916e-09],
     [ 4.54816537e-10]]), 1.9978648079720907), (1.7536119660024378e-05, Vec([[-1.07770688e-07],
     [-3.87900586e-09],
     [-1.36265145e-09]]), 1.980668461518044), (1.7273939780328134e-05, Vec([[-4.87126898e-08],
     [ 3.54261234e-09],
     [ 1.67288334e-09]]), 1.9997461590356151), (1.669008691481179e-05, Vec([[ 2.59661078e-08],
     [ 5.13983076e-09],
     [-3.89754399e-10]]), 1.9898257054225739), (1.6519103475460766e-05, Vec([[9.39441705e-08],
     [2.72492004e-09],
     [1.94815445e-09]]), 2.0384931731660614), (1.5773418215913502e-05, Vec([[ 1.32531874e-07],
     [ 6.37224703e-11],
     [-8.43057750e-10]]), 2.0256539944916496), (1.534203113383752e-05, Vec([[ 1.83109383e-07],
     [-1.24958064e-09],
     [ 1.29923343e-10]]), 2.0624572316437177), (1.4811074096005474e-05, Vec([[ 2.48582890e-07],
     [-1.01043555e-10],
     [-1.17392874e-10]]), 2.097693007652915), (1.4347332555071553e-05, Vec([[ 2.84198088e-07],
     [-1.54320469e-09],
     [-2.38587469e-10]]), 2.1561472364143754), (1.3552931217975403e-05, Vec([[3.22897526e-07],
     [2.94600891e-09],
     [4.63747618e-12]]), 2.1786258961236977), (1.3385935012190162e-05, Vec([[3.47535185e-07],
     [8.44434150e-09],
     [3.25411987e-10]]), 2.233089577379784), (1.4193869052393763e-05, Vec([[3.18275717e-07],
     [5.38851697e-10],
     [4.52248791e-10]]), 2.203760304820906), (1.4496972690820951e-05, Vec([[2.61192868e-07],
     [3.81819994e-09],
     [2.34741330e-10]]), 2.112997994791687), (1.5164335424960257e-05, Vec([[ 2.22464919e-07],
     [-4.29869216e-09],
     [ 2.79660142e-10]]), 2.0906711500065347), (1.5573544709250444e-05, Vec([[ 1.66241608e-07],
     [ 7.41822070e-09],
     [-3.58037217e-11]]), 2.0446830450605544), (1.6162849911892267e-05, Vec([[ 1.15158213e-07],
     [ 1.01059766e-08],
     [-1.24496672e-09]]), 2.0332653066821016), (1.6618831419443718e-05, Vec([[ 4.86271609e-08],
     [-1.73612072e-09],
     [ 3.25511051e-09]]), 2.0144520062207953), (1.6818557305472333e-05, Vec([[-2.84892375e-08],
     [ 5.74109864e-09],
     [ 1.43513883e-09]]), 1.9746632034952205), (1.7393061206686994e-05, Vec([[-8.39269375e-08],
     [ 3.86397092e-09],
     [-7.53328803e-10]]), 1.987720036060325), (1.764573786521646e-05, Vec([[-1.70939072e-07],
     [-5.36278250e-09],
     [-7.21251323e-10]]), 1.9720089770754246), (1.793896071095415e-05, Vec([[-2.43625624e-07],
     [-9.20311422e-09],
     [ 1.83853675e-10]]), 1.9691685055386652), (1.835963464227871e-05, Vec([[-2.93742722e-07],
     [-2.04586769e-09],
     [-2.36966236e-09]]), 1.9880388038992023), (1.8508438842907908e-05, Vec([[-3.39571843e-07],
     [ 2.75008113e-09],
     [ 3.52732023e-10]]), 1.9852462333092114), (1.863503828718011e-05, Vec([[-3.84058719e-07],
     [ 3.55596401e-09],
     [ 2.67655637e-10]]), 1.9880768680634047), (1.8782417440206656e-05, Vec([[-4.11109502e-07],
     [-2.04690891e-09],
     [ 6.07068159e-09]]), 2.0010968580360218), (1.8744564512771803e-05, Vec([[-3.96704981e-07],
     [-7.36980116e-09],
     [-1.59003797e-10]]), 2.0024257486394346), (1.855121561406198e-05, Vec([[-3.78939505e-07],
     [ 1.36445022e-09],
     [-6.36547589e-10]]), 1.9951613445379068), (1.842717002581361e-05, Vec([[-3.73966708e-07],
     [-2.88418486e-09],
     [ 9.16542283e-12]]), 2.0034242588360422), (1.814996017754936e-05, Vec([[-3.48858153e-07],
     [-2.34919628e-09],
     [ 5.83208672e-10]]), 2.0031886080520764), (1.7862525211088666e-05, Vec([[-2.96733850e-07],
     [-3.21083577e-10],
     [ 1.22500195e-09]]), 2.0100179770505315), (1.752049471952063e-05, Vec([[-2.55746142e-07],
     [-1.19017207e-08],
     [ 2.33268867e-09]]), 2.0191463230581066), (1.7188610395042578e-05, Vec([[-2.04803128e-07],
     [ 1.75738926e-08],
     [-2.19398596e-09]]), 2.0383355407705053), (1.6537529722503994e-05, Vec([[-1.54896444e-07],
     [ 7.78831404e-09],
     [ 2.23815021e-10]]), 2.028098417690453), (1.5912276260159984e-05, Vec([[-9.20833784e-08],
     [-9.01539496e-09],
     [-4.43556399e-10]]), 2.0288751359145802), (1.553123929638067e-05, Vec([[-3.08920663e-08],
     [-6.96738708e-09],
     [ 7.68447330e-10]]), 2.0708247425778983), (1.5518257463914842e-05, Vec([[4.00399007e-08],
     [6.22887477e-09],
     [1.52537768e-09]]), 2.0690938375701764), (1.6165304282657476e-05, Vec([[9.55898953e-08],
     [3.36294588e-09],
     [1.11709661e-09]]), 2.0611371614816014), (1.6460220340545463e-05, Vec([[ 1.54442825e-07],
     [ 5.61148012e-09],
     [-3.42405305e-10]]), 2.0186174953366525), (1.7227183005601748e-05, Vec([[2.10702463e-07],
     [1.37037751e-08],
     [1.82750168e-09]]), 2.042909728048945), (1.7601965409290775e-05, Vec([[2.53734474e-07],
     [9.65979406e-09],
     [2.25023092e-09]]), 2.028535398327946), (1.7749491897946992e-05, Vec([[ 3.06632017e-07],
     [ 9.42507362e-09],
     [-1.05000968e-09]]), 1.9972986672813118), (1.8119047706241925e-05, Vec([[3.32744229e-07],
     [9.88853728e-09],
     [9.40470321e-11]]), 1.9997768369096596), (1.829119906190974e-05, Vec([[ 3.55453690e-07],
     [-2.55633545e-09],
     [ 3.00268567e-10]]), 1.9886413308443467), (1.8522711519090228e-05, Vec([[ 3.87752697e-07],
     [ 1.37230707e-09],
     [-3.23533075e-09]]), 1.9920957627651636), (1.8741202081457635e-05, Vec([[ 4.08957950e-07],
     [ 4.36170487e-09],
     [-6.79872300e-10]]), 2.0020665501615547), (1.875972335236438e-05, Vec([[4.13105303e-07],
     [7.46324351e-09],
     [1.16620471e-09]]), 1.9986790080429768), (1.8651266889006224e-05, Vec([[ 3.76409033e-07],
     [-3.20992667e-09],
     [ 4.21991724e-10]]), 1.9898082145406317), (1.8513155493000078e-05, Vec([[3.41469831e-07],
     [1.69180310e-09],
     [2.86817916e-10]]), 1.9857521491192256), (1.8262424147756382e-05, Vec([[ 2.72745833e-07],
     [ 5.82921781e-09],
     [-2.26287460e-09]]), 1.9775125467583554), (1.7982022476808668e-05, Vec([[ 2.27961033e-07],
     [-6.67825340e-09],
     [ 2.51555874e-09]]), 1.9738954166724763), (1.7802201394584464e-05, Vec([[ 1.86717221e-07],
     [-1.31065396e-09],
     [-1.48816286e-09]]), 1.9894946434077359), (1.734907463868796e-05, Vec([[ 9.06011984e-08],
     [ 5.66413542e-09],
     [-1.16480113e-09]]), 1.9826931473780967), (1.7020282048329075e-05, Vec([[4.04128864e-08],
     [7.72778199e-09],
     [7.02634797e-10]]), 1.998347662258169), (1.648676120355708e-05, Vec([[-1.20903311e-08],
     [-1.20835930e-09],
     [-6.05038782e-10]]), 1.998443112175238), (1.6165490702671464e-05, Vec([[-8.78768268e-08],
     [ 9.39832661e-10],
     [ 9.05245969e-10]]), 2.0335975146963317), (1.5721735607223484e-05, Vec([[-1.66895402e-07],
     [-2.17648713e-10],
     [ 1.15082103e-09]]), 2.0641393359804887), (1.538014024830003e-05, Vec([[-2.30143952e-07],
     [ 2.04714516e-10],
     [ 8.13949178e-10]]), 2.1204236518831476), (1.474973276322277e-05, Vec([[-2.63052473e-07],
     [ 2.44925287e-10],
     [ 8.21981164e-10]]), 2.149838895132667), (1.4178456556257248e-05, Vec([[-3.03198957e-07],
     [-5.64764484e-09],
     [ 7.19864940e-10]]), 2.201367338741081), (1.3442122972058463e-05, Vec([[-3.56508824e-07],
     [ 6.27005129e-09],
     [ 7.01297894e-11]]), 2.2424630539013624), (1.3543157009790822e-05, Vec([[-3.21821617e-07],
     [ 1.16409074e-08],
     [-2.78722942e-10]]), 2.1770546977812457), (1.4423407159797408e-05, Vec([[-2.97162192e-07],
     [ 2.86398763e-09],
     [-3.46390348e-12]]), 2.16757988761357), (1.4915534328139337e-05, Vec([[-2.38408942e-07],
     [ 6.41095837e-09],
     [ 3.97530082e-10]]), 2.1124877144449177), (1.5343038230185275e-05, Vec([[-1.82210096e-07],
     [-5.18657174e-09],
     [-7.93028371e-11]]), 2.062592617442851), (1.5871779512127804e-05, Vec([[-1.46839099e-07],
     [-6.52852003e-09],
     [ 4.92973157e-10]]), 2.038285749375246), (1.6072667992782468e-05, Vec([[-6.38856281e-08],
     [ 8.36213187e-10],
     [-1.20922552e-09]]), 1.9834020669779642), (1.659968343200338e-05, Vec([[-4.62130416e-09],
     [-4.50325105e-09],
     [ 8.83781949e-10]]), 1.979047620510848), (1.6918864372622987e-05, Vec([[3.35434343e-08],
     [1.01462343e-09],
     [9.44533402e-10]]), 1.9586402682106985), (1.7397707971448952e-05, Vec([[ 1.23391271e-07],
     [ 8.66155096e-09],
     [-2.91082215e-10]]), 1.9650351474450483), (1.777892814669286e-05, Vec([[ 1.73901228e-07],
     [ 2.12590990e-08],
     [-5.24871486e-09]]), 1.968098214990098), (1.8190611436815835e-05, Vec([[ 2.59017371e-07],
     [-4.38589748e-09],
     [-1.82335018e-09]]), 1.9821736672534744), (1.859731186361738e-05, Vec([[ 2.95167071e-07],
     [-3.16966672e-09],
     [ 6.85831755e-09]]), 2.003223013466585), (1.8530039050560058e-05, Vec([[ 3.39312734e-07],
     [-4.52435482e-09],
     [-7.79840925e-11]]), 1.9812067088720147), (1.89227636573113e-05, Vec([[ 3.84819206e-07],
     [-8.89306355e-09],
     [ 2.09613718e-09]]), 2.0163945476956635), (1.8626418758563813e-05, Vec([[ 4.01958946e-07],
     [ 7.28182191e-09],
     [-1.29148455e-09]]), 1.9861365889916376), (1.8596018127801014e-05, Vec([[ 4.00896264e-07],
     [-1.30119403e-09],
     [-5.16585579e-10]]), 1.9922422800305455), (1.8564243044246696e-05, Vec([[3.79591847e-07],
     [4.34813920e-09],
     [4.51183331e-10]]), 2.006375090277414), (1.8126705993051765e-05, Vec([[ 3.52831446e-07],
     [-2.55829710e-09],
     [ 2.39397065e-09]]), 1.9845778142340695), (1.832382662433214e-05, Vec([[ 3.22570313e-07],
     [-6.26303000e-09],
     [-1.05178246e-09]]), 2.0409329383093353), (1.7777626195655255e-05, Vec([[ 2.84899315e-07],
     [-1.30342474e-08],
     [ 2.18004145e-10]]), 2.023314557932317), (1.734726351803268e-05, Vec([[ 2.32505306e-07],
     [ 7.59231024e-09],
     [-8.33950044e-10]]), 2.0267309038721986), (1.6994195793404774e-05, Vec([[ 1.78734835e-07],
     [ 1.15266848e-08],
     [-1.75441314e-09]]), 2.0480820519385436), (1.6372131929203437e-05, Vec([[1.26584388e-07],
     [9.05147737e-09],
     [4.65711664e-10]]), 2.0458556405666743), (1.5879224236528365e-05, Vec([[ 5.65529201e-08],
     [ 8.85216586e-09],
     [-2.10706469e-10]]), 2.0688653436802276), (1.538466791231526e-05, Vec([[-1.15899312e-09],
     [-1.91488803e-08],
     [ 7.09495943e-10]]), 2.1025434576913296)]