[(1.535040321873601e-05, Vec([[-1.36193054e-09],
     [ 7.82837375e-09],
     [-1.37158900e-10]]), 2.0978606782042806), (1.6139053013349962e-05, Vec([[-6.12150022e-08],
     [-4.77209302e-09],
     [-1.13971889e-09]]), 2.1027178004281106), (1.6398582820728468e-05, Vec([[-1.25304174e-07],
     [-9.54837991e-09],
     [ 2.30241963e-10]]), 2.049160934334065), (1.6868839709551677e-05, Vec([[-1.84022715e-07],
     [-1.42308842e-08],
     [-2.90054418e-09]]), 2.0329745676796858), (1.7543199281418652e-05, Vec([[-2.29985861e-07],
     [ 4.52047813e-09],
     [ 7.00330797e-11]]), 2.049622645063272), (1.7633824804681286e-05, Vec([[-2.83166766e-07],
     [-1.54641348e-08],
     [-1.11473182e-09]]), 2.0069481744452093), (1.8139385525922828e-05, Vec([[-3.20679659e-07],
     [ 4.34270648e-09],
     [-1.16043259e-09]]), 2.020389635830057), (1.8411061836125186e-05, Vec([[-3.65989465e-07],
     [ 3.43055999e-09],
     [-8.96042093e-10]]), 2.015710127944439), (1.851112714795403e-05, Vec([[-3.80673075e-07],
     [-1.90166860e-09],
     [-4.43005834e-10]]), 2.000634462395881), (1.8639905546004906e-05, Vec([[-3.96999491e-07],
     [-4.85826801e-09],
     [-2.34866563e-09]]), 1.9969440591698366), (1.870455507174203e-05, Vec([[-4.11064861e-07],
     [ 1.04722900e-08],
     [ 7.89663288e-10]]), 1.9944682705963377), (1.861103952194828e-05, Vec([[-3.80600664e-07],
     [-3.12118290e-09],
     [ 1.62495113e-09]]), 1.9831774733658112), (1.863475012029367e-05, Vec([[-3.51025885e-07],
     [ 4.10903766e-10],
     [-2.16271482e-09]]), 1.9924022748005776), (1.8451694784666977e-05, Vec([[-2.98286369e-07],
     [ 3.02805429e-09],
     [ 9.28368398e-10]]), 1.987537763584965), (1.8157123937196588e-05, Vec([[-2.46322425e-07],
     [-6.85891451e-09],
     [ 7.03290094e-10]]), 1.97852463983304), (1.7645026200465606e-05, Vec([[-1.80363295e-07],
     [ 4.92036041e-09],
     [ 2.56381316e-10]]), 1.9532754889416448), (1.744926562918611e-05, Vec([[-1.38749106e-07],
     [-6.99898355e-09],
     [-1.62989706e-09]]), 1.970858478296429), (1.712093221818877e-05, Vec([[-6.13834047e-08],
     [-5.97807968e-09],
     [ 5.19147961e-10]]), 1.9820329859793995), (1.6610057929932144e-05, Vec([[ 2.68538460e-08],
     [-9.87708855e-09],
     [-1.21654260e-09]]), 1.980284489004397), (1.6124215784221553e-05, Vec([[ 7.31879771e-08],
     [ 1.06845126e-09],
     [-1.01078435e-10]]), 1.9897631761686918), (1.5784471321547315e-05, Vec([[1.41272307e-07],
     [9.82349428e-09],
     [1.34245831e-11]]), 2.0270734564796724), (1.5201685465046271e-05, Vec([[ 1.94641552e-07],
     [-1.17449535e-08],
     [ 1.20532774e-09]]), 2.043590307375133), (1.4936970035599554e-05, Vec([[ 2.42756852e-07],
     [-8.47667513e-09],
     [-1.03170600e-10]]), 2.115523654536899), (1.4351793815875789e-05, Vec([[ 2.96488937e-07],
     [-1.41185340e-10],
     [-9.55318660e-10]]), 2.156817684047554), (1.3800082939223692e-05, Vec([[ 3.21943864e-07],
     [-2.16770749e-09],
     [-1.36968437e-10]]), 2.2183553931249747), (1.3320489879383674e-05, Vec([[ 3.33690164e-07],
     [-7.24881645e-09],
     [-1.29781837e-11]]), 2.2221717861438854), (1.416108560049557e-05, Vec([[ 3.22081881e-07],
     [-1.40346731e-08],
     [-8.32911254e-10]]), 2.198670299433259), (1.458603437165661e-05, Vec([[2.67382434e-07],
     [7.21708404e-09],
     [1.54929418e-10]]), 2.125979129338328), (1.5143198837177325e-05, Vec([[ 2.09419211e-07],
     [-9.85901305e-09],
     [ 1.61370970e-10]]), 2.0877570985134097), (1.5595384382554376e-05, Vec([[ 1.77276476e-07],
     [-3.57723057e-09],
     [ 3.69888936e-10]]), 2.047550421149165), (1.6260049534629342e-05, Vec([[ 9.10192264e-08],
     [ 2.80011686e-09],
     [-6.82312760e-10]]), 2.045492891656981), (1.6538823853267582e-05, Vec([[ 2.98524729e-08],
     [-7.73968953e-09],
     [ 8.86970710e-10]]), 2.0047538873742563), (1.6850065089834662e-05, Vec([[-6.90070124e-08],
     [ 8.39927726e-09],
     [ 3.31758252e-10]]), 1.9783625256947357), (1.752568324129454e-05, Vec([[-8.86874152e-08],
     [ 1.65296240e-09],
     [-3.49727787e-09]]), 2.002876394810512), (1.7739162949212223e-05, Vec([[-1.70018221e-07],
     [-1.10474065e-09],
     [ 9.93425836e-10]]), 1.982449747857067), (1.7938649896024522e-05, Vec([[-2.35675798e-07],
     [-2.63287111e-09],
     [-1.79619971e-09]]), 1.9691343872315716), (1.812080972248464e-05, Vec([[-2.72998411e-07],
     [-1.44761436e-08],
     [-1.68072032e-09]]), 1.9621780927717938), (1.858548216483816e-05, Vec([[-3.16640407e-07],
     [ 8.16472966e-09],
     [ 7.17436632e-10]]), 1.993510029405783), (1.8591761076019513e-05, Vec([[-3.60399949e-07],
     [ 1.46988038e-08],
     [-2.92003535e-09]]), 1.9834598438804238), (1.8723865359344434e-05, Vec([[-3.85666599e-07],
     [-4.82452962e-12],
     [-3.00512656e-09]]), 1.9948586629039058), (1.8629839790742237e-05, Vec([[-4.08875985e-07],
     [ 5.96878286e-10],
     [-8.87246177e-10]]), 1.9901700498078627), (1.8658434337185782e-05, Vec([[-3.92470350e-07],
     [ 1.36878346e-08],
     [-2.99253636e-09]]), 2.00669259166681), (1.817228294718275e-05, Vec([[-3.54014784e-07],
     [ 7.94534640e-09],
     [ 2.39350478e-09]]), 1.975712626725546), (1.8228468142521268e-05, Vec([[-3.55660465e-07],
     [ 7.53832558e-09],
     [-7.99263774e-10]]), 2.011853434835973), (1.7865886027830243e-05, Vec([[-2.98928442e-07],
     [ 1.65204035e-09],
     [ 3.56193015e-09]]), 2.010396159977543), (1.7653082378309806e-05, Vec([[-2.57599510e-07],
     [-5.49945533e-09],
     [ 1.04525389e-10]]), 2.0344263644047), (1.7131637615692107e-05, Vec([[-2.02664785e-07],
     [-1.29949223e-08],
     [ 7.75328779e-10]]), 2.031579343594727), (1.6603013399052064e-05, Vec([[-1.53038312e-07],
     [-6.64678441e-09],
     [ 6.71523948e-10]]), 2.036129081460688), (1.620913376217025e-05, Vec([[-9.45030670e-08],
     [ 2.22326436e-08],
     [ 2.15679799e-10]]), 2.0667255851458006), (1.5559269119695768e-05, Vec([[-3.03580419e-08],
     [ 1.29962492e-08],
     [-4.45360542e-10]]), 2.07456203942481), (1.549788612429307e-05, Vec([[ 2.90770118e-08],
     [-2.21528846e-10],
     [-1.63850272e-09]]), 2.066377668349987), (1.6170305843718708e-05, Vec([[9.68019567e-08],
     [1.21970660e-08],
     [5.90354800e-10]]), 2.0617748793487367), (1.6655513190681227e-05, Vec([[ 1.60054493e-07],
     [-1.18161722e-08],
     [-3.22124008e-09]]), 2.0425674520105095), (1.7281203010530386e-05, Vec([[ 2.19089113e-07],
     [-1.48542608e-08],
     [ 1.68872400e-10]]), 2.049315766316611), (1.7568762534615073e-05, Vec([[2.54599053e-07],
     [8.04425138e-09],
     [4.54881223e-10]]), 2.024708938893458), (1.7782903006619996e-05, Vec([[ 2.95486902e-07],
     [-3.23735641e-09],
     [ 2.00242116e-10]]), 2.0010583221045977), (1.8212236893471735e-05, Vec([[ 3.54254403e-07],
     [ 6.63613610e-10],
     [-5.34498542e-09]]), 2.010062011996892), (1.8410100936848525e-05, Vec([[ 3.58300098e-07],
     [-6.01902204e-09],
     [ 2.17450842e-09]]), 2.0015684867961157), (1.872217477819903e-05, Vec([[ 3.84848557e-07],
     [ 6.28537470e-09],
     [-1.79023581e-09]]), 2.0135478008692203), (1.876093099950116e-05, Vec([[ 4.11438222e-07],
     [-8.21189313e-09],
     [ 3.06532406e-10]]), 2.004174131452986), (1.8896523214512036e-05, Vec([[ 3.98285205e-07],
     [-1.07441717e-08],
     [-1.16110741e-09]]), 2.013253797214547), (1.8589405105572908e-05, Vec([[ 3.75579579e-07],
     [-1.27510560e-08],
     [-1.24305208e-09]]), 1.9832084974504054), (1.8528667985413178e-05, Vec([[ 3.42205911e-07],
     [-1.10752622e-08],
     [ 8.62906849e-10]]), 1.9874160451070897), (1.830932627806528e-05, Vec([[ 2.65372860e-07],
     [-7.15524352e-09],
     [-1.49241468e-09]]), 1.982591256485231), (1.7981354423008706e-05, Vec([[2.20898334e-07],
     [3.72449753e-09],
     [1.38407892e-09]]), 1.973822084079575), (1.76036914951278e-05, Vec([[ 1.90628603e-07],
     [-7.54743529e-09],
     [-9.73356181e-12]]), 1.967310062249555), (1.732049322432982e-05, Vec([[ 9.43091371e-08],
     [ 4.68909068e-09],
     [-2.34368875e-09]]), 1.9794267959691352), (1.6994412117873312e-05, Vec([[4.07303232e-08],
     [9.38960551e-10],
     [1.44251719e-09]]), 1.9953102792757802), (1.6651014745390652e-05, Vec([[-4.03886615e-08],
     [ 3.33828823e-09],
     [ 4.52059059e-10]]), 2.018353108764311), (1.629370935957497e-05, Vec([[-9.68249308e-08],
     [ 8.07753223e-11],
     [-6.06588759e-10]]), 2.049727253459757), (1.5633861058994157e-05, Vec([[-1.51093242e-07],
     [-5.62883106e-09],
     [-1.03080449e-10]]), 2.0526021039494187), (1.5095866903834e-05, Vec([[-2.09368605e-07],
     [ 8.30284621e-09],
     [ 1.46456488e-10]]), 2.081231556526779), (1.4575866424453212e-05, Vec([[-2.59347818e-07],
     [-3.33366759e-09],
     [ 7.30916006e-10]]), 2.124497105986961), (1.4119381296874544e-05, Vec([[-3.14688795e-07],
     [ 1.62797908e-09],
     [ 8.87982746e-10]]), 2.1921952299140908), (1.3514345949638802e-05, Vec([[-3.65724346e-07],
     [ 3.24377162e-09],
     [ 3.27305921e-10]]), 2.2545115494554735), (1.3611431136931568e-05, Vec([[-3.29719662e-07],
     [-5.10668246e-09],
     [-5.60402108e-10]]), 2.1880297244401863), (1.4324616890774825e-05, Vec([[-3.04606167e-07],
     [ 4.68736436e-09],
     [ 5.81011960e-10]]), 2.1527334787274537), (1.488107138686496e-05, Vec([[-2.45181824e-07],
     [ 6.80786035e-09],
     [-1.57576147e-10]]), 2.1076067267146685), (1.5559513247802085e-05, Vec([[-2.09660704e-07],
     [-1.04715299e-08],
     [ 1.15634728e-09]]), 2.0916937489461818), (1.5879527461572715e-05, Vec([[-1.45796370e-07],
     [ 2.24449896e-09],
     [-1.21704033e-09]]), 2.0392807565783366), (1.6362992732666142e-05, Vec([[-1.04031239e-07],
     [ 2.25093430e-09],
     [-8.45150125e-10]]), 2.0192287691433233), (1.6628354507744246e-05, Vec([[ 2.52884906e-09],
     [-1.15604331e-08],
     [ 7.01810536e-10]]), 1.9824658437832898), (1.7068573859440466e-05, Vec([[ 4.58237637e-08],
     [ 1.57092905e-08],
     [-4.45418304e-10]]), 1.9759716341319449), (1.7430703035971362e-05, Vec([[ 1.25998144e-07],
     [ 1.91250338e-09],
     [-1.48215899e-09]]), 1.9687618717690316), (1.7752824461771822e-05, Vec([[ 1.74188110e-07],
     [ 9.13605651e-09],
     [-4.36488252e-09]]), 1.9652085798403376), (1.788624427961561e-05, Vec([[ 2.25030221e-07],
     [-3.51276335e-09],
     [ 3.32169878e-10]]), 1.9490077362305043), (1.8407430197881575e-05, Vec([[3.02749928e-07],
     [5.25020828e-09],
     [2.59245242e-10]]), 1.9827697713299364), (1.8758338623155323e-05, Vec([[ 3.46342834e-07],
     [-1.63672600e-09],
     [-2.93799057e-09]]), 2.0056161903428418), (1.8691336687624694e-05, Vec([[ 3.79919664e-07],
     [-3.40594186e-08],
     [ 5.58784968e-09]]), 1.991733875062599), (1.872451063674844e-05, Vec([[3.88627621e-07],
     [1.43177802e-08],
     [7.87077194e-10]]), 1.9965961341608252), (1.8532346142897617e-05, Vec([[3.97968084e-07],
     [6.47816168e-09],
     [8.93756074e-10]]), 1.9854209261521918), (1.8508264916514787e-05, Vec([[ 3.89735546e-07],
     [-3.89780709e-09],
     [ 2.10119238e-09]]), 2.0003251198684953), (1.8317994491199997e-05, Vec([[ 3.51753848e-07],
     [ 2.19004335e-08],
     [-4.62350381e-09]]), 2.005520775944192), (1.7893794858674753e-05, Vec([[ 3.12142200e-07],
     [-9.83867889e-09],
     [-8.04273093e-10]]), 1.9930354105143477), (1.7630712085314856e-05, Vec([[ 2.86541503e-07],
     [-7.70434691e-09],
     [ 3.04678986e-09]]), 2.006593908339063), (1.748328249521234e-05, Vec([[ 2.29868317e-07],
     [-1.16092959e-08],
     [ 1.16777466e-09]]), 2.0426223938629127), (1.696256680765779e-05, Vec([[ 1.91458894e-07],
     [-4.41540270e-09],
     [ 7.87417514e-10]]), 2.044270235314979), (1.638423895849383e-05, Vec([[ 1.27722978e-07],
     [-5.54706785e-09],
     [ 1.34292533e-09]]), 2.0473685305355165), (1.593116732923221e-05, Vec([[ 6.50219363e-08],
     [-4.26361639e-09],
     [-2.66382255e-10]]), 2.075632882367121), (1.5013789642755316e-05, Vec([[-3.30160062e-09],
     [ 2.90672751e-09],
     [-7.61994277e-10]]), 2.0518574315965488)]