[(2.0057953169586247e-05, Vec([[ 1.59916622e-09],
     [ 5.75754446e-09],
     [-1.44737503e-09]]), 2.1549402393846018), (1.9939063718568318e-05, Vec([[-4.35572747e-09],
     [-2.26945552e-07],
     [ 4.98326035e-10]]), 2.146488844485059), (1.9833552106443315e-05, Vec([[-2.91694575e-09],
     [-4.73313269e-07],
     [ 1.52213329e-09]]), 2.148113529490064), (1.966590176259177e-05, Vec([[ 1.82113096e-09],
     [-6.47230370e-07],
     [ 8.28675084e-10]]), 2.1517040167246053), (1.932866586651885e-05, Vec([[-2.93189292e-09],
     [-8.50406538e-07],
     [-6.39186371e-10]]), 2.145350000967211), (1.902313982797328e-05, Vec([[ 1.24793867e-09],
     [-1.03193004e-06],
     [ 8.18442924e-11]]), 2.1511698498071077), (1.81541230934894e-05, Vec([[-9.14263590e-10],
     [-1.09995782e-06],
     [ 2.75382632e-10]]), 2.1008921712079918), (1.870534324433189e-05, Vec([[-2.85507761e-09],
     [-1.09309517e-06],
     [ 4.44075648e-10]]), 2.1097390574020536), (1.9073331147167323e-05, Vec([[ 4.36135914e-10],
     [-1.03518430e-06],
     [ 9.86743398e-10]]), 2.0817525522470763), (1.930559492761984e-05, Vec([[-5.53934150e-09],
     [-9.78401635e-07],
     [ 9.78108876e-10]]), 2.0491605810032136), (1.9862341328147625e-05, Vec([[ 1.77036274e-09],
     [-9.00753948e-07],
     [ 1.56018584e-09]]), 2.059905556981844), (2.020818598727777e-05, Vec([[ 1.73119442e-10],
     [-8.45483485e-07],
     [-9.76044817e-10]]), 2.05688333545082), (2.0647250366121295e-05, Vec([[ 5.69601991e-10],
     [-8.14367423e-07],
     [ 3.02935354e-10]]), 2.0714758534447273), (2.0803410871344398e-05, Vec([[ 7.47829162e-09],
     [-7.79328089e-07],
     [-1.04902107e-09]]), 2.0638840013448476), (2.1317369020076147e-05, Vec([[-7.26706953e-09],
     [-7.55343856e-07],
     [ 2.17585795e-09]]), 2.098722096617331), (2.1616363611403266e-05, Vec([[ 1.51209473e-09],
     [-6.86637810e-07],
     [ 7.96162651e-10]]), 2.1205028784761857), (2.169855050034348e-05, Vec([[-2.67292877e-09],
     [-6.89595089e-07],
     [-1.12822911e-09]]), 2.1294794693712626), (2.1972157562194848e-05, Vec([[-4.89503168e-09],
     [-6.16978224e-07],
     [ 1.49893610e-09]]), 2.1659830771873585), (2.2058114877537294e-05, Vec([[ 2.02840234e-09],
     [-6.23142462e-07],
     [ 1.57866217e-11]]), 2.1931040963137476), (2.2067053052135358e-05, Vec([[ 9.13242971e-09],
     [-6.09597877e-07],
     [ 1.56787817e-09]]), 2.221995103078909), (2.177992715454954e-05, Vec([[-4.82022233e-09],
     [-4.63900663e-07],
     [-1.99934814e-09]]), 2.230533861723045), (2.1261866642713727e-05, Vec([[ 4.90848281e-09],
     [-3.85880886e-07],
     [ 1.41101730e-10]]), 2.224420432465513), (2.0637661084557033e-05, Vec([[ 2.49632862e-09],
     [-3.07344062e-07],
     [-6.45466234e-11]]), 2.2158068745729858), (2.0025877078305107e-05, Vec([[-2.06102535e-09],
     [-1.83496374e-07],
     [-2.17377093e-10]]), 2.2172673201703637), (1.9461940951705735e-05, Vec([[ 7.26184143e-10],
     [-9.18077602e-08],
     [ 1.35972852e-09]]), 2.233574155953161), (1.8970531918610517e-05, Vec([[-3.60018842e-09],
     [-7.01696943e-08],
     [-5.07822250e-10]]), 2.22113728066672), (1.9643987454820028e-05, Vec([[-8.36481749e-09],
     [-1.41191672e-07],
     [-6.50025430e-10]]), 2.2128979233263317), (2.0140092769851978e-05, Vec([[-2.79559720e-09],
     [-2.54479632e-07],
     [ 1.85443822e-10]]), 2.1945243236246523), (2.054191082807803e-05, Vec([[ 3.09508011e-10],
     [-3.45906098e-07],
     [-1.71579186e-09]]), 2.175850880490901), (2.1297368637290137e-05, Vec([[-2.77050251e-09],
     [-4.87522602e-07],
     [ 4.53987592e-10]]), 2.2032637539393933), (2.1609763762283414e-05, Vec([[ 2.68790140e-09],
     [-5.84312554e-07],
     [-2.53416714e-10]]), 2.1932661160149736), (2.1735020400323816e-05, Vec([[-8.95451719e-11],
     [-6.42228989e-07],
     [-8.59918934e-10]]), 2.1735889708206626), (2.185966873678831e-05, Vec([[-2.78294965e-09],
     [-6.75369449e-07],
     [-6.56339466e-10]]), 2.163004969299943), (2.1804649268261892e-05, Vec([[ 7.20868402e-09],
     [-6.75355683e-07],
     [-2.71237004e-10]]), 2.143590693708278), (2.1649202003091743e-05, Vec([[-9.03896391e-10],
     [-7.11951874e-07],
     [ 7.11511834e-10]]), 2.12311080473651), (2.1398440235585176e-05, Vec([[ 1.62425110e-09],
     [-7.52996173e-07],
     [-5.56091506e-10]]), 2.1018488900011567), (2.124420721164351e-05, Vec([[-7.26880149e-10],
     [-7.94217584e-07],
     [-1.57405982e-09]]), 2.098479201919318), (2.0750527823825272e-05, Vec([[-3.96736281e-10],
     [-7.95599968e-07],
     [-7.51662592e-10]]), 2.0697321555880466), (2.0523995925585426e-05, Vec([[-1.22390769e-09],
     [-8.63446283e-07],
     [ 1.01076577e-09]]), 2.0729169858689103), (2.0025313009711573e-05, Vec([[ 4.98070327e-09],
     [-8.96055056e-07],
     [-1.17927784e-09]]), 2.056322193803511), (1.9476089221911354e-05, Vec([[ 4.92576855e-09],
     [-9.33786183e-07],
     [ 1.03558776e-10]]), 2.042248881781206), (1.907890139785512e-05, Vec([[-1.59041210e-09],
     [-9.67053684e-07],
     [ 4.38286457e-10]]), 2.0522966342926297), (1.878214092220985e-05, Vec([[-1.74641286e-09],
     [-1.02723774e-06],
     [ 1.05433471e-10]]), 2.0825750931913407), (1.834253939860227e-05, Vec([[ 3.87370163e-09],
     [-1.10664486e-06],
     [ 1.72910746e-10]]), 2.107190151931437), (1.8621249248282207e-05, Vec([[-9.61485983e-09],
     [-1.04527415e-06],
     [-6.28107509e-10]]), 2.128980161864314), (1.9116905335008863e-05, Vec([[ 6.11856821e-09],
     [-8.83923632e-07],
     [ 9.35945029e-10]]), 2.1405452285953572), (1.9372067179820138e-05, Vec([[-1.48768262e-09],
     [-7.39893029e-07],
     [ 7.14636753e-10]]), 2.13367648387892), (1.9702143531283876e-05, Vec([[ 3.57904204e-09],
     [-5.52408463e-07],
     [-7.18838289e-10]]), 2.143640083553335), (1.9732464768652384e-05, Vec([[ 2.94387781e-09],
     [-3.38004922e-07],
     [-1.49583821e-09]]), 2.1296142232801665), (1.9827647453714606e-05, Vec([[-7.10553026e-09],
     [-1.11093247e-07],
     [ 1.66863674e-10]]), 2.1312701877949727), (2.004897763558934e-05, Vec([[-4.37266919e-09],
     [ 1.15146579e-07],
     [-1.90822290e-10]]), 2.155060928445876), (1.985306539955183e-05, Vec([[9.96382745e-10],
     [3.39568296e-07],
     [1.26852173e-09]]), 2.142629972803158), (1.9764610968884892e-05, Vec([[4.22931746e-09],
     [5.33566997e-07],
     [6.71551621e-10]]), 2.1504366893615185), (1.9423093317999975e-05, Vec([[ 5.41893520e-09],
     [ 7.65344966e-07],
     [-1.35998382e-09]]), 2.139296600208626), (1.9111354088362086e-05, Vec([[ 4.09721698e-09],
     [ 9.43095022e-07],
     [-1.21550503e-10]]), 2.1399236481504955), (1.8688045161477634e-05, Vec([[ 5.97636315e-09],
     [ 1.03109565e-06],
     [-3.16340013e-10]]), 2.1366169843025187), (1.8360084343898284e-05, Vec([[-2.88588875e-09],
     [ 1.09460362e-06],
     [-4.44720632e-10]]), 2.109205714506528), (1.871791399935558e-05, Vec([[ 3.66919504e-09],
     [ 1.05619526e-06],
     [-1.03091676e-09]]), 2.0754535733176156), (1.9299090600674057e-05, Vec([[-3.98232072e-09],
     [ 9.96047415e-07],
     [ 1.33523643e-10]]), 2.075982146913586), (1.9612671898014122e-05, Vec([[3.38007779e-09],
     [9.47286515e-07],
     [1.10060901e-09]]), 2.056570844181531), (1.9957675107292314e-05, Vec([[ 2.36778073e-09],
     [ 9.08998370e-07],
     [-1.09170830e-10]]), 2.0493767183535345), (2.041846998444164e-05, Vec([[5.26272467e-09],
     [8.66075132e-07],
     [1.10688239e-09]]), 2.0622588997613196), (2.1021049546768785e-05, Vec([[2.29238005e-09],
     [8.06811012e-07],
     [1.20431888e-09]]), 2.0967149636165923), (2.1259114222218053e-05, Vec([[ 2.90155972e-10],
     [ 7.81574512e-07],
     [-3.60971837e-10]]), 2.099951699873316), (2.132583452103374e-05, Vec([[ 1.28410231e-09],
     [ 7.41047776e-07],
     [-2.39457694e-10]]), 2.0947172374667873), (2.1645107481242545e-05, Vec([[-5.63668539e-09],
     [ 7.12959901e-07],
     [-1.91275909e-09]]), 2.1227092599785533), (2.1874129550055275e-05, Vec([[3.60609400e-09],
     [7.10470504e-07],
     [8.56774309e-10]]), 2.150421222537987), (2.16926010802908e-05, Vec([[-1.68793185e-09],
     [ 6.52853110e-07],
     [ 5.78210225e-10]]), 2.146473695401668), (2.169190048022183e-05, Vec([[ 5.81944639e-09],
     [ 6.43592982e-07],
     [-1.77499321e-09]]), 2.1692768063492207), (2.1622652820784962e-05, Vec([[ 1.33014778e-09],
     [ 5.73754148e-07],
     [-2.27964912e-09]]), 2.194574280953274), (2.0982031633819923e-05, Vec([[2.20857519e-09],
     [4.62514178e-07],
     [9.78699685e-10]]), 2.1706413862725595), (2.0542727291587155e-05, Vec([[ 2.17914803e-09],
     [ 3.70998620e-07],
     [-1.26680513e-09]]), 2.175937362360096), (1.9993699667668932e-05, Vec([[-3.94529020e-09],
     [ 2.70263479e-07],
     [-1.54557225e-09]]), 2.1785728964280278), (1.9507486209905346e-05, Vec([[-5.15008013e-09],
     [ 1.81814138e-07],
     [-7.27313627e-10]]), 2.197521039071142), (1.8953969960895128e-05, Vec([[2.16604798e-09],
     [2.37840070e-08],
     [1.09601015e-09]]), 2.219198147811596), (1.928841795896552e-05, Vec([[3.27942428e-09],
     [9.57755362e-08],
     [7.08469052e-10]]), 2.213659571225459), (2.0133326869100233e-05, Vec([[-2.64863241e-09],
     [ 1.71941956e-07],
     [ 3.01993991e-10]]), 2.2291641728653855), (2.0502541278905857e-05, Vec([[ 6.02043213e-10],
     [ 2.66031039e-07],
     [-1.47741059e-09]]), 2.2012994459924835), (2.1137217043780353e-05, Vec([[ 3.76565503e-09],
     [ 3.84517550e-07],
     [-2.85221381e-10]]), 2.2113795683012616), (2.192458916998428e-05, Vec([[1.10911513e-09],
     [4.82883173e-07],
     [1.69678221e-09]]), 2.245349040931065), (2.1964988307923234e-05, Vec([[-3.22230401e-09],
     [ 5.74189716e-07],
     [ 1.63296150e-10]]), 2.2117179101388045), (2.1946037497308304e-05, Vec([[1.60806652e-09],
     [6.21603254e-07],
     [1.44063214e-10]]), 2.181960924603521), (2.2021132992356624e-05, Vec([[-2.08192074e-09],
     [ 6.48531766e-07],
     [ 1.42543879e-10]]), 2.170811003285563), (2.1777769691991524e-05, Vec([[-5.10378131e-09],
     [ 6.81022336e-07],
     [ 1.26376103e-10]]), 2.137253981414913), (2.162092918381181e-05, Vec([[-1.32852451e-08],
     [ 7.13052647e-07],
     [ 6.06517812e-10]]), 2.120950747951747), (2.1293456109175816e-05, Vec([[-8.36578784e-10],
     [ 7.85754420e-07],
     [ 3.18891468e-10]]), 2.0963678401209647), (2.0905191992981264e-05, Vec([[-5.16017379e-09],
     [ 7.72729363e-07],
     [-5.09035766e-10]]), 2.073981596873022), (2.0367577441511785e-05, Vec([[ 3.67360870e-09],
     [ 8.34834052e-07],
     [-1.77083071e-09]]), 2.043417119234701), (2.0228615321778732e-05, Vec([[ 7.06201362e-10],
     [ 8.85010962e-07],
     [-3.44205144e-10]]), 2.0589627283124963), (2.0004036499190985e-05, Vec([[-1.22532359e-09],
     [ 9.40016260e-07],
     [ 1.36529196e-10]]), 2.074600635744591), (1.9370880435859817e-05, Vec([[ 2.44380783e-09],
     [ 9.87548137e-07],
     [-1.29974781e-09]]), 2.0560902037627136), (1.9043211679939958e-05, Vec([[-1.14783550e-09],
     [ 1.04326425e-06],
     [-2.75736545e-10]]), 2.0784651727490173), (1.846973866847361e-05, Vec([[-1.93608800e-09],
     [ 1.10320706e-06],
     [-1.71007832e-10]]), 2.083165678378844), (1.8149676190193064e-05, Vec([[-7.06051286e-09],
     [ 1.08911516e-06],
     [-1.64824215e-09]]), 2.100377551786646), (1.892341515208565e-05, Vec([[-3.40199153e-09],
     [ 1.03492905e-06],
     [-5.59969126e-10]]), 2.1398928094241203), (1.92265611822359e-05, Vec([[ 1.61924508e-09],
     [ 8.41882854e-07],
     [-1.56266559e-09]]), 2.1340170778343923), (1.9641427605551584e-05, Vec([[4.07747425e-09],
     [6.81953960e-07],
     [1.10466944e-10]]), 2.1490262273892857), (1.9516801954526174e-05, Vec([[-1.00885625e-09],
     [ 4.43442461e-07],
     [-7.05550395e-10]]), 2.113807254792039), (2.0010484685993092e-05, Vec([[-2.42147559e-09],
     [ 2.52300305e-07],
     [-1.18745553e-09]]), 2.1541774858377045), (1.9939798391127058e-05, Vec([[-4.72231611e-09],
     [-1.66478990e-08],
     [-7.55983399e-10]]), 2.1422461980522396)]