[(0.00010262894094201904, array([[ 1.09267915e-08],
       [ 7.01106684e-09],
       [-1.28265139e-10]]), 2.327194626748961), (0.00010242744449201169, array([[-1.36763331e-07],
       [ 2.29222578e-09],
       [ 1.43200643e-10]]), 2.3236724765239196), (0.00010211782326256937, array([[-2.68621260e-07],
       [ 9.51389684e-09],
       [-2.75163011e-11]]), 2.320030248276655), (0.00010166911844819371, array([[-4.23080501e-07],
       [-1.30966095e-09],
       [ 2.13792830e-10]]), 2.315547859134863), (0.00010104257505830016, array([[-5.39415726e-07],
       [ 2.06428628e-09],
       [-3.78719832e-10]]), 2.3093139213562273), (0.00010033475013661166, array([[-6.83809186e-07],
       [-6.42507978e-09],
       [ 3.00031793e-10]]), 2.303499663540643), (9.943856357707919e-05, array([[-8.16696150e-07],
       [ 1.71198310e-09],
       [ 4.31802495e-10]]), 2.2956105298901344), (9.846503770072321e-05, array([[-9.43370476e-07],
       [-1.06019241e-08],
       [-6.05190574e-10]]), 2.288154672154463), (9.735499921755354e-05, array([[-1.09390857e-06],
       [ 4.60202349e-09],
       [ 2.52858737e-10]]), 2.279716973506518), (9.606815683115457e-05, array([[-1.19126876e-06],
       [ 3.07891784e-10],
       [-5.56761005e-10]]), 2.2692792927380547), (9.4734780354108e-05, array([[-1.30257979e-06],
       [ 2.35948575e-09],
       [ 2.61380297e-10]]), 2.259843881305897), (9.323613636911762e-05, array([[-1.40308740e-06],
       [ 4.79645444e-09],
       [ 5.72806720e-10]]), 2.248525583985573), (9.17215831348204e-05, array([[-1.52776432e-06],
       [-3.35357567e-09],
       [-8.57848968e-10]]), 2.2388473003455265), (9.007535764676495e-05, array([[-1.63465963e-06],
       [ 3.47429240e-09],
       [-1.22152461e-10]]), 2.2279486164938045), (8.826312261276409e-05, array([[-1.72141472e-06],
       [ 6.42322694e-10],
       [-3.29039345e-10]]), 2.214854413120475), (8.650944695901377e-05, array([[-1.81998390e-06],
       [-5.18092880e-10],
       [-4.81537042e-11]]), 2.2051182294658953), (8.45554070845492e-05, array([[-1.89812470e-06],
       [-1.26992176e-09],
       [-2.47881252e-09]]), 2.1921232149910637), (8.258786817204338e-05, array([[-1.96863692e-06],
       [-9.63732199e-10],
       [-6.61912009e-10]]), 2.1805543088571193), (8.049539847661589e-05, array([[-2.03772196e-06],
       [ 4.84871588e-09],
       [-1.39797696e-10]]), 2.1674141270727687), (7.839412963830754e-05, array([[-2.09675579e-06],
       [-8.27673376e-09],
       [-1.10629272e-09]]), 2.15571553268946), (7.624532772740157e-05, array([[-2.15822325e-06],
       [-4.61701248e-09],
       [-3.48715707e-10]]), 2.1443793010555683), (7.399667504404989e-05, array([[-2.20310100e-06],
       [-5.10738261e-10],
       [-7.46861979e-10]]), 2.1318375313724904), (7.173318960069181e-05, array([[-2.23904779e-06],
       [ 3.67134644e-09],
       [ 1.01996510e-09]]), 2.1204198092512403), (6.940453539236422e-05, array([[-2.26557881e-06],
       [-2.19256711e-09],
       [ 5.51803007e-10]]), 2.1085938667379014), (6.702694356185673e-05, array([[-2.28585090e-06],
       [ 1.35972004e-10],
       [ 3.41705447e-12]]), 2.096734207382016), (6.469780193662372e-05, array([[-2.30029538e-06],
       [ 4.73399068e-09],
       [-1.74235374e-10]]), 2.087878302094768), (6.227627975178077e-05, array([[-2.30118199e-06],
       [-1.21115608e-09],
       [-1.73918377e-10]]), 2.077525588845558), (5.988371914455044e-05, array([[-2.29800335e-06],
       [ 5.03005655e-11],
       [ 9.55894391e-11]]), 2.0696066014839447), (5.7397809008626196e-05, array([[-2.28089674e-06],
       [-7.40753991e-10],
       [-1.00310229e-10]]), 2.0599012722666483), (5.494623208587481e-05, array([[-2.26572257e-06],
       [-1.32906609e-09],
       [-3.79017678e-11]]), 2.0528514528269053), (5.249025522743056e-05, array([[-2.22981818e-06],
       [-3.40879062e-10],
       [ 1.31547482e-10]]), 2.0471763141392554), (4.9953278580760044e-05, array([[-2.19997627e-06],
       [ 3.30490309e-09],
       [-1.37994661e-10]]), 2.039824190800385), (4.746598175244443e-05, array([[-2.15661467e-06],
       [-5.15654337e-10],
       [-2.77017493e-10]]), 2.036026649297774), (4.50096438808983e-05, array([[-2.10202614e-06],
       [ 4.47759573e-10],
       [ 1.14853588e-09]]), 2.0353824819753505), (4.248869978605116e-05, array([[-2.04023315e-06],
       [ 1.48431058e-09],
       [-1.16765682e-10]]), 2.033740561756404), (4.0054097315042295e-05, array([[-1.96896796e-06],
       [-3.92582079e-09],
       [-3.73222202e-10]]), 2.03589722501608), (3.857010195370858e-05, array([[-1.77230988e-06],
       [-2.28888505e-09],
       [-5.38258169e-10]]), 2.0372626855139355), (3.706403491473916e-05, array([[-1.58409201e-06],
       [ 7.97079841e-10],
       [-6.43233044e-10]]), 2.039663630964379), (3.551994993926754e-05, array([[-1.40156329e-06],
       [-2.43097554e-09],
       [ 1.07367992e-10]]), 2.0422370063892124), (3.4003988382462476e-05, array([[-1.22279203e-06],
       [ 3.00307146e-09],
       [-3.56118314e-10]]), 2.0489042899650194), (3.249571105717263e-05, array([[-1.05992057e-06],
       [-4.23471863e-10],
       [ 1.30480561e-10]]), 2.058907797752029), (3.090807970216052e-05, array([[-8.98483127e-07],
       [-8.27614359e-10],
       [-1.55626596e-10]]), 2.066891431672549), (2.9319295797788693e-05, array([[-7.51554693e-07],
       [-2.10551664e-10],
       [ 2.37938322e-10]]), 2.0779458333636374), (2.777954024435555e-05, array([[-6.13726549e-07],
       [-2.40391489e-09],
       [-5.99393797e-10]]), 2.096348178859362), (2.618358346760743e-05, array([[-4.87267155e-07],
       [ 2.28438680e-09],
       [ 1.51572480e-10]]), 2.1150419209034226), (2.4609626130643374e-05, array([[-3.71032962e-07],
       [-3.16510279e-10],
       [-1.20414064e-12]]), 2.1407981997170347), (2.2936497514417005e-05, array([[-2.66039531e-07],
       [-6.42010582e-10],
       [ 2.45799284e-10]]), 2.1638612299165083), (2.1364397316245057e-05, array([[-1.75345910e-07],
       [ 1.74811214e-09],
       [-1.56151728e-10]]), 2.2040169893959733), (1.9693921257310092e-05, array([[-9.63038196e-08],
       [ 4.36222631e-10],
       [-3.46741478e-11]]), 2.2437538673567343), (1.8038225198223726e-05, array([[-2.71747900e-08],
       [ 3.74254682e-09],
       [ 5.54286433e-11]]), 2.2972158992580645), (1.7912158853451244e-05, array([[-1.64035564e-08],
       [-1.96843230e-09],
       [-2.08013947e-11]]), 2.281161015344033), (1.9338902478749674e-05, array([[-5.93795831e-08],
       [ 1.22703281e-09],
       [-6.33461769e-11]]), 2.20330611970041), (2.0731052040495575e-05, array([[-1.13350981e-07],
       [-6.93214403e-10],
       [-5.35460707e-12]]), 2.138679141234719), (2.214244636562562e-05, array([[-1.78269754e-07],
       [-3.34994861e-09],
       [-1.16329909e-10]]), 2.088949334830509), (2.3516538060615302e-05, array([[-2.56109118e-07],
       [ 8.63372266e-10],
       [-2.33534232e-10]]), 2.0457101654646803), (2.496191648393811e-05, array([[-3.46193844e-07],
       [ 8.34379439e-11],
       [-8.53116347e-11]]), 2.0163588324315644), (2.6394833465578246e-05, array([[-4.44822151e-07],
       [ 3.09188311e-09],
       [ 3.01612280e-11]]), 1.9918530177296239), (2.7833845767089735e-05, array([[-5.57575963e-07],
       [-9.35005553e-10],
       [ 2.37611785e-10]]), 1.972667564634088), (2.9251724475865047e-05, array([[-6.71132632e-07],
       [-5.04200906e-10],
       [ 4.33681705e-10]]), 1.956127305980301), (3.0711887161109635e-05, array([[-8.05784171e-07],
       [-7.18270249e-10],
       [-5.60304875e-10]]), 1.9458858385476676), (3.213367993235696e-05, array([[-9.42867823e-07],
       [ 3.39666576e-10],
       [-6.20645543e-10]]), 1.936209185970825), (3.359076494614724e-05, array([[-1.08951691e-06],
       [-1.23745786e-09],
       [-7.09703310e-10]]), 1.931317565571944), (3.507877549779433e-05, array([[-1.24353963e-06],
       [ 1.10429542e-09],
       [ 4.40612376e-10]]), 1.9304132096304185), (3.658209470441561e-05, array([[-1.40168206e-06],
       [-1.74095434e-09],
       [-6.75646510e-10]]), 1.9322566631711215), (3.811005411690195e-05, array([[-1.57409972e-06],
       [ 2.39706862e-09],
       [-2.20101099e-10]]), 1.937084059379741), (4.078689174766638e-05, array([[-1.65360422e-06],
       [ 8.91158027e-10],
       [-7.90862618e-11]]), 1.9522827611314397), (4.3433472594908813e-05, array([[-1.71274298e-06],
       [ 4.02380287e-09],
       [-1.94903427e-10]]), 1.9641063920648278), (4.617247504882e-05, array([[-1.77914676e-06],
       [ 3.45362470e-10],
       [ 5.54373751e-10]]), 1.9805424051635205), (4.884344809473323e-05, array([[-1.82623772e-06],
       [-8.92078657e-10],
       [ 5.21755490e-10]]), 1.9945046614841022), (5.1471703499505736e-05, array([[-1.86640512e-06],
       [ 3.07722432e-09],
       [ 2.16651233e-10]]), 2.007451703102431), (5.4194711596504754e-05, array([[-1.90740879e-06],
       [ 1.96975878e-09],
       [-2.26193785e-10]]), 2.0247738236635198), (5.6816750332881134e-05, array([[-1.92743450e-06],
       [-9.32365901e-10],
       [-3.79200106e-10]]), 2.0390481504123117), (5.949483507172867e-05, array([[-1.95824728e-06],
       [-5.57630626e-10],
       [-1.33148427e-10]]), 2.0561666038381543), (6.209251088072222e-05, array([[-1.96394367e-06],
       [ 2.52813348e-09],
       [-9.14472388e-10]]), 2.071395092072486), (6.460454388156062e-05, array([[-1.98014079e-06],
       [ 5.30623776e-09],
       [-5.56309297e-10]]), 2.084868749005894), (6.716771046874979e-05, array([[-1.98183585e-06],
       [ 1.69221318e-09],
       [ 1.61062792e-10]]), 2.101137672216686), (6.97166737031453e-05, array([[-1.97289570e-06],
       [-7.92853722e-10],
       [-2.92156459e-10]]), 2.118077006765656), (7.209664159306605e-05, array([[-1.95049013e-06],
       [ 1.73866547e-09],
       [-3.30752125e-10]]), 2.1311633828833654), (7.455891446309287e-05, array([[-1.92375149e-06],
       [ 5.11499676e-09],
       [ 7.30297839e-11]]), 2.1480355983048147), (7.683205529782189e-05, array([[-1.88974202e-06],
       [ 2.39015742e-11],
       [ 1.32610700e-09]]), 2.160880855903182), (7.917841644893487e-05, array([[-1.84903524e-06],
       [-6.20405132e-09],
       [ 1.21307625e-09]]), 2.1772821891158203), (8.135010992229258e-05, array([[-1.79681706e-06],
       [ 4.17813309e-09],
       [ 7.14644169e-10]]), 2.1904280346623897), (8.341681504490398e-05, array([[-1.73377164e-06],
       [ 1.09072618e-09],
       [-1.58852162e-11]]), 2.2024408609069233), (8.552125966247095e-05, array([[-1.69257891e-06],
       [-2.04493541e-10],
       [-3.57180521e-10]]), 2.2171632204895206), (8.743490845602528e-05, array([[-1.59966509e-06],
       [-4.59084013e-09],
       [ 8.30894323e-10]]), 2.2287081620046605), (8.92936988119633e-05, array([[-1.54067489e-06],
       [-4.11739095e-09],
       [ 1.43053743e-10]]), 2.240715454235774), (9.10678819908855e-05, array([[-1.45056420e-06],
       [-1.26508780e-09],
       [ 4.97027081e-10]]), 2.2524979860116203), (9.268779405543934e-05, array([[-1.36313454e-06],
       [-1.86176876e-09],
       [-1.21770533e-10]]), 2.262431702590442), (9.428511020165711e-05, array([[-1.26846088e-06],
       [ 8.37763108e-10],
       [ 4.53796914e-11]]), 2.273823119804289), (9.563362594807255e-05, array([[-1.16243331e-06],
       [-1.14124706e-10],
       [ 4.67007049e-10]]), 2.281285327712032), (9.701331342057911e-05, array([[-1.06702398e-06],
       [-8.22372171e-10],
       [ 2.28647591e-10]]), 2.29160536151593), (9.810983831134277e-05, array([[-9.51087616e-07],
       [-4.25767939e-09],
       [ 5.16951727e-10]]), 2.297392691324893), (9.915593158425393e-05, array([[-8.48561143e-07],
       [ 1.92613199e-09],
       [ 1.56898878e-10]]), 2.3042098335039043), (0.00010003308626271409, array([[-7.38825202e-07],
       [ 2.85975360e-09],
       [ 3.82326733e-10]]), 2.3093355123145245), (0.0001008316190156042, array([[-6.22604690e-07],
       [ 1.32414693e-09],
       [ 3.10433473e-10]]), 2.3149068509211337), (0.00010156867711568548, array([[-4.99404837e-07],
       [ 6.85018749e-09],
       [-4.09469827e-10]]), 2.3213379102982463), (0.00010202630767329124, array([[-3.71220237e-07],
       [ 3.44108585e-09],
       [-4.04737163e-10]]), 2.3236829620855395), (0.00010237113529708954, array([[-2.55765325e-07],
       [-1.72180261e-09],
       [ 1.37263580e-10]]), 2.325785282643459), (0.00010256617970136022, array([[-1.24779601e-07],
       [ 1.90187350e-09],
       [ 2.58392728e-10]]), 2.326819828184276), (0.00010263809907463012, array([[ 2.97176591e-09],
       [ 8.07592718e-09],
       [-8.80647681e-11]]), 2.3274022948473356)]