[(0.00010262999715788686, array([[9.56782704e-10],
       [9.06194134e-10],
       [9.32440428e-11]]), 2.3272185773019896), (0.00010242373519846812, array([[-1.29527235e-07],
       [-4.53866094e-09],
       [-9.00809189e-11]]), 2.3235883273649), (0.00010210734591239224, array([[-2.59557545e-07],
       [-2.27550147e-09],
       [-4.96115213e-10]]), 2.3197922117757175), (0.00010167183884846952, array([[-4.17191359e-07],
       [-3.70472062e-09],
       [-2.85797509e-10]]), 2.3156098171525072), (0.00010106995680035222, array([[-5.36407863e-07],
       [ 4.48964482e-09],
       [ 1.72743579e-10]]), 2.3099397272412747), (0.00010027471070226349, array([[-6.84182353e-07],
       [ 1.38941349e-09],
       [-2.32680012e-10]]), 2.302121269548213), (9.94312405828504e-05, array([[-8.21157596e-07],
       [-4.38679102e-09],
       [-4.98204397e-10]]), 2.2954414733183457), (9.844856081979462e-05, array([[-9.40141820e-07],
       [-4.81242990e-09],
       [-1.78327808e-10]]), 2.287771778358252), (9.730692418201075e-05, array([[-1.07393728e-06],
       [ 2.10204123e-09],
       [-4.96644362e-11]]), 2.278591222642057), (9.610528095224622e-05, array([[-1.18657044e-06],
       [ 4.61234880e-09],
       [-5.32380121e-11]]), 2.2701562222226337), (9.471243148890268e-05, array([[-1.31725278e-06],
       [ 2.41204346e-09],
       [ 1.04719987e-09]]), 2.259310761937281), (9.322244998051667e-05, array([[-1.42975392e-06],
       [ 5.47007730e-09],
       [ 1.69699669e-10]]), 2.2481955167378294), (9.168792919728577e-05, array([[-1.53180163e-06],
       [-2.35510036e-09],
       [-8.93712089e-10]]), 2.2380258358153657), (9.008996620311827e-05, array([[-1.63415528e-06],
       [-2.30736865e-09],
       [ 9.42143325e-10]]), 2.228309948535849), (8.831271490484864e-05, array([[-1.73586109e-06],
       [ 6.15679842e-09],
       [ 4.06427403e-11]]), 2.216098870643943), (8.645657487472747e-05, array([[-1.81836795e-06],
       [ 6.03447885e-09],
       [ 1.28232499e-09]]), 2.2037705246661545), (8.457493530774299e-05, array([[-1.89735834e-06],
       [-1.39491338e-09],
       [-9.57416462e-10]]), 2.1926294897863334), (8.253640083307186e-05, array([[-1.97105288e-06],
       [ 1.35170323e-09],
       [-2.16804339e-10]]), 2.179195424916369), (8.054076127683356e-05, array([[-2.05024049e-06],
       [-4.68068111e-09],
       [-1.02580205e-09]]), 2.1686355630293086), (7.840616741332003e-05, array([[-2.10705388e-06],
       [ 2.75006638e-09],
       [-6.39137456e-10]]), 2.1560465526101247), (7.621719937958778e-05, array([[-2.16311881e-06],
       [ 4.72113198e-10],
       [-2.35512450e-10]]), 2.1435881988513725), (7.400285565546323e-05, array([[-2.19066942e-06],
       [ 6.67849622e-09],
       [ 5.61072581e-10]]), 2.132015594229639), (7.1732478579791e-05, array([[-2.23567673e-06],
       [-2.06651842e-09],
       [ 1.15178172e-09]]), 2.120398791604998), (6.942625960051977e-05, array([[-2.27371885e-06],
       [ 4.57762122e-09],
       [ 9.84021868e-10]]), 2.109253874499895), (6.706622073155047e-05, array([[-2.28531672e-06],
       [-4.64599873e-09],
       [-1.64506780e-09]]), 2.0979628742567034), (6.472025056294933e-05, array([[-2.29746437e-06],
       [ 1.47991384e-10],
       [ 1.08177354e-09]]), 2.088602747105481), (6.230635866474266e-05, array([[-2.30496463e-06],
       [-2.03734799e-10],
       [-9.77268758e-10]]), 2.078529016018987), (5.98893709388343e-05, array([[-2.30317944e-06],
       [ 6.62508289e-09],
       [ 2.19707795e-10]]), 2.0698019298791612), (5.741142511132005e-05, array([[-2.28255942e-06],
       [ 2.74397149e-09],
       [ 1.07628905e-09]]), 2.060389929024577), (5.4904950711450416e-05, array([[-2.25985621e-06],
       [ 1.26522602e-09],
       [-8.98501049e-10]]), 2.051309135433251), (5.247581784903456e-05, array([[-2.23325725e-06],
       [ 2.93874833e-09],
       [ 1.02337239e-09]]), 2.0466132408799904), (4.996654696859623e-05, array([[-2.19400964e-06],
       [-2.34516582e-09],
       [-1.52159260e-09]]), 2.0403660006525137), (4.751749942661307e-05, array([[-2.15541378e-06],
       [ 3.55851465e-09],
       [-4.36405364e-10]]), 2.038236471019449), (4.497190067474381e-05, array([[-2.09708402e-06],
       [ 2.56789434e-09],
       [-1.15137821e-09]]), 2.0336756952959507), (4.2496394148395306e-05, array([[-2.04189492e-06],
       [-3.80064165e-10],
       [-9.87724992e-10]]), 2.0341088558410654), (4.003259708688906e-05, array([[-1.97348814e-06],
       [ 9.56123093e-10],
       [-8.51920239e-10]]), 2.0348043966222678), (3.8563229692175656e-05, array([[-1.77404172e-06],
       [ 2.94082828e-09],
       [-1.60966095e-10]]), 2.0368996944592856), (3.70610619576116e-05, array([[-1.58386637e-06],
       [-1.23626062e-09],
       [-3.15885981e-11]]), 2.0395000267441845), (3.553754888839441e-05, array([[-1.39727131e-06],
       [-6.51352431e-10],
       [-4.80958821e-11]]), 2.0432488666323123), (3.4041262230941214e-05, array([[-1.22937994e-06],
       [-1.38430286e-09],
       [ 1.80770383e-10]]), 2.0511502190952324), (3.244420382601208e-05, array([[-1.05667374e-06],
       [ 3.29583991e-09],
       [ 5.61617187e-10]]), 2.0556443320075655), (3.095692634423347e-05, array([[-9.01335528e-07],
       [-4.41410077e-09],
       [ 2.31817120e-10]]), 2.070157914318493), (2.9392867683808523e-05, array([[-7.51020068e-07],
       [ 2.80376109e-09],
       [-7.32230201e-11]]), 2.083160092091473), (2.777002692818608e-05, array([[-6.15809388e-07],
       [ 9.48485179e-10],
       [-2.50591247e-10]]), 2.095630268380954), (2.6190484548092847e-05, array([[-4.89402115e-07],
       [ 1.82598127e-09],
       [-5.41079540e-10]]), 2.115599372275357), (2.4582393534861975e-05, array([[-3.71442807e-07],
       [ 7.24728894e-10],
       [-1.71400297e-10]]), 2.138429228660223), (2.3010222886792524e-05, array([[-2.67467115e-07],
       [-1.67245552e-09],
       [ 5.54710509e-11]]), 2.170816584579715), (2.1315891478390577e-05, array([[-1.75848739e-07],
       [-7.05186159e-10],
       [ 9.35517216e-12]]), 2.1990129778559484), (1.9694866424882413e-05, array([[-9.50464770e-08],
       [ 3.51983915e-10],
       [ 3.84080532e-11]]), 2.243861551518156), (1.8038320965925952e-05, array([[-2.83635078e-08],
       [ 1.37300295e-09],
       [ 8.77468075e-11]]), 2.297228095529359), (1.7905409838224212e-05, array([[-1.61869397e-08],
       [ 1.04828418e-09],
       [-1.18425703e-10]]), 2.2803015103254687), (1.9316002386598395e-05, array([[-6.08391653e-08],
       [-1.97977839e-10],
       [ 2.48519379e-12]]), 2.2006970826449694), (2.0740005689812074e-05, array([[-1.12160742e-07],
       [ 1.01394871e-09],
       [-7.38064548e-11]]), 2.1396028272586465), (2.2128606995228402e-05, array([[-1.79097569e-07],
       [-3.47696433e-09],
       [-2.38084118e-10]]), 2.087643709286323), (2.3563732023556203e-05, array([[-2.57305216e-07],
       [ 4.32094272e-10],
       [-4.44350573e-12]]), 2.0498155813846557), (2.4934561019344545e-05, array([[-3.44990516e-07],
       [-1.62674231e-09],
       [ 3.75538351e-11]]), 2.014149128994571), (2.6388476890065413e-05, array([[-4.43856269e-07],
       [-6.63831191e-10],
       [ 3.42192806e-11]]), 1.9913733267274367), (2.779981389522978e-05, array([[-5.53203828e-07],
       [-1.48133529e-10],
       [ 6.42218951e-11]]), 1.9702556244967573), (2.9233758818787407e-05, array([[-6.74520789e-07],
       [-2.37007321e-09],
       [ 2.60378679e-10]]), 1.954925902883248), (3.067355879944426e-05, array([[-8.05252299e-07],
       [ 3.11026768e-09],
       [ 1.56993628e-10]]), 1.9434573776788144), (3.2122170958448266e-05, array([[-9.41909192e-07],
       [ 1.20992721e-09],
       [-4.42142948e-10]]), 1.9355157147888744), (3.360979650420891e-05, array([[-1.08687266e-06],
       [-9.30953978e-10],
       [ 4.50744173e-10]]), 1.93241179437095), (3.508229403043318e-05, array([[-1.24401124e-06],
       [ 7.01264467e-10],
       [-9.55491765e-11]]), 1.9306068373094967), (3.654032254622939e-05, array([[-1.40344845e-06],
       [-1.11164155e-09],
       [ 3.54098995e-10]]), 1.930050268713873), (3.809519060371042e-05, array([[-1.57236251e-06],
       [ 5.22344622e-10],
       [ 2.77212464e-11]]), 1.9363285665016312), (4.0778923392229556e-05, array([[-1.65117269e-06],
       [ 2.16556600e-09],
       [-1.28216272e-09]]), 1.9519013522452193), (4.348230269113159e-05, array([[-1.71933458e-06],
       [-2.07850864e-09],
       [ 1.95957869e-09]]), 1.966314539338954), (4.613881381709326e-05, array([[-1.78378953e-06],
       [ 1.22935157e-09],
       [ 5.42140259e-10]]), 1.9790985255193307), (4.883301293958846e-05, array([[-1.82656625e-06],
       [ 1.28022061e-09],
       [-1.29214316e-09]]), 1.994078545671411), (5.150903595100325e-05, array([[-1.87015779e-06],
       [ 8.09667571e-10],
       [-9.72577653e-10]]), 2.0089077087957414), (5.415865968219572e-05, array([[-1.90969823e-06],
       [ 2.73812968e-09],
       [ 1.56863713e-10]]), 2.0234268846313617), (5.680299671186396e-05, array([[-1.94049861e-06],
       [ 3.32109440e-09],
       [ 3.83706405e-10]]), 2.038554558375945), (5.947341982258864e-05, array([[-1.95481613e-06],
       [ 3.82917990e-09],
       [-1.79697349e-09]]), 2.055426483791741), (6.209812970789281e-05, array([[-1.96699378e-06],
       [ 2.37172072e-09],
       [ 7.01109084e-10]]), 2.071582535145077), (6.4686283759565e-05, array([[-1.98405508e-06],
       [ 1.92182338e-09],
       [-9.50495016e-10]]), 2.0875065962370623), (6.713588423835476e-05, array([[-1.96968129e-06],
       [-4.38962635e-09],
       [ 1.39734262e-09]]), 2.100142085331545), (6.965617264827957e-05, array([[-1.97095742e-06],
       [ 2.32343336e-09],
       [-5.67671157e-10]]), 2.116238911423618), (7.212668929852267e-05, array([[-1.94888923e-06],
       [-9.18386147e-10],
       [ 2.76707150e-10]]), 2.1320515874958668), (7.457110736661072e-05, array([[-1.91829946e-06],
       [ 2.03936675e-09],
       [ 7.03264749e-10]]), 2.148386874755011), (7.682032022312891e-05, array([[-1.89769096e-06],
       [ 2.63655111e-09],
       [ 2.38430721e-10]]), 2.1605508100889925), (7.909569104808939e-05, array([[-1.84978440e-06],
       [-2.63217265e-09],
       [-1.39752903e-10]]), 2.175007370422464), (8.136532732524925e-05, array([[-1.78659713e-06],
       [ 2.04683643e-09],
       [-1.37332134e-09]]), 2.190837777514402), (8.343779224725282e-05, array([[-1.74159782e-06],
       [-4.21107203e-09],
       [ 1.14202624e-09]]), 2.2029947186342382), (8.552526906763463e-05, array([[-1.67948228e-06],
       [ 3.40268602e-09],
       [-1.11071297e-09]]), 2.217267165469986), (8.748706743898087e-05, array([[-1.62036961e-06],
       [-2.75741493e-09],
       [-1.18405562e-10]]), 2.2300376899139103), (8.926037617189493e-05, array([[-1.53527730e-06],
       [ 2.05004393e-09],
       [-5.98740929e-10]]), 2.239879263602274), (9.104672851864859e-05, array([[-1.45056153e-06],
       [-4.13831644e-09],
       [-4.96710112e-10]]), 2.251974770223912), (9.267466881433779e-05, array([[-1.37087771e-06],
       [-1.99320683e-09],
       [-2.69629905e-10]]), 2.262111326408498), (9.424738555113802e-05, array([[-1.28350911e-06],
       [ 9.69260752e-12],
       [-7.40283661e-11]]), 2.2729133347666153), (9.566861921573624e-05, array([[-1.16730168e-06],
       [ 8.23167432e-09],
       [-9.17624625e-11]]), 2.2821200720532455), (9.688244546266925e-05, array([[-1.07091027e-06],
       [-2.14866892e-09],
       [ 6.03664131e-10]]), 2.2885140567926623), (9.815016877820586e-05, array([[-9.62926175e-07],
       [ 2.16010121e-09],
       [-9.11708656e-10]]), 2.298337091207757), (9.915439188730179e-05, array([[-8.41668033e-07],
       [-3.41123419e-09],
       [-3.24301836e-10]]), 2.3041740536488713), (0.00010007410689072834, array([[-7.33187185e-07],
       [ 2.31779639e-09],
       [ 4.01597276e-10]]), 2.310282502920832), (0.00010090706399163331, array([[-6.17737700e-07],
       [ 1.36671470e-09],
       [-2.33007221e-11]]), 2.316638927561204), (0.00010157027475979321, array([[-4.92972313e-07],
       [-8.07052979e-09],
       [ 2.46141893e-10]]), 2.3213744242308856), (0.0001019787562514997, array([[-3.74460422e-07],
       [ 5.94756581e-09],
       [-1.08187961e-10]]), 2.322599962698815), (0.0001023415642077307, array([[-2.36432512e-07],
       [-2.45193196e-09],
       [-2.70125783e-10]]), 2.3251134525985644), (0.00010254265320781411, array([[-1.18454218e-07],
       [ 5.22043508e-09],
       [-2.66842649e-10]]), 2.326286105354488), (0.00010256084107070792, array([[ 9.76051505e-09],
       [ 7.24158760e-09],
       [-2.12570849e-10]]), 2.3256504068326023)]