[(0.00010264495207650653, array([[ 1.08665103e-08],
       [ 4.84891056e-09],
       [-5.30250888e-10]]), 2.3275576922332726), (0.00010239860296115817, array([[-1.39893808e-07],
       [-8.05056955e-09],
       [-9.33604440e-11]]), 2.3230181765776745), (0.00010204934647309523, array([[-2.85922566e-07],
       [ 4.96935644e-09],
       [-1.63868792e-10]]), 2.318474513755401), (0.00010169138306692723, array([[-4.18015143e-07],
       [ 4.66908756e-09],
       [ 1.50926278e-10]]), 2.3160549432035533), (0.00010111173498220997, array([[-5.50364102e-07],
       [ 6.20404048e-09],
       [ 5.78417702e-10]]), 2.3108945617446253), (0.0001003182796782708, array([[-6.78963458e-07],
       [-2.71019005e-09],
       [-3.66461537e-10]]), 2.3031215323827445), (9.943055085801281e-05, array([[-8.21849880e-07],
       [ 3.70026946e-09],
       [ 7.52461184e-10]]), 2.2954255505259904), (9.836989876477756e-05, array([[-9.47401198e-07],
       [-1.07421826e-10],
       [ 6.56019666e-10]]), 2.28594381024986), (9.733851760345177e-05, array([[-1.05901049e-06],
       [-5.23024835e-09],
       [ 4.47753277e-10]]), 2.279331031174634), (9.605074122243516e-05, array([[-1.19669733e-06],
       [-2.20332473e-09],
       [ 6.75626411e-10]]), 2.268867908971144), (9.472389068564231e-05, array([[-1.31424664e-06],
       [ 9.40759492e-10],
       [-3.00627887e-10]]), 2.259584114506844), (9.321936015548519e-05, array([[-1.40894662e-06],
       [ 1.19542954e-09],
       [ 7.17469371e-10]]), 2.2481210010950337), (9.168121461926976e-05, array([[-1.51883874e-06],
       [-4.44094238e-09],
       [ 3.76367018e-10]]), 2.23786193856948), (9.006577060850614e-05, array([[-1.62423136e-06],
       [ 2.58538218e-09],
       [ 6.30790632e-10]]), 2.2277114880584254), (8.830124418908777e-05, array([[-1.73603944e-06],
       [ 4.45484434e-09],
       [ 5.09169644e-10]]), 2.2158110271519775), (8.645273169725424e-05, array([[-1.82533407e-06],
       [ 7.04994936e-09],
       [ 1.99179467e-10]]), 2.203672562408815), (8.456325370352485e-05, array([[-1.89037894e-06],
       [ 1.12325388e-09],
       [ 1.45213264e-09]]), 2.1923266408417432), (8.258899641707305e-05, array([[-1.97102427e-06],
       [-1.79838799e-11],
       [ 7.52533880e-10]]), 2.180584097730659), (8.054608579069055e-05, array([[-2.03549273e-06],
       [ 1.36053270e-09],
       [-2.47720944e-10]]), 2.16877893056052), (7.8442538530636e-05, array([[-2.09888545e-06],
       [ 2.10931475e-09],
       [ 5.18508160e-10]]), 2.157046701255196), (7.628789485191429e-05, array([[-2.14805886e-06],
       [ 1.38143145e-09],
       [-8.21874085e-10]]), 2.145576489964466), (7.39496511212099e-05, array([[-2.19649702e-06],
       [-1.28628241e-09],
       [-7.79240517e-11]]), 2.1304827763983925), (7.169549727302904e-05, array([[-2.24213997e-06],
       [-4.76454390e-09],
       [ 5.04008837e-10]]), 2.119305631021082), (6.943088337665129e-05, array([[-2.26220566e-06],
       [-1.26374818e-09],
       [ 3.43052870e-10]]), 2.1093943504203367), (6.70438673002708e-05, array([[-2.29259155e-06],
       [-2.21329326e-09],
       [ 7.66119315e-10]]), 2.0972636151002244), (6.469314580051647e-05, array([[-2.30351406e-06],
       [ 1.49199608e-09],
       [ 5.23657060e-10]]), 2.0877280428083798), (6.228097011149498e-05, array([[-2.30142885e-06],
       [ 3.24455288e-09],
       [-1.51589727e-09]]), 2.0776820584093474), (5.98475926143041e-05, array([[-2.29131777e-06],
       [-2.58541729e-10],
       [-8.20456686e-10]]), 2.068358053355094), (5.741967226438376e-05, array([[-2.29379173e-06],
       [-2.37781039e-09],
       [ 6.79195978e-10]]), 2.060685904104148), (5.4982928923106516e-05, array([[-2.26701232e-06],
       [ 1.39046963e-09],
       [-8.31306804e-10]]), 2.054222486886302), (5.246939005724078e-05, array([[-2.23384704e-06],
       [-1.54957100e-09],
       [ 4.34831417e-11]]), 2.046362550098331), (4.995183862925894e-05, array([[-2.19753352e-06],
       [-9.29697955e-10],
       [-1.98320648e-10]]), 2.0397653908979767), (4.747675530643602e-05, array([[-2.14878684e-06],
       [ 3.15678581e-09],
       [-4.76144795e-10]]), 2.03648877485011), (4.4995588630478356e-05, array([[-2.10191962e-06],
       [ 1.96000010e-09],
       [ 6.14508335e-10]]), 2.0347468890664127), (4.2516841748367966e-05, array([[-2.04552260e-06],
       [-3.03452882e-09],
       [ 5.14929308e-10]]), 2.0350875893317193), (4.006767103808628e-05, array([[-1.97077697e-06],
       [-1.05506080e-09],
       [-1.00395361e-09]]), 2.0365871595528895), (3.860088598105974e-05, array([[-1.77510442e-06],
       [-8.07867033e-10],
       [-2.15966729e-10]]), 2.038888689777746), (3.705981278461861e-05, array([[-1.58528942e-06],
       [ 5.59429793e-10],
       [ 4.14063914e-10]]), 2.0394312837503783), (3.557602544606519e-05, array([[-1.40225098e-06],
       [-1.86245518e-09],
       [-1.00498972e-10]]), 2.04546109525561), (3.39700774600297e-05, array([[-1.22635922e-06],
       [ 5.61202852e-09],
       [ 1.70792121e-10]]), 2.046860993347349), (3.246462189055686e-05, array([[-1.05623897e-06],
       [-9.64513094e-10],
       [-6.20419022e-12]]), 2.056938007724717), (3.0941537644937814e-05, array([[-9.01050388e-07],
       [-4.81744910e-10],
       [ 3.15336556e-10]]), 2.069128838069652), (2.9406856821921427e-05, array([[-7.54272267e-07],
       [ 1.25297258e-09],
       [-2.80976306e-10]]), 2.084151543982219), (2.7806738896960078e-05, array([[-6.14600347e-07],
       [-2.81320263e-10],
       [ 2.70982439e-10]]), 2.098400691080709), (2.6188544657085235e-05, array([[-4.87505051e-07],
       [ 1.75461083e-09],
       [-2.90271829e-10]]), 2.1154426729141655), (2.457905895730829e-05, array([[-3.71442066e-07],
       [ 6.04544690e-10],
       [ 1.73339586e-10]]), 2.1381391528343716), (2.2967118867801336e-05, array([[-2.68023595e-07],
       [ 2.02222643e-09],
       [-2.35283367e-10]]), 2.1667500911889968), (2.134367496328656e-05, array([[-1.75591667e-07],
       [-9.86089155e-11],
       [ 3.52688249e-11]]), 2.201879207678814), (1.9700939817017752e-05, array([[-9.55075568e-08],
       [-2.25220895e-10],
       [ 3.95498556e-11]]), 2.2445535009229283), (1.8028670568676552e-05, array([[-2.90329976e-08],
       [-2.05405794e-09],
       [-7.56759571e-12]]), 2.2959990918024484), (1.7948329836695047e-05, array([[-1.66692918e-08],
       [-8.50028258e-10],
       [ 3.82827962e-11]]), 2.2857674861517956), (1.9321076497950637e-05, array([[-5.97467138e-08],
       [ 1.98515828e-09],
       [ 3.87861879e-11]]), 2.201275182700374), (2.076662876872078e-05, array([[-1.12436494e-07],
       [ 1.45527278e-10],
       [-2.64569661e-11]]), 2.1423493460279914), (2.216961466549523e-05, array([[-1.78020401e-07],
       [ 8.59646725e-10],
       [-4.92742940e-12]]), 2.0915124302086787), (2.356622237873958e-05, array([[-2.57314232e-07],
       [-3.18061165e-10],
       [ 5.99823503e-11]]), 2.0500322180724675), (2.4969829010115537e-05, array([[-3.44334305e-07],
       [-3.28663065e-09],
       [-2.07198138e-10]]), 2.016997985761597), (2.6388354032726325e-05, array([[-4.44647425e-07],
       [ 1.79453906e-09],
       [ 7.18921545e-10]]), 1.991364055452362), (2.7799672494638175e-05, array([[-5.52505755e-07],
       [-2.47040898e-09],
       [-3.99327584e-10]]), 1.9702456030156075), (2.9235404601851792e-05, array([[-6.73701092e-07],
       [-3.00710138e-09],
       [ 4.53233453e-10]]), 1.955035960025165), (3.069114407597896e-05, array([[-8.05513953e-07],
       [ 1.68780792e-09],
       [-1.01101337e-09]]), 1.9445715697307815), (3.2121097237673615e-05, array([[-9.41819831e-07],
       [ 1.11349351e-09],
       [ 2.98880923e-10]]), 1.9354510179340039), (3.36155463014194e-05, array([[-1.08646893e-06],
       [ 4.28003008e-09],
       [-6.19582476e-10]]), 1.932742381791894), (3.510167048321882e-05, array([[-1.24261018e-06],
       [ 2.25176685e-09],
       [ 4.46082639e-10]]), 1.931673139079795), (3.658767541127424e-05, array([[-1.40111116e-06],
       [-1.54668662e-09],
       [ 3.51055649e-10]]), 1.932551434646072), (3.806952605638755e-05, array([[-1.56860228e-06],
       [ 4.14444679e-09],
       [ 4.50690938e-10]]), 1.9350240712270288), (4.075754193570661e-05, array([[-1.64803227e-06],
       [ 1.42087294e-09],
       [-1.60479684e-10]]), 1.9508779192943615), (4.342769054721423e-05, array([[-1.71262161e-06],
       [-1.48216392e-09],
       [-9.36818133e-11]]), 1.963844921909262), (4.6123529418937995e-05, array([[-1.77503014e-06],
       [-1.50873250e-09],
       [ 1.28007067e-09]]), 1.9784429098380858), (4.8810955608694885e-05, array([[-1.82444033e-06],
       [-2.97767177e-09],
       [ 1.10115549e-09]]), 1.993177842485964), (5.156190612958148e-05, array([[-1.86965132e-06],
       [-2.58816870e-09],
       [ 9.26223629e-10]]), 2.010969702528496), (5.417194879723275e-05, array([[-1.90948055e-06],
       [-7.58652957e-10],
       [ 2.07450529e-11]]), 2.0239233805342636), (5.68419373606327e-05, array([[-1.92998936e-06],
       [ 2.81706236e-09],
       [-8.12229164e-11]]), 2.039952066283077), (5.943332448232999e-05, array([[-1.95350475e-06],
       [ 1.48347819e-09],
       [ 1.41923821e-10]]), 2.054040771914232), (6.20549334757182e-05, array([[-1.97324615e-06],
       [-4.22560891e-09],
       [ 5.54458295e-10]]), 2.0701415165414905), (6.461540336150228e-05, array([[-1.98080876e-06],
       [-6.67271335e-09],
       [ 1.20121021e-09]]), 2.085219197890764), (6.715026216186789e-05, array([[-1.97301102e-06],
       [ 3.97764820e-09],
       [-2.40684998e-10]]), 2.100591854968337), (6.969780300037962e-05, array([[-1.97253121e-06],
       [ 1.52050401e-09],
       [-9.32131946e-10]]), 2.1175036919543433), (7.214211757909017e-05, array([[-1.94299789e-06],
       [ 5.07885894e-10],
       [-4.99544998e-10]]), 2.1325076446141984), (7.455357428747771e-05, array([[-1.92133738e-06],
       [ 2.82676983e-09],
       [-4.15671497e-11]]), 2.147881748327181), (7.687349372250539e-05, array([[-1.89093472e-06],
       [ 3.38902958e-09],
       [-1.22456193e-09]]), 2.1620463004334667), (7.916689440322803e-05, array([[-1.84503659e-06],
       [-2.10339429e-09],
       [-6.55202769e-11]]), 2.1769653509416713), (8.132737727743452e-05, array([[-1.79633171e-06],
       [-5.20358505e-10],
       [-1.61257350e-10]]), 2.189815936871167), (8.348296236123535e-05, array([[-1.74285410e-06],
       [-3.40217892e-09],
       [ 1.73314380e-09]]), 2.2041873379481425), (8.549776083285247e-05, array([[-1.67461174e-06],
       [-2.86042988e-09],
       [ 1.51913540e-09]]), 2.216554006582239), (8.746546617758608e-05, array([[-1.62061471e-06],
       [-1.32275938e-09],
       [ 6.53693509e-10]]), 2.229487075652052), (8.92757940205336e-05, array([[-1.53312324e-06],
       [ 4.56354805e-09],
       [-2.31436612e-10]]), 2.2402661555350236), (9.103208387431855e-05, array([[-1.47289097e-06],
       [ 3.88662942e-10],
       [-6.27663480e-10]]), 2.2516125455719473), (9.272292964855605e-05, array([[-1.36089587e-06],
       [ 4.90248840e-11],
       [-2.52485618e-10]]), 2.263289333096882), (9.421321574815357e-05, array([[-1.25930812e-06],
       [ 4.14111260e-09],
       [-5.06884975e-10]]), 2.2720892800684873), (9.563674317923105e-05, array([[-1.18133148e-06],
       [ 7.81120321e-10],
       [ 9.32708500e-10]]), 2.2813596874744535), (9.696014413554597e-05, array([[-1.05863219e-06],
       [-4.89701438e-09],
       [ 6.16011300e-10]]), 2.2903494203017414), (9.817084435498333e-05, array([[-9.50373783e-07],
       [-3.34235642e-09],
       [ 1.15878450e-09]]), 2.2988212416232), (9.915207153997918e-05, array([[-8.64838039e-07],
       [-4.84535759e-10],
       [ 2.87207773e-10]]), 2.304120132849253), (0.00010011287216717346, array([[-7.23517967e-07],
       [-6.91068015e-09],
       [ 1.02196408e-09]]), 2.311177427119255), (0.00010089467866158084, array([[-6.06735519e-07],
       [ 9.97723603e-10],
       [ 2.69473926e-10]]), 2.316354583367693), (0.0001014625236644264, array([[-4.93994665e-07],
       [-7.95548947e-09],
       [-6.17045156e-11]]), 2.3189117880161176), (0.00010199235187716674, array([[-3.74575479e-07],
       [ 3.49069799e-09],
       [-2.10800708e-10]]), 2.3229096075780804), (0.00010233685234007802, array([[-2.58329448e-07],
       [-3.33534447e-09],
       [-1.33911896e-10]]), 2.3250064029657893), (0.00010254431482998412, array([[-1.21960308e-07],
       [ 1.09183484e-09],
       [-4.43315882e-11]]), 2.326323800971341), (0.00010266936018548924, array([[ 1.29743026e-08],
       [-8.43594892e-11],
       [-1.29277467e-10]]), 2.3281111659372034)]