[(0.00010265963256431166, array([[ 9.40729901e-09],
       [-1.45867081e-09],
       [-4.79372453e-11]]), 2.327890584222847), (0.0001024964732019692, array([[-1.32024153e-07],
       [-5.48507429e-09],
       [ 2.69022417e-10]]), 2.32523846417707), (0.00010215766073071429, array([[-2.79125547e-07],
       [ 2.07368552e-09],
       [ 2.67573023e-10]]), 2.320935321731592), (0.00010164832880075333, array([[-4.11105599e-07],
       [-2.95102221e-09],
       [-2.31485013e-10]]), 2.315074368026083), (0.00010100018984610816, array([[-5.56389402e-07],
       [ 4.58437642e-09],
       [ 6.20939024e-10]]), 2.3083452132594857), (0.00010030470197526011, array([[-6.86742194e-07],
       [-3.83182681e-09],
       [-3.85316588e-10]]), 2.3028098135188997), (9.943286870884556e-05, array([[-8.18418476e-07],
       [-7.56688209e-10],
       [-2.94195742e-10]]), 2.295479059774183), (9.847598915090595e-05, array([[-9.35710473e-07],
       [ 6.22890784e-09],
       [-1.74039065e-10]]), 2.288409164637152), (9.730315598563156e-05, array([[-1.08427566e-06],
       [ 1.85409911e-10],
       [-7.77741512e-10]]), 2.278502984530874), (9.607153419531642e-05, array([[-1.19683058e-06],
       [ 3.62153164e-09],
       [ 1.06216846e-09]]), 2.26935907133285), (9.470453942935e-05, array([[-1.29844934e-06],
       [ 1.39234368e-09],
       [-1.16948456e-09]]), 2.2591225013805527), (9.32579481164054e-05, array([[-1.40812349e-06],
       [ 2.47716188e-09],
       [ 9.13016308e-10]]), 2.2490516061237473), (9.174348335835111e-05, array([[-1.51623815e-06],
       [ 7.17209573e-10],
       [ 5.06396386e-10]]), 2.239381866525622), (9.012229556784543e-05, array([[-1.63871501e-06],
       [ 6.44596215e-10],
       [ 9.69927044e-10]]), 2.229109591915545), (8.829773234756842e-05, array([[-1.73114462e-06],
       [-3.00017857e-09],
       [ 1.18619399e-09]]), 2.215722901812005), (8.651358605725156e-05, array([[-1.79707361e-06],
       [ 4.38421395e-09],
       [-6.47335080e-10]]), 2.2052237347176167), (8.457893439947365e-05, array([[-1.89725578e-06],
       [-7.07842251e-10],
       [-9.14689240e-10]]), 2.1927331673880848), (8.256849436597092e-05, array([[-1.97054179e-06],
       [ 4.14193092e-09],
       [-4.52282535e-11]]), 2.1800427853459143), (8.053534127726838e-05, array([[-2.04113125e-06],
       [-3.60263036e-09],
       [-1.09047212e-09]]), 2.1684896244558174), (7.837883892799915e-05, array([[-2.09704907e-06],
       [-1.15197314e-09],
       [-8.42690321e-10]]), 2.15529506215334), (7.620172026209894e-05, array([[-2.15216649e-06],
       [ 2.27851007e-09],
       [ 7.41964266e-10]]), 2.1431528528422326), (7.397739995511264e-05, array([[-2.19565450e-06],
       [-4.96036640e-09],
       [-8.51988494e-10]]), 2.1312822177993804), (7.171357662571222e-05, array([[-2.24520032e-06],
       [-6.65595694e-09],
       [-6.22135175e-10]]), 2.11984005334053), (6.94137681194254e-05, array([[-2.26497412e-06],
       [-5.47476681e-09],
       [ 6.81869001e-10]]), 2.1088743681711923), (6.708803119864784e-05, array([[-2.29393534e-06],
       [ 9.89770043e-10],
       [-3.79715900e-10]]), 2.0986451484290267), (6.472489317482224e-05, array([[-2.30036587e-06],
       [ 1.38072574e-09],
       [ 5.96063432e-10]]), 2.0887525699480562), (6.226097176317556e-05, array([[-2.29710027e-06],
       [ 1.90386803e-09],
       [ 6.15522615e-10]]), 2.077014917075057), (5.986733778119443e-05, array([[-2.30137367e-06],
       [-9.37577844e-10],
       [ 7.58248221e-10]]), 2.0690404546542682), (5.7383880881804446e-05, array([[-2.27981303e-06],
       [-4.88396379e-09],
       [ 1.40916333e-10]]), 2.0594014175395086), (5.492699136816495e-05, array([[-2.26111704e-06],
       [-3.33907316e-09],
       [-1.15922850e-09]]), 2.0521325985250782), (5.2490203229839926e-05, array([[-2.23223077e-06],
       [-8.59220054e-10],
       [-6.64679042e-10]]), 2.047174286177389), (4.999461478268576e-05, array([[-2.20560350e-06],
       [-1.43073862e-09],
       [ 7.16123798e-10]]), 2.0415121397606835), (4.7485582561489395e-05, array([[-2.15695398e-06],
       [ 3.57690868e-09],
       [ 8.75942153e-10]]), 2.036867415001757), (4.502625395418634e-05, array([[-2.10026650e-06],
       [ 7.24907870e-10],
       [-5.30487394e-10]]), 2.0361336066073132), (4.2522834185147455e-05, array([[-2.04507066e-06],
       [ 1.31779695e-09],
       [-5.25173517e-10]]), 2.0353744199903083), (4.008218641420785e-05, array([[-1.97167451e-06],
       [-1.67769823e-09],
       [ 2.39528583e-10]]), 2.0373249570804064), (3.855165745519412e-05, array([[-1.77052994e-06],
       [-1.27844713e-09],
       [ 4.48945333e-10]]), 2.036288451932141), (3.708268514708706e-05, array([[-1.58535184e-06],
       [-6.16473485e-10],
       [-5.55097512e-10]]), 2.0406899682403004), (3.5550650455841245e-05, array([[-1.40000434e-06],
       [-1.23691608e-10],
       [-3.28053398e-10]]), 2.044002147701891), (3.396176801949075e-05, array([[-1.22387002e-06],
       [ 4.04220372e-09],
       [-3.03796460e-10]]), 2.046360309481211), (3.2485446452046954e-05, array([[-1.05853164e-06],
       [-1.57382508e-09],
       [-9.60899193e-10]]), 2.0582574388324497), (3.0947533720251554e-05, array([[-9.02148055e-07],
       [ 2.31044389e-09],
       [ 4.01674352e-10]]), 2.0695298088452243), (2.9387139910981236e-05, array([[-7.52225658e-07],
       [-3.54856023e-11],
       [ 2.43002143e-10]]), 2.08275414776856), (2.77959233532483e-05, array([[-6.14383733e-07],
       [-1.39808942e-09],
       [-2.04246812e-10]]), 2.097584509633351), (2.6181094948374313e-05, array([[-4.85781246e-07],
       [-1.53447196e-09],
       [ 2.77594796e-10]]), 2.1148409047779735), (2.4573012535912605e-05, array([[-3.70127487e-07],
       [-7.39697993e-10],
       [-2.27705812e-10]]), 2.1376131729608905), (2.2911067964466606e-05, array([[-2.66426276e-07],
       [ 1.25295451e-09],
       [ 1.36576635e-10]]), 2.1614621706356694), (2.1365033798893734e-05, array([[-1.75971943e-07],
       [ 2.00679507e-09],
       [-2.61527105e-11]]), 2.2040826509051827), (1.96918068678159e-05, array([[-9.65647197e-08],
       [ 3.23360216e-09],
       [-7.69143622e-11]]), 2.243512972232665), (1.8007860269056565e-05, array([[-2.86452149e-08],
       [-2.47571164e-09],
       [-5.77120696e-11]]), 2.293348844861299), (1.7917783302311832e-05, array([[-1.65462636e-08],
       [ 5.31547420e-10],
       [ 9.14915558e-11]]), 2.2818773038483138), (1.9355218065925956e-05, array([[-5.92029974e-08],
       [ 1.06944828e-09],
       [-5.87023555e-11]]), 2.205164975605574), (2.0748977155677342e-05, array([[-1.12589037e-07],
       [-1.98716618e-09],
       [-1.77329845e-10]]), 2.140528351292587), (2.2155678305773424e-05, array([[-1.77172641e-07],
       [-1.38499118e-10],
       [-2.84426312e-12]]), 2.0901976545560648), (2.3563303286497676e-05, array([[-2.55526011e-07],
       [ 6.05106496e-10],
       [ 3.40650857e-12]]), 2.049778285429074), (2.4992472779133836e-05, array([[-3.46986105e-07],
       [ 3.10098750e-09],
       [-2.75290474e-10]]), 2.0188270906578083), (2.639363681354432e-05, array([[-4.44450448e-07],
       [ 2.31361088e-09],
       [-1.44011804e-10]]), 1.9917627138840606), (2.780652144116895e-05, array([[-5.55458702e-07],
       [-4.56942498e-10],
       [ 6.13380484e-10]]), 1.9707310082587863), (2.9216518703149754e-05, array([[-6.73778778e-07],
       [-1.88240528e-09],
       [ 5.04889129e-10]]), 1.9537730183418633), (3.0651104146595585e-05, array([[-8.02584202e-07],
       [ 3.63132644e-09],
       [ 1.25528321e-10]]), 1.9420346650086837), (3.213060895749221e-05, array([[-9.41335192e-07],
       [-3.49343297e-09],
       [ 1.89557158e-10]]), 1.9360241449249342), (3.3610969814783105e-05, array([[-1.08863359e-06],
       [ 1.36634726e-09],
       [ 1.55103887e-10]]), 1.932479254439973), (3.504853101340663e-05, array([[-1.23789535e-06],
       [ 9.87118766e-10],
       [-4.62147129e-10]]), 1.9287488313460583), (3.655501543326143e-05, array([[-1.40894540e-06],
       [-3.12032495e-09],
       [-6.00123177e-11]]), 1.930826343159535), (3.8128793831918756e-05, array([[-1.57556603e-06],
       [-2.37493323e-09],
       [ 2.42577064e-10]]), 1.9380365745119685), (4.0698761767363783e-05, array([[-1.65051891e-06],
       [ 1.80759485e-09],
       [ 3.24538777e-10]]), 1.9480643803254678), (4.343770472385999e-05, array([[-1.72025711e-06],
       [ 4.89599639e-09],
       [-1.64499824e-09]]), 1.9642977732975133), (4.614148787950386e-05, array([[-1.77767075e-06],
       [-3.19184088e-09],
       [ 1.80650123e-09]]), 1.979213227925746), (4.886581575262805e-05, array([[-1.82409030e-06],
       [ 1.02323859e-09],
       [ 5.51938268e-10]]), 1.9954180367611953), (5.1505330208385336e-05, array([[-1.87671881e-06],
       [-4.01382722e-09],
       [-9.61216819e-11]]), 2.008763180854682), (5.417247865554861e-05, array([[-1.90843766e-06],
       [ 2.33915537e-09],
       [-1.30469632e-09]]), 2.0239431766216787), (5.683929397452317e-05, array([[-1.93808055e-06],
       [-3.87046404e-09],
       [ 7.52111927e-10]]), 2.039857200041592), (5.9408335032271644e-05, array([[-1.95573931e-06],
       [ 6.72411669e-10],
       [-1.30288992e-09]]), 2.0531771259759535), (6.206105356809378e-05, array([[-1.97041444e-06],
       [ 2.65250058e-09],
       [-1.85664839e-09]]), 2.0703456817319457), (6.463203062658379e-05, array([[-1.98258683e-06],
       [-1.33422592e-09],
       [ 2.26149338e-10]]), 2.0857557803548925), (6.720375578365564e-05, array([[-1.98043279e-06],
       [-1.93622524e-09],
       [-8.65129751e-10]]), 2.102265240337246), (6.966326794085697e-05, array([[-1.96356391e-06],
       [ 4.29749042e-09],
       [-4.74550395e-10]]), 2.116454475007854), (7.212579021859822e-05, array([[-1.94508996e-06],
       [ 2.16491600e-09],
       [-5.64240766e-10]]), 2.1320250108596888), (7.453403211386733e-05, array([[-1.92125508e-06],
       [-2.81110603e-09],
       [ 9.40158535e-10]]), 2.147318740068737), (7.68176480228903e-05, array([[-1.88675805e-06],
       [ 1.94070652e-10],
       [-1.58274813e-09]]), 2.1604756551772), (7.915330071282256e-05, array([[-1.84320268e-06],
       [ 1.33120488e-09],
       [-4.95223360e-11]]), 2.1765915457895653), (8.131372098380927e-05, array([[-1.79114102e-06],
       [-7.39740000e-10],
       [ 5.45525209e-10]]), 2.189448228352582), (8.353368932644123e-05, array([[-1.74749434e-06],
       [-1.69606461e-09],
       [-8.26197207e-10]]), 2.205526673918463), (8.546783004616686e-05, array([[-1.67907555e-06],
       [ 2.20514747e-09],
       [ 1.16207980e-09]]), 2.215778042340581), (8.742256844915367e-05, array([[-1.62702119e-06],
       [-3.68919749e-09],
       [ 1.03909322e-09]]), 2.228393616309816), (8.92854386982972e-05, array([[-1.54119919e-06],
       [-6.26240754e-10],
       [-1.15107780e-09]]), 2.240508176851237), (9.109239114261809e-05, array([[-1.44915226e-06],
       [ 1.55818858e-09],
       [ 4.90262266e-10]]), 2.253104202096914), (9.273536629999194e-05, array([[-1.36599832e-06],
       [ 2.72265655e-09],
       [-5.73465977e-10]]), 2.2635929013797322), (9.42135389616962e-05, array([[-1.26513854e-06],
       [ 4.71927051e-10],
       [-5.67183582e-11]]), 2.2720970748350657), (9.564213025142137e-05, array([[-1.16859318e-06],
       [-1.10253793e-09],
       [ 1.70077220e-10]]), 2.2814881929935664), (9.695714952952441e-05, array([[-1.07026774e-06],
       [-1.39916835e-09],
       [-7.49358826e-11]]), 2.290278683049578), (9.81306445702149e-05, array([[-9.57504017e-07],
       [ 1.04004805e-09],
       [-5.52517160e-10]]), 2.2978799018624847), (9.911773276652987e-05, array([[-8.43550011e-07],
       [-4.18037022e-09],
       [-2.71048243e-10]]), 2.3033221600180958), (0.00010011928808560841, array([[-7.48892671e-07],
       [ 1.73181531e-09],
       [-6.44790655e-10]]), 2.3113255431960398), (0.00010088002636412835, array([[-6.17466282e-07],
       [-7.41290795e-09],
       [ 1.82457044e-10]]), 2.316018193809679), (0.00010154987656436585, array([[-4.93090356e-07],
       [-3.25539971e-09],
       [-2.71617145e-11]]), 2.3209082263272416), (0.00010197796321842553, array([[-3.72680122e-07],
       [ 3.27957252e-09],
       [-8.23374566e-10]]), 2.3225819011077915), (0.00010239500679020392, array([[-2.52580031e-07],
       [-2.71708680e-09],
       [ 5.57765205e-10]]), 2.326327622700537), (0.00010261712821704216, array([[-1.15408939e-07],
       [ 1.10589860e-09],
       [-1.10682705e-11]]), 2.3279756479374387), (0.00010265561193434847, array([[-7.91667077e-09],
       [-1.12623445e-09],
       [-3.01515388e-10]]), 2.3277994131714794)]