[(0.00010267017562213499, array([[-4.37828550e-09],
       [-5.57556421e-09],
       [ 3.28921034e-11]]), 2.3281296566257264), (0.0001024187161373724, array([[-1.47123189e-07],
       [-3.12116832e-09],
       [-1.78471363e-11]]), 2.3234744647748107), (0.00010214087127924632, array([[-2.82731017e-07],
       [-8.37260962e-10],
       [ 3.74781855e-10]]), 2.320553879648191), (0.00010165102908431939, array([[-4.11802671e-07],
       [ 1.35717353e-09],
       [-2.30902142e-11]]), 2.315135867878997), (0.00010105186120085908, array([[-5.61219886e-07],
       [ 3.38384063e-10],
       [-1.74095921e-10]]), 2.309526154845672), (0.00010023532546316246, array([[-6.80963522e-07],
       [ 2.26996837e-09],
       [-1.02849748e-10]]), 2.3012170575489397), (9.938847197146643e-05, array([[-8.16841777e-07],
       [ 2.87002884e-09],
       [-4.95060869e-10]]), 2.2944541292627796), (9.836446865165425e-05, array([[-9.42261785e-07],
       [-4.17362186e-09],
       [-7.57767333e-11]]), 2.285817623950605), (9.72746583789784e-05, array([[-1.07894289e-06],
       [ 6.82873784e-09],
       [ 4.28205520e-10]]), 2.277835669260845), (9.608976934701029e-05, array([[-1.19831126e-06],
       [ 7.33074330e-10],
       [ 1.48442430e-11]]), 2.2697898139795685), (9.472450280558701e-05, array([[-1.31745988e-06],
       [ 3.73150928e-09],
       [ 5.64564992e-10]]), 2.2595987162772437), (9.33084176093145e-05, array([[-1.42487921e-06],
       [ 1.26758446e-09],
       [-3.07121222e-10]]), 2.25026875164732), (9.169741131818918e-05, array([[-1.51493294e-06],
       [-3.12544264e-09],
       [ 9.39065210e-10]]), 2.2382572864735493), (9.005798244554065e-05, array([[-1.63229140e-06],
       [-9.42491668e-10],
       [ 2.99591893e-11]]), 2.227518853498238), (8.836704544331606e-05, array([[-1.72934626e-06],
       [-2.97781583e-10],
       [-4.37774338e-10]]), 2.2174622286277716), (8.647196767537903e-05, array([[-1.80820599e-06],
       [ 1.34841041e-09],
       [ 7.40005414e-10]]), 2.2041628858071913), (8.452020878420229e-05, array([[-1.89344291e-06],
       [ 3.61345923e-09],
       [-2.40411478e-10]]), 2.191210688944781), (8.253740537482483e-05, array([[-1.97870054e-06],
       [ 1.51479821e-09],
       [-8.56018900e-10]]), 2.1792219476720276), (8.050307002300367e-05, array([[-2.03417456e-06],
       [ 3.22817506e-09],
       [ 4.88752473e-10]]), 2.1676206906569244), (7.83913614761232e-05, array([[-2.10477171e-06],
       [ 3.93906717e-09],
       [ 5.25140918e-10]]), 2.1556394125737666), (7.623207626255532e-05, array([[-2.15190555e-06],
       [ 9.67416447e-10],
       [ 2.14691432e-09]]), 2.144006607176849), (7.402978952943129e-05, array([[-2.21025199e-06],
       [-2.78353641e-09],
       [-1.27672137e-09]]), 2.132791556708442), (7.175795547585303e-05, array([[-2.23784261e-06],
       [ 4.99790443e-09],
       [ 8.06677275e-10]]), 2.121151883937695), (6.940761530499198e-05, array([[-2.26548712e-06],
       [ 3.21588503e-09],
       [-3.07360104e-10]]), 2.1086874382147545), (6.70590995511443e-05, array([[-2.28979086e-06],
       [ 2.17912276e-09],
       [-2.70066706e-10]]), 2.0977401097718396), (6.472077112498398e-05, array([[-2.30119446e-06],
       [ 3.48500306e-09],
       [-3.35331031e-10]]), 2.0886195462879034), (6.228028242176151e-05, array([[-2.30499917e-06],
       [ 2.32402754e-09],
       [ 1.54850033e-10]]), 2.077659117202452), (5.982310916081311e-05, array([[-2.29157593e-06],
       [ 1.33410684e-09],
       [-2.11659612e-09]]), 2.0675118948716875), (5.7426103690333015e-05, array([[-2.28832398e-06],
       [-7.58183434e-10],
       [ 5.31569743e-10]]), 2.0609167160937374), (5.4941081875093024e-05, array([[-2.26012347e-06],
       [-2.38976040e-09],
       [-9.32597876e-10]]), 2.0526590353073706), (5.243535806458577e-05, array([[-2.23581347e-06],
       [ 2.18989705e-10],
       [ 2.43305265e-10]]), 2.045035265843674), (4.999462682664848e-05, array([[-2.20317891e-06],
       [ 6.87066281e-10],
       [ 1.16053657e-09]]), 2.0415126315715755), (4.7507948158993394e-05, array([[-2.15581291e-06],
       [ 3.04808221e-09],
       [ 6.93051942e-10]]), 2.0378267747550876), (4.500956609775478e-05, array([[-2.10118705e-06],
       [ 6.20412144e-10],
       [ 6.24758646e-10]]), 2.0353789645414393), (4.250874625076609e-05, array([[-2.03397118e-06],
       [-4.79858003e-10],
       [ 7.80653985e-10]]), 2.034700094729074), (4.0112205970142734e-05, array([[-1.97280603e-06],
       [ 9.70739969e-10],
       [-2.72402312e-10]]), 2.0388508117300153), (3.8558690950774175e-05, array([[-1.77462206e-06],
       [ 8.34214762e-10],
       [ 4.95367334e-10]]), 2.0366599593269403), (3.709814457724503e-05, array([[-1.58429997e-06],
       [ 2.61242285e-09],
       [ 2.01497392e-10]]), 2.041540713107156), (3.5530002581564134e-05, array([[-1.40306885e-06],
       [ 1.73029643e-09],
       [-7.02384473e-11]]), 2.04281498800645), (3.404430699656392e-05, array([[-1.22914764e-06],
       [-5.47890293e-10],
       [-4.99147325e-10]]), 2.0513336809078924), (3.25044367217437e-05, array([[-1.05782879e-06],
       [ 2.56083733e-09],
       [-6.71664040e-11]]), 2.0594606503667734), (3.095667701716016e-05, array([[-9.02819971e-07],
       [-1.01706347e-09],
       [-3.75146786e-10]]), 2.0701412412674176), (2.9371473054375996e-05, array([[-7.51411901e-07],
       [-1.22401095e-09],
       [-6.59978612e-10]]), 2.0816437909704537), (2.7812871127286812e-05, array([[-6.12735160e-07],
       [-1.69288017e-09],
       [-4.79376474e-11]]), 2.098863452154676), (2.6194651898158753e-05, array([[-4.85069647e-07],
       [-1.75628791e-11],
       [ 3.15387090e-10]]), 2.1159359999985785), (2.4597275940740596e-05, array([[-3.70072672e-07],
       [-2.36889664e-09],
       [ 2.90627071e-11]]), 2.1397238532735052), (2.2952289292819368e-05, array([[-2.67154973e-07],
       [ 2.39727057e-09],
       [ 1.51819635e-11]]), 2.1653510483604457), (2.134354990802302e-05, array([[-1.75422209e-07],
       [-3.51596880e-10],
       [-5.11930289e-11]]), 2.201866306592892), (1.9698839167240654e-05, array([[-9.56838318e-08],
       [ 2.34142251e-09],
       [-6.38542090e-11]]), 2.244314171182561), (1.8045918050740552e-05, array([[-2.91642619e-08],
       [-2.05202347e-10],
       [ 8.63886977e-12]]), 2.298195604462878), (1.7899115205641836e-05, array([[-1.67912390e-08],
       [-1.22038584e-09],
       [-1.18142915e-10]]), 2.279499872143812), (1.932595054457251e-05, array([[-5.86850946e-08],
       [ 2.99942065e-10],
       [ 3.55726678e-11]]), 2.2018304891228286), (2.0759062324059283e-05, array([[-1.13392150e-07],
       [-3.69235336e-10],
       [-4.71972702e-11]]), 2.141568768306261), (2.2128635210706723e-05, array([[-1.79759721e-07],
       [-1.88289087e-09],
       [ 1.46886677e-10]]), 2.0876463711739794), (2.3563591454785567e-05, array([[-2.56760038e-07],
       [ 2.30711350e-09],
       [-7.00158026e-11]]), 2.0498033532683277), (2.5006087144741182e-05, array([[-3.45222443e-07],
       [ 2.94635262e-09],
       [-1.17512466e-10]]), 2.0199268237795813), (2.640703859126178e-05, array([[-4.43636519e-07],
       [-3.07416099e-09],
       [ 3.21583204e-10]]), 1.9927740622384373), (2.779988325514239e-05, array([[-5.52967421e-07],
       [ 1.22486821e-11],
       [-9.21762125e-11]]), 1.9702605402403826), (2.9204808576889665e-05, array([[-6.70401053e-07],
       [-1.16946817e-10],
       [-3.81484876e-10]]), 1.952989936381935), (3.063073704767516e-05, array([[-8.02852271e-07],
       [ 4.33071040e-10],
       [ 7.72809766e-11]]), 1.9407442184414099), (3.2136176695117466e-05, array([[-9.41614542e-07],
       [ 2.68985682e-09],
       [-1.70269934e-10]]), 1.9363596279682016), (3.3610054081917376e-05, array([[-1.09019948e-06],
       [ 3.91684712e-10],
       [-2.14700586e-10]]), 1.93242660392809), (3.5071086246621996e-05, array([[-1.24454353e-06],
       [-4.97611008e-10],
       [ 5.45270425e-10]]), 1.929990063958296), (3.6556901733500505e-05, array([[-1.40063831e-06],
       [-1.49098195e-09],
       [-2.00317818e-10]]), 1.9309259770442302), (3.809428890076005e-05, array([[-1.57127909e-06],
       [-4.68168235e-10],
       [-4.02353676e-10]]), 1.936282734123485), (4.075077763253267e-05, array([[-1.64960920e-06],
       [-1.90370455e-09],
       [ 1.48186539e-10]]), 1.9505541429066127), (4.3473873932093083e-05, array([[-1.72121088e-06],
       [-1.61889548e-09],
       [-1.07018140e-10]]), 1.9659333821687894), (4.6143837029961166e-05, array([[-1.77061547e-06],
       [ 1.94177581e-09],
       [ 7.00597009e-10]]), 1.9793139934162658), (4.882785845633035e-05, array([[-1.83107997e-06],
       [ 1.31369938e-09],
       [ 6.74469226e-10]]), 1.993868064198729), (5.153184145191964e-05, array([[-1.87885714e-06],
       [-3.12878930e-09],
       [-1.84051462e-10]]), 2.009797147818391), (5.41857444995387e-05, array([[-1.91287253e-06],
       [ 1.60126059e-09],
       [-2.67838377e-10]]), 2.024438803092762), (5.6820415853777596e-05, array([[-1.93796516e-06],
       [-9.68770927e-10],
       [ 9.96559466e-10]]), 2.039179699182004), (5.945145089802398e-05, array([[-1.95732407e-06],
       [-1.16201474e-09],
       [ 1.37573080e-10]]), 2.054667228489031), (6.207766291105383e-05, array([[-1.97867970e-06],
       [ 3.24774631e-09],
       [-7.90982598e-10]]), 2.0708997664516966), (6.460760840572727e-05, array([[-1.97867627e-06],
       [-1.02832066e-09],
       [ 1.28211930e-09]]), 2.084967645001156), (6.720324600732267e-05, array([[-1.98519889e-06],
       [ 1.07716422e-09],
       [ 9.39150110e-11]]), 2.102249293534085), (6.968843019624203e-05, array([[-1.97339880e-06],
       [-2.38430637e-10],
       [ 7.28039729e-10]]), 2.117218934809771), (7.208488456187193e-05, array([[-1.95520872e-06],
       [ 4.59981258e-09],
       [-2.30870134e-09]]), 2.130815847217089), (7.450617212095656e-05, array([[-1.92907611e-06],
       [ 3.91989104e-09],
       [ 3.39330447e-10]]), 2.146516096186757), (7.679139177662703e-05, array([[-1.88118385e-06],
       [-1.67547452e-09],
       [ 6.36575441e-10]]), 2.1597372053247486), (7.910360666074889e-05, array([[-1.84482322e-06],
       [ 3.03917344e-09],
       [ 4.84744097e-10]]), 2.175225037347776), (8.140459743191122e-05, array([[-1.79639257e-06],
       [-1.16622125e-09],
       [-5.04073124e-10]]), 2.1918951619806144), (8.346963395644834e-05, array([[-1.73846700e-06],
       [ 3.48178882e-09],
       [-1.49695424e-09]]), 2.2038354302027097), (8.543474072823909e-05, array([[-1.67678254e-06],
       [-2.74924868e-09],
       [ 1.77243151e-09]]), 2.2149201922692643), (8.740725734955195e-05, array([[-1.60959414e-06],
       [ 1.65317163e-09],
       [-5.80059168e-10]]), 2.228003337721387), (8.929318588862894e-05, array([[-1.54462612e-06],
       [ 3.62420758e-09],
       [-1.35558140e-09]]), 2.240702583056089), (9.103993428083261e-05, array([[-1.45895446e-06],
       [-2.92319747e-09],
       [ 1.13678433e-09]]), 2.2518067196811473), (9.269286502462378e-05, array([[-1.37358598e-06],
       [-7.37546345e-10],
       [ 1.16585479e-10]]), 2.262555480716382), (9.424934030250979e-05, array([[-1.26432154e-06],
       [-1.87916826e-09],
       [ 2.49261297e-10]]), 2.272960476450526), (9.571227592907682e-05, array([[-1.18215207e-06],
       [ 2.06150837e-09],
       [-4.95020322e-10]]), 2.283161477925005), (9.68993294348227e-05, array([[-1.04749342e-06],
       [ 1.01889239e-08],
       [-9.44135563e-10]]), 2.2889128824769562), (9.814139939519114e-05, array([[-9.60265289e-07],
       [ 6.72394972e-09],
       [-9.04586173e-10]]), 2.298131742623026), (9.923696775763469e-05, array([[-8.44449788e-07],
       [-2.39443769e-11],
       [-9.25956713e-11]]), 2.3060929719565424), (0.00010008125502398088, array([[-7.26945544e-07],
       [ 4.39191989e-09],
       [-6.28964087e-10]]), 2.3104475227016223), (0.00010087633895335182, array([[-6.05902810e-07],
       [-4.12389946e-09],
       [ 5.32945040e-10]]), 2.315933537701287), (0.00010147856209389093, array([[-5.00244360e-07],
       [ 5.83291784e-09],
       [-2.01632081e-10]]), 2.319278344078429), (0.00010197914639061803, array([[-3.62202363e-07],
       [ 4.21802583e-09],
       [-1.37794615e-10]]), 2.3226088482465017), (0.00010232824767632265, array([[-2.57709388e-07],
       [ 2.98342531e-09],
       [-2.15401938e-10]]), 2.324810912310476), (0.00010246010957680231, array([[-1.33364566e-07],
       [-7.07222750e-09],
       [-2.42433637e-10]]), 2.3244135177443437), (0.00010265986617828076, array([[ 3.09737240e-09],
       [-1.98571551e-09],
       [ 2.15770074e-11]]), 2.3278958816094195)]