[(0.00010262756130855109, array([[-5.83008759e-10],
       [ 4.78201805e-09],
       [ 4.86766500e-10]]), 2.3271633424390576), (0.00010245745228624457, array([[-1.50526065e-07],
       [-8.83475959e-09],
       [-7.77854877e-10]]), 2.324353234360708), (0.00010215164921283844, array([[-2.65225233e-07],
       [-4.45817473e-10],
       [ 5.88011868e-10]]), 2.3207987451491268), (0.00010158505127423765, array([[-4.23880988e-07],
       [-1.26117385e-09],
       [ 4.06029404e-10]]), 2.313633201393666), (0.0001011062761655917, array([[-5.56400998e-07],
       [ 2.78414883e-09],
       [-4.54797609e-12]]), 2.3107698012542732), (0.00010030813022283549, array([[-6.82584507e-07],
       [ 1.09049117e-09],
       [ 1.81176966e-10]]), 2.302888519721144), (9.950402085867911e-05, array([[-8.24628985e-07],
       [ 4.06420184e-09],
       [-2.07448058e-10]]), 2.2971216581636464), (9.837868117090416e-05, array([[-9.24444219e-07],
       [ 1.56069530e-11],
       [ 9.52269972e-11]]), 2.2861478979553094), (9.738746887941469e-05, array([[-1.06546181e-06],
       [-3.24199473e-09],
       [-4.21618526e-10]]), 2.2804773005556043), (9.607026386357657e-05, array([[-1.18975612e-06],
       [-7.15019444e-10],
       [ 4.19397777e-11]]), 2.269329064121228), (9.476638155295615e-05, array([[-1.32344423e-06],
       [-4.68037189e-09],
       [-5.01230120e-10]]), 2.2605977097899235), (9.327116765696514e-05, array([[-1.43338413e-06],
       [ 4.96381648e-10],
       [-3.73150701e-10]]), 2.249370414649225), (9.171931924810281e-05, array([[-1.53260614e-06],
       [-2.43508158e-09],
       [-9.61143566e-11]]), 2.238792040760021), (9.008783285498565e-05, array([[-1.61705576e-06],
       [ 1.91096421e-09],
       [ 1.07444646e-09]]), 2.228257181717656), (8.828142873016054e-05, array([[-1.71797269e-06],
       [-2.54474504e-09],
       [-1.12041899e-09]]), 2.215313782602342), (8.650369267590327e-05, array([[-1.80939536e-06],
       [-9.55796434e-10],
       [-1.10860385e-09]]), 2.204971553293171), (8.45373004750606e-05, array([[-1.90050883e-06],
       [ 1.43251184e-09],
       [ 1.39234927e-10]]), 2.191653795939423), (8.253278290309037e-05, array([[-1.96357984e-06],
       [-7.25445275e-09],
       [-1.09986717e-09]]), 2.1790999012882035), (8.054219545624241e-05, array([[-2.05190821e-06],
       [-5.51598541e-10],
       [-1.66272332e-09]]), 2.1686741796554805), (7.840094504126364e-05, array([[-2.09481071e-06],
       [ 2.83126592e-10],
       [ 8.29753432e-11]]), 2.1559029455746055), (7.624451361624593e-05, array([[-2.15639251e-06],
       [-2.50324276e-09],
       [ 2.56139281e-09]]), 2.1443564043986454), (7.39581313117805e-05, array([[-2.19985499e-06],
       [ 1.27290609e-09],
       [ 4.92060767e-10]]), 2.1307270899235724), (7.171811787199654e-05, array([[-2.23602398e-06],
       [ 3.74043594e-09],
       [ 1.05280767e-09]]), 2.1199742917402666), (6.9426010477083e-05, array([[-2.26439373e-06],
       [ 2.77148921e-10],
       [-6.81975860e-10]]), 2.1092463058280804), (6.709830202707837e-05, array([[-2.28676371e-06],
       [-1.59809543e-09],
       [-4.42885461e-10]]), 2.0989664400792805), (6.467961860742636e-05, array([[-2.29344031e-06],
       [-4.04926829e-09],
       [-2.64775920e-10]]), 2.087291503511901), (6.221503399494386e-05, array([[-2.30645337e-06],
       [-3.14325566e-09],
       [ 2.10395004e-10]]), 2.0754824413174138), (5.9824588304329895e-05, array([[-2.29392336e-06],
       [ 5.26550489e-10],
       [-1.32408190e-09]]), 2.06756301469575), (5.742152108033693e-05, array([[-2.28668704e-06],
       [ 2.26318741e-09],
       [ 8.92987309e-11]]), 2.0607522546913897), (5.495954111474138e-05, array([[-2.26155477e-06],
       [-2.10135346e-09],
       [-6.86257919e-10]]), 2.053348692732305), (5.248044216127094e-05, array([[-2.23436172e-06],
       [ 4.00350731e-09],
       [ 3.52954894e-10]]), 2.0467935940224637), (5.002789109055745e-05, array([[-2.19952924e-06],
       [ 1.49019123e-09],
       [ 1.03220493e-09]]), 2.0428709658418875), (4.7525665835698626e-05, array([[-2.14703052e-06],
       [ 4.74932749e-09],
       [ 1.53011068e-10]]), 2.038586764554174), (4.497006052774526e-05, array([[-2.09899329e-06],
       [-6.28417320e-10],
       [-8.28181982e-10]]), 2.0335924819522724), (4.250590633270785e-05, array([[-2.04226620e-06],
       [-3.93407703e-09],
       [ 8.93902301e-10]]), 2.034564160784844), (4.0037429381459055e-05, array([[-1.96708556e-06],
       [ 2.84337097e-10],
       [ 5.63328117e-10]]), 2.0350500158164326), (3.859140236848287e-05, array([[-1.77532979e-06],
       [-3.06952153e-09],
       [ 2.87353378e-10]]), 2.0383877678447444), (3.7070300223794903e-05, array([[-1.58259046e-06],
       [-2.85931931e-09],
       [-3.80220121e-10]]), 2.0400084159573555), (3.5579579919994614e-05, array([[-1.39965668e-06],
       [-1.22868756e-09],
       [ 1.81264836e-10]]), 2.0456654614838654), (3.400803547398391e-05, array([[-1.22710419e-06],
       [ 2.81439989e-09],
       [-2.69202638e-10]]), 2.049148146746962), (3.24544645406884e-05, array([[-1.05675771e-06],
       [ 3.22973412e-09],
       [ 2.64122558e-10]]), 2.056294444430722), (3.0937005231329034e-05, array([[-9.00861337e-07],
       [-2.30447819e-09],
       [ 2.51677990e-10]]), 2.0688257455791748), (2.9353122942822455e-05, array([[-7.50795386e-07],
       [ 3.33885160e-10],
       [-9.50852210e-11]]), 2.0803432639009287), (2.7851710465938967e-05, array([[-6.15848787e-07],
       [ 7.84767725e-11],
       [-4.49530129e-11]]), 2.1017944141553193), (2.624839106418318e-05, array([[-4.87423719e-07],
       [ 1.29038381e-09],
       [-1.59128534e-10]]), 2.120276910366201), (2.457384746013792e-05, array([[-3.69673231e-07],
       [-5.23415288e-09],
       [-1.71737207e-10]]), 2.1376858032507196), (2.2973384676575816e-05, array([[-2.69322561e-07],
       [-1.09133849e-09],
       [ 3.18997183e-11]]), 2.167341216345427), (2.1350452514241184e-05, array([[-1.74729701e-07],
       [ 4.21543437e-10],
       [ 1.86627623e-11]]), 2.2025784006974316), (1.9674864541461365e-05, array([[-9.64651474e-08],
       [ 3.83513852e-10],
       [-1.65760251e-10]]), 2.241582711124004), (1.8032954832124496e-05, array([[-2.91454200e-08],
       [ 8.58623553e-10],
       [-8.26945977e-12]]), 2.296544704134098), (1.7884854983611196e-05, array([[-1.70335964e-08],
       [ 8.87339071e-10],
       [ 7.13782165e-12]]), 2.2776837949845707), (1.931143744371437e-05, array([[-5.90531614e-08],
       [ 2.50072931e-09],
       [ 9.82705931e-11]]), 2.2001769928103205), (2.0745951787825968e-05, array([[-1.12845810e-07],
       [ 4.74749014e-10],
       [-1.65134640e-12]]), 2.1402162450325832), (2.2160424955983557e-05, array([[-1.79023207e-07],
       [-5.10645552e-10],
       [ 4.57075797e-11]]), 2.0906454601704674), (2.3540524126123262e-05, array([[-2.55425366e-07],
       [-2.64528011e-09],
       [-3.15953214e-10]]), 2.047796719952958), (2.4956591502846496e-05, array([[-3.42745638e-07],
       [ 1.08747048e-09],
       [-1.46326561e-10]]), 2.0159286942783696), (2.6353397686055612e-05, array([[-4.43502008e-07],
       [-1.76100429e-09],
       [ 1.07322198e-10]]), 1.9887261185737048), (2.7824099959750106e-05, array([[-5.54548129e-07],
       [ 1.60862768e-09],
       [ 3.68130317e-10]]), 1.9719768502358357), (2.9221566834315078e-05, array([[-6.72275956e-07],
       [-3.21754240e-10],
       [-8.69166201e-11]]), 1.9541105980023308), (3.066538883851273e-05, array([[-8.03820110e-07],
       [-2.75097937e-09],
       [ 6.10842537e-10]]), 1.9429397340968766), (3.213132421307614e-05, array([[-9.41152841e-07],
       [-6.35780845e-11],
       [-5.77190182e-10]]), 1.9360672425233056), (3.358421359687343e-05, array([[-1.09065011e-06],
       [-3.91692888e-09],
       [ 1.16325049e-09]]), 1.930940892520557), (3.510641624750173e-05, array([[-1.24306364e-06],
       [ 2.21066520e-09],
       [ 8.40289452e-10]]), 1.9319343023026128), (3.6567905326438745e-05, array([[-1.40369810e-06],
       [-1.16329750e-09],
       [ 5.22304367e-10]]), 1.931507183941909), (3.80853176241871e-05, array([[-1.56975572e-06],
       [-6.69183511e-10],
       [-9.64150730e-10]]), 1.9358267359034762), (4.074901072897498e-05, array([[-1.65378434e-06],
       [ 2.58604876e-09],
       [-2.17582788e-10]]), 1.9504695692799292), (4.339350842623477e-05, array([[-1.71094482e-06],
       [ 2.94040649e-10],
       [ 2.48122505e-10]]), 1.9622991711714324), (4.608311695957381e-05, array([[-1.77672509e-06],
       [ 3.91843479e-09],
       [ 6.88947845e-10]]), 1.976709440073186), (4.88277192155024e-05, array([[-1.82882719e-06],
       [-6.61950058e-10],
       [-3.37535866e-10]]), 1.993862378349526), (5.15128918455193e-05, array([[-1.87183830e-06],
       [-1.37189406e-10],
       [-1.08689766e-10]]), 2.00905809282205), (5.4202746604238496e-05, array([[-1.90790856e-06],
       [ 5.96196328e-11],
       [-1.33358890e-09]]), 2.025074020358971), (5.6846147217622645e-05, array([[-1.93772225e-06],
       [ 3.41067937e-09],
       [ 9.34497634e-10]]), 2.040103150269024), (5.9425529998150864e-05, array([[-1.95971902e-06],
       [-6.89620627e-09],
       [ 2.35794508e-10]]), 2.05377139125213), (6.204150487973845e-05, array([[-1.98179715e-06],
       [-6.11770368e-10],
       [ 6.12527271e-10]]), 2.0696935409738844), (6.459323991633739e-05, array([[-1.97479602e-06],
       [-4.04820538e-09],
       [ 1.88465530e-09]]), 2.0845039560297685), (6.718605877196058e-05, array([[-1.96382836e-06],
       [-2.82747784e-09],
       [ 2.32184172e-09]]), 2.101711643114732), (6.973850159519652e-05, array([[-1.96644381e-06],
       [-1.07530660e-09],
       [-1.61834463e-10]]), 2.1187401645700104), (7.211843483153883e-05, array([[-1.94628330e-06],
       [ 6.79655973e-10],
       [-1.56454334e-10]]), 2.1318075869794426), (7.454768821777028e-05, array([[-1.91488832e-06],
       [-8.63933177e-10],
       [ 5.82285141e-10]]), 2.147712171190004), (7.6901197180841e-05, array([[-1.87631711e-06],
       [-1.82440281e-09],
       [-3.83552130e-10]]), 2.162825452735558), (7.913107652618997e-05, array([[-1.84363947e-06],
       [-5.49129135e-10],
       [-9.94317938e-10]]), 2.1759804155359825), (8.133330030364395e-05, array([[-1.80101005e-06],
       [-2.10195199e-09],
       [ 4.36008963e-10]]), 2.189975419909009), (8.34896243906758e-05, array([[-1.74957235e-06],
       [-6.08340367e-09],
       [ 3.87930124e-10]]), 2.204363234448726), (8.545424837281912e-05, array([[-1.66970947e-06],
       [-2.48583464e-09],
       [ 2.42975216e-10]]), 2.215425933558061), (8.742895786952475e-05, array([[-1.61645653e-06],
       [ 4.94083397e-09],
       [-9.10605379e-10]]), 2.2285564820757093), (8.928655357977486e-05, array([[-1.54203804e-06],
       [ 3.57734378e-09],
       [ 5.92190037e-11]]), 2.240536153429539), (9.104028074043555e-05, array([[-1.45568784e-06],
       [ 1.06146404e-09],
       [-2.41070131e-10]]), 2.2518152891080496), (9.269327165774338e-05, array([[-1.36293196e-06],
       [-1.40626833e-09],
       [ 6.04987852e-10]]), 2.262565406291486), (9.424032204283167e-05, array([[-1.28158719e-06],
       [ 1.40474318e-09],
       [ 1.34120260e-10]]), 2.2727429879487615), (9.56214422924851e-05, array([[-1.16954288e-06],
       [ 3.24577432e-09],
       [ 1.31341687e-09]]), 2.2809946935919307), (9.69381413426349e-05, array([[-1.05697673e-06],
       [ 2.94458585e-09],
       [-4.92000354e-10]]), 2.289829680109128), (9.816000373481375e-05, array([[-9.54810971e-07],
       [ 2.25268479e-09],
       [ 2.57480449e-11]]), 2.298567391836311), (9.916296576396699e-05, array([[-8.53357005e-07],
       [-1.11242951e-09],
       [-6.05079753e-10]]), 2.3043732954956027), (0.00010007047530465258, array([[-7.30590532e-07],
       [-5.28904666e-09],
       [-8.54383105e-11]]), 2.3101986651527087), (0.00010086160937603766, array([[-6.33774431e-07],
       [-4.56406955e-10],
       [-2.84078020e-10]]), 2.315595373941063), (0.0001015721382957939, array([[-5.09128665e-07],
       [ 4.32199105e-09],
       [-2.83012446e-10]]), 2.3214170150855513), (0.00010206717493544792, array([[-3.79170596e-07],
       [-3.75429209e-09],
       [ 4.58956165e-11]]), 2.324613727521888), (0.0001023670803857484, array([[-2.53689705e-07],
       [-1.39419493e-09],
       [ 8.47174398e-10]]), 2.325693158500337), (0.00010260649134781015, array([[-1.27431177e-07],
       [ 2.45947684e-09],
       [-2.71836125e-10]]), 2.3277343395616086), (0.00010264421421007909, array([[ 4.50753669e-09],
       [-3.81903593e-09],
       [ 1.15828351e-10]]), 2.3275409605124793)]