[(0.00010265341053333734, array([[ 8.82825919e-11],
       [-1.54592882e-09],
       [ 3.36920844e-10]]), 2.327749494614809), (0.00010244571740547514, array([[-1.42498749e-07],
       [ 1.79659684e-09],
       [-2.59907234e-11]]), 2.3240870164579337), (0.00010211671872307591, array([[-2.91560571e-07],
       [-2.50741721e-09],
       [ 3.64775917e-10]]), 2.320005154077098), (0.00010166300370149697, array([[-4.20419102e-07],
       [-6.95113597e-10],
       [-4.05621407e-10]]), 2.3154085937528186), (0.00010102782707777798, array([[-5.49208208e-07],
       [ 3.61803586e-09],
       [ 5.72627515e-10]]), 2.3089768583240144), (0.00010031704341415643, array([[-6.89567001e-07],
       [-1.09098518e-09],
       [-9.87746207e-11]]), 2.3030931500529177), (9.94178091473048e-05, array([[-8.10739370e-07],
       [ 1.24505933e-09],
       [-2.19217073e-10]]), 2.2951313989994806), (9.840660718451243e-05, array([[-9.40033853e-07],
       [-3.66814316e-09],
       [-4.29546575e-10]]), 2.286796849502016), (9.735807907743e-05, array([[-1.07920810e-06],
       [ 2.42976133e-09],
       [-4.34756520e-10]]), 2.279789093160289), (9.60884865381378e-05, array([[-1.19831818e-06],
       [ 1.00330436e-08],
       [ 1.00498838e-09]]), 2.269759512038666), (9.477172245485805e-05, array([[-1.30740766e-06],
       [-3.02195097e-09],
       [-9.81306163e-10]]), 2.2607251139432725), (9.326321382987288e-05, array([[-1.42229901e-06],
       [-3.22822884e-09],
       [-8.23675008e-10]]), 2.24917859649369), (9.171146865813451e-05, array([[-1.52987766e-06],
       [-9.06304917e-09],
       [-6.64425877e-12]]), 2.2386004144104095), (9.004170882348831e-05, array([[-1.62289190e-06],
       [-1.31976321e-09],
       [-8.43291527e-10]]), 2.227116337264231), (8.834394417188712e-05, array([[-1.72775260e-06],
       [ 4.07443527e-09],
       [-2.81711949e-10]]), 2.2168825306581277), (8.653218285235108e-05, array([[-1.81255891e-06],
       [-7.97392610e-09],
       [ 1.66855092e-10]]), 2.2056977653966365), (8.459015138551757e-05, array([[-1.89702476e-06],
       [-4.73111951e-09],
       [-1.10011632e-09]]), 2.1930239709730586), (8.26009558656391e-05, array([[-1.96640072e-06],
       [ 1.83581671e-10],
       [ 8.17065374e-10]]), 2.180899861143367), (8.051751471639056e-05, array([[-2.04085630e-06],
       [-6.31266054e-10],
       [-1.77873165e-10]]), 2.1680096275787917), (7.84148673418739e-05, array([[-2.10104786e-06],
       [-1.25567072e-09],
       [-1.05368838e-09]]), 2.1562857869916194), (7.617641961272868e-05, array([[-2.15962969e-06],
       [ 1.86088134e-09],
       [ 4.79700549e-11]]), 2.1424412788949496), (7.39883235662436e-05, array([[-2.19872753e-06],
       [ 2.75808414e-10],
       [-1.00745473e-09]]), 2.1315969260504373), (7.174042087537909e-05, array([[-2.23804173e-06],
       [ 4.34171856e-09],
       [-1.81429510e-10]]), 2.120633564392736), (6.943527457691566e-05, array([[-2.26765169e-06],
       [-3.50372128e-09],
       [-7.78457969e-10]]), 2.1095277604041764), (6.711531083879192e-05, array([[-2.28850364e-06],
       [-2.48835532e-09],
       [-1.32394899e-09]]), 2.0994985090570912), (6.46517341568979e-05, array([[-2.29972375e-06],
       [ 1.55608614e-09],
       [-7.27393923e-10]]), 2.0863916377130414), (6.231544680971836e-05, array([[-2.29934974e-06],
       [-1.49656115e-09],
       [-4.40805678e-10]]), 2.0788321949149875), (5.986320686921032e-05, array([[-2.29877058e-06],
       [-2.06746043e-09],
       [-4.80006437e-10]]), 2.068897688593065), (5.7384141782329405e-05, array([[-2.28066488e-06],
       [-2.56103256e-09],
       [-1.13565788e-09]]), 2.059410780777106), (5.49410878750447e-05, array([[-2.26645917e-06],
       [-1.30293554e-09],
       [ 4.32140496e-10]]), 2.052659259472141), (5.250502117512743e-05, array([[-2.23486717e-06],
       [-1.49950616e-09],
       [ 9.18379083e-10]]), 2.047752201954048), (4.9954298113190177e-05, array([[-2.19437631e-06],
       [ 3.35755963e-10],
       [ 1.47897713e-09]]), 2.0398658230410183), (4.751346617958675e-05, array([[-2.14912100e-06],
       [ 3.14685619e-09],
       [-3.19138988e-10]]), 2.038063467151719), (4.4974195632948047e-05, array([[-2.09985559e-06],
       [ 1.54353049e-09],
       [-5.15696295e-10]]), 2.033779475671066), (4.24866461193722e-05, array([[-2.04061397e-06],
       [-3.31807458e-09],
       [-7.83913412e-10]]), 2.033642262085048), (4.0086124078012075e-05, array([[-1.96859919e-06],
       [ 1.98341596e-09],
       [ 5.78246791e-10]]), 2.037525103366291), (3.854537078965644e-05, array([[-1.77547781e-06],
       [-2.45540262e-09],
       [-7.16200322e-10]]), 2.0359563919046204), (3.70559960560241e-05, array([[-1.58155106e-06],
       [-7.74975859e-10],
       [ 2.62943400e-10]]), 2.03922124610819), (3.5515845414909934e-05, array([[-1.39948092e-06],
       [ 1.25779507e-09],
       [-4.44110141e-10]]), 2.042001014740827), (3.402557768752457e-05, array([[-1.22556272e-06],
       [ 1.33021521e-09],
       [-1.69141267e-10]]), 2.050205149713045), (3.247153073287799e-05, array([[-1.05804705e-06],
       [-3.02644255e-09],
       [ 6.93282361e-10]]), 2.057375747625327), (3.096720181210897e-05, array([[-8.98916456e-07],
       [-5.51935085e-10],
       [-3.38870691e-10]]), 2.070845057509301), (2.9376581874950917e-05, array([[-7.55201009e-07],
       [ 6.08547231e-10],
       [-2.04861478e-10]]), 2.082005868303425), (2.777804754330153e-05, array([[-6.16195125e-07],
       [-1.21128698e-09],
       [-7.86025861e-11]]), 2.0962355340456376), (2.6194758159026577e-05, array([[-4.84106962e-07],
       [-7.11473824e-11],
       [ 3.52028369e-10]]), 2.115944583475713), (2.4624445582818225e-05, array([[-3.71927811e-07],
       [ 1.00775213e-09],
       [ 7.02766411e-11]]), 2.142087347970173), (2.2980192467274886e-05, array([[-2.67194725e-07],
       [-1.31227659e-09],
       [-3.50527026e-11]]), 2.1679834728340572), (2.1339703157988965e-05, array([[-1.75366513e-07],
       [ 3.67705443e-10],
       [-1.52611214e-10]]), 2.201469464018607), (1.9698972208441844e-05, array([[-9.64276792e-08],
       [ 1.66387494e-09],
       [ 1.28183308e-11]]), 2.2443293287383264), (1.8026364470742324e-05, array([[-2.89018280e-08],
       [-1.76171467e-09],
       [ 6.84603203e-11]]), 2.295705404104155), (1.786747258542974e-05, array([[-1.59307251e-08],
       [ 1.17064789e-09],
       [-9.36319381e-11]]), 2.275470100398165), (1.9313264606072154e-05, array([[-5.78073816e-08],
       [-5.91180187e-10],
       [ 1.51199752e-10]]), 2.2003851637760214), (2.0745195372203938e-05, array([[-1.12767508e-07],
       [-1.15619076e-09],
       [ 2.82262928e-10]]), 2.140138210868674), (2.2122275483136377e-05, array([[-1.78932481e-07],
       [-6.37782738e-10],
       [ 1.07475716e-10]]), 2.087046385587093), (2.355227503566834e-05, array([[-2.56207590e-07],
       [ 2.26467610e-11],
       [ 1.98914472e-10]]), 2.04881893483203), (2.4930131504666074e-05, array([[-3.45428597e-07],
       [ 6.67500942e-10],
       [ 1.93866105e-10]]), 2.013791324294316), (2.640817663765423e-05, array([[-4.45135300e-07],
       [-2.11151124e-09],
       [ 2.43922515e-10]]), 1.9928599434827372), (2.7815411709913246e-05, array([[-5.55766397e-07],
       [-9.82218679e-10],
       [ 1.55932725e-10]]), 1.9713610880881964), (2.922041355196533e-05, array([[-6.73020481e-07],
       [ 1.32297160e-09],
       [-3.59473295e-11]]), 1.9540334754690012), (3.072500163825779e-05, array([[-8.02787458e-07],
       [-1.77580772e-09],
       [ 4.30571435e-10]]), 1.9467167635647036), (3.213520741029488e-05, array([[-9.41322891e-07],
       [-4.23285097e-10],
       [ 7.45960804e-10]]), 1.9363012238831028), (3.359157699803515e-05, array([[-1.08775867e-06],
       [ 5.45749484e-10],
       [-1.35213605e-11]]), 1.9313642548949705), (3.5038705652470774e-05, array([[-1.23916221e-06],
       [ 4.98890479e-10],
       [ 6.17646359e-10]]), 1.9282081338367862), (3.6612500472669296e-05, array([[-1.40772867e-06],
       [ 9.99687837e-10],
       [-6.98322137e-10]]), 1.9338626878884522), (3.814624371556407e-05, array([[-1.57553886e-06],
       [-4.62216340e-09],
       [ 7.22811514e-10]]), 1.9389235292075377), (4.0743923190416474e-05, array([[-1.64955854e-06],
       [ 5.19940559e-09],
       [-6.67165197e-10]]), 1.9502260519781984), (4.339812004676072e-05, array([[-1.71084156e-06],
       [-1.24441465e-11],
       [ 1.02758945e-09]]), 1.9625077134042226), (4.612345842557023e-05, array([[-1.78155948e-06],
       [ 5.62228385e-10],
       [-9.34668822e-10]]), 1.978439864617417), (4.8812882172831475e-05, array([[-1.83029065e-06],
       [ 4.79632526e-09],
       [ 1.08621979e-10]]), 1.993256513040582), (5.1472603384144174e-05, array([[-1.87091781e-06],
       [ 4.09634093e-10],
       [ 8.28097949e-10]]), 2.0074867995695618), (5.409362304485039e-05, array([[-1.90665931e-06],
       [ 1.77278484e-09],
       [-4.11786749e-10]]), 2.020997044578768), (5.686398592590039e-05, array([[-1.93951229e-06],
       [-5.28160551e-09],
       [ 3.74410264e-10]]), 2.0407433485363726), (5.948218833497123e-05, array([[-1.96492649e-06],
       [-1.84539056e-09],
       [ 5.36098717e-10]]), 2.0557295272795453), (6.204775062637922e-05, array([[-1.97472965e-06],
       [-2.96418319e-09],
       [-3.32815886e-10]]), 2.0699018979682227), (6.462409263090669e-05, array([[-1.96501304e-06],
       [ 6.19084301e-10],
       [ 3.08574687e-10]]), 2.0854996113902566), (6.717924343368295e-05, array([[-1.98355861e-06],
       [-1.28390046e-09],
       [ 1.87708826e-09]]), 2.101498445971282), (6.966541008088443e-05, array([[-1.96778374e-06],
       [ 2.52734192e-10],
       [-4.44529686e-10]]), 2.1165195558170264), (7.211073028889511e-05, array([[-1.93878487e-06],
       [-2.41487096e-09],
       [ 1.50776794e-09]]), 2.1315798421247396), (7.452924818579474e-05, array([[-1.92089967e-06],
       [ 4.30097947e-09],
       [-2.01372973e-09]]), 2.1471809155326147), (7.683254883807254e-05, array([[-1.89450715e-06],
       [-6.99127724e-09],
       [-6.20772129e-10]]), 2.1608947365897664), (7.916287180865787e-05, array([[-1.84438772e-06],
       [ 3.87220797e-09],
       [-4.84444771e-10]]), 2.1768547359040835), (8.13134685862502e-05, array([[-1.80758956e-06],
       [-8.76112526e-09],
       [ 2.06901677e-09]]), 2.189441432311497), (8.343841574089203e-05, array([[-1.74327791e-06],
       [-1.93543883e-10],
       [ 1.08641409e-09]]), 2.2030111806373336), (8.549115195867677e-05, array([[-1.67840948e-06],
       [ 3.21057266e-09],
       [-1.13054832e-09]]), 2.2163826696210083), (8.737786727868166e-05, array([[-1.60705083e-06],
       [ 7.32400104e-09],
       [-5.90999652e-10]]), 2.2272541873878744), (8.936608836848493e-05, array([[-1.53082643e-06],
       [-9.08725079e-10],
       [ 1.03223728e-09]]), 2.2425319810476476), (9.101804454726581e-05, array([[-1.45915138e-06],
       [ 1.02805575e-08],
       [-7.29023480e-10]]), 2.251265293003644), (9.264203181261718e-05, array([[-1.36709688e-06],
       [-3.35369046e-10],
       [-5.67047225e-10]]), 2.2613146844328993), (9.42583381024785e-05, array([[-1.27128827e-06],
       [ 4.63928508e-09],
       [-1.02210168e-09]]), 2.273177471536521), (9.562963730132799e-05, array([[-1.16525094e-06],
       [-7.55082975e-10],
       [ 1.22924255e-09]]), 2.28119018083032), (9.694272566829159e-05, array([[-1.07630291e-06],
       [-6.21461951e-10],
       [ 9.71856238e-11]]), 2.2899379690117883), (9.810487538026163e-05, array([[-9.49640680e-07],
       [ 4.78996637e-09],
       [-5.28082369e-10]]), 2.2972764766639626), (9.917227785744119e-05, array([[-8.47897061e-07],
       [-9.79973548e-09],
       [ 5.19236875e-10]]), 2.3045896922054205), (0.00010011915443660334, array([[-7.36453878e-07],
       [-6.68527867e-10],
       [-4.82011261e-11]]), 2.311322457812942), (0.00010084387527086564, array([[-6.18153113e-07],
       [ 8.14576510e-10],
       [-3.25648371e-10]]), 2.3151882317969776), (0.00010152479945597573, array([[-4.91423281e-07],
       [-1.74682328e-09],
       [-3.41896450e-10]]), 2.320335092522217), (0.00010198932394233197, array([[-3.77968351e-07],
       [ 5.97859080e-10],
       [-1.74407765e-10]]), 2.3228406453589594), (0.00010232854522936903, array([[-2.45019750e-07],
       [ 5.78699032e-09],
       [-1.67754053e-10]]), 2.3248176724630722), (0.00010256748082555069, array([[-1.18929301e-07],
       [-2.99679178e-09],
       [ 3.25402911e-10]]), 2.3268493455317496), (0.00010257820093987003, array([[-9.44419133e-09],
       [-4.41818392e-09],
       [-1.92677267e-10]]), 2.3260440559715714)]