[(0.00010264174556387353, array([[1.27003781e-09],
       [4.83883898e-09],
       [3.95536976e-10]]), 2.327484981953875), (0.00010249757981084664, array([[-1.48099621e-07],
       [ 8.53499312e-10],
       [ 3.83379108e-10]]), 2.325263568743561), (0.00010206459793220369, array([[-2.71746024e-07],
       [-3.75290668e-09],
       [ 1.66359311e-10]]), 2.3188210139581225), (0.00010163781022587136, array([[-4.05032299e-07],
       [-8.46409419e-09],
       [-4.01611239e-10]]), 2.31483480399798), (0.00010101743366967573, array([[-5.36082392e-07],
       [ 2.98052451e-09],
       [ 4.59871981e-10]]), 2.308739318435438), (0.00010029563328990779, array([[-6.94586963e-07],
       [-3.91399257e-09],
       [-3.24953560e-10]]), 2.302601613332729), (9.940984496666976e-05, array([[-7.96572929e-07],
       [-3.47915799e-09],
       [-1.07913362e-09]]), 2.2949475401798236), (9.846118208473204e-05, array([[-9.53984095e-07],
       [ 3.78687105e-10],
       [ 3.00440455e-10]]), 2.2880650744053503), (9.723486887194631e-05, array([[-1.05704089e-06],
       [-1.87474575e-09],
       [ 3.45901321e-10]]), 2.2769039367840587), (9.607924935200451e-05, array([[-1.18479163e-06],
       [ 5.57198153e-09],
       [ 5.91601006e-10]]), 2.2695413153342963), (9.471733229657316e-05, array([[-1.28515525e-06],
       [ 2.12946543e-09],
       [-5.11624093e-10]]), 2.2594276678950105), (9.328312253132465e-05, array([[-1.42282951e-06],
       [ 6.43002442e-09],
       [-3.10247721e-10]]), 2.249658723902456), (9.176445848251778e-05, array([[-1.53676395e-06],
       [ 1.24927677e-09],
       [ 4.12694301e-10]]), 2.2398938518022597), (9.009102707136738e-05, array([[-1.63017631e-06],
       [-1.96521620e-09],
       [-3.15282547e-10]]), 2.228336188342269), (8.83325858781063e-05, array([[-1.73035728e-06],
       [ 2.74823578e-09],
       [ 1.13877763e-10]]), 2.216597508257365), (8.649919594334766e-05, array([[-1.82215534e-06],
       [ 1.35427057e-09],
       [ 6.61907535e-11]]), 2.2048569319739975), (8.450637979723595e-05, array([[-1.90011277e-06],
       [-5.72649501e-09],
       [-1.09826151e-10]]), 2.190852168485665), (8.257986842765926e-05, array([[-1.96350366e-06],
       [-1.70822665e-09],
       [-1.14254164e-09]]), 2.180343092882272), (8.052249513225876e-05, array([[-2.03798149e-06],
       [ 3.31665921e-09],
       [ 1.64375817e-10]]), 2.168143729948812), (7.839338226221843e-05, array([[-2.10266139e-06],
       [-8.84076268e-09],
       [-1.66476231e-09]]), 2.1556949810199475), (7.628343136102999e-05, array([[-2.16855315e-06],
       [ 1.86061747e-09],
       [ 4.94433933e-10]]), 2.145450955485855), (7.395000509953616e-05, array([[-2.19668331e-06],
       [-1.06558420e-09],
       [ 1.81332347e-09]]), 2.130492974482033), (7.173733735621272e-05, array([[-2.23818497e-06],
       [-2.94368899e-09],
       [ 7.72144473e-10]]), 2.120542416136831), (6.936811613038965e-05, array([[-2.27272111e-06],
       [ 2.94519201e-09],
       [ 6.24056060e-10]]), 2.1074874054382677), (6.70207977810273e-05, array([[-2.28094145e-06],
       [-2.20930714e-09],
       [ 1.57919708e-09]]), 2.096541955308277), (6.468399373640129e-05, array([[-2.30239871e-06],
       [-1.64249504e-09],
       [ 6.51790915e-10]]), 2.0874326943496455), (6.231589427315987e-05, array([[-2.30487293e-06],
       [ 7.02174310e-09],
       [-4.06889300e-10]]), 2.078847122215614), (5.9849523096108674e-05, array([[-2.29203804e-06],
       [ 2.66414164e-09],
       [ 6.66778077e-10]]), 2.068424771620824), (5.742717482016302e-05, array([[-2.28401259e-06],
       [ 1.70105948e-09],
       [ 3.55240508e-10]]), 2.0609551569634794), (5.493278433329912e-05, array([[-2.26095272e-06],
       [ 1.57204965e-09],
       [ 1.19893672e-09]]), 2.052349030051689), (5.244073322529993e-05, array([[-2.23103487e-06],
       [ 4.36799720e-09],
       [ 4.58319705e-10]]), 2.0452449028829887), (4.996222340942286e-05, array([[-2.19904034e-06],
       [ 9.04277066e-10],
       [ 6.00151640e-10]]), 2.040189449666417), (4.747124975135464e-05, array([[-2.15891012e-06],
       [-1.46680425e-09],
       [-6.05193602e-10]]), 2.0362526171546196), (4.5045789480581474e-05, array([[-2.10342318e-06],
       [-1.27793571e-09],
       [ 3.70670484e-10]]), 2.037017023243669), (4.2527521463142294e-05, array([[-2.04407976e-06],
       [-2.86346090e-09],
       [ 8.32682789e-10]]), 2.0355987786416754), (4.0041938388012557e-05, array([[-1.97088999e-06],
       [ 3.32058199e-09],
       [ 5.10706311e-12]]), 2.035279202704796), (3.859949342145154e-05, array([[-1.77442419e-06],
       [ 2.07302611e-09],
       [ 3.61611880e-10]]), 2.0388151351438863), (3.704459514941213e-05, array([[-1.58242118e-06],
       [ 9.21555669e-12],
       [-1.11956411e-10]]), 2.0385938450540424), (3.5549659863650416e-05, array([[-1.40141257e-06],
       [-7.01362946e-10],
       [ 5.59722444e-10]]), 2.043945193116262), (3.400816141341866e-05, array([[-1.22709734e-06],
       [ 1.99237911e-09],
       [ 5.77309008e-10]]), 2.0491557352052694), (3.247541332661645e-05, array([[-1.05581048e-06],
       [-2.39341570e-09],
       [ 1.08776069e-10]]), 2.057621746320649), (3.096291033770714e-05, array([[-9.01294558e-07],
       [ 2.22101390e-09],
       [-4.10922280e-11]]), 2.0705580771547836), (2.9354633369427367e-05, array([[-7.54115136e-07],
       [ 2.71665037e-10],
       [-2.40634657e-10]]), 2.0804503123338765), (2.781132345397325e-05, array([[-6.13942830e-07],
       [ 2.85335986e-09],
       [-3.00067594e-10]]), 2.098746658928301), (2.617842640872072e-05, array([[-4.88041515e-07],
       [ 1.10184817e-09],
       [ 2.93055335e-10]]), 2.114625347070148), (2.4590004075427224e-05, array([[-3.73736576e-07],
       [ 1.47572759e-09],
       [-4.00387272e-11]]), 2.139091271693891), (2.297182776257068e-05, array([[-2.67815941e-07],
       [-1.95854255e-09],
       [ 2.21305537e-12]]), 2.1671943349023506), (2.1312322773167178e-05, array([[-1.76089988e-07],
       [ 3.22174526e-09],
       [-1.48156297e-10]]), 2.1986448192401875), (1.971666086935962e-05, array([[-9.65604615e-08],
       [-3.62091789e-10],
       [-7.14091309e-11]]), 2.2463446207070543), (1.8027039160539793e-05, array([[-2.85866424e-08],
       [ 1.83412036e-09],
       [-3.61935905e-11]]), 2.295791327642241), (1.7876418038235548e-05, array([[-1.66307506e-08],
       [ 8.65552256e-10],
       [-3.27360967e-11]]), 2.276609327577433), (1.9342321838771466e-05, array([[-5.96471348e-08],
       [ 2.52585905e-09],
       [-3.15567535e-11]]), 2.2036956918009856), (2.0722007269390774e-05, array([[-1.11766690e-07],
       [ 2.19331720e-11],
       [ 2.92980551e-11]]), 2.1377460548066254), (2.2132524210929182e-05, array([[-1.79449659e-07],
       [ 4.16536243e-10],
       [-2.54564661e-10]]), 2.088013264889954), (2.356730656885109e-05, array([[-2.56431719e-07],
       [ 5.12432128e-10],
       [-2.99225570e-10]]), 2.0501265320708417), (2.4971534054376794e-05, array([[-3.43668350e-07],
       [ 2.60272014e-09],
       [ 1.63080831e-10]]), 2.017135714812092), (2.6401578044315495e-05, array([[-4.44093470e-07],
       [ 4.09007124e-09],
       [-1.53291022e-10]]), 1.9923619889087232), (2.7798819902382716e-05, array([[-5.52777809e-07],
       [ 3.41813116e-09],
       [-3.15472771e-10]]), 1.970185177262649), (2.9233931962158192e-05, array([[-6.78396551e-07],
       [-9.55906061e-10],
       [ 3.27860027e-10]]), 1.9549374813621756), (3.064200341591234e-05, array([[-8.00284095e-07],
       [ 4.36398958e-09],
       [-1.42688338e-10]]), 1.9414580484411614), (3.210159063218102e-05, array([[-9.39229959e-07],
       [-1.52123454e-09],
       [-6.43694714e-10]]), 1.934275650879207), (3.361007895320291e-05, array([[-1.08558372e-06],
       [ 2.18769850e-10],
       [-5.24973422e-10]]), 1.9324280339148947), (3.508952049101954e-05, array([[-1.24285693e-06],
       [-1.90591460e-09],
       [-5.08235321e-10]]), 1.9310045152437127), (3.6572459485352065e-05, array([[-1.40371230e-06],
       [-2.14719239e-10],
       [-2.01925454e-10]]), 1.9317477334231923), (3.811491267018987e-05, array([[-1.56817911e-06],
       [ 6.14808046e-10],
       [ 6.67330988e-10]]), 1.9373310132700923), (4.075806376172688e-05, array([[-1.65188503e-06],
       [ 3.67298964e-10],
       [-7.67547017e-10]]), 1.9509028967295137), (4.348245229078134e-05, array([[-1.71638466e-06],
       [-3.57985483e-09],
       [ 6.07712928e-10]]), 1.966321304389289), (4.612129542507955e-05, array([[-1.77430693e-06],
       [ 2.00036873e-09],
       [ 6.07559272e-11]]), 1.9783470839252477), (4.880460581026439e-05, array([[-1.82643258e-06],
       [-7.03664873e-10],
       [ 2.70464207e-10]]), 1.9929185507474991), (5.1517474875760156e-05, array([[-1.87685484e-06],
       [ 4.97699670e-09],
       [-2.78355048e-09]]), 2.0092368359223727), (5.415903176676171e-05, array([[-1.90307666e-06],
       [-2.91484595e-09],
       [-1.35711370e-10]]), 2.023440786118558), (5.680085957591009e-05, array([[-1.93360371e-06],
       [ 2.17887917e-09],
       [ 1.47370102e-10]]), 2.038477860516803), (5.9441286646362024e-05, array([[-1.95731753e-06],
       [ 2.84122842e-09],
       [-1.34028045e-09]]), 2.054315947662803), (6.204500948220359e-05, array([[-1.96786011e-06],
       [ 1.82916257e-09],
       [-1.05550286e-11]]), 2.0698104538872615), (6.461760930860193e-05, array([[-1.97665416e-06],
       [-1.22649222e-09],
       [-4.71931709e-10]]), 2.085290386539328), (6.720173076503886e-05, array([[-1.98182536e-06],
       [-1.59301061e-09],
       [ 2.26843139e-09]]), 2.10220189378467), (6.971294244061888e-05, array([[-1.97433463e-06],
       [ 2.80176480e-09],
       [-8.79200596e-11]]), 2.1179636464897906), (7.213170291995285e-05, array([[-1.94973760e-06],
       [ 3.24009141e-09],
       [-1.53834500e-09]]), 2.1321997892174944), (7.452039429086622e-05, array([[-1.91755958e-06],
       [-5.47849642e-09],
       [ 1.36816254e-09]]), 2.146925835618602), (7.683650022554082e-05, array([[-1.87794319e-06],
       [ 3.10362980e-09],
       [-9.35602614e-10]]), 2.1610058682977678), (7.912505272180222e-05, array([[-1.84180091e-06],
       [-1.86398702e-09],
       [ 1.04237478e-10]]), 2.1758147703691253), (8.134983189448823e-05, array([[-1.80872926e-06],
       [ 1.65188815e-09],
       [-8.08872627e-10]]), 2.1904205485029036), (8.347478071481302e-05, array([[-1.73563477e-06],
       [-3.31708117e-09],
       [ 4.01646825e-10]]), 2.203971319242797), (8.554798465328619e-05, array([[-1.67381473e-06],
       [-3.66926842e-09],
       [-2.58822472e-10]]), 2.2178560735524586), (8.744112770774301e-05, array([[-1.60578903e-06],
       [ 4.40220284e-09],
       [ 4.31518703e-11]]), 2.228866690186477), (8.936489190588837e-05, array([[-1.54803157e-06],
       [ 9.82379678e-10],
       [ 1.82198306e-10]]), 2.242501957291591), (9.099502162592407e-05, array([[-1.45162144e-06],
       [ 5.30544754e-09],
       [-3.70954030e-10]]), 2.250695837748722), (9.274925654501771e-05, array([[-1.35881114e-06],
       [ 6.20065243e-09],
       [-1.04808929e-09]]), 2.2639319506690514), (9.427794730299927e-05, array([[-1.27586125e-06],
       [ 1.19267700e-09],
       [-4.49177976e-10]]), 2.273650376042965), (9.562817838805018e-05, array([[-1.18301939e-06],
       [-5.18919408e-09],
       [-1.71186648e-10]]), 2.2811553792903583), (9.695789589113955e-05, array([[-1.06612351e-06],
       [-1.00457399e-10],
       [ 8.84459851e-10]]), 2.29029631327185), (9.810757480484097e-05, array([[-9.65508139e-07],
       [ 1.92702809e-09],
       [-3.27255156e-10]]), 2.297339687840396), (9.918967231177887e-05, array([[-8.54657811e-07],
       [ 3.80338544e-10],
       [-9.10554296e-11]]), 2.304993908797337), (0.00010004024793008454, array([[-7.41349325e-07],
       [ 6.46083039e-09],
       [-2.35258904e-10]]), 2.3095008445401293), (0.00010086377926323166, array([[-6.15695300e-07],
       [-1.56414278e-10],
       [-4.62513226e-10]]), 2.3156451905241964), (0.00010153912873716175, array([[-4.88974956e-07],
       [-3.14705983e-09],
       [ 2.15573154e-10]]), 2.3206625862396604), (0.00010198063276521132, array([[-3.91172768e-07],
       [-1.94694578e-09],
       [ 5.05399018e-10]]), 2.322642700920351), (0.00010236623479754678, array([[-2.38141584e-07],
       [ 1.20857135e-09],
       [-3.70662531e-10]]), 2.325673947454286), (0.00010250698183781316, array([[-1.19111956e-07],
       [-6.00895824e-09],
       [ 1.84784504e-10]]), 2.3254768634459135), (0.00010264317364669331, array([[-1.51821091e-09],
       [-4.28787126e-09],
       [ 3.68451503e-12]]), 2.3275173648921994)]