[(0.00010267965755197126, array([[-8.84872417e-09],
       [-2.20744990e-09],
       [-3.39296309e-10]]), 2.328344667089282), (0.00010242048698206496, array([[-1.44103734e-07],
       [-1.94059254e-09],
       [ 4.04856448e-10]]), 2.323514638217511), (0.00010214022347179856, array([[-2.70014393e-07],
       [-4.91908314e-09],
       [ 1.83217154e-10]]), 2.320539162012955), (0.00010165446039140604, array([[-4.07166094e-07],
       [ 3.25681509e-09],
       [-1.12236234e-10]]), 2.3152140170348052), (0.00010099686868903029, array([[-5.50159926e-07],
       [-5.28267823e-09],
       [-2.01305267e-10]]), 2.308269308678961), (0.00010023115395268286, array([[-6.75944118e-07],
       [-2.72353459e-11],
       [ 5.05710772e-10]]), 2.301121287409749), (9.947233024237733e-05, array([[-8.16259899e-07],
       [ 6.16769273e-10],
       [-4.60629905e-10]]), 2.2963900575666134), (9.846445523073463e-05, array([[-9.43396669e-07],
       [-1.18591363e-09],
       [-2.47921083e-10]]), 2.2881411365741506), (9.734554170877442e-05, array([[-1.05981661e-06],
       [ 4.34261477e-09],
       [ 3.71214985e-10]]), 2.2794955113991366), (9.608937136574985e-05, array([[-1.18567487e-06],
       [ 4.18553422e-09],
       [ 9.10097494e-10]]), 2.26978041304316), (9.469697836669578e-05, array([[-1.30561207e-06],
       [ 6.01352561e-10],
       [-6.17546334e-10]]), 2.258942136565102), (9.328706334223333e-05, array([[-1.42532639e-06],
       [-1.26968593e-09],
       [-2.42546648e-10]]), 2.2497537623123995), (9.1743968078874e-05, array([[-1.52581765e-06],
       [-3.50006413e-09],
       [-1.48817319e-09]]), 2.2393936981490743), (9.003729646780867e-05, array([[-1.62356545e-06],
       [-3.35325390e-09],
       [-3.72192577e-10]]), 2.2270072008479147), (8.833139279590304e-05, array([[-1.73277248e-06],
       [-1.11023629e-09],
       [-8.85142358e-10]]), 2.216567569328116), (8.653458492031643e-05, array([[-1.80497942e-06],
       [-2.25458202e-09],
       [ 1.05891626e-09]]), 2.2057589938987827), (8.455180931761054e-05, array([[-1.88533384e-06],
       [ 2.62910607e-09],
       [ 4.61473915e-10]]), 2.192029941849815), (8.261358145191364e-05, array([[-1.97715036e-06],
       [-2.76379363e-09],
       [-2.15165631e-10]]), 2.1812332124837286), (8.049666727194126e-05, array([[-2.04026107e-06],
       [ 3.75115378e-09],
       [-9.73322340e-11]]), 2.1674482905773242), (7.841292442495803e-05, array([[-2.10902434e-06],
       [-2.03672373e-09],
       [ 1.36211392e-10]]), 2.1562323598256623), (7.626682649215727e-05, array([[-2.16324378e-06],
       [ 1.89404182e-09],
       [-5.77464407e-10]]), 2.144983948022333), (7.402117022651199e-05, array([[-2.19586657e-06],
       [-6.16357098e-10],
       [ 9.00427218e-10]]), 2.132543235369048), (7.171535247767595e-05, array([[-2.23813837e-06],
       [ 1.35889696e-09],
       [ 5.09987288e-10]]), 2.119892547195929), (6.942237644025222e-05, array([[-2.27660490e-06],
       [ 1.37267257e-09],
       [ 6.68217339e-10]]), 2.1091358993866343), (6.709381361719544e-05, array([[-2.29095336e-06],
       [-1.93139038e-09],
       [ 2.79860280e-10]]), 2.0988260338181837), (6.470741455721942e-05, array([[-2.29376279e-06],
       [-3.24326860e-09],
       [-1.60178146e-10]]), 2.088188513282278), (6.233793069457883e-05, array([[-2.30305689e-06],
       [ 1.10211189e-09],
       [ 6.85320323e-11]]), 2.0795822533051234), (5.984228968711386e-05, array([[-2.28957065e-06],
       [-2.63659066e-09],
       [-4.82481087e-10]]), 2.068174781953837), (5.734287716343097e-05, array([[-2.28496349e-06],
       [ 3.71950044e-11],
       [-2.00852530e-09]]), 2.057929869877602), (5.4956734174828415e-05, array([[-2.26266063e-06],
       [-1.18624129e-09],
       [ 3.23099670e-10]]), 2.053243822380698), (5.244419430921407e-05, array([[-2.23507949e-06],
       [-2.37590950e-09],
       [-1.18154634e-09]]), 2.0453798888719033), (4.9962359562341686e-05, array([[-2.20389172e-06],
       [ 3.34097465e-09],
       [ 1.15636675e-09]]), 2.04019500942196), (4.744354873187046e-05, array([[-2.15093752e-06],
       [-1.40900495e-09],
       [ 5.23684466e-10]]), 2.035064397469695), (4.49829109710935e-05, array([[-2.09583758e-06],
       [-2.71715964e-09],
       [-5.20005634e-10]]), 2.034173592243788), (4.250265622158167e-05, array([[-2.04412496e-06],
       [ 3.22968790e-09],
       [ 4.98919372e-10]]), 2.034408592766505), (4.006224052569961e-05, array([[-1.96697660e-06],
       [ 2.23170694e-09],
       [-7.63144736e-10]]), 2.0363111337318234), (3.855527429669342e-05, array([[-1.77746143e-06],
       [-1.92787276e-09],
       [-2.51499262e-10]]), 2.0364794925530543), (3.709599945063193e-05, array([[-1.58522276e-06],
       [-1.23372609e-11],
       [ 2.69967238e-10]]), 2.0414226650655265), (3.554144843256388e-05, array([[-1.40366452e-06],
       [ 3.39997708e-10],
       [-1.99191234e-11]]), 2.0434730728438795), (3.400483512082875e-05, array([[-1.22266710e-06],
       [-6.39589574e-09],
       [-8.65702169e-11]]), 2.048955310035125), (3.249703851474169e-05, array([[-1.06031950e-06],
       [-1.14644552e-09],
       [ 1.61594443e-11]]), 2.0589919046280203), (3.089736747103126e-05, array([[-9.02205703e-07],
       [ 3.63953348e-09],
       [-4.75723070e-11]]), 2.0661750811600443), (2.9367509954047023e-05, array([[-7.49447323e-07],
       [-5.96678163e-10],
       [-3.65445681e-10]]), 2.0813629142443353), (2.7766205360385626e-05, array([[-6.13565116e-07],
       [ 9.06814868e-10],
       [-2.67545150e-10]]), 2.095341878557782), (2.618216949031701e-05, array([[-4.85204769e-07],
       [-4.33538618e-10],
       [-2.31323499e-10]]), 2.1149277034874543), (2.4572443978491623e-05, array([[-3.69853582e-07],
       [ 4.02858185e-10],
       [ 7.83547972e-11]]), 2.137563713993216), (2.2969365627849777e-05, array([[-2.68940751e-07],
       [-5.23039357e-10],
       [ 2.07858931e-10]]), 2.1669620536718774), (2.1375345230425516e-05, array([[-1.76216213e-07],
       [ 7.23470035e-10],
       [-1.15231291e-10]]), 2.2051464099218605), (1.9689123240106157e-05, array([[-9.62473876e-08],
       [-3.13297977e-09],
       [-3.79744080e-11]]), 2.2432072230639943), (1.803082678796286e-05, array([[-2.91348599e-08],
       [-5.53217632e-10],
       [-5.01006876e-11]]), 2.2962736920567615), (1.7876359888043293e-05, array([[-1.60688272e-08],
       [-1.44803391e-09],
       [-2.04038341e-11]]), 2.2766019219959674), (1.9347507416246525e-05, array([[-5.90805569e-08],
       [-4.88010991e-10],
       [-7.50788551e-11]]), 2.20428649133563), (2.072611196629558e-05, array([[-1.11508947e-07],
       [ 3.31647178e-09],
       [ 3.89018153e-11]]), 2.138169507974089), (2.2162608649946448e-05, array([[-1.78811098e-07],
       [ 2.69275635e-09],
       [-1.67930338e-10]]), 2.090851472910701), (2.358170164519771e-05, array([[-2.56393807e-07],
       [ 6.55892333e-10],
       [-1.25853599e-10]]), 2.051378763753031), (2.5001505474522597e-05, array([[-3.43179632e-07],
       [ 1.01816811e-09],
       [ 2.34736195e-11]]), 2.01955672834967), (2.6386368503897777e-05, array([[-4.42974029e-07],
       [ 6.83984511e-10],
       [-1.57127749e-10]]), 1.991214220008464), (2.7809902894298573e-05, array([[-5.53327527e-07],
       [-3.30876950e-10],
       [ 1.26927419e-10]]), 1.9709706619152), (2.9246614251210254e-05, array([[-6.76862560e-07],
       [ 1.36131734e-09],
       [-1.43383009e-10]]), 1.955785573991297), (3.063276322067241e-05, array([[-8.02999507e-07],
       [ 1.28088617e-10],
       [ 9.17460983e-11]]), 1.9408725954871158), (3.2154150685971666e-05, array([[-9.43947000e-07],
       [-2.39865057e-09],
       [-2.95040705e-10]]), 1.9374426475997448), (3.3576572511970006e-05, array([[-1.08771245e-06],
       [-2.14628400e-09],
       [ 5.94239494e-11]]), 1.930501564582724), (3.5083007136192065e-05, array([[-1.24360756e-06],
       [-1.53506207e-09],
       [ 8.02591458e-10]]), 1.9306460800925553), (3.659978462516756e-05, array([[-1.40672499e-06],
       [ 8.19762206e-10],
       [-5.70055963e-10]]), 1.9331910401530883), (3.80847248100134e-05, array([[-1.57374085e-06],
       [-3.47167680e-10],
       [ 6.49619537e-11]]), 1.9357966039366592), (4.071733225654314e-05, array([[-1.65327464e-06],
       [ 6.65363666e-10],
       [ 1.71318899e-10]]), 1.9489532650709622), (4.3438907444551535e-05, array([[-1.71656762e-06],
       [-6.96675454e-10],
       [ 2.55626085e-10]]), 1.9643521615666757), (4.6121516936127145e-05, array([[-1.77954953e-06],
       [ 2.75385500e-10],
       [-7.48605294e-10]]), 1.9783565855173222), (4.883659685016128e-05, array([[-1.82435624e-06],
       [ 3.53556852e-10],
       [-1.23339234e-10]]), 1.9942248933725386), (5.148151230330962e-05, array([[-1.86997142e-06],
       [-1.57129917e-09],
       [ 7.49130775e-10]]), 2.0078342569827723), (5.4124513069473556e-05, array([[-1.90547827e-06],
       [-2.49964964e-10],
       [ 5.47837288e-10]]), 2.022151129754735), (5.680609567088986e-05, array([[-1.93564144e-06],
       [ 1.81308575e-09],
       [-5.66052566e-10]]), 2.0386657742873258), (5.947161830612883e-05, array([[-1.95857516e-06],
       [-1.38946193e-10],
       [ 5.33041115e-10]]), 2.0553642226227433), (6.205177305477291e-05, array([[-1.96783604e-06],
       [-1.43851880e-09],
       [-6.96860871e-10]]), 2.0700360854622493), (6.468724213495245e-05, array([[-1.98488747e-06],
       [ 3.74043019e-09],
       [-2.51015937e-09]]), 2.0875375241993246), (6.718600083676487e-05, array([[-1.97474974e-06],
       [ 2.55718507e-09],
       [-1.27591541e-10]]), 2.1017098307882223), (6.968660312585423e-05, array([[-1.97149345e-06],
       [-1.83780746e-09],
       [-3.73352296e-10]]), 2.1171634261979486), (7.215065669466024e-05, array([[-1.94187749e-06],
       [-1.04668082e-09],
       [ 8.34234873e-10]]), 2.1327600592901534), (7.451622729406286e-05, array([[-1.92581637e-06],
       [-3.19319688e-09],
       [ 2.04180465e-10]]), 2.146805784816681), (7.686818875687899e-05, array([[-1.89036822e-06],
       [-6.71657340e-10],
       [-6.77013545e-10]]), 2.161897099704437), (7.916291148345627e-05, array([[-1.84542165e-06],
       [-1.53261190e-09],
       [-9.03531011e-11]]), 2.1768558268987737), (8.135155167075304e-05, array([[-1.80057021e-06],
       [ 4.37976403e-09],
       [-1.78619705e-09]]), 2.190466855092377), (8.344923933541678e-05, array([[-1.74487093e-06],
       [ 2.82471209e-09],
       [ 1.00024237e-10]]), 2.203296954276982), (8.557030930463172e-05, array([[-1.68428903e-06],
       [ 5.61860678e-09],
       [-1.26197069e-09]]), 2.2184348465507626), (8.745443390854646e-05, array([[-1.60341878e-06],
       [-2.75022843e-09],
       [-3.20724434e-10]]), 2.2292058640800576), (8.927181330549455e-05, array([[-1.53822972e-06],
       [ 4.91555102e-09],
       [ 5.80519196e-10]]), 2.240166264391241), (9.104806353876701e-05, array([[-1.46371526e-06],
       [-4.69516016e-09],
       [ 1.00594736e-09]]), 2.252007790977906), (9.271512798564066e-05, array([[-1.36736703e-06],
       [-1.02380468e-10],
       [ 8.52251236e-11]]), 2.263098901015802), (9.426559687355878e-05, array([[-1.26815307e-06],
       [-7.84963485e-09],
       [ 6.72823297e-10]]), 2.2733525274013164), (9.567763020860081e-05, array([[-1.17243633e-06],
       [-2.70604234e-09],
       [ 1.86115854e-10]]), 2.2823350241227325), (9.69129285302587e-05, array([[-1.05473955e-06],
       [-2.24028898e-09],
       [-7.98823653e-11]]), 2.28923411426375), (9.816408767223392e-05, array([[-9.72649083e-07],
       [ 4.67676637e-09],
       [-7.28288099e-10]]), 2.2986630235093672), (9.913735252553374e-05, array([[-8.42608688e-07],
       [ 5.81027238e-09],
       [-1.06853541e-09]]), 2.3037780887850934), (0.00010014722665177623, array([[-7.45069775e-07],
       [ 1.44405535e-09],
       [-4.76112750e-10]]), 2.3119705250258025), (0.00010079287011965576, array([[-6.14320267e-07],
       [ 1.00647551e-08],
       [-4.07743047e-10]]), 2.314017248179728), (0.00010147780932141646, array([[-4.95074948e-07],
       [-2.77946918e-09],
       [ 3.66681207e-11]]), 2.319261139568806), (0.00010204160161736992, array([[-3.65260412e-07],
       [ 4.82311930e-10],
       [ 1.71659562e-10]]), 2.3240312867293413), (0.00010232385271336596, array([[-2.40674778e-07],
       [-6.32280498e-10],
       [ 1.26932759e-10]]), 2.324711062483347), (0.00010254739086811131, array([[-1.15090374e-07],
       [-3.78599741e-09],
       [ 2.51462532e-10]]), 2.3263935840765266), (0.00010259453655926018, array([[1.26086091e-08],
       [3.18367768e-09],
       [3.24002453e-10]]), 2.32641447941471)]