[(0.00010268159370339241, array([[ 1.73903387e-08],
       [-2.00542402e-09],
       [ 5.23245445e-10]]), 2.3283885708959717), (0.00010247774022635938, array([[-1.32024790e-07],
       [ 4.20178171e-09],
       [-1.33251339e-10]]), 2.3248134872576145), (0.0001021215848443846, array([[-2.66351338e-07],
       [-1.23792964e-09],
       [-2.55485259e-10]]), 2.320115708221979), (0.00010170033843309042, array([[-4.15313403e-07],
       [ 2.51230369e-09],
       [ 9.10963087e-11]]), 2.316258904635141), (0.00010102939734127822, array([[-5.46664833e-07],
       [-1.95657156e-09],
       [-1.55391208e-10]]), 2.309012746476699), (0.00010030149136333816, array([[-6.83281449e-07],
       [-3.91582409e-09],
       [-7.21382705e-11]]), 2.3027361038273733), (9.939898939216436e-05, array([[-8.18824510e-07],
       [ 2.01934071e-09],
       [-4.61788929e-10]]), 2.2946969314597636), (9.851437057387042e-05, array([[-9.44848669e-07],
       [-3.49581788e-10],
       [-7.85692747e-10]]), 2.2893010815482793), (9.72890390145325e-05, array([[-1.07788359e-06],
       [ 4.40567752e-09],
       [ 4.16442083e-10]]), 2.278172413950137), (9.60730265537785e-05, array([[-1.20231369e-06],
       [-3.66076197e-09],
       [-9.31001895e-11]]), 2.2693943231610008), (9.475366389664316e-05, array([[-1.31736502e-06],
       [ 7.51684593e-10],
       [ 2.36278966e-11]]), 2.260294337388615), (9.323167912035194e-05, array([[-1.41387023e-06],
       [ 9.77077347e-10],
       [ 4.70338907e-10]]), 2.2484180909225384), (9.171075900752616e-05, array([[-1.51576564e-06],
       [-2.25408647e-09],
       [-5.34556844e-10]]), 2.2385830924312815), (9.00812482884944e-05, array([[-1.63038886e-06],
       [ 1.49907934e-09],
       [ 1.40274245e-10]]), 2.22809431724298), (8.833556585379634e-05, array([[-1.72086415e-06],
       [ 8.53381291e-09],
       [-1.28633448e-09]]), 2.2166722870790587), (8.645479159140778e-05, array([[-1.80295268e-06],
       [ 2.41728792e-09],
       [ 9.70159331e-10]]), 2.2037250689304546), (8.452776575206245e-05, array([[-1.89569230e-06],
       [-7.65096279e-10],
       [ 9.65358089e-10]]), 2.191406605507097), (8.25982241016755e-05, array([[-1.96882228e-06],
       [-2.64808099e-09],
       [ 5.38336032e-10]]), 2.180827734815209), (8.046775847954046e-05, array([[-2.03648661e-06],
       [-2.74188311e-09],
       [ 9.69127508e-10]]), 2.1666698942188756), (7.838430989193935e-05, array([[-2.10091539e-06],
       [-1.11457551e-09],
       [-7.50398099e-10]]), 2.1554455050755217), (7.625885157789894e-05, array([[-2.16576191e-06],
       [-5.97918116e-10],
       [-1.17310641e-10]]), 2.144759655707342), (7.398463076518389e-05, array([[-2.19841806e-06],
       [ 5.23457641e-09],
       [ 1.18077758e-09]]), 2.1314905367851047), (7.174677874727871e-05, array([[-2.22323761e-06],
       [-2.50238360e-09],
       [-9.60584677e-10]]), 2.1208215019094654), (6.939084841001859e-05, array([[-2.26648221e-06],
       [ 3.54230923e-09],
       [ 8.21912801e-10]]), 2.108178039632871), (6.701460373929134e-05, array([[-2.28326992e-06],
       [-1.43771926e-10],
       [-2.59207701e-10]]), 2.0963481935387622), (6.469224851569789e-05, array([[-2.29536915e-06],
       [ 7.23457574e-10],
       [-7.07864969e-10]]), 2.0876990863145353), (6.223091747809968e-05, array([[-2.30472050e-06],
       [ 3.50538962e-09],
       [-9.67585905e-10]]), 2.0760123114835145), (5.98728078468847e-05, array([[-2.29782851e-06],
       [ 1.59823852e-09],
       [-4.59208427e-10]]), 2.0692295024326106), (5.7367288510545385e-05, array([[-2.28338051e-06],
       [-6.97367970e-10],
       [ 1.25220922e-11]]), 2.0588059480040544), (5.493881112947859e-05, array([[-2.26581558e-06],
       [ 1.79463504e-09],
       [ 2.71960840e-10]]), 2.052574197762435), (5.242015479837273e-05, array([[-2.23231601e-06],
       [ 1.43736337e-09],
       [ 8.28110656e-10]]), 2.044442322137189), (4.997453056375707e-05, array([[-2.19429326e-06],
       [-7.80143697e-10],
       [ 3.66980660e-10]]), 2.0406920078937065), (4.754922045744563e-05, array([[-2.15296286e-06],
       [-1.36565318e-09],
       [-8.65798324e-10]]), 2.0395971268351265), (4.499498835979616e-05, array([[-2.10359112e-06],
       [-3.51219403e-09],
       [-1.39773680e-10]]), 2.0347197442075413), (4.254430931520044e-05, array([[-2.04411279e-06],
       [ 4.54268923e-09],
       [ 3.34254285e-10]]), 2.036402336666452), (4.004471543416222e-05, array([[-1.97084377e-06],
       [-1.26063397e-10],
       [-8.25934286e-10]]), 2.0354203563177555), (3.853458241023316e-05, array([[-1.77467042e-06],
       [-4.41919692e-09],
       [-1.24981116e-09]]), 2.0353865525284474), (3.7030472736445045e-05, array([[-1.58352878e-06],
       [ 3.21538625e-09],
       [ 3.71704303e-10]]), 2.0378166773178075), (3.55604436583129e-05, array([[-1.40124533e-06],
       [-4.55789556e-09],
       [ 1.24754789e-09]]), 2.044565212698685), (3.3992527702058993e-05, array([[-1.22502849e-06],
       [-7.77114861e-10],
       [ 1.48847403e-10]]), 2.048213728699662), (3.248076145470167e-05, array([[-1.06112393e-06],
       [ 5.98744113e-10],
       [-1.24651898e-10]]), 2.057960600349682), (3.090841758625451e-05, array([[-8.99096919e-07],
       [-7.86018803e-10],
       [ 1.98764651e-10]]), 2.0669140267268356), (2.9324084361804718e-05, array([[-7.49234709e-07],
       [-1.99589811e-09],
       [ 5.70604620e-10]]), 2.078285213160257), (2.7789308274760006e-05, array([[-6.12790957e-07],
       [ 9.33950284e-10],
       [-4.79468543e-11]]), 2.097085311028192), (2.618531157111734e-05, array([[-4.86576779e-07],
       [-2.55039398e-09],
       [ 3.16268236e-11]]), 2.1151815126201807), (2.4541800690597176e-05, array([[-3.72621697e-07],
       [ 2.37942977e-09],
       [ 1.91022319e-11]]), 2.134898045883933), (2.2939371169826416e-05, array([[-2.66257050e-07],
       [-5.74440620e-10],
       [-1.30930563e-10]]), 2.164132334583847), (2.1303289385978223e-05, array([[-1.75281819e-07],
       [ 1.14516715e-09],
       [-1.76881082e-10]]), 2.197712907211894), (1.967079100905603e-05, array([[-9.58874710e-08],
       [ 2.61873773e-11],
       [-7.49737268e-11]]), 2.2411186083194456), (1.8052277211985483e-05, array([[-2.94691775e-08],
       [-4.59975724e-10],
       [ 7.38106712e-11]]), 2.2990054605411383), (1.789010866717956e-05, array([[-1.62131682e-08],
       [ 2.21070452e-09],
       [-1.84365359e-11]]), 2.278352865543913), (1.9342610713334916e-05, array([[-5.87173514e-08],
       [-1.21089846e-09],
       [-1.01572020e-11]]), 2.2037286036528436), (2.0759908044648868e-05, array([[-1.13809878e-07],
       [ 1.32908468e-09],
       [ 3.18046001e-11]]), 2.141656015445515), (2.2161371302777072e-05, array([[-1.78481586e-07],
       [ 7.14678461e-10],
       [ 6.77378825e-11]]), 2.090734739849514), (2.3553563157282888e-05, array([[-2.57892847e-07],
       [-1.11011303e-09],
       [ 3.33971803e-11]]), 2.04893098888839), (2.4983734694916647e-05, array([[-3.44202735e-07],
       [ 8.70395290e-10],
       [-1.62491854e-10]]), 2.018121250891811), (2.6356573756651673e-05, array([[-4.43719446e-07],
       [ 1.12414336e-09],
       [ 3.78512052e-10]]), 1.9889657967595715), (2.781934534903767e-05, array([[-5.54585908e-07],
       [ 2.69775028e-09],
       [-1.51274529e-10]]), 1.9716398768109857), (2.924101840271309e-05, array([[-6.73829715e-07],
       [ 2.44592933e-09],
       [-2.35976172e-10]]), 1.955411367265315), (3.06937710862692e-05, array([[-8.01483913e-07],
       [-6.01331549e-10],
       [-3.46246110e-10]]), 1.9447380154491667), (3.2123173573949556e-05, array([[-9.41938194e-07],
       [ 2.76532565e-10],
       [ 2.71565078e-10]]), 1.9355761272081082), (3.361579280117514e-05, array([[-1.08933961e-06],
       [ 5.07979175e-09],
       [-9.77261346e-11]]), 1.9327565544166896), (3.5099505935607276e-05, array([[-1.24307278e-06],
       [ 5.04705855e-10],
       [ 7.64983787e-10]]), 1.9315540222850118), (3.659884501743287e-05, array([[-1.40096705e-06],
       [-2.93321257e-09],
       [-3.68300194e-11]]), 1.9331414103185804), (3.8096173956965006e-05, array([[-1.57356922e-06],
       [-2.16196303e-10],
       [-2.89325052e-10]]), 1.9363785490576346), (4.074088900033945e-05, array([[-1.65270979e-06],
       [-3.26464157e-10],
       [ 3.89133302e-10]]), 1.9500808191171604), (4.3400917625520204e-05, array([[-1.71425119e-06],
       [-4.30330362e-09],
       [ 1.23964955e-09]]), 1.9626342227988332), (4.61772796006524e-05, array([[-1.77333095e-06],
       [-3.73903579e-10],
       [ 6.58631730e-10]]), 1.98074849371805), (4.884671227258084e-05, array([[-1.82874551e-06],
       [ 1.17483881e-09],
       [ 3.09288662e-12]]), 1.9946379530142242), (5.152901829356055e-05, array([[-1.86717291e-06],
       [ 1.97217393e-09],
       [-1.92371093e-09]]), 2.0096870416110812), (5.417476018688309e-05, array([[-1.90935623e-06],
       [-4.76367031e-09],
       [ 1.12413344e-09]]), 2.0240284171329357), (5.6818995811444166e-05, array([[-1.94933107e-06],
       [ 8.53837837e-10],
       [ 1.15086686e-09]]), 2.0391287364874375), (5.9463714498050483e-05, array([[-1.96485170e-06],
       [ 1.94005626e-09],
       [ 8.18064177e-10]]), 2.055091063680555), (6.203138293973543e-05, array([[-1.96705024e-06],
       [-7.37842669e-09],
       [ 2.09545874e-09]]), 2.069355874860095), (6.469578784105509e-05, array([[-1.98659093e-06],
       [-2.01069725e-09],
       [-4.45672157e-10]]), 2.087813304733032), (6.715980981235162e-05, array([[-1.97594742e-06],
       [-2.80865266e-09],
       [ 1.46146932e-10]]), 2.1008905241945546), (6.966769812582794e-05, array([[-1.97368502e-06],
       [-7.71233113e-11],
       [ 2.62310023e-10]]), 2.116589069394308), (7.21811050789005e-05, array([[-1.95317751e-06],
       [-2.94148186e-10],
       [-8.92862234e-11]]), 2.1336601078933466), (7.448116698517109e-05, array([[-1.91360158e-06],
       [ 2.63945434e-09],
       [ 2.87372290e-11]]), 2.1457957004809662), (7.687932583752591e-05, array([[-1.89325556e-06],
       [-1.89357630e-09],
       [-4.58470412e-10]]), 2.162210327097187), (7.913739390349908e-05, array([[-1.85186892e-06],
       [-2.53084712e-09],
       [-6.37836309e-12]]), 2.1761541334974415), (8.127730015883266e-05, array([[-1.80206434e-06],
       [ 3.53463161e-09],
       [-7.86964043e-10]]), 2.1884675634690245), (8.347276080303645e-05, array([[-1.75085941e-06],
       [-2.80893688e-10],
       [ 1.26555936e-10]]), 2.2039179878343784), (8.55234419700775e-05, array([[-1.68844096e-06],
       [ 3.17140101e-10],
       [ 6.92195288e-11]]), 2.217219797441031), (8.751026186607225e-05, array([[-1.61052797e-06],
       [ 6.27665414e-09],
       [-3.74464508e-10]]), 2.2306289138298996), (8.933130931574334e-05, array([[-1.53045924e-06],
       [ 2.47915041e-09],
       [-3.60120753e-10]]), 2.2416592435309064), (9.106614472423825e-05, array([[-1.45484207e-06],
       [ 1.14286711e-09],
       [-3.70519353e-10]]), 2.252455015981588), (9.269192281457496e-05, array([[-1.37300832e-06],
       [-7.26812038e-10],
       [-5.05351247e-10]]), 2.2625324821553887), (9.421062250568262e-05, array([[-1.26697622e-06],
       [ 1.05817872e-08],
       [-1.22381522e-09]]), 2.2720267402393124), (9.564717384509364e-05, array([[-1.16874746e-06],
       [-2.98299066e-09],
       [-1.10224404e-10]]), 2.2816085050295203), (9.690438625833878e-05, array([[-1.08071797e-06],
       [ 3.77282602e-09],
       [-3.89086543e-10]]), 2.2890323325139983), (9.81430770672081e-05, array([[-9.72974413e-07],
       [ 1.83227563e-09],
       [-4.24968344e-10]]), 2.2981710278924394), (9.915993673876462e-05, array([[-8.54884680e-07],
       [-3.59041245e-09],
       [ 5.29140046e-10]]), 2.3043029062657734), (0.0001000043549936479, array([[-7.44481299e-07],
       [ 1.49915020e-09],
       [-6.28484473e-10]]), 2.3086722303700467), (0.00010083367218338187, array([[-6.09290314e-07],
       [ 1.19523844e-09],
       [-3.26803964e-11]]), 2.3149539878430736), (0.0001015013595798858, array([[-5.01910463e-07],
       [-3.32935145e-09],
       [-5.08458135e-10]]), 2.3197993774324335), (0.00010202237039339229, array([[-3.67002725e-07],
       [-2.09867210e-09],
       [ 1.06772563e-10]]), 2.3235932892312845), (0.00010234035412439428, array([[-2.61895081e-07],
       [ 7.29238747e-09],
       [ 7.60372159e-11]]), 2.3250859605325007), (0.00010251895848714996, array([[-1.28981357e-07],
       [ 1.00201457e-09],
       [-3.52506243e-10]]), 2.3257485661186), (0.0001027072205859294, array([[-1.73474544e-09],
       [-4.82775038e-10],
       [ 1.11223648e-10]]), 2.328969681280557)]