[(0.00010262588391310883, array([[ 1.46686279e-09],
       [-3.01082988e-09],
       [-1.48250751e-11]]), 2.327125306134441), (0.00010240132307214637, array([[-1.48620837e-07],
       [ 2.95189471e-09],
       [ 1.37141175e-10]]), 2.3230798851077243), (0.00010210035881964269, array([[-2.72608253e-07],
       [ 2.10801406e-09],
       [-2.10394024e-10]]), 2.3196334709603676), (0.00010159970509239793, array([[-3.92360496e-07],
       [-4.07089684e-10],
       [-1.22681826e-12]]), 2.3139669469575814), (0.00010107474873868557, array([[-5.62955585e-07],
       [-4.14117072e-09],
       [-2.40886044e-10]]), 2.310049246321693), (0.00010029690143607928, array([[-6.81909351e-07],
       [-2.85930977e-09],
       [ 5.65009109e-10]]), 2.302630727615422), (9.94123816803915e-05, array([[-8.04781197e-07],
       [ 7.87204529e-10],
       [-7.28506585e-10]]), 2.295006102034716), (9.841618222345327e-05, array([[-9.44326500e-07],
       [ 3.36851824e-09],
       [-3.87000447e-10]]), 2.287019356603015), (9.732162964160052e-05, array([[-1.06665986e-06],
       [ 1.86747378e-09],
       [ 1.36273962e-11]]), 2.2789355735855055), (9.606709677328542e-05, array([[-1.18993955e-06],
       [-3.53822576e-09],
       [ 4.33664781e-10]]), 2.2692542525223276), (9.470673548900318e-05, array([[-1.29324681e-06],
       [-1.25023670e-09],
       [-1.06202858e-09]]), 2.25917488712475), (9.325932317476054e-05, array([[-1.42310064e-06],
       [ 2.02808930e-09],
       [-3.33900134e-10]]), 2.249084767664019), (9.166123014418098e-05, array([[-1.51455542e-06],
       [ 2.08960034e-09],
       [-9.61712726e-10]]), 2.237374134210112), (9.003453461332873e-05, array([[-1.62804241e-06],
       [-5.45845655e-09],
       [-1.17499429e-11]]), 2.2269388883812393), (8.83003295754404e-05, array([[-1.72632916e-06],
       [ 4.30137226e-10],
       [ 8.02417465e-10]]), 2.2157880760483546), (8.644889099376997e-05, array([[-1.81473180e-06],
       [-3.13228183e-09],
       [-2.06134293e-09]]), 2.203574663213238), (8.459545617254243e-05, array([[-1.90397124e-06],
       [-4.42541260e-09],
       [-8.71568136e-10]]), 2.193161499100339), (8.257928459837164e-05, array([[-1.97092124e-06],
       [ 5.07069416e-10],
       [-5.15617499e-10]]), 2.1803276781307237), (8.050114976682403e-05, array([[-2.03783002e-06],
       [ 4.18487523e-09],
       [ 9.31547199e-10]]), 2.167568985957648), (7.841346298109188e-05, array([[-2.10685245e-06],
       [-3.15809215e-09],
       [-6.79474442e-10]]), 2.156247169274129), (7.621316011655649e-05, array([[-2.15699144e-06],
       [ 4.36469628e-09],
       [ 8.95959704e-10]]), 2.143474595666836), (7.398991107596592e-05, array([[-2.18590567e-06],
       [ 6.15971585e-09],
       [ 8.59146905e-10]]), 2.1316426620622977), (7.1708013198388e-05, array([[-2.23607510e-06],
       [ 3.28876056e-10],
       [ 1.10639104e-09]]), 2.119675599458426), (6.936406052106315e-05, array([[-2.26759314e-06],
       [ 4.43448320e-09],
       [-1.90230073e-10]]), 2.107364191113679), (6.702801759917458e-05, array([[-2.28915037e-06],
       [ 5.35086720e-09],
       [ 3.13377305e-10]]), 2.096767805375072), (6.467267972944197e-05, array([[-2.28864356e-06],
       [-4.33771867e-09],
       [-1.26676317e-09]]), 2.0870675773142437), (6.225199763745085e-05, array([[-2.29880626e-06],
       [ 3.13789498e-09],
       [ 1.49599507e-09]]), 2.07671554184094), (5.9880690719185e-05, array([[-2.29421481e-06],
       [ 1.82937236e-09],
       [ 9.81582972e-10]]), 2.0695019378254753), (5.737309793939034e-05, array([[-2.28904771e-06],
       [-2.95556708e-09],
       [ 7.49466723e-10]]), 2.0590144376672583), (5.492133326515748e-05, array([[-2.25741721e-06],
       [-2.61132930e-09],
       [ 1.14409009e-09]]), 2.0519212055953324), (5.248800410453154e-05, array([[-2.23392701e-06],
       [ 2.79240041e-09],
       [-6.12618302e-10]]), 2.0470885179290987), (4.9977000806105046e-05, array([[-2.19686988e-06],
       [ 1.35895128e-09],
       [ 1.14999866e-10]]), 2.0407928793528316), (4.748855443572221e-05, array([[-2.15270943e-06],
       [-8.61479304e-10],
       [-4.41758704e-10]]), 2.036994891879154), (4.4978482716708804e-05, array([[-2.09654450e-06],
       [ 7.37973993e-10],
       [-3.46439185e-10]]), 2.0339733420168766), (4.2521561925095574e-05, array([[-2.04559003e-06],
       [-4.23906988e-09],
       [ 4.17615612e-10]]), 2.035313522695601), (4.007453905001881e-05, array([[-1.97048622e-06],
       [-1.83274097e-09],
       [-5.36277645e-10]]), 2.036936251590212), (3.8576366825907186e-05, array([[-1.77553306e-06],
       [ 3.51951054e-09],
       [-2.11727551e-10]]), 2.0375935944229924), (3.7055910801288987e-05, array([[-1.58598081e-06],
       [ 2.75083853e-09],
       [-1.08617935e-10]]), 2.039216554471594), (3.5528163707105403e-05, array([[-1.40015989e-06],
       [-1.64422721e-09],
       [ 7.30672224e-10]]), 2.0427092610142625), (3.403594037638354e-05, array([[-1.22793786e-06],
       [ 3.01346718e-09],
       [-8.31854287e-10]]), 2.0508295516925994), (3.248287028154313e-05, array([[-1.06033762e-06],
       [-1.04418603e-09],
       [ 2.14096966e-10]]), 2.05809421429093), (3.093358651502307e-05, array([[-9.00886744e-07],
       [-1.68756546e-09],
       [-5.41422417e-10]]), 2.068597128482668), (2.932937221225958e-05, array([[-7.52232835e-07],
       [ 1.96177674e-09],
       [ 8.14818551e-11]]), 2.0786599788741382), (2.7792211763401188e-05, array([[-6.11466075e-07],
       [-1.87035917e-09],
       [-9.73570452e-11]]), 2.097304419158555), (2.6175689916612124e-05, array([[-4.87565394e-07],
       [-1.60701118e-09],
       [ 1.02453135e-10]]), 2.1144043003393573), (2.4611148209533762e-05, array([[-3.71391117e-07],
       [ 1.10789504e-09],
       [-5.57846205e-11]]), 2.140930605781681), (2.296621568690321e-05, array([[-2.68369846e-07],
       [-8.23554102e-10],
       [-2.79383385e-10]]), 2.166664883840846), (2.1335115364151214e-05, array([[-1.76308142e-07],
       [ 1.63156428e-09],
       [ 3.84115530e-11]]), 2.2009961730845093), (1.9687540121024515e-05, array([[-9.58532552e-08],
       [-1.52363652e-09],
       [-1.92655926e-10]]), 2.2430268562637257), (1.8019756216087605e-05, array([[-2.91235340e-08],
       [ 2.27195813e-10],
       [ 1.21584442e-10]]), 2.294863825318419), (1.788853000885215e-05, array([[-1.63189512e-08],
       [ 5.45382337e-10],
       [-3.19338256e-13]]), 2.278151819212061), (1.9315755065564554e-05, array([[-6.02075707e-08],
       [-3.21039297e-09],
       [ 6.11900187e-12]]), 2.200668905040372), (2.0748531306661666e-05, array([[-1.13575849e-07],
       [ 1.74797911e-09],
       [-1.43148115e-10]]), 2.140482356135751), (2.2150191798269934e-05, array([[-1.78360793e-07],
       [-3.52409368e-09],
       [ 9.41952851e-11]]), 2.089680049770636), (2.3605399307583382e-05, array([[-2.57616549e-07],
       [-6.43897544e-10],
       [-3.54112680e-11]]), 2.0534402299737464), (2.49780734188656e-05, array([[-3.44727336e-07],
       [ 2.61114823e-09],
       [-1.38593227e-10]]), 2.0176639477045453), (2.6399573408449292e-05, array([[-4.44379447e-07],
       [-4.40862209e-09],
       [ 4.89927054e-10]]), 1.9922107115761818), (2.780001033725552e-05, array([[-5.54050706e-07],
       [-4.69633048e-12],
       [-2.81830367e-10]]), 1.9702695469283091), (2.9249627970052413e-05, array([[-6.75289538e-07],
       [-2.80491839e-10],
       [ 3.84301700e-10]]), 1.9559871080145155), (3.067790107784387e-05, array([[-8.03200041e-07],
       [ 2.46282111e-09],
       [ 2.89519957e-11]]), 1.9437325017049123), (3.2095669393448505e-05, array([[-9.44400684e-07],
       [-7.30925803e-10],
       [-9.95092530e-11]]), 1.933918867689409), (3.3631003791398595e-05, array([[-1.09024726e-06],
       [ 2.52315651e-09],
       [ 2.71021778e-10]]), 1.9336311177871692), (3.503585359675438e-05, array([[-1.24057498e-06],
       [-4.07353387e-09],
       [ 6.25266950e-10]]), 1.9280511829184208), (3.6548465277876844e-05, array([[-1.40426107e-06],
       [ 2.04673384e-10],
       [-3.20375743e-10]]), 1.9304803656672964), (3.81146044430435e-05, array([[-1.57518769e-06],
       [-2.63811762e-09],
       [-4.36223979e-10]]), 1.9373153464885633), (4.076688599457661e-05, array([[-1.65340450e-06],
       [ 7.04344228e-10],
       [-7.72294387e-10]]), 1.9513251768388626), (4.344528913819672e-05, array([[-1.71527992e-06],
       [-6.73840585e-10],
       [-3.48997095e-10]]), 1.9646407483301056), (4.610784781939412e-05, array([[-1.77110506e-06],
       [-5.06475048e-09],
       [ 5.38188653e-10]]), 1.977770256426186), (4.8845548343452056e-05, array([[-1.82544119e-06],
       [ 4.61978823e-09],
       [-1.98444345e-10]]), 1.9945904243862598), (5.1524795992635e-05, array([[-1.86573367e-06],
       [-1.21852472e-09],
       [ 1.33048599e-12]]), 2.0095223673413813), (5.416098358442631e-05, array([[-1.90494688e-06],
       [ 5.61637629e-09],
       [-7.38451671e-10]]), 2.0235137081657366), (5.678598138387955e-05, array([[-1.93575076e-06],
       [-1.70455416e-09],
       [-8.95572580e-10]]), 2.0379439097054033), (5.941450543568282e-05, array([[-1.97098150e-06],
       [ 3.41232896e-11],
       [ 1.17195114e-09]]), 2.0533903777214366), (6.208325974129367e-05, array([[-1.96807964e-06],
       [-1.77328023e-09],
       [ 2.98696544e-12]]), 2.0710864757105996), (6.464247076675356e-05, array([[-1.97396294e-06],
       [-4.78792451e-09],
       [ 3.33509939e-10]]), 2.0860926966252884), (6.718848462873645e-05, array([[-1.97432520e-06],
       [-3.99571875e-09],
       [ 2.93223705e-11]]), 2.1017875286708065), (6.965189717674109e-05, array([[-1.96741685e-06],
       [ 1.56249898e-09],
       [-7.79505891e-10]]), 2.116109017418673), (7.209905193795555e-05, array([[-1.94763454e-06],
       [ 5.60089376e-09],
       [-1.21556475e-09]]), 2.131234632232227), (7.451133441890098e-05, array([[-1.92888850e-06],
       [-1.61947623e-09],
       [ 5.74709714e-10]]), 2.146664821524747), (7.685350248159278e-05, array([[-1.88095810e-06],
       [ 2.00163690e-10],
       [ 9.11973254e-10]]), 2.161484052168646), (7.913914654221368e-05, array([[-1.85366583e-06],
       [-6.36331015e-09],
       [ 1.27211559e-09]]), 2.176202328311488), (8.132134794255064e-05, array([[-1.80684204e-06],
       [-2.99547052e-09],
       [ 4.76066465e-10]]), 2.189653591372524), (8.34654945369677e-05, array([[-1.74433564e-06],
       [ 5.54451898e-09],
       [ 5.57167088e-10]]), 2.2037261377704866), (8.552505511066995e-05, array([[-1.67515438e-06],
       [ 2.53326599e-09],
       [-8.62324208e-10]]), 2.2172616185742227), (8.745512501417208e-05, array([[-1.59988415e-06],
       [-3.51408870e-09],
       [ 1.39591046e-09]]), 2.229223480301952), (8.939031410073497e-05, array([[-1.51704346e-06],
       [ 1.80044079e-09],
       [-1.34134488e-10]]), 2.243139895977425), (9.097365310619544e-05, array([[-1.46103379e-06],
       [-3.07872329e-09],
       [ 2.31733032e-10]]), 2.250167302917335), (9.273968002828621e-05, array([[-1.36846978e-06],
       [ 2.56679759e-09],
       [-7.72509541e-10]]), 2.2636981958874807), (9.420790485308307e-05, array([[-1.26439279e-06],
       [-8.43295712e-10],
       [ 2.05621748e-10]]), 2.271961200078208), (9.565581412199935e-05, array([[-1.16201546e-06],
       [-1.81870157e-09],
       [-4.95197089e-10]]), 2.281814613882311), (9.699803211690279e-05, array([[-1.06909460e-06],
       [ 1.10409840e-09],
       [ 6.88044894e-10]]), 2.2912443933539235), (9.814175979613103e-05, array([[-9.55553520e-07],
       [ 4.72293402e-10],
       [ 2.94911641e-11]]), 2.298140181965089), (9.912807445323418e-05, array([[-8.47242663e-07],
       [ 1.68607413e-09],
       [-7.53689726e-10]]), 2.3035624826676675), (0.00010008370101488198, array([[-7.24494369e-07],
       [ 2.60549827e-09],
       [ 1.90927037e-10]]), 2.31050399015516), (0.00010085235883243932, array([[-6.21919195e-07],
       [-6.40102411e-09],
       [ 4.59992007e-10]]), 2.315382998627054), (0.00010148685435667548, array([[-4.96479944e-07],
       [-2.80317921e-09],
       [ 9.58559054e-11]]), 2.3194678625846312), (0.00010200613021211054, array([[-3.85219732e-07],
       [ 3.36910419e-09],
       [-9.42320333e-10]]), 2.323223413721662), (0.0001023716141840085, array([[-2.64931887e-07],
       [ 2.75604492e-09],
       [ 8.02990328e-11]]), 2.325796162547691), (0.00010258507395131697, array([[-1.28677459e-07],
       [-4.68158884e-09],
       [ 1.02188812e-10]]), 2.3272484637790307), (0.00010257932417918307, array([[-6.78612398e-09],
       [ 4.63811531e-09],
       [-5.26107380e-10]]), 2.32606952633568)]