[(1.4594271801970085, array([[ 0.00453824],
       [-0.00899058],
       [-0.00014544]]), 2.3268928982846053), (1.4595451083426034, array([[ 1.07487184e-02],
       [-1.57033897e-02],
       [-1.53513966e-05]]), 2.3259897966246608), (1.4601809505649235, array([[0.01920244],
       [0.00076716],
       [0.00042169]]), 2.3264979322762267), (1.4597203523242153, array([[-0.0004119 ],
       [ 0.00085297],
       [-0.0002935 ]]), 2.325844666090705), (1.4580842235133598, array([[1.82816323e-02],
       [4.04394854e-03],
       [7.54661869e-05]]), 2.32390330919152), (1.456069578755135, array([[ 0.00186333],
       [-0.0031472 ],
       [-0.00029397]]), 2.3219420898059497), (1.453885045332039, array([[0.01174242],
       [0.00170235],
       [0.00020619]]), 2.3202921314949645), (1.4520691800867191, array([[-1.41796848e-02],
       [ 3.37278714e-05],
       [-4.26752410e-04]]), 2.319812856605717), (1.448018219532794, array([[ 6.47186454e-05],
       [ 2.01969073e-03],
       [-1.64245794e-04]]), 2.316341816897421), (1.4452186880654934, array([[-0.01613803],
       [-0.00569268],
       [-0.00064454]]), 2.315449885275369), (1.4415302657849411, array([[ 1.27636001e-02],
       [-1.02214829e-03],
       [ 3.05427987e-05]]), 2.3137122070682477), (1.4362267800496586, array([[ 1.30605419e-02],
       [-1.89104576e-03],
       [ 2.17619269e-05]]), 2.309953880264316), (1.4325498517510966, array([[-0.00231406],
       [ 0.00376416],
       [-0.00111879]]), 2.30938407471617), (1.4265156221391861, array([[ 0.00731614],
       [-0.0053133 ],
       [ 0.00016297]]), 2.3055843963160685), (1.4190550644857547, array([[ 0.00336485],
       [-0.00429436],
       [-0.00046544]]), 2.300034356647371), (1.4125731556783319, array([[ 0.00088665],
       [-0.01092467],
       [ 0.00034667]]), 2.2966232667105957), (1.4063150557185944, array([[-0.00408168],
       [-0.00541182],
       [-0.00237104]]), 2.2941353109828007), (1.3986609609933804, array([[-0.0054057 ],
       [-0.00378928],
       [-0.00178232]]), 2.289924009641996), (1.390168839023821, array([[-0.00845284],
       [-0.01694742],
       [-0.00174297]]), 2.284882317264926), (1.3827069103303378, array([[ 0.00746936],
       [-0.00190742],
       [ 0.00066173]]), 2.2820778023365635), (1.3741229174360747, array([[-0.00257093],
       [-0.00621467],
       [-0.00126127]]), 2.2779660617504716), (1.364700240095684, array([[ 0.01818914],
       [-0.00580933],
       [-0.00184509]]), 2.2729959302401634), (1.3545351538031942, array([[ 0.00493362],
       [ 0.00150038],
       [-0.00101912]]), 2.2673098861592305), (1.3439346273357025, array([[ 0.01370836],
       [ 0.00460257],
       [-0.00030647]]), 2.261406507332607), (1.3338944779569177, array([[-0.00028695],
       [ 0.00383461],
       [ 0.0012612 ]]), 2.2569597617566486), (1.3233434089936698, array([[ 0.03102441],
       [ 0.00111113],
       [-0.00238033]]), 2.2521642510757545), (1.3127259759279042, array([[ 0.02115268],
       [ 0.00423725],
       [-0.00195786]]), 2.2477680607505395), (1.3003531445800605, array([[0.04778188],
       [0.00264128],
       [0.00012509]]), 2.2408610646437106), (1.2886676885170163, array([[-0.00013826],
       [ 0.0007789 ],
       [ 0.00037164]]), 2.235623526932311), (1.275253829890343, array([[ 0.00555963],
       [-0.00413888],
       [ 0.00121353]]), 2.2278611296927386), (1.2634807112977622, array([[-0.01072827],
       [-0.00052095],
       [ 0.00040211]]), 2.22343942532192), (1.2508846701634384, array([[-0.00528231],
       [-0.00018905],
       [-0.00123367]]), 2.218056227051371), (1.2361204310371694, array([[0.00179768],
       [0.00284208],
       [0.00088773]]), 2.2092765948447846), (1.223880848962075, array([[0.00216584],
       [0.0134386 ],
       [0.00050123]]), 2.2054644518377526), (1.2088736639002111, array([[-0.00482283],
       [ 0.00077292],
       [ 0.00126964]]), 2.1971177241736233), (1.1956316555941309, array([[0.01363978],
       [0.00241782],
       [0.00188519]]), 2.1924191571722096), (1.1809008476818907, array([[-0.00509482],
       [-0.00848137],
       [-0.00077011]]), 2.1854366486404992), (1.1665171754396277, array([[0.00759448],
       [0.00105807],
       [0.00274923]]), 2.1795259943433067), (1.1514310738695166, array([[-0.00635182],
       [ 0.0010336 ],
       [-0.00058132]]), 2.1727279822967933), (1.1352531444253078, array([[-0.00694655],
       [-0.00463331],
       [-0.00028706]]), 2.1642628050621755), (1.1198335137167728, array([[ 0.00693703],
       [ 0.0028889 ],
       [-0.00036056]]), 2.157630948926797), (1.1040214788090714, array([[ 0.00072405],
       [-0.00990198],
       [-0.00112206]]), 2.150639172320443), (1.087979876344278, array([[0.00908289],
       [0.006998  ],
       [0.00084705]]), 2.1435848296279167), (1.072367084527723, array([[-0.00012666],
       [-0.00292064],
       [-0.00279461]]), 2.1377665668839367), (1.0555529862834079, array([[ 0.00373679],
       [-0.00501481],
       [ 0.00167336]]), 2.12992847603212), (1.0390743650784913, array([[-0.01697702],
       [ 0.00199156],
       [ 0.00147049]]), 2.1231230930660465), (1.0217282478896617, array([[0.02394996],
       [0.00515193],
       [0.00067711]]), 2.1148878725527456), (1.005319042056399, array([[ 0.00236129],
       [-0.00449315],
       [-0.00106209]]), 2.108938022523857), (0.9889024583156677, array([[ 0.00585363],
       [-0.0019208 ],
       [-0.00202   ]]), 2.1033468227065026), (0.9711367905994128, array([[-0.00910299],
       [-0.00558249],
       [ 0.00037549]]), 2.095222932219559), (0.9529231179711593, array([[ 0.004893  ],
       [ 0.00026953],
       [-0.00070807]]), 2.086414558492765), (0.9351096643390888, array([[-0.00974552],
       [-0.00308184],
       [-0.00059001]]), 2.0787616713367236), (0.9173170347096916, array([[0.02172904],
       [0.00157702],
       [0.00073329]]), 2.071447378248496), (0.9001473536461695, array([[-0.00861925],
       [-0.00103892],
       [ 0.0017035 ]]), 2.065855834523574), (0.8816942740518273, array([[ 0.01143025],
       [-0.00557791],
       [-0.00158923]]), 2.0576110008556845), (0.8635890393181535, array([[0.0226208 ],
       [0.00423739],
       [0.00051849]]), 2.0504341936647674), (0.8457063812514316, array([[0.00019786],
       [0.00366991],
       [0.00179036]]), 2.044064675506982), (0.827358039546496, array([[-0.00442573],
       [-0.00847369],
       [ 0.00080833]]), 2.036838001251271), (0.8089034794929967, array([[ 0.00173326],
       [ 0.00437482],
       [-0.00101723]]), 2.0295921147378486), (0.7905415827070644, array([[-3.59259558e-03],
       [-9.70019596e-05],
       [ 1.97510606e-03]]), 2.0228191386865517), (0.7720995340359462, array([[ 0.01022664],
       [-0.00014524],
       [-0.00091307]]), 2.016080920820589), (0.7540399149000876, array([[-0.00116461],
       [ 0.00050847],
       [-0.00012588]]), 2.0105972043924196), (0.7348523880084954, array([[ 0.00058413],
       [-0.00015792],
       [-0.00064658]]), 2.002318789817327), (0.7165878077029336, array([[-0.0080231 ],
       [-0.00268501],
       [-0.00033623]]), 1.9967549342030382), (0.6979974922996242, array([[-0.00024365],
       [ 0.00357341],
       [ 0.00021153]]), 1.9905173580780773), (0.6801231012796471, array([[ 0.01903271],
       [ 0.00320352],
       [-0.00147803]]), 1.9865832446983858), (0.6609013146430529, array([[-0.00233039],
       [-0.00322992],
       [-0.00188291]]), 1.978930676758493), (0.6423163975018442, array([[-0.00705786],
       [-0.0063427 ],
       [ 0.00178653]]), 1.9733494273942478), (0.6233869242705257, array([[ 0.00384442],
       [-0.00135283],
       [-0.00098179]]), 1.9668913631326483), (0.6051812614310549, array([[ 0.00137296],
       [-0.00603385],
       [-0.00246019]]), 1.962929941900383), (0.5861586643766378, array([[0.00743161],
       [0.00373185],
       [0.00020925]]), 1.9565208439593742), (0.5673225470765983, array([[ 0.00612754],
       [-0.00193405],
       [ 0.00048319]]), 1.950874723992157), (0.5483292709832553, array([[ 8.79236304e-04],
       [-4.44645108e-05],
       [-1.16951035e-03]]), 1.9448243034930082), (0.5298447552920657, array([[ 0.00730524],
       [ 0.00013737],
       [-0.00071173]]), 1.9407486789163613), (0.5115957570275499, array([[-0.00090187],
       [-0.0008415 ],
       [-0.00073438]]), 1.9377935188251247), (0.49299362891024506, array([[0.00269034],
       [0.00165298],
       [0.0004919 ]]), 1.9337489577615503), (0.4734960187477644, array([[ 0.00884854],
       [-0.00036881],
       [ 0.00080999]]), 1.9262668602880395), (0.45543788246034117, array([[ 0.00140719],
       [ 0.00226483],
       [-0.00049078]]), 1.9247926350315354), (0.4367611682071907, array([[ 0.00568579],
       [-0.00337762],
       [ 0.0001697 ]]), 1.9209824203915213), (0.41852081847022504, array([[ 0.00257268],
       [-0.0051854 ],
       [ 0.00157764]]), 1.9193532607545443), (0.4005504309612019, array([[ 4.55539685e-03],
       [-2.74997406e-05],
       [-8.49033249e-04]]), 1.9193767948096327), (0.3820645423202487, array([[-0.00326766],
       [ 0.00181923],
       [-0.00013047]]), 1.9173216275540805), (0.3634318837652044, array([[ 0.0025504 ],
       [-0.00149738],
       [-0.00069968]]), 1.9147954391870863), (0.34494670167349767, array([[ 2.98245199e-04],
       [-1.04331593e-04],
       [-3.08128470e-05]]), 1.913328743853258), (0.3263303452366865, array([[ 0.00370844],
       [ 0.0006685 ],
       [-0.00021324]]), 1.9114384673232836), (0.3082816447054378, array([[-0.00109247],
       [ 0.00028925],
       [-0.00084181]]), 1.9133563884444205), (0.28990589417860674, array([[ 0.00111423],
       [-0.00052462],
       [-0.00015095]]), 1.9138712902660957), (0.27137088261248954, array([[ 0.00183531],
       [-0.00380058],
       [-0.00018535]]), 1.9138478945857464), (0.2531363787407757, array([[ 0.00094424],
       [ 0.0006767 ],
       [-0.00024176]]), 1.9166135996609444), (0.23553032513323088, array([[-0.00265144],
       [ 0.00185866],
       [ 0.00053368]]), 1.9254781161328751), (0.21731231501322745, array([[ 3.31962991e-03],
       [ 1.01172906e-03],
       [-2.56212931e-05]]), 1.9309705080032011), (0.19905960990759333, array([[0.00110379],
       [0.00028985],
       [0.0004255 ]]), 1.9377052614841195), (0.18054870508943036, array([[ 0.00190262],
       [-0.00058848],
       [ 0.00014504]]), 1.9436243938173925), (0.16264107124368568, array([[ 1.13561029e-03],
       [-1.06107619e-05],
       [-3.18684311e-04]]), 1.9587605246243271), (0.1444953397941499, array([[ 0.00150468],
       [-0.00120489],
       [ 0.00014976]]), 1.9752862605247714), (0.12630249810050861, array([[0.0007687 ],
       [0.00052323],
       [0.00016595]]), 1.9968103001390285), (0.1085375032586893, array([[ 1.94302534e-03],
       [-3.48716309e-04],
       [ 8.50563327e-05]]), 2.034948379566251), (0.09073535420821517, array([[ 6.79380854e-04],
       [ 2.13971868e-03],
       [-5.88213069e-05]]), 2.090295061321066), (0.07286235362144257, array([[ 4.67287327e-04],
       [-5.16422878e-04],
       [ 6.07581785e-05]]), 2.1770641279365335), (0.05469126892754978, array([[ 4.45345007e-04],
       [-3.59548567e-04],
       [ 6.53160879e-05]]), 2.3253091616151425)]