[(1.459509823380881, array([[-0.01884388],
       [ 0.00584638],
       [ 0.00069099]]), 2.327024663569132), (1.4592467134665281, array([[9.16359913e-03],
       [3.20560815e-05],
       [6.46229342e-04]]), 2.325514262546852), (1.459589097425253, array([[0.00848601],
       [0.0022828 ],
       [0.00015078]]), 2.325554936063927), (1.4591520888893559, array([[ 0.03217458],
       [-0.00835892],
       [ 0.00022808]]), 2.32493922384158), (1.4575838790557667, array([[ 0.01154625],
       [ 0.00522911],
       [-0.00084434]]), 2.3231058572185916), (1.4566247247199315, array([[0.01481603],
       [0.00140423],
       [0.00017897]]), 2.322827361224606), (1.453882330902508, array([[-0.00274579],
       [-0.01808623],
       [-0.00072623]]), 2.320287799467819), (1.4509318267479216, array([[ 0.01038914],
       [-0.00280327],
       [-0.00211216]]), 2.3179958309887363), (1.4482125091198512, array([[ 0.01210406],
       [ 0.00362505],
       [-0.00024287]]), 2.316652614848039), (1.4452582048247762, array([[ 1.47396571e-02],
       [-3.02047444e-03],
       [ 6.92516702e-05]]), 2.315513196853405), (1.4414040308425182, array([[0.00809516],
       [0.01143798],
       [0.00104462]]), 2.3135095950703075), (1.4358517256614642, array([[ 0.03280919],
       [-0.01408273],
       [-0.00165056]]), 2.309350661920699), (1.4324337668996028, array([[ 0.01821714],
       [-0.00647728],
       [ 0.00074412]]), 2.3091969367209173), (1.4252945841839202, array([[-0.0164036 ],
       [ 0.00221706],
       [-0.000922  ]]), 2.303610912105115), (1.4194373462954297, array([[-0.00450266],
       [ 0.01026663],
       [ 0.00147186]]), 2.300653967061497), (1.4133166235960235, array([[ 0.01565309],
       [ 0.00445029],
       [-0.00055986]]), 2.2978320293937595), (1.4064184961481168, array([[ 0.01352521],
       [-0.00442867],
       [-0.00140394]]), 2.2943040543529194), (1.3980505559933438, array([[ 0.00939393],
       [-0.00167329],
       [-0.00013867]]), 2.2889246387407045), (1.3902890523965483, array([[-0.00847523],
       [-0.00186313],
       [ 0.0003854 ]]), 2.2850799000346824), (1.3821166842107866, array([[ 0.02196993],
       [ 0.00062392],
       [-0.00077948]]), 2.2811036682552746), (1.3744382372952164, array([[ 0.02108531],
       [-0.00907421],
       [ 0.00040779]]), 2.278488786412586), (1.3641294292985497, array([[0.01399847],
       [0.00218499],
       [0.000104  ]]), 2.272045208183624), (1.3548282295966538, array([[-0.01056409],
       [-0.00258238],
       [ 0.00011108]]), 2.2678004556671825), (1.3463312576576496, array([[ 1.28105471e-02],
       [ 1.69314214e-03],
       [-1.47411900e-05]]), 2.2654392595926383), (1.3343354054500158, array([[ 0.01229219],
       [-0.00654857],
       [-0.00187918]]), 2.2577058144813726), (1.3238701531886516, array([[-0.00092309],
       [ 0.00289542],
       [ 0.00014436]]), 2.2530607035289405), (1.3115672651113688, array([[ 0.00633735],
       [-0.00788083],
       [-0.00270663]]), 2.2457840113656604), (1.301355234400854, array([[ 0.00543043],
       [ 0.00778563],
       [-0.00038921]]), 2.242587937126045), (1.2882555546185126, array([[0.01021854],
       [0.00784021],
       [0.00108085]]), 2.2349085433504676), (1.2756212814410128, array([[-0.02711675],
       [-0.00097906],
       [-0.0019703 ]]), 2.2285030654451314), (1.2633402673455194, array([[ 0.01098892],
       [ 0.00407155],
       [-0.00141736]]), 2.223192275826346), (1.2505143758727462, array([[0.00428983],
       [0.00700816],
       [0.00134498]]), 2.2173996249065833), (1.2368727281524148, array([[0.02894786],
       [0.00868546],
       [0.00292697]]), 2.210621150251644), (1.2239237784528687, array([[ 0.00090937],
       [-0.00322359],
       [-0.00063195]]), 2.2055418118732177), (1.2094875100314222, array([[-0.00729691],
       [-0.00182474],
       [-0.00286457]]), 2.198233384358036), (1.1966782861700553, array([[ 0.00056067],
       [ 0.00329927],
       [-0.0009123 ]]), 2.194338354371784), (1.181382770122861, array([[ 0.02241131],
       [-0.01613231],
       [-0.00371451]]), 2.1863285194240336), (1.1663243689653846, array([[-0.00916188],
       [ 0.00407648],
       [-0.00057593]]), 2.179165753850206), (1.151374493425708, array([[ 0.02182974],
       [ 0.00692982],
       [-0.00035612]]), 2.172621216102703), (1.1356355486547123, array([[-0.01141681],
       [-0.00671986],
       [ 0.00014331]]), 2.1649918259455467), (1.1203761754851038, array([[-0.00728301],
       [ 0.00529892],
       [ 0.00069327]]), 2.1586765184796004), (1.1037435484582392, array([[0.01386259],
       [0.00595081],
       [0.00088387]]), 2.1500977626548257), (1.088375498341385, array([[-0.00491528],
       [-0.00250455],
       [-0.00091458]]), 2.1443643011325877), (1.0720600695124896, array([[0.02129202],
       [0.0054319 ],
       [0.00165031]]), 2.137154531654055), (1.054319417796618, array([[0.03187202],
       [0.00760962],
       [0.00211864]]), 2.1274393422024667), (1.0387325747171323, array([[0.01627606],
       [0.00399168],
       [0.00153289]]), 2.122424718595868), (1.0219607784602711, array([[ 0.00127753],
       [-0.00517797],
       [-0.00127496]]), 2.1153691904421117), (1.005167167357718, array([[0.00256367],
       [0.00659838],
       [0.0028958 ]]), 2.1086194228422546), (0.9873176678611439, array([[ 0.015608  ],
       [ 0.00354022],
       [-0.00198246]]), 2.099976051464963), (0.9698410653431833, array([[0.02368332],
       [0.00040886],
       [0.00040299]]), 2.0924274112414767), (0.9530045334571219, array([[-0.01182459],
       [ 0.00302455],
       [ 0.00146528]]), 2.0865928167929315), (0.9350229674694885, array([[ 0.00230111],
       [-0.00389085],
       [-0.00015294]]), 2.0785689430007612), (0.9170695422158149, array([[0.00987662],
       [0.00060148],
       [0.00130592]]), 2.0708885009376226), (0.8995859808920083, array([[ 0.00187285],
       [-0.004255  ],
       [-0.0016569 ]]), 2.064567473040502), (0.8808101132287943, array([[ 0.00406745],
       [-0.00677952],
       [-0.00104261]]), 2.0555476336664684), (0.8637219155080476, array([[ 4.28812002e-03],
       [-6.46927638e-04],
       [-7.56350652e-05]]), 2.0507496838700363), (0.8453664453992523, array([[ 0.02081919],
       [-0.00020701],
       [-0.00176796]]), 2.0432430536264063), (0.8279838410214654, array([[0.01526346],
       [0.00524988],
       [0.00088273]]), 2.038378635613337), (0.8091543115859641, array([[ 0.01006715],
       [ 0.00078282],
       [-0.00127893]]), 2.0302214689821017), (0.7903279574841728, array([[ 0.01571117],
       [-0.00586366],
       [-0.00117675]]), 2.022272519509491), (0.772832272045752, array([[-0.01691819],
       [-0.00415567],
       [-0.00162877]]), 2.0179942222233342), (0.7538764951899668, array([[ 0.00789985],
       [-0.00600818],
       [-0.00135713]]), 2.0101614566212223), (0.7359218643865858, array([[-0.00083905],
       [ 0.0045702 ],
       [-0.0003311 ]]), 2.005232888869137), (0.7166800137409677, array([[-5.32541551e-06],
       [ 2.47364118e-03],
       [ 4.60041265e-04]]), 1.9970118641416008), (0.6981913987985527, array([[-0.00603626],
       [-0.00726828],
       [ 0.0018748 ]]), 1.9910703317724239), (0.6789362440580411, array([[ 0.00347195],
       [ 0.00254916],
       [-0.00065454]]), 1.9831165330606606), (0.6602137986822075, array([[0.01134251],
       [0.00827923],
       [0.00186085]]), 1.9768720540934546), (0.6423063758217638, array([[1.72721504e-02],
       [9.10472217e-03],
       [7.87656733e-05]]), 1.973318638398785), (0.6232085457472509, array([[ 0.01211783],
       [ 0.00813446],
       [-0.00058997]]), 1.9663285486700124), (0.6050356384949724, array([[ 0.00477548],
       [-0.00152058],
       [ 0.00029236]]), 1.962457608006918), (0.5859081115469318, array([[ 0.00150459],
       [ 0.00093317],
       [-0.00026962]]), 1.9556845314323656), (0.5674894655761206, array([[ 0.00674293],
       [ 0.00102221],
       [-0.00306853]]), 1.951448713309808), (0.548465520005556, array([[0.00410762],
       [0.00283574],
       [0.00110081]]), 1.9453075540213312), (0.5306651604700512, array([[ 0.00857804],
       [ 0.00293807],
       [-0.00063177]]), 1.9437537105778975), (0.511776245495585, array([[-0.0034187 ],
       [ 0.00091275],
       [-0.00043447]]), 1.938477162852224), (0.4930093860359757, array([[ 0.0034248 ],
       [ 0.00161667],
       [-0.00079427]]), 1.9338107644942792), (0.4746465387573153, array([[ 0.00684667],
       [-0.00185778],
       [-0.00024601]]), 1.930947382359497), (0.4556557313551988, array([[0.00704776],
       [0.00315879],
       [0.00091618]]), 1.9257133181027515), (0.4371027226582488, array([[ 0.00098474],
       [-0.00116659],
       [-0.00036246]]), 1.9224846603886858), (0.4185480139307968, array([[-1.63533573e-03],
       [ 4.99001793e-04],
       [ 2.20502361e-05]]), 1.919477980227561), (0.4006029803861261, array([[ 0.00443701],
       [-0.00046928],
       [ 0.00015775]]), 1.9196286036681027), (0.3820441332169572, array([[-9.37625754e-04],
       [ 3.36575270e-03],
       [-5.35347622e-05]]), 1.9172192081699047), (0.36394154504714515, array([[0.00203168],
       [0.00727294],
       [0.00134035]]), 1.9174806661629913), (0.344671699604448, array([[ 5.05407273e-03],
       [-4.32759322e-04],
       [ 1.46504341e-05]]), 1.9118033796135676), (0.327066228666283, array([[0.00445673],
       [0.00438217],
       [0.00068454]]), 1.915748810861137), (0.30859592975202693, array([[0.00171232],
       [0.00480927],
       [0.00066531]]), 1.9153070050705205), (0.2897802178461144, array([[ 0.00407853],
       [ 0.00177372],
       [-0.00047148]]), 1.913041613017537), (0.2719870408670449, array([[ 0.00027072],
       [-0.00461675],
       [-0.00026369]]), 1.918193361449619), (0.2534985908187834, array([[ 2.05569057e-03],
       [-7.13922131e-04],
       [-4.36482955e-05]]), 1.919356076258438), (0.23498161114385543, array([[ 0.00166311],
       [-0.00079512],
       [ 0.00024533]]), 1.920992338015086), (0.21680393961271144, array([[4.37676497e-03],
       [2.13321834e-03],
       [5.14361476e-05]]), 1.926453240284936), (0.199031664037738, array([[ 0.00099549],
       [-0.00108792],
       [-0.00035627]]), 1.9374332281013524), (0.18085657706844235, array([[ 2.42137906e-03],
       [-7.56304345e-06],
       [-8.94756486e-05]]), 1.9469386656549237), (0.16267810450983958, array([[ 1.24535304e-03],
       [-1.04001083e-04],
       [ 2.74646138e-06]]), 1.9592065331219686), (0.14452852582370174, array([[ 3.29334111e-03],
       [-2.65496508e-03],
       [-4.58599525e-05]]), 1.975739921579228), (0.12627320738527748, array([[ 0.00284869],
       [-0.00043411],
       [-0.00016971]]), 1.9963472213975024), (0.10882206155477643, array([[ 1.33358179e-03],
       [ 4.07809776e-04],
       [-2.78366990e-05]]), 2.0402835072974876), (0.09045601049020299, array([[ 2.27979636e-03],
       [-7.64722570e-04],
       [ 3.58065770e-05]]), 2.0838597440264204), (0.07271451012554972, array([[ 0.00158797],
       [-0.00135968],
       [ 0.00012066]]), 2.172646692107747), (0.054773763454240544, array([[ 8.42704075e-04],
       [ 1.68370181e-03],
       [-2.23503686e-05]]), 2.328816582131409)]