[(1.4595345466403684, array([[ 0.03057657],
       [-0.00369934],
       [-0.00030994]]), 2.3270640820325568), (1.4594529005142558, array([[0.02225298],
       [0.01162548],
       [0.00038897]]), 2.325842850520235), (1.4604307880281264, array([[ 0.03083952],
       [ 0.00565661],
       [-0.0002617 ]]), 2.326895996873167), (1.4593053952590322, array([[ 0.02315631],
       [-0.01207995],
       [-0.00023447]]), 2.3251834944661702), (1.4576212899795005, array([[ 0.0338307 ],
       [-0.00022222],
       [-0.00076617]]), 2.323165482971386), (1.4566797012141772, array([[ 0.00324164],
       [-0.01082253],
       [-0.00115533]]), 2.3229150302740806), (1.453848488975133, array([[ 2.15679113e-02],
       [ 1.06061863e-02],
       [-4.45259626e-05]]), 2.3202337902749637), (1.451390331379698, array([[ 0.01735679],
       [-0.01386272],
       [ 0.00026107]]), 2.318728333926058), (1.448505439923905, array([[ 0.0022449 ],
       [ 0.00365587],
       [-0.00024202]]), 2.317121205547889), (1.4447851077057696, array([[ 3.27601398e-03],
       [-9.79622498e-03],
       [-2.63887161e-06]]), 2.314755226672854), (1.4404979353687386, array([[ 1.24914258e-02],
       [-2.77918846e-03],
       [ 8.96045438e-05]]), 2.3120552765532336), (1.4365270239944141, array([[ 0.00505328],
       [-0.00540128],
       [ 0.00074955]]), 2.3104367773073506), (1.4310265303410354, array([[ 0.01854237],
       [-0.00022214],
       [-0.00191029]]), 2.306928359684145), (1.4254700140657994, array([[ 0.02523039],
       [ 0.00299581],
       [-0.00021741]]), 2.303894448010387), (1.4198503510714193, array([[ 0.01378762],
       [ 0.00772249],
       [-0.00046149]]), 2.301323373906946), (1.4130414292973734, array([[0.0174902 ],
       [0.00540661],
       [0.00124513]]), 2.2973846064573937), (1.4062595132298343, array([[ 0.00524794],
       [-0.0025603 ],
       [ 0.00036194]]), 2.29404470398531), (1.3972771468895695, array([[0.0060706 ],
       [0.00597713],
       [0.00017014]]), 2.287658393292093), (1.3907478950712973, array([[ 0.04807001],
       [-0.01343642],
       [-0.00171939]]), 2.2858340541233875), (1.3821873726812488, array([[0.02807281],
       [0.00021475],
       [0.0005153 ]]), 2.2812203354883063), (1.3728695908580537, array([[0.02081073],
       [0.00514249],
       [0.00027987]]), 2.2758883470331095), (1.3640116648259937, array([[0.03367433],
       [0.00847693],
       [0.00297304]]), 2.271849063888355), (1.354671077930505, array([[-0.00644566],
       [-0.0104229 ],
       [-0.00033371]]), 2.2675374048889982), (1.3443041241297906, array([[ 0.03918847],
       [-0.00891855],
       [-0.00126758]]), 2.262028250710294), (1.3345183267758387, array([[ 0.01961977],
       [-0.00162448],
       [-0.00194569]]), 2.258015318777831), (1.32239247285017, array([[ 0.01184455],
       [-0.00037948],
       [ 0.00083737]]), 2.250545877210822), (1.3128399257695633, array([[0.03822567],
       [0.01006091],
       [0.00088455]]), 2.2479631759682666), (1.3004236774925975, array([[ 0.0252034 ],
       [-0.00548257],
       [-0.00074827]]), 2.240982611977324), (1.288080873897902, array([[0.0221472 ],
       [0.00722665],
       [0.00024595]]), 2.2346055014319206), (1.275222522691526, array([[ 0.01316824],
       [-0.00330101],
       [-0.00011742]]), 2.2278064361958916), (1.2635357948740382, array([[ 0.03348706],
       [-0.00216332],
       [-0.00050935]]), 2.223536359920196), (1.250112426607667, array([[ 0.01245328],
       [-0.00595102],
       [-0.00042641]]), 2.216686892476781), (1.2373693404389012, array([[ 0.0209681 ],
       [ 0.00488959],
       [-0.00137452]]), 2.2115087287380923), (1.2233154226952674, array([[ 0.0302305 ],
       [ 0.00589862],
       [-0.0015351 ]]), 2.2044455393082876), (1.2095575215787417, array([[0.00839629],
       [0.01271346],
       [0.00325055]]), 2.1983606297568783), (1.1953734715725834, array([[0.00160421],
       [0.00537536],
       [0.00158776]]), 2.1919457274229486), (1.180695053974904, array([[ 0.02265708],
       [-0.00578301],
       [-0.00037656]]), 2.1850557960818855), (1.1655794796330778, array([[-0.01357973],
       [-0.00103245],
       [ 0.00012977]]), 2.177773999234969), (1.1509381256577829, array([[ 3.16691852e-02],
       [-3.95799704e-03],
       [ 5.48924373e-05]]), 2.171797798634251), (1.1364199472145535, array([[ 0.00857847],
       [-0.00943686],
       [-0.00107498]]), 2.1664872145606275), (1.1198860084037658, array([[0.01629495],
       [0.00030263],
       [0.0013916 ]]), 2.1577320926771164), (1.1042234095526575, array([[ 0.0263101 ],
       [-0.00077168],
       [-0.00262341]]), 2.151032534384124), (1.087469969785521, array([[ 0.02013037],
       [ 0.00606861],
       [-0.00075569]]), 2.14258018975576), (1.072013781303865, array([[ 0.00289735],
       [-0.00096992],
       [-0.0005246 ]]), 2.137062255989997), (1.0556239178945557, array([[ 0.00137384],
       [-0.00716144],
       [ 0.00162758]]), 2.1300716040990175), (1.0395590583859375, array([[0.01114912],
       [0.00326877],
       [0.00131726]]), 2.1241134587113546), (1.0219154567892184, array([[ 0.00558031],
       [-0.00252349],
       [-0.00287953]]), 2.115275378557522), (1.005490540466699, array([[0.01852978],
       [0.01000895],
       [0.00123804]]), 2.109297788432144), (0.98860682117473, array([[0.00933912],
       [0.00656583],
       [0.00205171]]), 2.1027180170686597), (0.971418280487508, array([[ 1.09131049e-02],
       [-8.68400777e-04],
       [ 1.86265913e-06]]), 2.0958302452926856), (0.9522403740565417, array([[ 1.24365861e-02],
       [ 9.56073813e-05],
       [-5.97734455e-04]]), 2.084919698292276), (0.9356300427433398, array([[7.75689585e-03],
       [1.30111943e-03],
       [8.72430545e-05]]), 2.0799184797011336), (0.9182161762685711, array([[0.00065892],
       [0.00137815],
       [0.00129258]]), 2.073477782519147), (0.9000583866193869, array([[0.03600662],
       [0.00096708],
       [0.00053128]]), 2.06565165345187), (0.8816793704149709, array([[0.02081958],
       [0.0038932 ],
       [0.00260198]]), 2.057576220220207), (0.8633662960404554, array([[ 0.02555314],
       [ 0.00454481],
       [-0.00295886]]), 2.049905330499295), (0.8460157173107801, array([[ 4.11796141e-06],
       [ 8.25271531e-05],
       [-2.81239550e-04]]), 2.044812337965008), (0.8282325023875157, array([[ 0.01674928],
       [-0.00057535],
       [ 0.00029153]]), 2.0389908045844534), (0.8090904061813993, array([[ 0.01005374],
       [-0.00423733],
       [-0.00058815]]), 2.0300611261124244), (0.7903935215161226, array([[-0.00056524],
       [ 0.00323964],
       [ 0.00092342]]), 2.0224402832066057), (0.7724538783108614, array([[ 0.02033312],
       [-0.00884581],
       [ 0.00079217]]), 2.017006172942326), (0.7545633408359453, array([[0.01302716],
       [0.00431355],
       [0.00154175]]), 2.0119928847835324), (0.7354683934887134, array([[0.01628382],
       [0.00155112],
       [0.00102969]]), 2.003997275684418), (0.7163961793269222, array([[ 0.00849463],
       [-0.00286647],
       [ 0.00032095]]), 1.9962209662772363), (0.6974193262303503, array([[ 0.01484593],
       [ 0.00311405],
       [-0.00303944]]), 1.9888685704972655), (0.6785173785800075, array([[0.01039073],
       [0.00195306],
       [0.00107121]]), 1.9818930616936705), (0.6611208264437469, array([[ 0.01743054],
       [-0.00591588],
       [ 0.002674  ]]), 1.9795879589074), (0.6418799844327149, array([[0.01500864],
       [0.00080073],
       [0.00167453]]), 1.9720086621834838), (0.6235399029122868, array([[ 0.01248744],
       [-0.00563401],
       [-0.00029768]]), 1.9673740366657446), (0.6056702397706836, array([[ 0.01763392],
       [-0.00617644],
       [-0.00039596]]), 1.964515962957162), (0.586296025083796, array([[ 0.00626063],
       [-0.00303755],
       [-0.00176085]]), 1.9569793360077377), (0.567564129623669, array([[ 0.00924887],
       [-0.00067975],
       [-0.00042125]]), 1.9517054635551558), (0.5488526371585898, array([[0.00982734],
       [0.00185497],
       [0.00219483]]), 1.94668058823154), (0.5304101263996698, array([[ 0.00906786],
       [ 0.00020519],
       [-0.00034497]]), 1.9428195557519268), (0.51122571584373, array([[ 0.00535972],
       [-0.0053654 ],
       [ 0.00118486]]), 1.9363918977251553), (0.49232557337123034, array([[ 0.00392224],
       [-0.00167976],
       [ 0.00062523]]), 1.9311285350490865), (0.4742084101452408, array([[ 0.00547024],
       [ 0.00349357],
       [-0.0012114 ]]), 1.9291649964627473), (0.45552177873083893, array([[ 0.00318243],
       [-0.00045207],
       [-0.00062616]]), 1.9251472013286741), (0.4369864545519155, array([[ 1.03976424e-02],
       [-5.44526513e-04],
       [-4.75265793e-05]]), 1.9219732848256172), (0.41836097797767746, array([[ 0.00436055],
       [-0.00493463],
       [-0.00138762]]), 1.9186202258443739), (0.40030370411324634, array([[ 0.01124368],
       [ 0.000763  ],
       [-0.00074018]]), 1.9181945172485124), (0.3813956913986307, array([[ 0.01353134],
       [-0.00083354],
       [-0.00061495]]), 1.9139651204837316), (0.3630615228719305, array([[ 0.00665743],
       [-0.00369349],
       [ 0.00027924]]), 1.9128441372210974), (0.3449793047615068, array([[0.0105161 ],
       [0.00038544],
       [0.00085142]]), 1.9135095846182908), (0.32646674355107497, array([[ 0.01193619],
       [-0.00124671],
       [-0.00018771]]), 1.912237403091304), (0.3084514090855506, array([[2.77037276e-03],
       [8.42473475e-05],
       [4.02396054e-04]]), 1.9144100345722315), (0.28980429303561767, array([[ 0.00536355],
       [-0.00035344],
       [-0.00061153]]), 1.9132005501585998), (0.2714048578759854, array([[0.00739468],
       [0.00204531],
       [0.00029623]]), 1.9140875057256137), (0.25382583251139323, array([[0.00582496],
       [0.00219154],
       [0.00079342]]), 1.921833775756045), (0.23494091861055935, array([[ 3.52637414e-03],
       [-2.25068634e-03],
       [-2.85659973e-05]]), 1.9206596734959533), (0.21736999694545595, array([[ 1.82500708e-03],
       [ 4.04202457e-03],
       [-6.69658257e-05]]), 1.9314830519424209), (0.19923132643431116, array([[ 4.75069686e-03],
       [-3.62317362e-04],
       [-4.68451916e-05]]), 1.9393768010669579), (0.18075248867144303, array([[ 3.48556357e-03],
       [-1.03479059e-03],
       [-4.97208014e-05]]), 1.9458181439241193), (0.16289629696802665, array([[ 0.00182481],
       [-0.00259457],
       [-0.00014816]]), 1.9618343243102545), (0.14466778053784785, array([[4.57465016e-03],
       [8.25374587e-04],
       [8.46658785e-05]]), 1.9776435672189976), (0.12681104723997055, array([[ 2.01947868e-03],
       [-3.41765264e-04],
       [ 2.49446216e-05]]), 2.0048503324034446), (0.1086853359101073, array([[ 2.30895238e-03],
       [ 7.86093753e-04],
       [-2.14413909e-05]]), 2.037720064978371), (0.0905536942509382, array([[ 1.58648797e-03],
       [-6.24402556e-04],
       [ 3.60929991e-05]]), 2.0861101114208926), (0.07232858156645952, array([[0.00238949],
       [0.0005457 ],
       [0.00011394]]), 2.1611154804438097), (0.05470053660197316, array([[ 1.51919094e-03],
       [-1.20852193e-03],
       [-2.95608252e-05]]), 2.325703195410045)]