[(1.460369658409949, array([[ 0.04494277],
       [-0.0007229 ],
       [ 0.00031695]]), 2.3283955740537268), (1.4602020600045895, array([[ 1.95389807e-02],
       [ 1.24065196e-02],
       [-7.32079634e-05]]), 2.327036741219878), (1.4593478606640407, array([[-0.00080219],
       [-0.00523032],
       [-0.00022356]]), 2.3251705749161307), (1.4594760834015312, array([[-0.0110194 ],
       [ 0.00018551],
       [ 0.00038778]]), 2.32545546032947), (1.4595905094419406, array([[ 0.03898012],
       [-0.00844019],
       [-0.00048477]]), 2.3263040366649865), (1.4581129567270081, array([[ 0.01336199],
       [-0.00805023],
       [-0.00057769]]), 2.3252005915887635), (1.454078121809534, array([[ 0.00686119],
       [-0.00182263],
       [-0.00061051]]), 2.3206002671573724), (1.451090106540935, array([[0.02022433],
       [0.00487798],
       [0.00092716]]), 2.318248697383677), (1.448920628230223, array([[ 0.01440591],
       [-0.00077301],
       [ 0.00106797]]), 2.317785367105277), (1.445082053657622, array([[-0.01381455],
       [ 0.00413513],
       [-0.00040366]]), 2.3152309771428885), (1.4415692294959896, array([[0.02408051],
       [0.00800043],
       [0.00069322]]), 2.3137747453416546), (1.4365581305517183, array([[ 0.00305453],
       [-0.0097431 ],
       [-0.00065806]]), 2.310486807507139), (1.4319401058484702, array([[ 0.00379282],
       [-0.00409534],
       [-0.00140194]]), 2.3084011159204056), (1.4259153379466674, array([[ 0.0254713 ],
       [-0.00125672],
       [ 0.00032608]]), 2.3046141960279356), (1.4195215315866365, array([[ 0.00528079],
       [-0.00081532],
       [ 0.00039356]]), 2.300790416355782), (1.4128766749109247, array([[ 0.01042237],
       [-0.00692053],
       [ 0.00033808]]), 2.297116741564386), (1.4062168785831675, array([[ 0.01654957],
       [-0.00294011],
       [ 0.00102643]]), 2.293975153675092), (1.3984475220181047, array([[ 0.02671851],
       [-0.00858982],
       [-0.00094311]]), 2.289574561814604), (1.3911376272908849, array([[0.01875452],
       [0.00323378],
       [0.00053019]]), 2.2864746182275506), (1.3825626077752438, array([[0.01599665],
       [0.00030008],
       [0.00074303]]), 2.2818396393134814), (1.3741258885077396, array([[2.23020285e-02],
       [2.90435014e-03],
       [9.53444796e-05]]), 2.277970987074352), (1.3653909750577622, array([[ 0.01389915],
       [-0.00593478],
       [-0.00236645]]), 2.274146393698401), (1.3550389665062172, array([[-0.0069064 ],
       [ 0.00595774],
       [ 0.00103259]]), 2.268153200944476), (1.3439080523768898, array([[ 0.00517013],
       [-0.00086789],
       [ 0.00139822]]), 2.2613617902879177), (1.334455838316461, array([[ 0.01632589],
       [-0.006237  ],
       [ 0.00013058]]), 2.2579095878218065), (1.3234546563744738, array([[ 0.03267415],
       [-0.00783543],
       [-0.00160706]]), 2.2523535801436063), (1.3117048438704153, array([[0.01274851],
       [0.00487151],
       [0.00086088]]), 2.2460195861513306), (1.301329295883072, array([[ 0.00924204],
       [-0.00731669],
       [-0.00225395]]), 2.242543238026562), (1.2885498302453482, array([[0.01125201],
       [0.00619891],
       [0.00020082]]), 2.235419062486331), (1.2766737221813254, array([[0.01331841],
       [0.00241722],
       [0.00301956]]), 2.230341673384736), (1.2635889881837885, array([[ 0.03491385],
       [-0.00962328],
       [ 0.00061602]]), 2.2236299680782037), (1.2508647183984414, array([[ 0.03420905],
       [-0.00037301],
       [ 0.00127951]]), 2.2180208487805775), (1.2367263965524722, array([[ 0.04315824],
       [-0.00041183],
       [ 0.00319511]]), 2.21035961669009), (1.2242865338386368, array([[ 0.02730998],
       [ 0.00208955],
       [-0.00042181]]), 2.2061955063147174), (1.2102484675243657, array([[ 0.02364376],
       [-0.00727957],
       [-0.00284614]]), 2.1996164182060025), (1.196090524494089, array([[ 0.00476042],
       [-0.00172076],
       [ 0.00046776]]), 2.1932605810021926), (1.180780303473431, array([[ 0.00891603],
       [-0.00499401],
       [-0.00068818]]), 2.1852135632464407), (1.1653998783493922, array([[ 0.01821353],
       [-0.00455287],
       [-0.00190362]]), 2.1774384313799455), (1.1507445578462652, array([[0.02949158],
       [0.00192618],
       [0.00071329]]), 2.171432539948689), (1.1352680871277816, array([[0.0110411 ],
       [0.00662332],
       [0.00308519]]), 2.1642912920435418), (1.1204365136261516, array([[ 0.01399123],
       [-0.00592847],
       [-0.00060163]]), 2.15879277454707), (1.1042634629178592, array([[ 0.02117465],
       [-0.01001288],
       [ 0.00052709]]), 2.151110558532964), (1.0872375214651477, array([[ 0.02879039],
       [-0.00298327],
       [ 0.00109017]]), 2.1421222100595743), (1.072872931082736, array([[ 0.01577465],
       [-0.00115313],
       [-0.00016405]]), 2.13877497330454), (1.055301966305384, array([[ 0.0154856],
       [-0.0050975],
       [ 0.0014861]]), 2.12942195991574), (1.0397411906858613, array([[0.0198322 ],
       [0.00724662],
       [0.00231312]]), 2.124485606562324), (1.0216354156527074, array([[ 0.00817188],
       [-0.00315287],
       [ 0.00207535]]), 2.114695717963185), (1.0047333974027177, array([[ 0.01883433],
       [-0.00139948],
       [ 0.00156865]]), 2.107709468974021), (0.9878098011363293, array([[ 0.01349976],
       [-0.00589534],
       [ 0.00073217]]), 2.101022794702382), (0.9708654672582745, array([[ 0.01194175],
       [-0.00515959],
       [ 0.0004317 ]]), 2.0946375534223574), (0.9524735958200371, array([[ 0.02238313],
       [ 0.00093392],
       [-0.00075062]]), 2.0854303347471355), (0.934850825803892, array([[ 0.03964254],
       [-0.00404747],
       [-0.00017981]]), 2.078186269705715), (0.9171720909066374, array([[-0.00298436],
       [ 0.00128095],
       [-0.00241841]]), 2.0711200721487844), (0.9000290790902334, array([[ 0.01274024],
       [-0.00259279],
       [-0.00157287]]), 2.065584392097546), (0.88210285835049, array([[ 1.57134324e-02],
       [ 6.02922519e-03],
       [-2.95387153e-05]]), 2.0585645145309424), (0.8639370981970691, array([[ 0.01499715],
       [-0.00060423],
       [ 0.00124846]]), 2.051260595800789), (0.8454250561240431, array([[-0.00232841],
       [ 0.00836095],
       [ 0.00212687]]), 2.0433847152181914), (0.8269054783345119, array([[0.01235387],
       [0.00371539],
       [0.00087115]]), 2.035723859815035), (0.8093552594902909, array([[ 0.02118246],
       [-0.00866921],
       [-0.00095973]]), 2.0307256605110466), (0.7906360455945228, array([[0.02050216],
       [0.0060291 ],
       [0.00131692]]), 2.0230608480928955), (0.7722160042533004, array([[ 0.01208723],
       [-0.00109489],
       [ 0.00107032]]), 2.0163850440232345), (0.7536029198890599, array([[ 0.01288633],
       [ 0.0015729 ],
       [-0.00059672]]), 2.0094319863049632), (0.7345113175976797, array([[-0.00488207],
       [-0.00198066],
       [-0.00083455]]), 2.0013894444094986), (0.7164539340118081, array([[ 0.00558844],
       [-0.00256451],
       [-0.00014718]]), 1.996381898337173), (0.6981973967991433, array([[ 0.01885035],
       [-0.00059044],
       [ 0.00053061]]), 1.9910874365964686), (0.6793975466236771, array([[0.01920673],
       [0.00112233],
       [0.00173986]]), 1.9844639596455016), (0.6610756470145299, array([[ 0.00459395],
       [ 0.00042395],
       [-0.00042199]]), 1.9794526785615219), (0.6423889102924284, array([[ 0.01154242],
       [-0.00308419],
       [ 0.00217534]]), 1.973572204010779), (0.6234978818194503, array([[0.01010059],
       [0.00148505],
       [0.00086008]]), 1.96724145299844), (0.6050121829608148, array([[ 2.48258833e-02],
       [-7.29493648e-03],
       [ 1.78232975e-06]]), 1.9623815290315176), (0.5861274272514306, array([[ 0.01714137],
       [ 0.002447  ],
       [-0.00103982]]), 1.9564165785270138), (0.5676118370805278, array([[ 0.00166502],
       [-0.0042914 ],
       [-0.00229566]]), 1.9518695170943836), (0.5488114661886166, array([[ 0.00121251],
       [ 0.00568451],
       [-0.0003911 ]]), 1.9465345622810042), (0.5302284403201091, array([[ 0.01305582],
       [ 0.00706257],
       [-0.00031927]]), 1.9421540645578306), (0.5114050752662102, array([[ 0.01220105],
       [-0.00205097],
       [-0.00075172]]), 1.9370712652172584), (0.49331521783628507, array([[ 0.01252857],
       [ 0.00176979],
       [-0.00016591]]), 1.9350103782223629), (0.4742895216001074, array([[0.00174042],
       [0.00527683],
       [0.0007782 ]]), 1.9294949724315262), (0.4563630342795872, array([[0.00831984],
       [0.00328445],
       [0.00034569]]), 1.9287025544224106), (0.4364505877504855, array([[ 0.00631002],
       [ 0.00073224],
       [-0.00023251]]), 1.9196164115956917), (0.4189812357869164, array([[ 0.00737721],
       [-0.00030887],
       [ 0.00013601]]), 1.9214647530366475), (0.40024146570422575, array([[ 8.75092018e-03],
       [ 4.23936827e-03],
       [-6.28593004e-05]]), 1.917896280250656), (0.38187671019205804, array([[ 0.00518915],
       [-0.0019942 ],
       [ 0.00029998]]), 1.9163790260775284), (0.36304905255231773, array([[ 0.0032454 ],
       [ 0.0007398 ],
       [-0.00031074]]), 1.9127784354701325), (0.34496094873608896, array([[ 0.01114642],
       [-0.00153893],
       [ 0.00027094]]), 1.9134077685670445), (0.32636422990392716, array([[0.00268912],
       [0.00420951],
       [0.00032186]]), 1.9116369424493687), (0.3084822890153408, array([[ 0.00701036],
       [-0.00245186],
       [-0.00033853]]), 1.9146016914936006), (0.29038249858971027, array([[0.00471124],
       [0.00204566],
       [0.00044792]]), 1.9170176888648878), (0.2716876839393081, array([[ 0.00409056],
       [ 0.00196726],
       [-0.00032911]]), 1.9160821414824538), (0.2534388950727814, array([[ 0.00509514],
       [-0.00100497],
       [-0.0003312 ]]), 1.9189040919201992), (0.23514320856581544, array([[ 0.00419595],
       [-0.0055802 ],
       [-0.00025026]]), 1.922313409089189), (0.21672130507186765, array([[ 0.00300173],
       [-0.00098955],
       [-0.00025057]]), 1.9257189751269672), (0.19882238790689363, array([[ 4.43690161e-03],
       [-1.70729084e-03],
       [-4.48992564e-05]]), 1.9353960721960015), (0.18053872305806878, array([[ 0.00503281],
       [ 0.00304983],
       [-0.00023902]]), 1.9435169362776417), (0.1627966211125167, array([[4.11650853e-03],
       [3.90580308e-05],
       [1.42439742e-04]]), 1.9606338825673537), (0.14515236775373294, array([[ 3.26540220e-03],
       [-3.03089048e-04],
       [ 8.13735460e-05]]), 1.9842679917224273), (0.1265984352746131, array([[ 0.00345087],
       [ 0.00152476],
       [-0.00021341]]), 2.001488991426477), (0.10847513694530841, array([[ 3.12230198e-03],
       [ 1.78772511e-03],
       [-5.07687753e-05]]), 2.033779085777988), (0.09066558000064877, array([[ 2.72632643e-03],
       [-1.99055126e-04],
       [-6.83624454e-05]]), 2.088687653902465), (0.072701800460379, array([[ 2.51889094e-03],
       [-1.41073971e-03],
       [ 1.79361703e-05]]), 2.172266938301481), (0.0547902683632749, array([[2.09533304e-03],
       [3.36683400e-05],
       [3.92174886e-05]]), 2.329518321493866)]