[(1.4606346537040011, array([[ 0.02603004],
       [-0.00313932],
       [ 0.00012539]]), 2.328818079318926), (1.4604418024951538, array([[ 0.01897132],
       [-0.00464073],
       [-0.00074986]]), 2.3274188044967734), (1.459715216469985, array([[ 0.00729463],
       [-0.00362501],
       [-0.00013749]]), 2.3257558808144223), (1.4598172542056642, array([[ 0.03981499],
       [-0.00291805],
       [-0.00038716]]), 2.32599906465324), (1.4574137578669628, array([[3.79176856e-02],
       [4.74791703e-03],
       [8.32148791e-05]]), 2.32283471705587), (1.4569598418022325, array([[ 0.03867782],
       [ 0.01347622],
       [-0.00017704]]), 2.3233617604523356), (1.4540023220950247, array([[ 0.01289247],
       [-0.00177922],
       [-0.00088034]]), 2.3204792964645997), (1.451850566185546, array([[0.00654761],
       [0.00904469],
       [0.0011597 ]]), 2.319463600974147), (1.4497642922492784, array([[-0.01073211],
       [ 0.00858993],
       [-0.00092318]]), 2.319134945598413), (1.4447100396644967, array([[ 0.04442554],
       [-0.00204673],
       [-0.00047767]]), 2.3146349567863735), (1.4411369319584388, array([[0.03349535],
       [0.01164358],
       [0.00133244]]), 2.313080890961031), (1.4372946561599451, array([[ 0.01669812],
       [-0.00697211],
       [ 0.00024266]]), 2.3116713977196803), (1.4313527998644693, array([[ 0.03563039],
       [ 0.00087579],
       [-0.00067322]]), 2.307454332054714), (1.4254820583840804, array([[ 0.01839421],
       [-0.00728658],
       [-0.00025705]]), 2.303913914458467), (1.4199510660586874, array([[ 0.00130714],
       [ 0.00267912],
       [-0.0003258 ]]), 2.301486614880988), (1.4128701816363365, array([[ 0.01117951],
       [-0.00051834],
       [-0.00124256]]), 2.2971061845143415), (1.4062340131607727, array([[ 0.00191566],
       [-0.00263542],
       [-0.00060304]]), 2.294003105476762), (1.398033344374613, array([[0.0203928 ],
       [0.00346196],
       [0.00019564]]), 2.288896459432012), (1.3902294388231176, array([[-0.02613378],
       [ 0.00332651],
       [ 0.0004232 ]]), 2.284981919130509), (1.3822865180082982, array([[ 0.00645075],
       [ 0.00627942],
       [-0.00224792]]), 2.2813839691176567), (1.373691708105891, array([[-0.01264524],
       [ 0.01196006],
       [ 0.00027394]]), 2.2772512201542763), (1.3646465618555736, array([[-0.00181826],
       [ 0.01005164],
       [ 0.00102872]]), 2.2729065256824965), (1.3541677670419385, array([[ 0.02182259],
       [-0.00117525],
       [ 0.00043683]]), 2.2666949300737422), (1.3443258770964057, array([[ 0.00838497],
       [ 0.00267097],
       [-0.00015153]]), 2.262064853904569), (1.3340155604464827, array([[-0.02268555],
       [ 0.00016755],
       [-0.00124682]]), 2.2571646342644196), (1.323605180870769, array([[-0.00523942],
       [ 0.00441618],
       [ 0.00209793]]), 2.2526097539282515), (1.3121570561025928, array([[ 0.01148505],
       [ 0.00587532],
       [-0.0005914 ]]), 2.246793904806411), (1.3005248305245862, array([[ 0.00973714],
       [-0.0046209 ],
       [-0.00030915]]), 2.241156926079535), (1.288662517439538, array([[ 9.02339445e-03],
       [ 7.73449606e-05],
       [-1.22611849e-03]]), 2.235614555975273), (1.2758756800202198, array([[ 0.0221215 ],
       [-0.004842  ],
       [-0.00246611]]), 2.2289474983045197), (1.2631163936425178, array([[ 0.01608629],
       [-0.00336391],
       [-0.00129681]]), 2.222798308895869), (1.2506459500945348, array([[ 0.04389671],
       [-0.00020737],
       [-0.00114917]]), 2.217632931004994), (1.2372900054464715, array([[ 3.52616113e-03],
       [-5.33988225e-04],
       [ 1.04478031e-05]]), 2.2113669359665087), (1.2227299805201504, array([[0.0097962 ],
       [0.00023428],
       [0.00314474]]), 2.203390557602411), (1.2097117706617675, array([[ 0.03551054],
       [-0.00118299],
       [-0.00216449]]), 2.198640976168893), (1.1950823374745174, array([[ 0.00947344],
       [-0.00449055],
       [-0.00020361]]), 2.1914118774107654), (1.1813963126538594, array([[0.00080435],
       [0.01157348],
       [0.00258033]]), 2.1863535819376367), (1.1655276404535195, array([[ 0.0302453 ],
       [-0.00402341],
       [-0.00097987]]), 2.1776771426761874), (1.1508431288131389, array([[ 0.02353736],
       [ 0.00029284],
       [-0.00180176]]), 2.171618541440944), (1.1348394454516624, array([[0.01764575],
       [0.00843554],
       [0.00058232]]), 2.163474123431519), (1.1198260855990114, array([[ 0.00972081],
       [-0.00125259],
       [-0.00116592]]), 2.1576166368557814), (1.1041434012944997, array([[-0.00345674],
       [ 0.00139053],
       [-0.00048863]]), 2.150876677910852), (1.0879827409512046, array([[0.01172638],
       [0.00030042],
       [0.00052644]]), 2.143590473599909), (1.0725466154862746, array([[ 0.01932368],
       [-0.00541892],
       [ 0.0016111 ]]), 2.1381244623158744), (1.055592910884425, array([[-0.02072564],
       [-0.00396515],
       [-0.00037008]]), 2.1300090371652005), (1.0387307673817028, array([[0.03304425],
       [0.0072689 ],
       [0.00225022]]), 2.1224210256979226), (1.0213613414701062, array([[ 0.03724429],
       [-0.00297644],
       [-0.00165458]]), 2.1141284084401675), (1.0060235844494003, array([[-0.0172762 ],
       [ 0.00375127],
       [-0.00108576]]), 2.1104159973546537), (0.9868726162187378, array([[-0.00074212],
       [-0.00052789],
       [-0.00143167]]), 2.0990294485415664), (0.9702643782901036, array([[ 0.01822714],
       [-0.00491655],
       [ 0.00255262]]), 2.093340706878588), (0.9522661000686263, array([[0.02118498],
       [0.00159589],
       [0.00112232]]), 2.084976025109344), (0.934592191528834, array([[ 0.00264139],
       [ 0.00094412],
       [-0.00065357]]), 2.0776113221478107), (0.917823466933559, array([[ 0.01392526],
       [-0.00313522],
       [-0.00140584]]), 2.0725909825452624), (0.8996491658370955, array([[ 0.00249319],
       [ 0.00392026],
       [-0.00041291]]), 2.064712483728957), (0.8812601316404114, array([[0.01729225],
       [0.00025626],
       [0.0016868 ]]), 2.0565978421815756), (0.8640944168077672, array([[ 0.00754764],
       [ 0.00081463],
       [-0.00077497]]), 2.051634120062896), (0.8451134063255504, array([[ 0.01780906],
       [ 0.00511643],
       [-0.00027013]]), 2.042631460473578), (0.8272776082685568, array([[ 0.01225644],
       [-0.01014572],
       [ 0.0013868 ]]), 2.036639990866933), (0.8088594884180094, array([[ 0.00752193],
       [ 0.00085504],
       [-0.00117163]]), 2.0294817382328927), (0.7908957155617389, array([[ 0.01654866],
       [ 0.00174045],
       [-0.0011074 ]]), 2.0237252854747068), (0.7723782530698821, array([[ 0.01546296],
       [-0.00110369],
       [-0.00081751]]), 2.016808702799229), (0.7543319619187121, array([[ 0.00498858],
       [ 0.00018135],
       [-0.00026684]]), 2.011375928313521), (0.7354507028232409, array([[ 0.01605682],
       [-0.00538384],
       [-0.00138534]]), 2.0039490723275835), (0.7169358049789357, array([[ 0.0086529 ],
       [-0.00676595],
       [-0.00140508]]), 1.9977246203607941), (0.6979530515566308, array([[-2.65807420e-03],
       [ 3.14646481e-03],
       [ 5.91314180e-05]]), 1.99039062399764), (0.6793852485439437, array([[ 1.04888749e-02],
       [-6.79396651e-04],
       [-7.03838282e-05]]), 1.984428037973242), (0.6605402931912439, array([[ 0.00324488],
       [ 0.00579327],
       [-0.00061995]]), 1.9778496735737154), (0.6423759592889394, array([[ 0.00496655],
       [-0.00172361],
       [ 0.0011007 ]]), 1.9735324154339677), (0.6235043791546973, array([[ 0.01102314],
       [-0.00148186],
       [-0.00158   ]]), 1.9672619531919522), (0.604382205466673, array([[0.01292282],
       [0.0095423 ],
       [0.00135265]]), 1.9603381715041377), (0.5858592002029676, array([[0.01436773],
       [0.00549791],
       [0.00078012]]), 1.9555212717728436), (0.5674728699089076, array([[ 0.00094985],
       [-0.00161357],
       [-0.00168763]]), 1.951391645125474), (0.5483571028495022, array([[-0.00019225],
       [ 0.00051358],
       [-0.00081567]]), 1.9449230180660813), (0.5303208082899302, array([[1.02141237e-02],
       [8.56221551e-03],
       [8.97616527e-05]]), 1.9424923957644988), (0.5110955613588104, array([[7.90669510e-03],
       [2.08537027e-03],
       [3.73427503e-05]]), 1.9358989059169578), (0.4928109597787053, array([[ 0.00812501],
       [ 0.00470586],
       [-0.00022455]]), 1.9330324449670324), (0.47413759148527995, array([[-0.0018049 ],
       [ 0.00185688],
       [-0.00040866]]), 1.928876893432582), (0.45606133151542194, array([[ 0.00805452],
       [ 0.00068004],
       [-0.00030992]]), 1.927427484251926), (0.4372341390841576, array([[0.00402808],
       [0.00597501],
       [0.00080577]]), 1.923062661965515), (0.41863612411611445, array([[-0.00076808],
       [ 0.00504171],
       [ 0.0004491 ]]), 1.9198820570716075), (0.4000076796346016, array([[ 4.43890326e-03],
       [ 7.66929746e-03],
       [-6.48472719e-07]]), 1.9167760129327314), (0.381880915124513, array([[-0.0017366 ],
       [ 0.00555662],
       [ 0.00041643]]), 1.9164001277685911), (0.3629521689567898, array([[-0.0003965 ],
       [-0.00151023],
       [-0.00045157]]), 1.912267989702615), (0.34473095289165595, array([[ 0.00333959],
       [-0.00240166],
       [-0.00017324]]), 1.912132042033103), (0.3264475241855818, array([[0.00814504],
       [0.00196071],
       [0.00065545]]), 1.9121248281038492), (0.3081471804535734, array([[ 0.00303797],
       [-0.00244821],
       [ 0.00012306]]), 1.9125218332909086), (0.28966289467856404, array([[-0.00129327],
       [-0.00030402],
       [ 0.00010382]]), 1.9122670808449713), (0.27175017468023377, array([[ 0.00268418],
       [-0.00211784],
       [-0.0004192 ]]), 1.9165228585254928), (0.25362220408621355, array([[ 0.00014456],
       [-0.00149177],
       [ 0.00013115]]), 1.9202920099659273), (0.23520882572087046, array([[0.00275963],
       [0.00054833],
       [0.00051849]]), 1.9228498342651394), (0.21652972906635826, array([[ 0.00443169],
       [-0.00248976],
       [-0.00045034]]), 1.924016689563182), (0.19900652591639556, array([[ 0.00458363],
       [-0.00169255],
       [ 0.00054185]]), 1.9371885261750719), (0.18080556819094482, array([[2.43764208e-03],
       [1.34020186e-03],
       [5.39197899e-05]]), 1.9463895501209387), (0.16246842058875946, array([[ 3.01684365e-03],
       [-6.62553723e-04],
       [-7.44514053e-05]]), 1.9566812141227792), (0.14422025282166862, array([[ 0.00192687],
       [ 0.00292448],
       [-0.00015781]]), 1.971525755044347), (0.1266116180994633, array([[ 2.55690450e-04],
       [-1.19159914e-03],
       [-8.42409857e-05]]), 2.001697408527023), (0.10859621054915927, array([[ 1.38397252e-03],
       [-8.44113300e-05],
       [-3.26212591e-04]]), 2.03604907105098), (0.09061137469607525, array([[ 0.00168538],
       [-0.0013271 ],
       [-0.00010778]]), 2.0874389115413847), (0.07287971248483473, array([[ 1.70493161e-03],
       [ 1.26373028e-03],
       [-2.61729786e-05]]), 2.177582795765865), (0.05481211699684161, array([[ 1.58730652e-03],
       [ 7.42903639e-04],
       [-3.35606876e-05]]), 2.3304472600392265)]