[(1.4603353555789895, array([[ 2.01399218e-02],
       [-2.79849951e-03],
       [ 4.79075896e-05]]), 2.32834088203837), (1.4598942608179593, array([[-0.0057196 ],
       [ 0.00799075],
       [ 0.0001456 ]]), 2.3265462200544693), (1.460495122259423, array([[0.02783392],
       [0.00749203],
       [0.00062932]]), 2.3269985002348412), (1.459665279236124, array([[ 0.03980653],
       [-0.00455858],
       [ 0.00018225]]), 2.325756915414366), (1.4587380918094077, array([[0.03929915],
       [0.00046238],
       [0.00044886]]), 2.32494544837145), (1.456644389715216, array([[0.01980985],
       [0.01470843],
       [0.00098952]]), 2.3228587202893873), (1.4553271449122702, array([[0.01235894],
       [0.01481759],
       [0.00105202]]), 2.322593614902876), (1.4518233659684776, array([[ 0.00209942],
       [-0.00310805],
       [-0.00034131]]), 2.319420146148356), (1.4489714564945142, array([[0.01262172],
       [0.00135621],
       [0.00029704]]), 2.3178666752217567), (1.4452441336156665, array([[ 1.85389303e-02],
       [-9.10182144e-05],
       [ 4.92365828e-04]]), 2.3154906527361803), (1.4408552056924038, array([[ 1.90608480e-02],
       [ 6.87625488e-03],
       [-6.06472539e-05]]), 2.3126287093341524), (1.4373234976630977, array([[ 0.02246521],
       [-0.00970881],
       [-0.00139743]]), 2.3117177849219286), (1.4303898512538185, array([[ 0.03500692],
       [-0.00897836],
       [-0.00026217]]), 2.3059019824569047), (1.4252396232619156, array([[0.00875052],
       [0.01557446],
       [0.00120209]]), 2.30352208234243), (1.4188316741918192, array([[3.26930434e-02],
       [1.39168970e-02],
       [9.76213675e-05]]), 2.299672280950767), (1.412708320963512, array([[ 1.67408516e-02],
       [-4.25398457e-03],
       [ 9.99244657e-05]]), 2.296843024347606), (1.407028922704168, array([[ 0.03485291],
       [-0.00589015],
       [-0.00025917]]), 2.295299849079929), (1.3983939250500486, array([[0.02354729],
       [0.00674565],
       [0.00036541]]), 2.289486811468081), (1.389429678101927, array([[0.01859931],
       [0.01076723],
       [0.00058526]]), 2.283667431941187), (1.3823401602588499, array([[ 1.97388430e-02],
       [ 6.78732884e-03],
       [-3.99408178e-05]]), 2.2814725025504017), (1.3731107472888542, array([[0.01224357],
       [0.00134931],
       [0.00037781]]), 2.276288126527335), (1.3648186836235794, array([[0.03078069],
       [0.00382463],
       [0.00019638]]), 2.273193205545728), (1.3544769398568406, array([[ 0.03130655],
       [ 0.00028338],
       [-0.00104575]]), 2.267212443833198), (1.3440055792505974, array([[ 0.04308707],
       [-0.00342932],
       [-0.00011203]]), 2.261525896415073), (1.3337591681726975, array([[0.01850766],
       [0.00376145],
       [0.00104513]]), 2.2567308165564066), (1.3229242898626987, array([[ 0.03916821],
       [-0.00069322],
       [-0.0006152 ]]), 2.2514509629622537), (1.3122191410180608, array([[3.79714500e-02],
       [9.51880827e-03],
       [5.82586002e-05]]), 2.2469002122099377), (1.300948515461046, array([[ 0.03345594],
       [-0.00065205],
       [-0.00115212]]), 2.241887050109108), (1.288955387008199, array([[ 0.04821026],
       [-0.00500844],
       [-0.00065035]]), 2.236122635834693), (1.2763383349834754, array([[-0.00139924],
       [ 0.00468733],
       [ 0.00030872]]), 2.229755753872892), (1.2631420815472678, array([[ 0.01333522],
       [ 0.00057073],
       [-0.00053876]]), 2.222843513780807), (1.2506822733276255, array([[ 0.02566808],
       [ 0.00178272],
       [-0.00059066]]), 2.2176973389998036), (1.237797844850768, array([[0.03749047],
       [0.00555085],
       [0.00107187]]), 2.212274580304133), (1.2234273418997916, array([[ 0.04574023],
       [ 0.00559369],
       [-0.00144105]]), 2.2046472205644863), (1.2094537899494113, array([[ 0.03005477],
       [-0.01387397],
       [-0.00030703]]), 2.198172098392382), (1.1954801867558726, array([[-0.01709303],
       [ 0.0068724 ],
       [ 0.00153492]]), 2.1921414101075865), (1.1804808464508267, array([[0.02798657],
       [0.00499242],
       [0.0015506 ]]), 2.184659372474898), (1.1663279298423517, array([[ 2.18764210e-02],
       [-7.96474782e-05],
       [-5.62160885e-04]]), 2.1791724070089216), (1.151067919598819, array([[ 0.03685175],
       [ 0.00027553],
       [-0.00065904]]), 2.17204271726987), (1.1351630611344607, array([[ 0.03773448],
       [-0.00350344],
       [-0.00169716]]), 2.1640910689901856), (1.1192095097669075, array([[0.0094514 ],
       [0.00422319],
       [0.00126341]]), 2.156428653926701), (1.103607340905126, array([[ 0.02896271],
       [-0.00494859],
       [ 0.00112938]]), 2.1498324296835802), (1.0893373083168, array([[ 0.01006789],
       [-0.00305285],
       [ 0.00277984]]), 2.1462593005871846), (1.0719228374659768, array([[0.03348082],
       [0.00270904],
       [0.00120803]]), 2.1368809592130753), (1.055222878962312, array([[ 0.01892615],
       [-0.00373823],
       [-0.00112799]]), 2.1292623749528894), (1.0383583186695238, array([[ 0.02629841],
       [-0.00205206],
       [-0.00082329]]), 2.1216600075375425), (1.0226514365454216, array([[0.02280064],
       [0.00616327],
       [0.00123064]]), 2.116798792111031), (1.004535273840066, array([[ 2.70545053e-02],
       [ 3.48757154e-03],
       [-2.36060965e-05]]), 2.1072938493578044), (0.9877247681961958, array([[ 0.02253398],
       [-0.00675206],
       [-0.00252407]]), 2.1008419338268216), (0.9705252150133892, array([[ 0.02429784],
       [ 0.00509536],
       [-0.00065785]]), 2.0939034608484546), (0.9524873427140934, array([[ 0.01994253],
       [-0.00408621],
       [-0.00114951]]), 2.085460433418636), (0.9348008683093135, array([[0.02585649],
       [0.00058787],
       [0.00092425]]), 2.078075213506762), (0.9176040379514468, array([[ 0.0011297 ],
       [ 0.00065339],
       [-0.00189144]]), 2.072095477095664), (0.8993943263238774, array([[-0.00782633],
       [-0.00065895],
       [ 0.00013725]]), 2.064127622047015), (0.8811804111019153, array([[ 0.02267394],
       [-0.0034371 ],
       [ 0.00075901]]), 2.056411798263824), (0.864264401734293, array([[0.00853534],
       [0.00445081],
       [0.0015738 ]]), 2.05203771817483), (0.8460274818506176, array([[ 0.01912898],
       [-0.01163094],
       [ 0.00105358]]), 2.044840772751405), (0.8280278117229186, array([[ 0.02293426],
       [-0.00698682],
       [ 0.00029925]]), 2.0384868852360887), (0.8087539191039914, array([[0.01264806],
       [0.00179125],
       [0.00011315]]), 2.0292168578698817), (0.7901327577111793, array([[0.02144947],
       [0.00582075],
       [0.00157685]]), 2.021773046938641), (0.7723409841118599, array([[ 0.01795053],
       [-0.00361582],
       [-0.00143772]]), 2.0167113873212434), (0.7544168926681512, array([[0.03090786],
       [0.00249376],
       [0.0005401 ]]), 2.0116023904994274), (0.73518248303777, array([[ 0.01651652],
       [-0.00143226],
       [-0.00016941]]), 2.0032182296100354), (0.7168889127377431, array([[ 0.01456506],
       [-0.00035631],
       [ 0.00125391]]), 1.9975939562426352), (0.6979824820785117, array([[ 0.01049328],
       [-0.0064072 ],
       [-0.00021137]]), 1.9904745526153031), (0.6793178307812567, array([[0.01607366],
       [0.00715127],
       [0.00010338]]), 1.9842311162726014), (0.6607283650894277, array([[ 0.0168582 ],
       [-0.00313484],
       [ 0.00012054]]), 1.9784128155141323), (0.6418610541499081, array([[ 0.01044189],
       [-0.00314918],
       [-0.00109147]]), 1.9719505038321132), (0.6237586889147542, array([[ 0.02276529],
       [ 0.00368461],
       [-0.00086884]]), 1.9680643435712526), (0.6049222848702213, array([[0.00747439],
       [0.00269072],
       [0.00132563]]), 1.962089940932229), (0.5855002793688766, array([[ 0.00937132],
       [ 0.0034942 ],
       [-0.00015942]]), 1.9543232410417326), (0.567768414104256, array([[ 0.0155098 ],
       [-0.00453224],
       [-0.00138731]]), 1.9524079447657736), (0.5489306068040373, array([[ 0.01357996],
       [ 0.00612866],
       [-0.0001759 ]]), 1.9469571323983856), (0.5305547092995467, array([[0.00644421],
       [0.00092257],
       [0.00038291]]), 1.943349143086948), (0.5120795505866197, array([[ 0.00821222],
       [-0.00782223],
       [-0.00141548]]), 1.9396260047485065), (0.49354433008919535, array([[ 9.25577554e-03],
       [-1.13663320e-03],
       [-2.43689997e-05]]), 1.9359090624127755), (0.47469296195709587, array([[ 0.0131197 ],
       [-0.00272679],
       [-0.00078905]]), 1.9311362402753929), (0.45484306021503407, array([[0.00617839],
       [0.00809515],
       [0.00100717]]), 1.9222787697581087), (0.43734600494981396, array([[0.00785853],
       [0.00046349],
       [0.00078221]]), 1.9235546753975923), (0.41937454624904713, array([[0.01041006],
       [0.00404786],
       [0.00129953]]), 1.9232684905920192), (0.40032241014170244, array([[ 1.25215041e-02],
       [ 2.09534805e-03],
       [-4.51939144e-05]]), 1.9182841536941795), (0.3821769948705667, array([[ 0.00953293],
       [ 0.00129819],
       [-0.00014825]]), 1.9178859502873258), (0.36305496503565376, array([[ 0.00809593],
       [-0.0012452 ],
       [ 0.00040994]]), 1.9128095862761894), (0.3445952955641534, array([[ 8.59863624e-03],
       [-1.53232206e-03],
       [-7.71505105e-05]]), 1.911379586471807), (0.32635426389834266, array([[ 1.43013649e-02],
       [ 1.68011850e-03],
       [-8.22597734e-05]]), 1.9115785678399646), (0.3080574124131298, array([[ 0.01040711],
       [ 0.00058015],
       [-0.0001143 ]]), 1.911964686095768), (0.28961994957802967, array([[0.00913997],
       [0.00252204],
       [0.00058219]]), 1.9119835702416317), (0.27138976429787115, array([[ 0.00542991],
       [ 0.00147921],
       [-0.00014334]]), 1.9139810580020498), (0.2531843116319629, array([[ 0.01027788],
       [ 0.00289045],
       [-0.00032735]]), 1.9169765219385617), (0.2348559404183012, array([[0.00706738],
       [0.00200419],
       [0.00038868]]), 1.9199649703852224), (0.21716390495263943, array([[0.00679277],
       [0.00183248],
       [0.00025792]]), 1.9296517817723888), (0.19886719194884878, array([[ 4.60058575e-03],
       [ 4.98585925e-04],
       [-1.62359686e-05]]), 1.9358322080242216), (0.18072182473010817, array([[ 4.84382969e-03],
       [ 1.87691653e-05],
       [-5.22920627e-05]]), 1.945488043609307), (0.16262644336827523, array([[0.00373368],
       [0.00222179],
       [0.00023751]]), 1.9585843544559065), (0.14486940342622237, array([[0.00395755],
       [0.00233634],
       [0.00015438]]), 1.98039980089256), (0.1266343357504929, array([[ 3.54230491e-03],
       [ 1.68624841e-03],
       [-1.21110392e-05]]), 2.0020565687990137), (0.10870363557669376, array([[3.36102629e-03],
       [3.03272488e-04],
       [7.57033462e-05]]), 2.038063161841194), (0.09093806379936203, array([[ 0.00280795],
       [-0.00348104],
       [-0.00017631]]), 2.094964937368327), (0.07286607482116597, array([[3.29621268e-03],
       [1.58025784e-03],
       [5.14433554e-05]]), 2.1771753141668437), (0.05497764383295718, array([[ 2.16913920e-03],
       [-1.77658672e-04],
       [ 1.23345620e-05]]), 2.337484965984989)]