[(1.4589292898155064, array([[ 0.04966547],
       [-0.00986157],
       [ 0.0002099 ]]), 2.326099067932148), (1.4604250193180242, array([[0.05020701],
       [0.00806749],
       [0.00057711]]), 2.3273920581505765), (1.4602591965773992, array([[-0.00372873],
       [-0.00085972],
       [-0.00010545]]), 2.3266226011990496), (1.460182524314449, array([[0.02812981],
       [0.01280233],
       [0.00058913]]), 2.3265810675915746), (1.4576225206908588, array([[-3.88643615e-05],
       [-1.02260975e-02],
       [-5.21619829e-04]]), 2.3231674444864705), (1.4555890926108737, array([[0.00642774],
       [0.00825846],
       [0.0005816 ]]), 2.321175875733348), (1.4547730498666913, array([[0.03097211],
       [0.00320967],
       [0.00028485]]), 2.3217093205231483), (1.4530308919339998, array([[0.0457771 ],
       [0.00545696],
       [0.00042536]]), 2.3213492789320544), (1.448499224965449, array([[ 0.04726024],
       [-0.00382983],
       [-0.00021771]]), 2.3171112637060203), (1.4452710726188203, array([[ 0.05157398],
       [-0.00198853],
       [ 0.00098629]]), 2.315533812925207), (1.4411658580518876, array([[0.01556856],
       [0.00470126],
       [0.00076495]]), 2.3131273184673433), (1.4353035763412025, array([[0.06114096],
       [0.00780715],
       [0.00031808]]), 2.3084690465192237), (1.4326063763121035, array([[0.02095099],
       [0.00370082],
       [0.00134108]]), 2.309475196795349), (1.4259725319661358, array([[ 0.01458699],
       [ 0.00478667],
       [-0.00011787]]), 2.304706635000774), (1.4198139422139147, array([[ 0.06797341],
       [-0.00264168],
       [-0.00035785]]), 2.301264361663346), (1.4123092519862541, array([[ 0.03440206],
       [-0.0082072 ],
       [-0.00077067]]), 2.2961942005365996), (1.4061494161880086, array([[ 0.02985625],
       [ 0.00047384],
       [-0.00076553]]), 2.293865101619354), (1.3985204309935921, array([[ 0.02536128],
       [-0.00459026],
       [-0.00051892]]), 2.2896939302806896), (1.3902437852112668, array([[ 0.03096606],
       [ 0.00234294],
       [-0.00024193]]), 2.285005498862466), (1.382875088508688, array([[ 0.02971675],
       [-0.00300768],
       [-0.00111984]]), 2.282355370695254), (1.3733694354140817, array([[ 0.03585408],
       [-0.00274835],
       [ 0.00019873]]), 2.276716969364005), (1.3639447003170417, array([[5.23102775e-02],
       [5.96142178e-03],
       [2.23022928e-06]]), 2.2717375301963063), (1.3549411507925802, array([[0.04038506],
       [0.00258371],
       [0.0006177 ]]), 2.267989470579909), (1.3441749051549055, array([[ 0.02882449],
       [ 0.01315623],
       [-0.00170859]]), 2.261810817045938), (1.3345064998731646, array([[ 1.01026620e-02],
       [-6.23146417e-04],
       [-8.79742028e-06]]), 2.257995307567137), (1.3241576751504498, array([[ 0.04335599],
       [ 0.00010497],
       [-0.00068947]]), 2.253550029791013), (1.3125304173644214, array([[0.01364317],
       [0.00121238],
       [0.00024144]]), 2.247433207703473), (1.3008740042352165, array([[0.04032345],
       [0.00493704],
       [0.00049797]]), 2.241758647062954), (1.2887813733818565, array([[ 0.03740766],
       [-0.00898353],
       [-0.00249116]]), 2.2358207512134483), (1.2760263899708157, array([[ 0.03290053],
       [ 0.00063603],
       [-0.00107606]]), 2.22921078772418), (1.2644584962837273, array([[ 0.03173179],
       [-0.00331965],
       [-0.00329421]]), 2.2251601050820797), (1.2507102014486575, array([[ 0.0198551 ],
       [-0.0002225 ],
       [ 0.00145381]]), 2.2177468608656015), (1.2377369749702467, array([[0.01622759],
       [0.00726201],
       [0.00072958]]), 2.2121657896078624), (1.2236116892931654, array([[0.00925855],
       [0.00419339],
       [0.00224607]]), 2.2049794192611323), (1.2093653977759695, array([[0.01626797],
       [0.00798474],
       [0.00160826]]), 2.198011446360042), (1.1956039961999125, array([[ 0.00807106],
       [-0.00478371],
       [ 0.00107555]]), 2.1923684383864726), (1.1816022219903237, array([[ 0.00928493],
       [-0.00949952],
       [-0.00153987]]), 2.1867346484861874), (1.1657620390387415, array([[0.0423053 ],
       [0.00160673],
       [0.0017687 ]]), 2.178115094058546), (1.1513174207307872, array([[ 0.01148361],
       [ 0.00084974],
       [-0.00096423]]), 2.1725135210403645), (1.1352498158998703, array([[0.01301118],
       [0.00737532],
       [0.00237474]]), 2.164256459513753), (1.120103666164008, array([[ 0.03667879],
       [-0.00010876],
       [-0.00180524]]), 2.15815146315855), (1.103708889314176, array([[0.02902596],
       [0.00195316],
       [0.00134463]]), 2.1500302464748127), (1.0891958202236125, array([[ 0.02045726],
       [ 0.00356922],
       [-0.00183395]]), 2.145980534649758), (1.0720214043450391, array([[ 0.02917606],
       [-0.0037237 ],
       [-0.00138268]]), 2.137077452542367), (1.0555014546524513, array([[0.01664608],
       [0.00476966],
       [0.00067746]]), 2.1298244938638944), (1.0388491708556131, array([[ 0.02016077],
       [ 0.00106695],
       [-0.00180572]]), 2.1226629575155163), (1.022496535287186, array([[0.02709104],
       [0.0045388 ],
       [0.00172508]]), 2.1164781600905678), (1.0043855440366205, array([[0.02017518],
       [0.00227995],
       [0.00097389]]), 2.1069797491941937), (0.987876936995845, array([[0.01372608],
       [0.01223364],
       [0.00042025]]), 2.1011655893689487), (0.9698882953702652, array([[ 0.02539818],
       [ 0.00628314],
       [-0.00198596]]), 2.0925293097966438), (0.9523247909067151, array([[ 2.72277337e-02],
       [ 4.38984355e-03],
       [-9.15064123e-05]]), 2.08510452804597), (0.9357263497093108, array([[ 0.01087298],
       [-0.00392505],
       [-0.00067844]]), 2.080132571413772), (0.9183878646025507, array([[ 0.00788666],
       [-0.01071834],
       [-0.00208682]]), 2.07386548201217), (0.9002563098832471, array([[0.02348765],
       [0.00641182],
       [0.00154614]]), 2.066105891225027), (0.8817178878893991, array([[ 0.01766515],
       [-0.00288076],
       [-0.00327296]]), 2.0576661084971763), (0.8629451153762637, array([[ 0.0293203 ],
       [-0.00808349],
       [ 0.00048788]]), 2.04890531406063), (0.8453292058614119, array([[0.01113717],
       [0.00699642],
       [0.0007241 ]]), 2.0431530460002145), (0.8276940570596497, array([[ 0.02550527],
       [-0.00951745],
       [-0.00118064]]), 2.037665228651216), (0.8083079695065517, array([[ 0.02477545],
       [-0.00414049],
       [-0.00354514]]), 2.028097940953983), (0.7904576457721281, array([[ 0.01618713],
       [ 0.00108074],
       [-0.00035117]]), 2.022604362839024), (0.7722774038381609, array([[0.02179082],
       [0.00585848],
       [0.00041671]]), 2.016545368600736), (0.7537032686892761, array([[ 0.00833776],
       [-0.0019706 ],
       [-0.00177105]]), 2.009699559696228), (0.7348658877391075, array([[ 0.01449913],
       [-0.00483942],
       [ 0.0001788 ]]), 2.0023555737547585), (0.7163850741391216, array([[ 0.0226914 ],
       [-0.00169798],
       [-0.00087367]]), 1.9961900219347595), (0.6976457105697138, array([[ 0.01332291],
       [ 0.00567399],
       [-0.00150603]]), 1.9895141630131006), (0.6787851976841393, array([[ 0.01519469],
       [-0.00346113],
       [-0.0006443 ]]), 1.982675339113563), (0.6611502768116255, array([[ 0.01365769],
       [-0.00670806],
       [ 0.00079365]]), 1.9796761418707949), (0.6416197122274904, array([[0.00388175],
       [0.00624693],
       [0.00036688]]), 1.9712090437880263), (0.6233313131809578, array([[ 0.01486738],
       [-0.00717207],
       [-0.00062813]]), 1.966715900723177), (0.6051143171188756, array([[0.01151369],
       [0.00556799],
       [0.00026311]]), 1.9627128053114113), (0.5861690684384684, array([[ 0.01392101],
       [-0.0054275 ],
       [-0.00162788]]), 1.9565555713549931), (0.5669226642120967, array([[0.01522409],
       [0.00593986],
       [0.00038977]]), 1.9494996307988162), (0.5490330032728494, array([[ 0.01679896],
       [-0.00712304],
       [-0.00088583]]), 1.9473203140698303), (0.5305713670337167, array([[0.01279986],
       [0.00010909],
       [0.00026169]]), 1.9434101580828713), (0.5113221734171377, array([[0.01216474],
       [0.00459605],
       [0.00124183]]), 1.9367572542747817), (0.49256385134239755, array([[ 1.16923543e-02],
       [-3.44332545e-03],
       [-4.93947122e-05]]), 1.9320631714244503), (0.47474218791134465, array([[ 0.01793724],
       [-0.00136743],
       [ 0.00092988]]), 1.9313365002999363), (0.4563451965954016, array([[ 0.01264402],
       [-0.00137164],
       [ 0.00019202]]), 1.928627167976819), (0.4367738176342467, array([[ 0.00810355],
       [-0.00103653],
       [-0.00101915]]), 1.921038055664919), (0.4182894952637358, array([[0.01260328],
       [0.00362127],
       [0.00057702]]), 1.9182924032510007), (0.4000473569750333, array([[0.00834468],
       [0.00632679],
       [0.0010352 ]]), 1.916966140718443), (0.38143862342893914, array([[ 0.00834578],
       [-0.0060535 ],
       [-0.00011104]]), 1.9141805670931582), (0.36301116080276835, array([[0.00952104],
       [0.00196492],
       [0.00043783]]), 1.9125787970991996), (0.34483213805074403, array([[0.01016484],
       [0.00297581],
       [0.00074461]]), 1.912693289531326), (0.32687185806527574, array([[ 0.00941441],
       [-0.00035832],
       [-0.00041406]]), 1.9146103098019958), (0.3080131849724139, array([[0.00894604],
       [0.00065212],
       [0.00065346]]), 1.911690187572448), (0.29006279324868456, array([[ 0.00757777],
       [-0.00250989],
       [-0.00032913]]), 1.9149070906127639), (0.2715415077470609, array([[ 0.00876352],
       [-0.00171451],
       [-0.00029949]]), 1.9150512313307173), (0.2533666891416072, array([[ 0.00454276],
       [-0.00053541],
       [ 0.00025243]]), 1.9183573871346087), (0.23544806454156134, array([[ 0.00703342],
       [-0.00055797],
       [-0.00048676]]), 1.9248056296112765), (0.2167912123935377, array([[ 0.00488307],
       [ 0.00018891],
       [-0.00016782]]), 1.926340150123102), (0.19875893098308847, array([[5.05537431e-03],
       [7.43586775e-04],
       [5.17702846e-05]]), 1.9347783636855107), (0.1802511005714643, array([[ 0.00748695],
       [ 0.00075178],
       [-0.00033147]]), 1.9404206521979632), (0.16269945591973092, array([[0.00517939],
       [0.00425626],
       [0.00017715]]), 1.9594636778795653), (0.1446490021361631, array([[ 5.48475717e-03],
       [-1.85423317e-03],
       [-5.99199142e-05]]), 1.9773868619238972), (0.1263325852287655, array([[ 0.004092  ],
       [-0.00131789],
       [-0.00011605]]), 1.9972859699674836), (0.10874245559738041, array([[4.42119837e-03],
       [4.95505054e-03],
       [3.93279253e-05]]), 2.038790990801869), (0.09030683199417676, array([[ 3.38754032e-03],
       [-3.08915298e-03],
       [-8.63598070e-05]]), 2.0804230783934923), (0.07279351352691837, array([[ 2.54636717e-03],
       [ 1.50728390e-03],
       [-8.99113877e-05]]), 2.175007245432696), (0.054777895048514, array([[2.42656760e-03],
       [5.38952985e-04],
       [4.07046687e-05]]), 2.3289922451614413)]