[(1.459966038477556, array([[ 0.04647336],
       [ 0.00176928],
       [-0.00030117]]), 2.3277520473556934), (1.4598383333698506, array([[ 0.00392229],
       [-0.01460697],
       [ 0.00061209]]), 2.3264570918234138), (1.4596195209647405, array([[1.72038195e-03],
       [3.11737926e-03],
       [9.01811943e-05]]), 2.3256034097148692), (1.4600067067420726, array([[-0.0012785 ],
       [ 0.00611375],
       [-0.00095375]]), 2.3263009287538408), (1.4575658246273813, array([[ 0.03845943],
       [-0.00597762],
       [ 0.00059242]]), 2.3230770819632296), (1.4560957950059652, array([[ 0.03462021],
       [ 0.00252746],
       [-0.00072078]]), 2.321983895923684), (1.4542455260219327, array([[ 0.00370665],
       [-0.00523175],
       [-0.00025866]]), 2.320867431798796), (1.4520742168654435, array([[ 1.04540055e-02],
       [ 5.87913782e-03],
       [-8.27004424e-06]]), 2.31982090331878), (1.449135944045435, array([[ 0.01430882],
       [-0.00106344],
       [-0.000335  ]]), 2.3181297999445105), (1.445253407164779, array([[ 0.015752  ],
       [ 0.00189241],
       [-0.0014941 ]]), 2.3155055103064606), (1.441380557625659, array([[ 0.0102868 ],
       [ 0.01439426],
       [-0.00011424]]), 2.3134719196432454), (1.4369150589379749, array([[ 0.0288227 ],
       [ 0.00330608],
       [-0.00038019]]), 2.3110608729139828), (1.4316894848829007, array([[ 0.03212605],
       [-0.00975163],
       [-0.00060321]]), 2.307997095029985), (1.4258640434740595, array([[ 0.00604062],
       [ 0.00297424],
       [-0.00024594]]), 2.304531292108885), (1.4188830940101809, array([[ 0.04110665],
       [-0.00149086],
       [-0.00079418]]), 2.2997556232760963), (1.4124270296263508, array([[0.04190955],
       [0.0024236 ],
       [0.0008691 ]]), 2.296385688579153), (1.4056620392403523, array([[ 0.03399598],
       [-0.01116753],
       [-0.00139176]]), 2.293070038905042), (1.3982906274319507, array([[ 0.02922638],
       [-0.00430368],
       [-0.00057966]]), 2.289317689927966), (1.3905037822865551, array([[ 0.01117243],
       [-0.00142576],
       [-0.00123052]]), 2.285432830207545), (1.3823608678416646, array([[ 0.02005921],
       [-0.01198702],
       [-0.00287274]]), 2.281506679218449), (1.3737020389285974, array([[ 0.01446863],
       [-0.00394446],
       [-0.00013379]]), 2.277268346179333), (1.3646282992084218, array([[ 0.02020184],
       [-0.00863581],
       [-0.00046613]]), 2.272876108070312), (1.3547630002034519, array([[0.03474764],
       [0.00530851],
       [0.0009276 ]]), 2.2676912704255447), (1.3443889938010896, array([[0.02304737],
       [0.00249441],
       [0.00083527]]), 2.262171058867065), (1.3332827426712512, array([[ 0.01644284],
       [-0.00520595],
       [-0.00038424]]), 2.255924700927316), (1.3237258740003484, array([[0.02652301],
       [0.00100739],
       [0.00237935]]), 2.2528151584739966), (1.3117496578478884, array([[0.04106752],
       [0.00062389],
       [0.0007759 ]]), 2.2460963206938676), (1.3007697022634874, array([[0.01754032],
       [0.01150191],
       [0.00326615]]), 2.2415789064837215), (1.2899366555398797, array([[0.01737286],
       [0.00442908],
       [0.0005557 ]]), 2.2378249730898374), (1.2757879575272744, array([[2.03084838e-02],
       [4.04096677e-03],
       [8.93413720e-05]]), 2.2287942476122637), (1.2638774678699503, array([[ 3.00467572e-02],
       [-7.94756713e-03],
       [ 5.53859719e-05]]), 2.22413762688287), (1.2508800892244891, array([[ 0.02131035],
       [-0.00288681],
       [ 0.0008153 ]]), 2.218048104176093), (1.2370520469374549, array([[0.03230367],
       [0.0064469 ],
       [0.00261965]]), 2.210941640702945), (1.2237676591678879, array([[0.02281459],
       [0.00615353],
       [0.00084668]]), 2.2052604809466296), (1.2094054148396063, array([[0.02097266],
       [0.00526547],
       [0.00017984]]), 2.198084177036879), (1.1956334367658672, array([[0.02676136],
       [0.00251999],
       [0.0037386 ]]), 2.192422423291017), (1.18109095396507, array([[ 0.02919167],
       [-0.00021935],
       [ 0.00101329]]), 2.1857884692351), (1.1664041872653303, array([[ 0.01534379],
       [ 0.00121374],
       [-0.00093216]]), 2.179314886724731), (1.1506254444616764, array([[ 0.03107855],
       [-0.00325514],
       [-0.00121107]]), 2.1712077753148042), (1.1350204751171338, array([[0.0052829 ],
       [0.00025159],
       [0.00056647]]), 2.1638192409707364), (1.119675386674856, array([[ 0.01726566],
       [ 0.00270279],
       [-0.00031022]]), 2.157326278817069), (1.1042288238294315, array([[-0.00558232],
       [-0.01381655],
       [-0.00267716]]), 2.1510430814214265), (1.0885325612262398, array([[ 0.03308756],
       [ 0.00118018],
       [-0.00391915]]), 2.1446737531956197), (1.0719115178740295, array([[ 0.04070132],
       [-0.00646031],
       [ 0.00073708]]), 2.1368583935771426), (1.0552014337477225, array([[0.00384626],
       [0.01142713],
       [0.00292398]]), 2.1292191021150284), (1.0392963656077956, array([[ 0.03207767],
       [ 0.00061448],
       [-0.0008609 ]]), 2.1235767029964614), (1.021345576768028, array([[ 0.00652644],
       [-0.00012842],
       [-0.00284655]]), 2.114095776889353), (1.004058839488828, array([[ 0.01568392],
       [-0.00098045],
       [ 0.00061511]]), 2.1062943949791157), (0.9879832846916352, array([[0.02216918],
       [0.00211477],
       [0.0005104 ]]), 2.101391785679982), (0.970356344532701, array([[ 0.03342899],
       [-0.00074979],
       [-0.00117992]]), 2.09353912360252), (0.9523992870233357, array([[-0.000508  ],
       [ 0.00491466],
       [ 0.00137738]]), 2.0852676364639917), (0.9354021984134172, array([[ 0.01232947],
       [ 0.00147122],
       [-0.00040758]]), 2.0794119786156067), (0.9171640334303042, array([[-0.00413367],
       [-0.00060684],
       [-0.00083755]]), 2.0711018770890677), (0.8995677957737075, array([[ 0.02428511],
       [-0.0048142 ],
       [-0.00021188]]), 2.0645257378372706), (0.8823156200668648, array([[ 0.01337309],
       [-0.00798351],
       [ 0.00023359]]), 2.0590610368074933), (0.8637751307221745, array([[ 0.01144338],
       [-0.00441965],
       [-0.00090786]]), 2.0508760336610843), (0.845449168190039, array([[0.02517505],
       [0.00089283],
       [0.00140766]]), 2.0434429938636507), (0.8283812890186338, array([[ 0.01064207],
       [-0.00295868],
       [ 0.00014912]]), 2.0393570961412575), (0.809030776873202, array([[ 0.00970718],
       [ 0.00173438],
       [-0.00142465]]), 2.0299115122502114), (0.790098348654218, array([[ 0.02415904],
       [-0.00125164],
       [-0.00078865]]), 2.0216850018560195), (0.7721648952251445, array([[ 0.01580817],
       [-0.00583866],
       [-0.00139207]]), 2.016251589809102), (0.7535480035929143, array([[ 0.01430858],
       [-0.00192426],
       [ 0.00089889]]), 2.0092855556594174), (0.7350584608169869, array([[0.00875431],
       [0.00027402],
       [0.00109213]]), 2.002880295043745), (0.7171426170984782, array([[ 0.01717401],
       [-0.00069395],
       [-0.00055925]]), 1.998300897427904), (0.698135714886889, array([[ 0.01479452],
       [-0.00672095],
       [-0.00090115]]), 1.9909115349372557), (0.679054062475404, array([[ 0.01557489],
       [-0.00194425],
       [-0.00010745]]), 1.983460670898957), (0.6614095125078508, array([[0.01260877],
       [0.00338285],
       [0.00025741]]), 1.9804523689116627), (0.6420194720843179, array([[ 0.00819729],
       [-0.00031729],
       [ 0.00034952]]), 1.9724372015738683), (0.6234558180370691, array([[0.01189964],
       [0.00306343],
       [0.0013814 ]]), 1.9671087346383889), (0.60471461026198, array([[0.0209525 ],
       [0.00468845],
       [0.00047448]]), 1.9614163399259368), (0.5863766780324601, array([[ 0.01766968],
       [ 0.00093768],
       [-0.00154072]]), 1.957248544986088), (0.5674671095860083, array([[ 4.12841170e-03],
       [-9.77799070e-04],
       [ 1.00122554e-05]]), 1.9513718368728243), (0.5484880802594234, array([[ 0.00876224],
       [-0.00708373],
       [-0.00106219]]), 1.9453875711430424), (0.5303800148483907, array([[ 0.01164628],
       [-0.00371522],
       [ 0.00051924]]), 1.9427092612689083), (0.5114636057727131, array([[2.29440487e-03],
       [6.57414039e-05],
       [8.49988713e-04]]), 1.9372929637645921), (0.49244543472461244, array([[ 0.00886697],
       [ 0.00463669],
       [-0.00020158]]), 1.931598686697275), (0.4741565667338863, array([[0.01049631],
       [0.01023872],
       [0.00071486]]), 1.9289540881525138), (0.4556941305386155, array([[ 0.00521336],
       [-0.00373022],
       [-0.0010638 ]]), 1.9258756025070098), (0.4375309889270435, array([[ 0.0077148 ],
       [-0.00241082],
       [ 0.00094119]]), 1.9243682801641762), (0.4181188293580982, array([[ 4.59053596e-03],
       [-1.06703579e-03],
       [-4.81138526e-05]]), 1.9175097225621822), (0.4001248804747755, array([[ 0.00993595],
       [-0.00043669],
       [-0.00054225]]), 1.9173376215482116), (0.3817194202973383, array([[ 9.16845233e-03],
       [-2.12974791e-03],
       [ 9.05698914e-05]]), 1.9155896952615605), (0.36316740217445115, array([[ 0.00412692],
       [-0.0018107 ],
       [ 0.00067721]]), 1.9134019782213703), (0.34538388075657067, array([[0.00132585],
       [0.001942  ],
       [0.00025577]]), 1.915753661389204), (0.3269087298676726, array([[ 0.00812639],
       [ 0.00251492],
       [-0.00026587]]), 1.9148262816921051), (0.30811730306742524, array([[ 0.00373952],
       [-0.00299566],
       [-0.00023027]]), 1.9123363986773385), (0.2897365264768392, array([[0.00911182],
       [0.00225551],
       [0.00013774]]), 1.9127531757730125), (0.2715999475623574, array([[ 5.72983459e-03],
       [ 1.46997278e-05],
       [-2.09668947e-04]]), 1.9154633791499251), (0.25322743832161615, array([[6.30956992e-03],
       [8.02883350e-04],
       [2.10641334e-05]]), 1.9173030542224987), (0.23518603338422925, array([[0.00548202],
       [0.00233085],
       [0.00015618]]), 1.9226635051994732), (0.21712652936488736, array([[0.00243047],
       [0.00270664],
       [0.00016227]]), 1.9293196737753608), (0.1990996943182625, array([[0.00478589],
       [0.00031593],
       [0.00021521]]), 1.9380954550220912), (0.18041377856930205, array([[ 4.57636746e-03],
       [-8.50309095e-04],
       [ 9.40633944e-05]]), 1.942171896687799), (0.16276663125518823, array([[ 5.27203513e-03],
       [ 9.63659216e-04],
       [-3.79945685e-05]]), 1.9602727010513632), (0.14469125212188394, array([[0.00402791],
       [0.00589952],
       [0.00034094]]), 1.977964429452515), (0.12644221084539412, array([[ 0.0028925 ],
       [-0.0006137 ],
       [-0.00014561]]), 1.999019123022532), (0.10854738236898967, array([[ 1.91296034e-03],
       [-4.47110109e-03],
       [-3.15351189e-05]]), 2.03513360106936), (0.09058907602926547, array([[ 2.99062973e-03],
       [ 2.29688620e-03],
       [-5.27020868e-05]]), 2.08692521108236), (0.07267429993701421, array([[ 2.67180631e-03],
       [ 3.70621309e-04],
       [-2.19114798e-05]]), 2.171445246440853), (0.05479980838167112, array([[0.0022203 ],
       [0.00036494],
       [0.00011026]]), 2.3299239345398557)]