[(1.4597900104805153, array([[0.04209149],
       [0.0076479 ],
       [0.00031179]]), 2.3274713904638866), (1.4596298765369844, array([[ 0.03740239],
       [-0.00929808],
       [ 0.00094646]]), 2.3261248866291298), (1.4596479238674902, array([[ 0.02764522],
       [-0.00360632],
       [-0.00026155]]), 2.3256486638968883), (1.458089866374403, array([[ 0.04655646],
       [-0.01827467],
       [-0.00059452]]), 2.3232467321484473), (1.4575931439218381, array([[ 2.09964485e-02],
       [-7.69688630e-05],
       [ 6.27901370e-04]]), 2.3231206236172506), (1.457075570842558, array([[ 0.05832247],
       [-0.01425228],
       [-0.00170701]]), 2.3235463094146), (1.4545496698440785, array([[0.02992973],
       [0.00105102],
       [0.00012738]]), 2.3213528226621483), (1.4508085210757964, array([[0.03575634],
       [0.00957175],
       [0.00110737]]), 2.3177988389394515), (1.4484765921782297, array([[0.05420475],
       [0.01093733],
       [0.00042803]]), 2.3170750588635936), (1.4450154449420243, array([[ 0.05444999],
       [-0.0043815 ],
       [-0.00074951]]), 2.3151242603226847), (1.4412753973949943, array([[ 2.44411026e-02],
       [-4.83455122e-04],
       [-4.15429153e-07]]), 2.313303133378287), (1.4367580811131797, array([[0.01477088],
       [0.00586093],
       [0.00052923]]), 2.310808397789206), (1.4308250026994096, array([[0.00409095],
       [0.00129434],
       [0.00021884]]), 2.3066034811288776), (1.4247221430051114, array([[0.03623337],
       [0.00412627],
       [0.00105707]]), 2.302685712668679), (1.4193902985590627, array([[ 0.04703319],
       [-0.00698062],
       [-0.00127648]]), 2.3005777110988115), (1.4125746958860785, array([[ 0.02663394],
       [-0.01268453],
       [-0.0012168 ]]), 2.2966257708477666), (1.4055203673877181, array([[0.0567779 ],
       [0.00850267],
       [0.0010495 ]]), 2.2928389282457493), (1.3984411950821583, array([[ 0.04769524],
       [-0.00025035],
       [ 0.00083671]]), 2.289564203190938), (1.3907078886469701, array([[ 0.04292085],
       [-0.00153996],
       [-0.00156146]]), 2.285768299540954), (1.3828820207158818, array([[0.03730616],
       [0.00922948],
       [0.00048845]]), 2.282366811902382), (1.3736149038174539, array([[ 0.03075648],
       [-0.01074317],
       [-0.00019883]]), 2.2771238970740506), (1.3649856399464535, array([[0.05356874],
       [0.00515525],
       [0.00085144]]), 2.2734712820282197), (1.3540915509483311, array([[0.05745514],
       [0.00179027],
       [0.00271721]]), 2.2665673545715226), (1.3449589440364833, array([[ 0.04584575],
       [-0.00508112],
       [-0.0018536 ]]), 2.263130100434236), (1.3344253827111054, array([[ 0.01970533],
       [-0.00441454],
       [-0.00099566]]), 2.257858056702259), (1.3240450591812702, array([[ 0.04272723],
       [-0.0020266 ],
       [ 0.00071297]]), 2.25335837155766), (1.3119756894724968, array([[0.04998827],
       [0.00096032],
       [0.00084806]]), 2.2464833524703622), (1.301034831881943, array([[ 3.26067814e-02],
       [-2.94166450e-03],
       [ 7.81539004e-05]]), 2.2420357967073947), (1.2885708022008808, array([[ 0.03932789],
       [ 0.00107329],
       [-0.00030329]]), 2.235455445331662), (1.2767188871534345, array([[ 0.04321702],
       [-0.00034854],
       [-0.00016922]]), 2.2304205763320764), (1.262422407549657, array([[ 0.05469697],
       [ 0.0004278 ],
       [-0.00049851]]), 2.2215770508064545), (1.2520710533873705, array([[ 0.01931293],
       [-0.00319496],
       [-0.00052086]]), 2.22015990995698), (1.2372047790068956, array([[ 0.01388347],
       [-0.00340236],
       [-0.00232143]]), 2.211214613609003), (1.2236109542023283, array([[0.03077659],
       [0.00737938],
       [0.0008625 ]]), 2.204978094608727), (1.2091784593733252, array([[ 4.54863309e-02],
       [-3.44519400e-03],
       [-5.70038075e-05]]), 2.197671687384358), (1.1951810180272386, array([[0.02142589],
       [0.00215898],
       [0.0009795 ]]), 2.1915928270646274), (1.1806701503333656, array([[0.02634858],
       [0.00029082],
       [0.00073206]]), 2.185009708105059), (1.1663581692713063, array([[ 0.06791259],
       [-0.00280797],
       [ 0.0001151 ]]), 2.1792289064954686), (1.1507917947598914, array([[ 0.02961119],
       [ 0.0035489 ],
       [-0.000346  ]]), 2.1715216750835333), (1.1351088593435184, array([[ 0.03095038],
       [-0.00678043],
       [-0.00021254]]), 2.163987737921974), (1.1190699596627467, array([[0.03765584],
       [0.00155592],
       [0.00013477]]), 2.1561597767945426), (1.103468597634439, array([[ 3.14433450e-02],
       [-5.46996974e-03],
       [ 6.25889488e-05]]), 2.149562157122255), (1.0892619115509778, array([[ 0.02515988],
       [-0.00060487],
       [ 0.00041236]]), 2.1461107506305774), (1.071946388484522, array([[0.02824086],
       [0.00944883],
       [0.00179015]]), 2.136927908229684), (1.0548627775399004, array([[ 0.02613243],
       [-0.00338475],
       [ 0.00230353]]), 2.128535750819548), (1.0387276001874584, array([[ 0.03501497],
       [-0.00542303],
       [ 0.00036093]]), 2.1224145542234383), (1.021954631170644, array([[0.03813711],
       [0.00176157],
       [0.00074026]]), 2.115356466091671), (1.00457520413139, array([[ 0.00024841],
       [-0.00615789],
       [-0.00191874]]), 2.107377614318082), (0.9871240642778311, array([[0.03601656],
       [0.00166372],
       [0.00125731]]), 2.0995642661787586), (0.9707468526596849, array([[0.02977676],
       [0.00819655],
       [0.00087265]]), 2.094381642999164), (0.9529208806788404, array([[ 0.00488572],
       [-0.00019863],
       [ 0.00087838]]), 2.0864096599661393), (0.9350375066363793, array([[ 0.02948517],
       [-0.00754991],
       [-0.00195254]]), 2.078601263769136), (0.9172565249660999, array([[ 3.33557079e-02],
       [ 2.96532282e-03],
       [-3.09569205e-05]]), 2.071310737648814), (0.9006901365090717, array([[ 0.02575503],
       [-0.00044358],
       [ 0.00125379]]), 2.067101531841534), (0.8814150013402415, array([[0.01079713],
       [0.00339365],
       [0.001782  ]]), 2.05695926178863), (0.8641067007706579, array([[ 0.03080902],
       [ 0.01223556],
       [-0.00027465]]), 2.0516632860856197), (0.8455621293462645, array([[0.02125719],
       [0.00179707],
       [0.00116572]]), 2.0437160199567064), (0.826676812549681, array([[ 0.03644463],
       [-0.00573763],
       [-0.00127597]]), 2.0351609171253324), (0.8092996918219886, array([[ 0.0370233 ],
       [-0.00438451],
       [-0.00023899]]), 2.030586237570882), (0.7903847169658846, array([[ 0.02478919],
       [ 0.00334016],
       [-0.00013493]]), 2.022417754331315), (0.7726490544221724, array([[ 0.01430525],
       [-0.00491102],
       [-0.00027024]]), 2.017515810387847), (0.7541054086417075, array([[ 0.0240519 ],
       [-0.00173187],
       [ 0.00028923]]), 2.0107718390917295), (0.7349867915916238, array([[ 0.01636773],
       [ 0.0023653 ],
       [-0.00037764]]), 2.002685011420887), (0.7166090408466266, array([[ 0.02051835],
       [-0.00015476],
       [ 0.00088011]]), 1.9968140998544515), (0.6976453158256705, array([[ 0.00893337],
       [-0.00622844],
       [-0.00115383]]), 1.989513037300073), (0.6796647431653419, array([[ 0.02291794],
       [-0.00024589],
       [-0.00127044]]), 1.9852444186119944), (0.6612029267936662, array([[ 0.01606689],
       [-0.00087987],
       [-0.00076825]]), 1.979833791223705), (0.6421928720583573, array([[ 0.00875473],
       [-0.00625444],
       [-0.00136417]]), 1.972969927720689), (0.6241417014991572, array([[0.02831003],
       [0.00501371],
       [0.00188686]]), 1.969272813166785), (0.6044277221564517, array([[0.01906018],
       [0.00304549],
       [0.00016716]]), 1.9604858067316586), (0.5860462793265309, array([[0.01808343],
       [0.00499902],
       [0.00078781]]), 1.956145717382823), (0.567618837115523, array([[1.86815106e-02],
       [2.53947756e-04],
       [5.77495830e-05]]), 1.9518935883945807), (0.549213654600848, array([[ 0.02602973],
       [-0.00343158],
       [-0.00067644]]), 1.947961051509435), (0.530142494402082, array([[ 0.02424909],
       [-0.01049874],
       [-0.00130099]]), 1.9418392564462035), (0.5111590077197117, array([[ 0.02097309],
       [ 0.0008499 ],
       [-0.00078728]]), 1.9361392244599844), (0.4931876231542789, array([[ 0.01746816],
       [-0.0056847 ],
       [ 0.00081469]]), 1.9345098928836564), (0.4748897941771401, array([[ 1.13249484e-02],
       [-1.13609155e-03],
       [ 4.84322973e-05]]), 1.9319369891043081), (0.4550741686280573, array([[0.02236374],
       [0.00260952],
       [0.00012025]]), 1.923255490818021), (0.43690454694392294, array([[ 0.01640197],
       [-0.00343732],
       [-0.00110374]]), 1.9216130351365346), (0.4181992442745062, array([[0.01398198],
       [0.00432113],
       [0.00062854]]), 1.9178785085943446), (0.39946964292797715, array([[ 0.01478605],
       [-0.00107026],
       [-0.0008784 ]]), 1.9141978227982892), (0.3812101917572137, array([[0.01758288],
       [0.00601611],
       [0.00010871]]), 1.913034224169113), (0.36313797311568535, array([[ 1.43654786e-02],
       [-5.85573183e-03],
       [-8.86053171e-05]]), 1.9132469268072776), (0.34518262328540883, array([[ 0.01227164],
       [ 0.00467127],
       [-0.0005678 ]]), 1.914637339062825), (0.32672583077239487, array([[ 0.01279769],
       [-0.00041624],
       [ 0.00013366]]), 1.9137549735178716), (0.3078963372649839, array([[ 0.00894051],
       [ 0.00203827],
       [-0.00056027]]), 1.9109649698654387), (0.29006785868222473, array([[ 0.01195684],
       [-0.00153654],
       [ 0.0001992 ]]), 1.9149405310774799), (0.27134286471475516, array([[0.00826919],
       [0.0015274 ],
       [0.00024617]]), 1.9136502978720777), (0.25302634766465965, array([[0.01189379],
       [0.0002612 ],
       [0.00014159]]), 1.9157805030593478), (0.23518643492116553, array([[0.00606512],
       [0.00104575],
       [0.0001045 ]]), 1.9226667877941164), (0.21726906876212043, array([[ 7.77418297e-03],
       [-2.81859159e-03],
       [-6.12212403e-05]]), 1.9305862350941194), (0.19860534087045018, array([[ 0.01146976],
       [ 0.00065896],
       [-0.0002962 ]]), 1.9332832719915738), (0.18045613881836084, array([[ 9.05151100e-03],
       [-3.94141974e-06],
       [-1.83108168e-04]]), 1.9426279088943563), (0.16294598874676353, array([[0.00908792],
       [0.00098343],
       [0.00023829]]), 1.9624327850424905), (0.14452857631660856, array([[ 0.00637017],
       [-0.00200719],
       [-0.00018773]]), 1.9757406118294831), (0.12650511159295172, array([[ 6.14734178e-03],
       [ 1.53189059e-03],
       [-3.48177502e-06]]), 2.000013567807856), (0.1087511348102445, array([[5.23177240e-03],
       [1.08970471e-03],
       [3.41211526e-05]]), 2.0389537156630775), (0.09039715102198363, array([[ 4.73237325e-03],
       [-1.64561843e-03],
       [-3.91727462e-05]]), 2.082503782430144), (0.07268386767871148, array([[ 4.00249002e-03],
       [-1.36332815e-03],
       [ 6.76113312e-05]]), 2.171731122290303), (0.054723245460074024, array([[3.81751054e-03],
       [1.11240313e-03],
       [4.67645427e-06]]), 2.326668708129483)]