[(1.4605008127275818, array([[ 0.05508999],
       [-0.00106672],
       [-0.00097648]]), 2.3286046848983233), (1.4597843077175265, array([[ 2.05241574e-02],
       [-1.28852113e-02],
       [ 8.67975385e-05]]), 2.326370994370623), (1.4601659154327113, array([[0.00856323],
       [0.01418275],
       [0.00087138]]), 2.326473976886321), (1.459038965648508, array([[ 0.04517779],
       [-0.00047259],
       [-0.00010558]]), 2.324758978984462), (1.4584742543893734, array([[ 0.02336452],
       [-0.00368574],
       [-0.00033873]]), 2.3245249427219004), (1.4564887508883986, array([[ 0.05305215],
       [-0.00844407],
       [-0.00138722]]), 2.3226105286177336), (1.454197620407118, array([[ 0.05017407],
       [-0.00338146],
       [ 0.00080219]]), 2.3207909780093683), (1.4517034988787911, array([[ 0.04062833],
       [ 0.0038281 ],
       [-0.0007276 ]]), 2.319228647547909), (1.4485238668457652, array([[0.04935818],
       [0.00986314],
       [0.00058279]]), 2.3171506824212367), (1.4444909290756363, array([[ 0.0278857 ],
       [ 0.00485988],
       [-0.00069519]]), 2.3142839098534567), (1.4406174151494135, array([[0.03055903],
       [0.00880329],
       [0.00043911]]), 2.312247046253536), (1.4362784874826013, array([[0.03836371],
       [0.00342425],
       [0.00158478]]), 2.310037043861474), (1.4304788825670056, array([[ 0.0382053 ],
       [ 0.00969877],
       [-0.0004407 ]]), 2.3060455080009366), (1.426071957312246, array([[ 0.02499962],
       [-0.00057468],
       [ 0.00059751]]), 2.3048673297194524), (1.419796814045736, array([[0.03240337],
       [0.00495183],
       [0.00137941]]), 2.3012365999673676), (1.4132019334785058, array([[ 0.04415716],
       [-0.00679916],
       [ 0.00126712]]), 2.2976455611805604), (1.4056537973320355, array([[ 0.03801322],
       [-0.00295663],
       [-0.00124358]]), 2.293056593800531), (1.3989584952913396, array([[5.61652934e-02],
       [1.26694359e-04],
       [1.11444913e-05]]), 2.2904111405133007), (1.3911788384374908, array([[ 0.01502486],
       [-0.00129072],
       [-0.00056591]]), 2.286542352892226), (1.382950520915613, array([[ 0.01984757],
       [-0.00129419],
       [ 0.00148309]]), 2.2824798675211064), (1.3742042232823266, array([[ 0.05444442],
       [-0.00266113],
       [-0.00180944]]), 2.2781008473333575), (1.364735259528998, array([[ 0.04303699],
       [-0.00901923],
       [-0.0004312 ]]), 2.273054257356305), (1.3547866354551912, array([[ 0.06050031],
       [-0.00548812],
       [ 0.00096195]]), 2.267730832661918), (1.3450880373713157, array([[ 0.05971278],
       [-0.00234656],
       [ 0.00011272]]), 2.2633473226870935), (1.334008832165013, array([[ 0.06983259],
       [-0.01716435],
       [-0.00170509]]), 2.257153249960193), (1.3234311005774486, array([[ 6.61524609e-02],
       [-3.82084204e-03],
       [ 5.62676643e-05]]), 2.2523134911360176), (1.3133247626245959, array([[ 0.03962678],
       [-0.00317829],
       [ 0.00118923]]), 2.2487933574512273), (1.2999572085983562, array([[0.05209274],
       [0.01214033],
       [0.00177165]]), 2.2401787595874336), (1.2884984515033295, array([[ 0.04761695],
       [ 0.00077805],
       [-0.000782  ]]), 2.2353299289374227), (1.2766052327713595, array([[0.06738113],
       [0.00299325],
       [0.00011061]]), 2.23022202277818), (1.2624602597289472, array([[ 0.03678942],
       [-0.01015105],
       [-0.00336154]]), 2.2216436620550595), (1.2504856632301466, array([[0.03588845],
       [0.00768029],
       [0.00076026]]), 2.2173487119349624), (1.2374809807397547, array([[ 0.0445417 ],
       [-0.00462752],
       [-0.00200902]]), 2.211708259704108), (1.2232532278467791, array([[ 0.03239017],
       [-0.00283167],
       [ 0.00028081]]), 2.204333462607729), (1.209685694566141, array([[ 4.08416687e-02],
       [-2.86932359e-03],
       [ 8.80203138e-05]]), 2.1985935830842482), (1.1953884729367448, array([[ 0.06350357],
       [ 0.0038348 ],
       [-0.00062827]]), 2.1919732352912935), (1.1809537608090261, array([[ 0.03250087],
       [-0.00634669],
       [-0.00127736]]), 2.1855345724310213), (1.166738786535933, array([[ 0.03508034],
       [-0.00355503],
       [-0.00124748]]), 2.179940053523233), (1.1510434002827499, array([[ 0.03860789],
       [-0.00286879],
       [ 0.00304738]]), 2.1719964497985997), (1.1355110578475618, array([[ 0.03520824],
       [ 0.00643101],
       [-0.00039567]]), 2.164754494893163), (1.1208120071085286, array([[ 0.06207783],
       [-0.00163418],
       [-0.00247044]]), 2.159516253839994), (1.1040871822932758, array([[ 0.0199268 ],
       [ 0.00221783],
       [-0.00083078]]), 2.1507671630249723), (1.0888739194068986, array([[0.04679875],
       [0.00461524],
       [0.0010737 ]]), 2.145346311791086), (1.0716483085015183, array([[0.036679  ],
       [0.00160625],
       [0.00063598]]), 2.136333685009747), (1.0551891798295572, array([[ 0.03907934],
       [-0.00590025],
       [-0.00110419]]), 2.1291943757681917), (1.0384866732549403, array([[ 0.03193532],
       [-0.00773694],
       [-0.00286566]]), 2.121922272293134), (1.0224065510050504, array([[ 0.02394007],
       [-0.01479596],
       [-0.00140978]]), 2.116291900517729), (1.005672083511236, array([[ 0.03367683],
       [-0.0053538 ],
       [-0.00254824]]), 2.1096786257716675), (0.987964053318931, array([[0.02875783],
       [0.00884098],
       [0.00127696]]), 2.1013508814974373), (0.9698900411922851, array([[ 0.04168169],
       [-0.00248583],
       [ 0.00208079]]), 2.092533076399214), (0.9530251599794807, array([[ 3.31149250e-02],
       [-3.58683622e-03],
       [-4.01063427e-05]]), 2.086637978334014), (0.9357992323304546, array([[ 0.0291488 ],
       [-0.0051606 ],
       [ 0.00197501]]), 2.08029459048503), (0.9171778129705128, array([[ 0.02008807],
       [-0.00152726],
       [-0.00184634]]), 2.0711329934767053), (0.8997942411050269, array([[0.03391141],
       [0.00107574],
       [0.00079751]]), 2.065045434314755), (0.881907812241666, array([[ 0.03042135],
       [-0.00546044],
       [-0.00061163]]), 2.0581093351893034), (0.8644946310876281, array([[ 0.04676947],
       [-0.01526263],
       [ 0.00014841]]), 2.0525843556574417), (0.8452002396882373, array([[ 0.01915074],
       [-0.00315459],
       [-0.00082323]]), 2.0428413359259316), (0.8274019412446426, array([[ 0.01847097],
       [-0.00131805],
       [ 0.00143924]]), 2.036946080997681), (0.8090566484146132, array([[ 0.01616795],
       [-0.00462676],
       [-0.00116728]]), 2.0299764256518418), (0.7905091190292562, array([[0.0226118 ],
       [0.00468242],
       [0.00103181]]), 2.02273607139418), (0.772297370899855, array([[ 0.01647411],
       [-0.00432583],
       [ 0.00046558]]), 2.016597505935823), (0.7535527839852026, array([[0.01913662],
       [0.00037376],
       [0.0009361 ]]), 2.009298302257019), (0.735365775639034, array([[ 0.02518907],
       [-0.0037109 ],
       [-0.00247861]]), 2.0037176635447063), (0.71694119297172, array([[ 0.01713223],
       [-0.00280265],
       [-0.00228764]]), 1.9977396338749258), (0.6986215773907158, array([[0.02872823],
       [0.00529089],
       [0.00011165]]), 1.9922970954273378), (0.6791897896159625, array([[ 0.02339655],
       [-0.0059743 ],
       [-0.00088207]]), 1.9838571186343408), (0.6601831693824086, array([[ 0.02702314],
       [-0.00013039],
       [-0.00147554]]), 1.976780341065145), (0.6425332464046852, array([[ 0.03281159],
       [-0.00068536],
       [ 0.00267074]]), 1.9740156390306263), (0.6236244786654578, array([[ 0.02353491],
       [-0.0051725 ],
       [-0.00069952]]), 1.9676408874962092), (0.6054200184798968, array([[ 0.01188398],
       [-0.00182933],
       [ 0.00100993]]), 1.9637043600621469), (0.5859493257173564, array([[0.00868146],
       [0.00484267],
       [0.00142109]]), 1.9558220989348234), (0.567277485532204, array([[0.02469204],
       [0.00187315],
       [0.00136157]]), 1.9507197690579035), (0.5489900019327052, array([[ 0.01981204],
       [-0.00184251],
       [-0.00044637]]), 1.9471677961288396), (0.5301467710257981, array([[ 0.01368722],
       [ 0.00324051],
       [-0.00040013]]), 1.9418549211324048), (0.5118817389144629, array([[ 0.02486601],
       [-0.00402099],
       [-0.00073865]]), 1.9388767448670707), (0.49264481179897984, array([[ 0.01869146],
       [-0.00115949],
       [ 0.00018265]]), 1.9323807357688048), (0.4748735163991463, array([[ 0.01041789],
       [ 0.00430479],
       [-0.00011629]]), 1.9318707681793856), (0.45604030873278567, array([[ 0.01747901],
       [-0.00914335],
       [-0.00021092]]), 1.927338636796006), (0.4371092584462224, array([[ 0.022694  ],
       [ 0.00130082],
       [-0.00110551]]), 1.922513406382411), (0.4182088820584315, array([[ 0.01778238],
       [-0.00355663],
       [ 0.00078509]]), 1.9179227078580066), (0.4003012720082891, array([[ 1.67662587e-02],
       [-2.87139959e-03],
       [-3.61757013e-05]]), 1.9181828629711566), (0.3816534328543928, array([[0.0203959 ],
       [0.00049677],
       [0.00038174]]), 1.9152585492443508), (0.36334689956313215, array([[ 0.01433171],
       [-0.00581188],
       [-0.00021266]]), 1.9143476871603653), (0.3449449470102748, array([[ 0.01254043],
       [-0.00113094],
       [-0.00100106]]), 1.9133190111972742), (0.32679517260439933, array([[ 0.01726941],
       [-0.00213681],
       [ 0.00012881]]), 1.9141611344741623), (0.3078172662917259, array([[ 0.01441719],
       [ 0.003158  ],
       [-0.00111279]]), 1.9104742142384916), (0.2897689997189327, array([[ 1.25686907e-02],
       [-5.17018229e-03],
       [-3.15364983e-05]]), 1.9129675543247864), (0.27170194795712455, array([[ 0.00953116],
       [-0.00542979],
       [-0.00013634]]), 1.916182738717513), (0.25302888904972665, array([[ 9.94255858e-03],
       [ 5.50960355e-04],
       [-5.76025738e-05]]), 1.9157997450711268), (0.23528815869702646, array([[0.0108334 ],
       [0.00190053],
       [0.00013481]]), 1.9234983873098046), (0.2171149182562315, array([[ 0.00804841],
       [-0.00262466],
       [-0.00039094]]), 1.9292165010289), (0.1988186798732199, array([[0.00888772],
       [0.00217107],
       [0.00016873]]), 1.9353599770968362), (0.18079798167525388, array([[ 0.00770938],
       [-0.00045392],
       [ 0.00012241]]), 1.94630788054068), (0.16266510959599056, array([[ 6.55026451e-03],
       [ 5.08261991e-03],
       [-2.50488675e-05]]), 1.9590500294536535), (0.14444350118742108, array([[0.00682057],
       [0.00293077],
       [0.00041298]]), 1.9745776142266827), (0.12665271840061978, array([[5.89038458e-03],
       [1.69259564e-03],
       [5.95735794e-05]]), 2.0023471938117354), (0.10851460233758722, array([[ 5.21185776e-03],
       [ 1.35974986e-03],
       [-5.32995322e-05]]), 2.034519014684177), (0.09079514251833762, array([[ 0.00461466],
       [-0.00135542],
       [ 0.00011617]]), 2.0916724209011797), (0.07263069591839767, array([[ 4.21429487e-03],
       [-2.51024840e-03],
       [-3.38948602e-05]]), 2.1701423960655113), (0.054645244815788155, array([[ 3.64802196e-03],
       [-2.18435954e-03],
       [ 5.90416884e-05]]), 2.323352354050917)]