[(1.4605919081662535, array([[ 0.06289845],
       [-0.00258438],
       [-0.00030912]]), 2.3287499263548264), (1.4601683237911915, array([[0.07807265],
       [0.00039306],
       [0.00013732]]), 2.3269829778331275), (1.460341542021028, array([[ 0.04642973],
       [-0.00262276],
       [ 0.00108985]]), 2.3267538017220124), (1.4591881033788234, array([[ 0.03404466],
       [-0.00394756],
       [ 0.00032568]]), 2.324996607509689), (1.4574756657225072, array([[ 0.0498962 ],
       [-0.00743865],
       [-0.00026334]]), 2.32293338616431), (1.457031515809618, array([[4.22831123e-02],
       [5.28533529e-05],
       [1.46042278e-04]]), 2.3234760564289303), (1.4548695105913498, array([[0.05268655],
       [0.00863153],
       [0.00018738]]), 2.321863264647646), (1.4516267902382929, array([[0.05205806],
       [0.00837511],
       [0.00010476]]), 2.319106098503496), (1.4491313595988613, array([[ 0.0465644 ],
       [ 0.00022758],
       [-0.0006568 ]]), 2.3181224663729), (1.4448605687247924, array([[ 0.0869595 ],
       [-0.00530921],
       [ 0.00134634]]), 2.314876126166669), (1.4410770634957022, array([[ 0.0464967 ],
       [-0.01111734],
       [-0.00077294]]), 2.3129847997471726), (1.43653406598558, array([[ 0.04696984],
       [-0.00624943],
       [-0.00162933]]), 2.310448103286677), (1.4318007838847, array([[ 0.04049535],
       [ 0.00362944],
       [-0.00032152]]), 2.3081765178556357), (1.425714357986837, array([[ 0.04033391],
       [-0.00611726],
       [-0.00048298]]), 2.304289365193863), (1.4194768757752205, array([[ 0.05163072],
       [-0.00297431],
       [ 0.00058759]]), 2.3007180372754688), (1.413409976795355, array([[0.02500993],
       [0.00153712],
       [0.00082725]]), 2.2979838071114265), (1.4065316867772435, array([[ 0.03801894],
       [-0.00723975],
       [ 0.0002572 ]]), 2.2944887033176706), (1.3984985319303802, array([[ 0.05050078],
       [-0.00511022],
       [ 0.00103703]]), 2.2896580765662895), (1.3904281102819194, array([[0.04431121],
       [0.00075872],
       [0.00039879]]), 2.285308455656447), (1.3820484801261568, array([[ 0.03875499],
       [ 0.00101898],
       [-0.00315956]]), 2.280991101357402), (1.3735019225214669, array([[ 0.06092797],
       [-0.00120598],
       [-0.00062536]]), 2.2769366011963634), (1.3641943934868381, array([[ 0.02334414],
       [-0.00091198],
       [ 0.00043689]]), 2.27215341021309), (1.3544727396249787, array([[ 0.0542896 ],
       [-0.00261635],
       [ 0.00137273]]), 2.2672054132092985), (1.3454524642242005, array([[0.02023921],
       [0.00371186],
       [0.00071838]]), 2.26396053499653), (1.3338999396228888, array([[ 0.04722058],
       [-0.00643204],
       [-0.00026837]]), 2.2569690029376654), (1.322953582683715, array([[0.0209113 ],
       [0.00764628],
       [0.00118827]]), 2.2515008156640226), (1.3126653262822259, array([[ 0.05027303],
       [-0.00081779],
       [-0.00085312]]), 2.247664210945667), (1.2995581007260184, array([[0.03365105],
       [0.00664921],
       [0.00063776]]), 2.239490988503523), (1.2884981566501947, array([[ 0.05527663],
       [-0.00194042],
       [-0.00029532]]), 2.235329417416407), (1.276950141506006, array([[ 0.04941956],
       [ 0.00870392],
       [-0.00055574]]), 2.2308245763602206), (1.2643390429917925, array([[ 0.05248685],
       [-0.00393555],
       [-0.00065492]]), 2.2249498943868176), (1.251132114561184, array([[0.03583198],
       [0.00525154],
       [0.00197545]]), 2.2184949929906774), (1.2366345277241375, array([[0.02648365],
       [0.00783126],
       [0.00181123]]), 2.2101954226138987), (1.2235835874205445, array([[0.0280431 ],
       [0.00100437],
       [0.00080491]]), 2.2049287789711496), (1.2097321188617471, array([[ 0.04768627],
       [-0.00145612],
       [-0.00143258]]), 2.19867795885134), (1.1955378666769931, array([[0.04739474],
       [0.00763833],
       [0.00061768]]), 2.19224717726711), (1.1813259373969096, array([[0.05398799],
       [0.00785198],
       [0.00166349]]), 2.1862233418196815), (1.166423680241865, array([[ 0.04371899],
       [-0.00569108],
       [-0.0020816 ]]), 2.179351307490716), (1.1513739271063754, array([[ 0.03192921],
       [ 0.00617627],
       [-0.00146017]]), 2.172620147469167), (1.1350705640721557, array([[ 0.04308734],
       [-0.00315176],
       [ 0.00036959]]), 2.1639147312698213), (1.1199472799017451, array([[2.45749467e-02],
       [5.21071129e-03],
       [5.83943666e-05]]), 2.157850147083158), (1.1043260723275101, array([[0.00968015],
       [0.01258055],
       [0.00205044]]), 2.1512325219653214), (1.0888718416636372, array([[0.0390881 ],
       [0.00690368],
       [0.00298742]]), 2.14534221813179), (1.0718614632645524, array([[ 0.04706068],
       [ 0.00222587],
       [-0.00255067]]), 2.136758609583208), (1.0561864007194692, array([[0.02666386],
       [0.00865061],
       [0.00147072]]), 2.1312065998800263), (1.038756106512723, array([[0.02323562],
       [0.00315893],
       [0.00267315]]), 2.1224728007161846), (1.021587925113064, array([[ 0.01745679],
       [ 0.00282865],
       [-0.00016875]]), 2.114597416710811), (1.0046422046500287, array([[ 0.02510422],
       [-0.00722686],
       [-0.00089139]]), 2.1075181666555736), (0.9875539365251499, array([[ 0.02420559],
       [-0.00552259],
       [ 0.00181501]]), 2.1004785832764306), (0.9700505044550762, array([[ 0.03540341],
       [-0.005983  ],
       [-0.00161515]]), 2.0928792751131677), (0.952503985239142, array([[0.02474121],
       [0.00073122],
       [0.00066029]]), 2.085496872041959), (0.9350973816301065, array([[ 0.0541186 ],
       [-0.00449038],
       [-0.00047064]]), 2.0787343667053775), (0.9175190408079711, array([[ 0.03288884],
       [-0.00022099],
       [-0.00036234]]), 2.071903540062611), (0.899931073708698, array([[ 0.03128453],
       [-0.00104271],
       [-0.00274726]]), 2.065359467824382), (0.8818498852964999, array([[ 0.02927674],
       [ 0.00088185],
       [-0.00092649]]), 2.0579741510068406), (0.8637181723417702, array([[ 0.02956535],
       [ 0.00033354],
       [-0.00191547]]), 2.050740796406465), (0.8450109340155217, array([[ 0.02341519],
       [-0.00197762],
       [ 0.00088286]]), 2.0423837858269267), (0.8268068449911249, array([[ 0.01576481],
       [ 0.00427285],
       [-0.00068152]]), 2.035481038530418), (0.8083440343480173, array([[ 0.02106044],
       [ 0.00058973],
       [-0.00021885]]), 2.0281884300169097), (0.7907991518656267, array([[ 0.03256331],
       [-0.00265383],
       [-0.00152683]]), 2.0234782005687753), (0.7720504066871888, array([[0.04710874],
       [0.00247035],
       [0.0009621 ]]), 2.0159526411025555), (0.7535654018690848, array([[ 0.02842092],
       [ 0.00203613],
       [-0.00210342]]), 2.0093319470038793), (0.7347247768120962, array([[ 0.03022588],
       [ 0.0002923 ],
       [-0.0006288 ]]), 2.0019710760444505), (0.7170859446161986, array([[0.01925086],
       [0.00351433],
       [0.00140705]]), 1.9981429808998679), (0.6978064265470831, array([[ 0.02432665],
       [-0.00101875],
       [ 0.00083025]]), 1.9899724854944894), (0.6793103660769719, array([[ 0.03981589],
       [ 0.00227957],
       [-0.00192987]]), 1.984209312489682), (0.6607186403423136, array([[0.02060634],
       [0.00422172],
       [0.00156307]]), 1.9783836967940431), (0.6420733613348445, array([[ 0.0176848 ],
       [-0.00649761],
       [-0.00309753]]), 1.9726027622260376), (0.6238086144414969, array([[ 2.73457158e-02],
       [-5.91038544e-03],
       [-7.99881785e-05]]), 1.9682218670667369), (0.6046720768793149, array([[ 0.01838213],
       [ 0.0017308 ],
       [-0.00045796]]), 1.9612783811759151), (0.5861787655041201, array([[ 0.02524603],
       [-0.00635512],
       [-0.00128131]]), 1.9565879388899727), (0.5674283924866885, array([[ 0.03583236],
       [ 0.00294829],
       [-0.00060899]]), 1.9512386988354973), (0.5492532203593228, array([[ 0.02359623],
       [ 0.00083522],
       [-0.00038531]]), 1.9481013840664216), (0.5301919491775752, array([[ 0.02146875],
       [-0.00151927],
       [ 0.00031564]]), 1.9420204025069046), (0.5114473553391363, array([[ 0.02411124],
       [-0.00261914],
       [-0.00010029]]), 1.9372314112899462), (0.49260428319379074, array([[ 2.17796754e-02],
       [-1.42304816e-03],
       [-5.29654299e-05]]), 1.9322217638400656), (0.47455459608548306, array([[ 0.01656915],
       [-0.00072554],
       [-0.00074165]]), 1.930573343054446), (0.4561448261608519, array([[0.02124966],
       [0.00269375],
       [0.00023447]]), 1.9277803531826347), (0.43692875975287554, array([[ 0.01312413],
       [-0.00065181],
       [-0.00082509]]), 1.9217195289911444), (0.4191530042873043, array([[ 1.34167696e-02],
       [-4.70065124e-03],
       [-5.01191379e-05]]), 1.922252490269217), (0.40040894969672297, array([[ 1.39314528e-02],
       [-4.31986953e-03],
       [ 5.66501754e-05]]), 1.918698838090701), (0.38129748645217454, array([[ 0.01146623],
       [-0.00061563],
       [-0.0004721 ]]), 1.913472296767011), (0.36327254297960127, array([[0.01596826],
       [0.00075113],
       [0.00094049]]), 1.9139559283373817), (0.34518743501094673, array([[ 1.48815378e-02],
       [-2.01609677e-03],
       [ 9.65700186e-05]]), 1.914664028440443), (0.3261990354545854, array([[ 0.01437132],
       [-0.00050737],
       [ 0.00046712]]), 1.9106693369855519), (0.3081757462621923, array([[ 0.01447995],
       [ 0.00222868],
       [-0.00015939]]), 1.9126991275714817), (0.2905551149007984, array([[0.01537169],
       [0.00175735],
       [0.00055528]]), 1.918157249697065), (0.2717789003412338, array([[ 0.01307564],
       [-0.00194251],
       [ 0.00066995]]), 1.9167254467519677), (0.253611616013965, array([[ 0.01135402],
       [ 0.00061364],
       [-0.00058001]]), 1.9202118427320956), (0.23512531918281254, array([[ 1.30352775e-02],
       [ 2.26881521e-05],
       [-9.79939035e-04]]), 1.9221671620381402), (0.2168794854972656, array([[0.00832934],
       [0.00341108],
       [0.00022208]]), 1.927124517819604), (0.198818478844633, array([[ 0.00950699],
       [ 0.0001143 ],
       [-0.00016732]]), 1.9353580202249692), (0.18033909775276155, array([[ 7.20406818e-03],
       [-1.33610673e-03],
       [ 1.95281002e-05]]), 1.9413679504246208), (0.16246399130849135, array([[0.00941358],
       [0.00226315],
       [0.0001236 ]]), 1.9566278702824116), (0.14460711329968176, array([[ 8.08902483e-03],
       [-1.24539894e-03],
       [-8.39084423e-05]]), 1.9768142313927755), (0.1268667540414354, array([[0.00711938],
       [0.00473543],
       [0.0001253 ]]), 2.0057310427347974), (0.107925466968502, array([[ 5.52351466e-03],
       [ 1.21784323e-03],
       [-1.55024750e-05]]), 2.0234734310962836), (0.0904335052726094, array([[4.78687470e-03],
       [1.03337920e-03],
       [1.58755908e-05]]), 2.083341285200747), (0.07288778695452623, array([[0.00540168],
       [0.00124879],
       [0.00011868]]), 2.1778240539388967), (0.054517179564028864, array([[4.12261544e-03],
       [9.78793746e-04],
       [7.33244113e-05]]), 2.3179074026164397)]