[(1.4595998935369479, array([[-0.03289789],
       [ 0.0052072 ],
       [-0.00088437]]), 2.3271682703275527), (1.4606829733774354, array([[-0.01380391],
       [-0.01474309],
       [ 0.00126422]]), 2.3278031441161677), (1.460009073058611, array([[-0.03120564],
       [-0.0024188 ],
       [ 0.00027294]]), 2.326224080831386), (1.4596992318658848, array([[-0.01033314],
       [ 0.00213984],
       [ 0.00064952]]), 2.325811013819381), (1.4585122453643695, array([[-0.00170134],
       [ 0.00210497],
       [-0.00047159]]), 2.3245854929638474), (1.4565879958033472, array([[ 0.02389111],
       [-0.00748554],
       [-0.00104893]]), 2.322768790934714), (1.455173879304263, array([[ 0.01100486],
       [ 0.00642793],
       [-0.00019611]]), 2.3223490144198946), (1.4522246125901224, array([[-0.00401599],
       [-0.00318643],
       [ 0.00093988]]), 2.3200611741960038), (1.4489500678683624, array([[ 0.00104641],
       [-0.00993021],
       [-0.00113322]]), 2.3178324606183125), (1.4450245547500977, array([[-0.02381002],
       [-0.00649927],
       [-0.00125102]]), 2.31513885555608), (1.4398264092058657, array([[-0.00657311],
       [ 0.0066072 ],
       [ 0.00030343]]), 2.310977450913854), (1.436163943005129, array([[-0.00672115],
       [-0.00256984],
       [-0.00093759]]), 2.309852816367686), (1.4321529276894471, array([[-0.01010165],
       [ 0.00628255],
       [ 0.00053608]]), 2.3087442016215443), (1.4255739157416036, array([[-0.01549916],
       [ 0.00114239],
       [ 0.00017736]]), 2.304062377529537), (1.4185596101030822, array([[-0.03093738],
       [-0.00254538],
       [-0.00095242]]), 2.2992313137416955), (1.4136280407278763, array([[-0.02488255],
       [ 0.00839446],
       [-0.00052001]]), 2.2983383449978687), (1.4053951043886361, array([[-0.0202891 ],
       [-0.0072321 ],
       [ 0.00026321]]), 2.292634585507481), (1.398151775827561, array([[ 5.43192689e-03],
       [ 7.86736454e-04],
       [-8.38954672e-05]]), 2.289090358479147), (1.3904410309725848, array([[-0.00955473],
       [ 0.00097019],
       [ 0.00139689]]), 2.2853296921111848), (1.382311705218322, array([[ 0.00344544],
       [-0.00263235],
       [ 0.00059601]]), 2.281425539151385), (1.3730998016283105, array([[ 0.00043605],
       [-0.01562048],
       [-0.00149165]]), 2.2762699812486806), (1.3647338444394714, array([[4.40551817e-03],
       [8.85091091e-05],
       [1.03210295e-03]]), 2.27305190043378), (1.3545612634587754, array([[ 0.03322728],
       [-0.00363181],
       [-0.00090914]]), 2.267353590215236), (1.3443837050631164, array([[-0.01609697],
       [ 0.00684836],
       [ 0.00093855]]), 2.2621621596347476), (1.3344226308276756, array([[-0.00676497],
       [-0.00664036],
       [-0.00200981]]), 2.2578534004942363), (1.3239516285521242, array([[-0.00860569],
       [ 0.00074633],
       [ 0.00023124]]), 2.2531993643630894), (1.311937947542876, array([[-0.00374487],
       [ 0.00101794],
       [-0.00208666]]), 2.2464187273273333), (1.3004277546301164, array([[ 0.00711086],
       [-0.00543842],
       [-0.00135418]]), 2.2409896379908036), (1.2878541299386301, array([[ 0.00359826],
       [-0.000473  ],
       [-0.00142381]]), 2.2342121384769436), (1.2758237087231006, array([[ 0.02124875],
       [-0.01141213],
       [-0.00230176]]), 2.228856704746408), (1.2640418261848514, array([[-2.11263274e-04],
       [ 2.15743667e-03],
       [-1.17691495e-05]]), 2.224426860231637), (1.2509157643097193, array([[ 0.00914313],
       [ 0.00065695],
       [-0.00162405]]), 2.2181113628815785), (1.2374937696592794, array([[-0.00050899],
       [ 0.00505254],
       [-0.00346611]]), 2.2117311169111162), (1.2240045995031132, array([[0.00492388],
       [0.00764751],
       [0.00327174]]), 2.2056874534635944), (1.2100513573035632, array([[-0.01908214],
       [ 0.00629766],
       [ 0.0041147 ]]), 2.1992581720363047), (1.195652614162506, array([[0.0028141 ],
       [0.00170611],
       [0.00143888]]), 2.1924575887130584), (1.1804228738807305, array([[-0.00934588],
       [ 0.00570936],
       [ 0.00068347]]), 2.184552085415571), (1.165971932631646, array([[-0.00341673],
       [ 0.00115896],
       [ 0.00051032]]), 2.1785072602018425), (1.1511619296146904, array([[-0.02402135],
       [ 0.00874405],
       [ 0.00339346]]), 2.1722201123365275), (1.135755986716588, array([[ 3.83416591e-04],
       [-7.70890872e-04],
       [ 4.32436342e-05]]), 2.165221430786468), (1.1206689654203568, array([[-0.00359524],
       [ 0.00103305],
       [ 0.00184807]]), 2.1592406493241394), (1.1048737741101353, array([[-0.00315382],
       [ 0.00195154],
       [ 0.0008535 ]]), 2.152299447682866), (1.0884401466274343, array([[0.01065695],
       [0.00706378],
       [0.00077512]]), 2.1444916739712307), (1.0712221592948432, array([[ 0.00759057],
       [ 0.00301738],
       [-0.00115252]]), 2.135484155459952), (1.0553661440103816, array([[-0.00910249],
       [-0.00410144],
       [-0.00048524]]), 2.1295514597354335), (1.0386608536832787, array([[-0.00575014],
       [ 0.00258275],
       [ 0.00262242]]), 2.1222781722192545), (1.0212151363150153, array([[ 0.01669155],
       [ 0.00278905],
       [-0.00263223]]), 2.1138257765906077), (1.004614395084876, array([[ 0.00309794],
       [ 0.0037232 ],
       [-0.00338886]]), 2.1074598283103447), (0.987788645031221, array([[-0.00068042],
       [-0.00466752],
       [-0.0013763 ]]), 2.100977796708812), (0.9700314022425706, array([[ 0.02140853],
       [-0.00663899],
       [-0.00188777]]), 2.092838062182008), (0.9532923166143756, array([[ 0.0095913 ],
       [-0.00179469],
       [ 0.00058633]]), 2.0872229148120267), (0.9346900352095673, array([[-0.00057856],
       [ 0.00583912],
       [ 0.00091143]]), 2.077828829998545), (0.9170843450834779, array([[ 1.38013188e-02],
       [ 1.78625792e-03],
       [-2.84958046e-05]]), 2.0709219281609825), (0.8999603098229721, array([[ 0.02062755],
       [-0.00111448],
       [-0.00053921]]), 2.0654265652801564), (0.8818221553416472, array([[ 0.00353298],
       [-0.00632112],
       [-0.00098748]]), 2.0579094375774383), (0.8630618550606038, array([[-0.00799808],
       [ 0.00763603],
       [ 0.00068425]]), 2.0491824910853844), (0.8460679743562444, array([[-0.00569906],
       [-0.00228434],
       [-0.00121401]]), 2.0449386427713185), (0.8274030619121668, array([[ 0.00420403],
       [-0.01002733],
       [-0.0031942 ]]), 2.036948839921981), (0.8086699956526883, array([[-0.0031407 ],
       [-0.00116336],
       [ 0.00179195]]), 2.0290062884022944), (0.7898140265143568, array([[-0.00826292],
       [ 0.00123126],
       [-0.0005957 ]]), 2.0209574850768335), (0.7729554916170608, array([[-0.00504297],
       [-0.0054226 ],
       [-0.00101293]]), 2.0183159691171433), (0.7545425842511844, array([[0.00476919],
       [0.00563327],
       [0.00109554]]), 2.0119375387329206), (0.7344937263658566, array([[0.00229009],
       [0.00773207],
       [0.00025532]]), 2.001341511988525), (0.7164021826276785, array([[-0.00045263],
       [-0.00078213],
       [ 0.00031843]]), 1.9962376943324414), (0.6979329225350239, array([[-0.00089715],
       [ 0.00235469],
       [-0.00048347]]), 1.9903332209734863), (0.6797731582474688, array([[ 0.00607571],
       [-0.00374181],
       [ 0.0001635 ]]), 1.9855610900869385), (0.6605748914315933, array([[0.00024719],
       [0.00263233],
       [0.00032995]]), 1.9779532707639045), (0.6417001221370605, array([[-0.00097299],
       [ 0.00489601],
       [ 0.0002238 ]]), 1.9714560822407643), (0.6238179318375352, array([[ 0.01169906],
       [ 0.00119314],
       [-0.0006757 ]]), 1.9682512650298334), (0.6047793319521952, array([[-4.48330904e-05],
       [-1.53551499e-03],
       [-8.71835210e-04]]), 1.9616262673505127), (0.5857585597027396, array([[0.01223968],
       [0.0018112 ],
       [0.00104466]]), 1.9551853469654332), (0.5672434539659862, array([[-0.00305958],
       [-0.00741694],
       [-0.00083804]]), 1.9506027433505797), (0.5486097393911424, array([[-0.00031818],
       [ 0.00125914],
       [ 0.00019283]]), 1.9458190739801697), (0.5300461307161427, array([[ 0.01715102],
       [-0.00418588],
       [-0.00082034]]), 1.9414862894793432), (0.5111172361738895, array([[ 0.00474027],
       [ 0.00353775],
       [-0.0010304 ]]), 1.9359810045575447), (0.492891009517364, array([[ 0.00082208],
       [ 0.00876696],
       [-0.00024682]]), 1.9333464370546023), (0.4740675381589226, array([[-0.00143258],
       [ 0.0021275 ],
       [-0.0008958 ]]), 1.9285919039169952), (0.4560486618070525, array([[-0.00188976],
       [-0.00177458],
       [-0.00082339]]), 1.9273739389446585), (0.43727472509072157, array([[0.00132772],
       [0.0008552 ],
       [0.00045158]]), 1.9232411691470104), (0.4187806114791771, array([[ 0.00211067],
       [ 0.00194032],
       [-0.00038869]]), 1.9205446819141323), (0.4001138711702997, array([[ 0.00153337],
       [-0.00088159],
       [-0.0001505 ]]), 1.9172848666342117), (0.381811998011355, array([[ 0.00211524],
       [-0.00103439],
       [ 0.00036144]]), 1.9160542797326445), (0.3631222715142442, array([[-0.00318573],
       [ 0.00224392],
       [ 0.00043323]]), 1.9131642005629097), (0.3450163851110649, array([[-0.00166788],
       [ 0.00235649],
       [ 0.00034977]]), 1.9137152595770524), (0.32674104856426506, array([[0.00105847],
       [0.00084509],
       [0.00062447]]), 1.9138441097970837), (0.3080562516883546, array([[-0.00064962],
       [ 0.00171316],
       [ 0.00049637]]), 1.9119574820335021), (0.2900642415795739, array([[ 0.00010839],
       [-0.00214201],
       [ 0.00039612]]), 1.9149166520565413), (0.27176346276144886, array([[-0.00177507],
       [ 0.00163024],
       [ 0.00025379]]), 1.9166165729506057), (0.2530612590732236, array([[ 0.00138729],
       [ 0.00385787],
       [-0.00017072]]), 1.9160448336181153), (0.23522426991021755, array([[-2.32575415e-03],
       [ 4.38520551e-03],
       [-5.30700541e-05]]), 1.9229760916742116), (0.2169315599086514, array([[-9.07568858e-04],
       [-2.42122865e-03],
       [-1.47002295e-05]]), 1.9275872350503394), (0.1986661689654109, array([[-1.21623073e-04],
       [-2.11436156e-03],
       [ 2.94723535e-05]]), 1.9338753907026784), (0.18087584770169626, array([[-0.00067217],
       [-0.00029794],
       [-0.00018462]]), 1.9471461158986574), (0.16266545947192618, array([[-0.00146863],
       [-0.00081807],
       [-0.0004207 ]]), 1.9590542431689586), (0.14443757849558167, array([[-1.76699894e-03],
       [-2.66417923e-03],
       [-9.70462214e-06]]), 1.9744966495960423), (0.12653895085592132, array([[-9.56193840e-04],
       [ 1.60967487e-03],
       [-3.11358554e-05]]), 2.000548557929691), (0.10895133376696611, array([[-0.00070584],
       [-0.00163647],
       [ 0.00011464]]), 2.042707206671623), (0.09069609398444803, array([[-2.72300936e-04],
       [-9.33811037e-04],
       [ 6.82674690e-05]]), 2.089390612855934), (0.07256459345772912, array([[-4.52555632e-04],
       [-2.25260114e-03],
       [-4.48389212e-05]]), 2.168167311694266), (0.054631075731475534, array([[-5.42371671e-04],
       [ 3.02973567e-03],
       [-2.65248583e-05]]), 2.322749926968681)]