[(1.4596144442914618, array([[ 0.01226415],
       [-0.00615007],
       [ 0.00033639]]), 2.3271914698731018), (1.460069469457799, array([[0.00783177],
       [0.00190955],
       [0.00024595]]), 2.326825439590898), (1.459850166171112, array([[-0.00971312],
       [-0.00764914],
       [ 0.00087515]]), 2.3259708953990956), (1.4598123209404485, array([[ 0.01289675],
       [ 0.00483992],
       [-0.00016143]]), 2.325991204237668), (1.4574826049915706, array([[ 0.00143677],
       [-0.01084339],
       [ 0.00052797]]), 2.322944446012623), (1.4561985275474691, array([[ 0.01927286],
       [-0.00706287],
       [ 0.00038259]]), 2.3221477198340184), (1.4551155744697903, array([[0.01362367],
       [0.00267127],
       [0.00019123]]), 2.322255964251252), (1.4522923429640813, array([[-0.03169866],
       [-0.00649407],
       [-0.00039612]]), 2.320169379641342), (1.4491464483532468, array([[-2.88434610e-02],
       [ 3.69203439e-05],
       [ 7.39298101e-04]]), 2.3181466033017566), (1.446018015422122, array([[ 0.00053197],
       [ 0.00057206],
       [-0.00042849]]), 2.3167305235977818), (1.4413665134523235, array([[0.01135144],
       [0.01037618],
       [0.00089218]]), 2.3134493781981877), (1.4365512730191272, array([[ 0.00451919],
       [-0.00528108],
       [-0.00063696]]), 2.3104757782015732), (1.4315081931270224, array([[ 1.11548979e-02],
       [-7.78805313e-03],
       [ 9.32048917e-05]]), 2.307704838328837), (1.4259029994685577, array([[ 0.00299521],
       [-0.00113089],
       [ 0.00056507]]), 2.3045942541484616), (1.4195990300739116, array([[0.01947912],
       [0.00209551],
       [0.00134251]]), 2.300916027537322), (1.4131945984551157, array([[-0.01923718],
       [ 0.01181724],
       [ 0.00216964]]), 2.2976336355784692), (1.4055935291221344, array([[-0.02053357],
       [ 0.00171813],
       [-0.00026411]]), 2.2929582776885744), (1.398197735270465, array([[ 3.67586430e-02],
       [-2.78643620e-03],
       [ 3.74900653e-05]]), 2.2891656044713575), (1.3918494874111662, array([[ 0.0189379 ],
       [-0.00744951],
       [-0.00049789]]), 2.2876446319377837), (1.3827279265413783, array([[ 0.00395981],
       [-0.00036606],
       [-0.00017531]]), 2.2821124883776522), (1.3738617043683619, array([[-0.02620491],
       [ 0.00321363],
       [-0.00197734]]), 2.277533033165048), (1.363551223730597, array([[-0.02313208],
       [ 0.0068669 ],
       [ 0.0007463 ]]), 2.2710821696611814), (1.3555115069235557, array([[-0.01963658],
       [ 0.00718426],
       [ 0.0001339 ]]), 2.2689441701244433), (1.3450713302515902, array([[-0.01518851],
       [ 0.01140378],
       [ 0.00102422]]), 2.263319210018145), (1.3334869222475114, array([[-0.03273285],
       [-0.00226748],
       [ 0.00145609]]), 2.2562701743477453), (1.322343545805022, array([[0.0078969 ],
       [0.00192821],
       [0.00075981]]), 2.2504626095259233), (1.3128885218757091, array([[-0.01318953],
       [-0.00460736],
       [-0.00312689]]), 2.2480463866133475), (1.3008310424198497, array([[-0.0159807 ],
       [ 0.00918411],
       [-0.0002585 ]]), 2.24168461220579), (1.2896332730509263, array([[-0.01534687],
       [ 0.00955957],
       [ 0.00167845]]), 2.237298655066962), (1.2756616301507373, array([[-0.00471403],
       [ 0.00429001],
       [-0.0016968 ]]), 2.228573554409698), (1.2632419006161733, array([[0.01582441],
       [0.00423843],
       [0.00163272]]), 2.2230191726976534), (1.2510449738605058, array([[0.00019581],
       [0.00046839],
       [0.00081197]]), 2.2183404759689416), (1.2372035829683843, array([[ 0.01019118],
       [ 0.00114164],
       [-0.00113496]]), 2.211212475969479), (1.2237867478870512, array([[-0.01186667],
       [ 0.01320175],
       [-0.00011116]]), 2.205294879304592), (1.2098623829511232, array([[ 0.00766336],
       [-0.00073436],
       [ 0.00032128]]), 2.198914712738978), (1.194887703175861, array([[0.00220563],
       [0.00459696],
       [0.00103204]]), 2.191054978224447), (1.1806037804791667, array([[ 0.00425929],
       [-0.00195643],
       [ 0.00015467]]), 2.1848868805941666), (1.1669405357412168, array([[-0.00912891],
       [-0.00622045],
       [-0.00012136]]), 2.1803170026556695), (1.1507366931825829, array([[ 0.01102509],
       [-0.00624293],
       [-0.0004807 ]]), 2.1714176994816903), (1.136132116904417, array([[-0.00604304],
       [-0.00433455],
       [-0.00037447]]), 2.165938490747391), (1.1193582195233405, array([[-0.0082584 ],
       [ 0.00624395],
       [-0.00268236]]), 2.156715179351201), (1.1039074135284024, array([[-0.00262504],
       [-0.00571149],
       [-0.00100008]]), 2.1504169726028497), (1.0875989651446925, array([[-0.01791276],
       [ 0.00143697],
       [ 0.00063   ]]), 2.1428343419703593), (1.0723821339810147, array([[-0.02411428],
       [-0.00432324],
       [-0.00058942]]), 2.1377965680081426), (1.0550280835797694, array([[ 4.51524332e-03],
       [-2.83494608e-05],
       [ 5.63975926e-05]]), 2.1288693106182057), (1.038482835199457, array([[-0.02088103],
       [-0.00329965],
       [ 0.00068634]]), 2.121914430059216), (1.0215710840298313, array([[0.01777396],
       [0.00256762],
       [0.00212071]]), 2.1145625571454003), (1.0040496905885048, array([[-0.00414974],
       [-0.00187503],
       [-0.00055745]]), 2.1062752026004294), (0.9880305039412003, array([[-6.07789193e-03],
       [-1.25517326e-05],
       [-1.95518235e-03]]), 2.1014922186981306), (0.9694993873662479, array([[ 0.00404895],
       [-0.00157914],
       [ 0.0018997 ]]), 2.0916902426575663), (0.9525707952280407, array([[-0.00919836],
       [ 0.00346897],
       [-0.00150605]]), 2.0856431517688985), (0.9357495399896146, array([[ 0.0012921 ],
       [ 0.00459852],
       [-0.00026893]]), 2.0801841237264918), (0.9173845865984578, array([[-0.01349993],
       [ 0.00450754],
       [-0.00178234]]), 2.071599921129077), (0.8994428172665154, array([[0.00055762],
       [0.00172942],
       [0.00319872]]), 2.0642389097116007), (0.8821119583683305, array([[ 0.00745963],
       [ 0.00070391],
       [-0.00076357]]), 2.058585751253657), (0.8640126633496955, array([[ 0.01695579],
       [ 0.00193729],
       [-0.0015581 ]]), 2.0514400114322298), (0.8456221984805602, array([[0.00402836],
       [0.00075746],
       [0.0002208 ]]), 2.0438612065110755), (0.8267664032585172, array([[0.00011447],
       [0.00634343],
       [0.00279741]]), 2.0353814767278195), (0.8099230211403508, array([[-0.00154716],
       [-0.00599856],
       [-0.00049436]]), 2.032150211891064), (0.7908267553352623, array([[-0.0020914 ],
       [-0.00817969],
       [-0.00067866]]), 2.023548831675215), (0.7727806168671236, array([[-0.007598  ],
       [-0.00076052],
       [ 0.00113452]]), 2.0178593419190425), (0.753922937230079, array([[-0.00530309],
       [ 0.0031903 ],
       [ 0.00145443]]), 2.0102852912275484), (0.7350645648043428, array([[ 0.00389882],
       [ 0.00279869],
       [-0.0003595 ]]), 2.0028969271303723), (0.7165142067488265, array([[0.00453606],
       [0.008477  ],
       [0.00139574]]), 1.9965498468896685), (0.6975530772623267, array([[-0.00509848],
       [ 0.00220542],
       [ 0.0001811 ]]), 1.9892499955793712), (0.6791279493363741, array([[-0.00644356],
       [-0.0054541 ],
       [-0.00025299]]), 1.9836764882998519), (0.6607103503537982, array([[-0.01118111],
       [-0.00453347],
       [-0.00041439]]), 1.9783588741583185), (0.6417124525180784, array([[-0.01105533],
       [-0.00025308],
       [ 0.00172155]]), 1.971493964117073), (0.623007115701714, array([[-0.00319106],
       [-0.00119774],
       [ 0.00015005]]), 1.9656930027491455), (0.6047361180254993, array([[ 0.00027986],
       [-0.00307769],
       [-0.00146493]]), 1.9614861012283529), (0.5862971240418015, array([[-0.01940375],
       [ 0.00027474],
       [ 0.00224381]]), 1.956983004185613), (0.5676313615401152, array([[-0.01149167],
       [-0.00194148],
       [-0.00065182]]), 1.951936656634148), (0.5487063811512679, array([[3.69166875e-03],
       [2.20314518e-05],
       [9.11641735e-04]]), 1.9461618447454203), (0.530484186622215, array([[0.0005515 ],
       [0.00283694],
       [0.00085901]]), 1.943090828190937), (0.5116350436255988, array([[ 0.00071444],
       [-0.00473417],
       [-0.00011706]]), 1.9379423263827127), (0.49299159859237346, array([[-0.00567355],
       [-0.00160857],
       [ 0.00091566]]), 1.9337409939161014), (0.47410741997101324, array([[0.00089367],
       [0.00728931],
       [0.00142416]]), 1.9287541502927126), (0.4551090470179917, array([[0.00079041],
       [0.00303588],
       [0.00171663]]), 1.923402895482088), (0.4374009681013006, array([[ 5.56558131e-03],
       [-1.14040142e-05],
       [-1.63950083e-05]]), 1.9237964167781472), (0.41874443284043633, array([[-0.00239273],
       [ 0.00201085],
       [ 0.00084976]]), 1.9203787652257087), (0.3999246397517949, array([[ 2.93595442e-03],
       [ 1.24139198e-03],
       [-8.20752710e-05]]), 1.9163780984336247), (0.3814884158934827, array([[ 1.55196185e-03],
       [-1.77030252e-03],
       [-9.78982201e-05]]), 1.914430441547822), (0.36311009802380345, array([[-2.76841977e-03],
       [ 6.86917566e-05],
       [-6.23656886e-04]]), 1.9131000627009989), (0.3447601448218086, array([[ 0.00144171],
       [-0.00191314],
       [-0.00062257]]), 1.9122939620015464), (0.32676920277824933, array([[ 1.10938529e-03],
       [ 6.18604685e-03],
       [-9.04132337e-05]]), 1.9140090195224966), (0.30762587279930215, array([[-9.84946014e-05],
       [ 1.47080935e-03],
       [-2.01127495e-04]]), 1.909286326578863), (0.2893244022968457, array([[ 2.65242723e-03],
       [-1.12463080e-03],
       [ 4.75330728e-05]]), 1.9100324562155546), (0.27153716160742136, array([[ 0.0019444 ],
       [-0.00090683],
       [ 0.00071842]]), 1.915020580104917), (0.25324541663579525, array([[-0.0022458 ],
       [ 0.00407127],
       [ 0.00081333]]), 1.9174391764251866), (0.23533264688105526, array([[-0.00176267],
       [-0.00044857],
       [-0.00040408]]), 1.92386208155905), (0.21720285528013333, array([[ 1.62885489e-04],
       [-1.50662670e-03],
       [ 9.63234483e-05]]), 1.9299978824232575), (0.19871329670413965, array([[ 0.00207421],
       [-0.00052711],
       [ 0.00026355]]), 1.9343341460842396), (0.18106832334350723, array([[-2.54612455e-04],
       [-2.69769645e-04],
       [-3.30794436e-06]]), 1.9492181349278392), (0.16271435089377193, array([[0.00033789],
       [0.00380645],
       [0.00024226]]), 1.959643064838491), (0.14449194584021163, array([[ 2.94305864e-04],
       [-1.56420212e-03],
       [ 6.79096090e-05]]), 1.975239864353153), (0.12640912117695913, array([[-2.10529762e-03],
       [ 1.87907410e-03],
       [-5.74599175e-05]]), 1.998495983799216), (0.10836913109186008, array([[-0.00054888],
       [ 0.00242522],
       [-0.00010179]]), 2.0317916028046135), (0.09058277286750056, array([[6.07159402e-05],
       [2.11161466e-03],
       [1.16784987e-04]]), 2.0867800034284874), (0.07268026735806964, array([[-6.79009790e-04],
       [-1.01656005e-03],
       [-8.42597422e-05]]), 2.171623547822435), (0.0547543579054805, array([[-1.67224035e-04],
       [-1.34689278e-03],
       [ 2.68120906e-05]]), 2.3279915162442437)]