[(1.459205041962711, array([[ 0.02858943],
       [-0.00320127],
       [-0.00058324]]), 2.3265387237928334), (1.4607688156624479, array([[-1.65553105e-02],
       [-1.05750504e-02],
       [-6.44291556e-05]]), 2.327939945834674), (1.4601859400150174, array([[-0.01101431],
       [ 0.00095265],
       [-0.0001492 ]]), 2.326505881938439), (1.4588803595939068, array([[0.02327187],
       [0.00333953],
       [0.00103812]]), 2.3245062641096457), (1.4586923698727334, array([[-0.00041125],
       [ 0.00044115],
       [-0.00037679]]), 2.324872576476791), (1.456410872175004, array([[-0.00540977],
       [ 0.00512753],
       [ 0.00014773]]), 2.3224863382183396), (1.4553801685138341, array([[ 0.0116516 ],
       [ 0.00204745],
       [-0.00015285]]), 2.3226782366175622), (1.4516652437495325, array([[ 1.60827778e-02],
       [-6.60553905e-03],
       [-4.97433022e-05]]), 2.3191675314923508), (1.4482005774012532, array([[-0.00530792],
       [ 0.00343632],
       [ 0.00084735]]), 2.3166335281139334), (1.445250288876266, array([[-0.02734246],
       [-0.00250132],
       [-0.00152169]]), 2.3155005143561325), (1.4407721729990373, array([[ 0.00731363],
       [-0.00162487],
       [ 0.00057048]]), 2.312495438628162), (1.4359580387738866, array([[-0.00217727],
       [-0.00440325],
       [ 0.00141397]]), 2.309521650506885), (1.4309947398525222, array([[-0.00543604],
       [-0.00793018],
       [-0.00043121]]), 2.3068771108931796), (1.4244648591158422, array([[-0.01502718],
       [ 0.00338874],
       [-0.00040203]]), 2.3022698814563762), (1.41975441572929, array([[-0.02229177],
       [-0.00625163],
       [-0.00035313]]), 2.301167879882481), (1.4135675627158286, array([[0.00495051],
       [0.00583658],
       [0.0003643 ]]), 2.2982400171986783), (1.4068055824771626, array([[-0.01384538],
       [ 0.00429227],
       [ 0.00181994]]), 2.294935512014026), (1.3982516258724234, array([[-0.01852056],
       [-0.00113039],
       [-0.00018939]]), 2.289253835562923), (1.3911050918339734, array([[-0.00490422],
       [ 0.00384116],
       [-0.00064807]]), 2.2864211429315326), (1.3819990753161162, array([[0.02808714],
       [0.00579927],
       [0.0003724 ]]), 2.280909561575197), (1.3738392367751797, array([[0.0250436 ],
       [0.0064987 ],
       [0.00033575]]), 2.277495787286889), (1.364096706256924, array([[-0.00973835],
       [ 0.00478783],
       [ 0.00060978]]), 2.27199070585538), (1.3554770331530452, array([[-0.0125968 ],
       [ 0.00674483],
       [ 0.00037173]]), 2.268886465663639), (1.3452673228787133, array([[ 0.02219586],
       [-0.00146534],
       [-0.00042922]]), 2.263649002102783), (1.3337419748680768, array([[-0.01884531],
       [ 0.00382396],
       [-0.00107951]]), 2.2567017253521606), (1.3236739444603247, array([[-0.01872379],
       [-0.01470058],
       [-0.00244951]]), 2.2527267809199762), (1.3120019868709918, array([[-0.021517  ],
       [ 0.00448357],
       [ 0.00098659]]), 2.246528381252836), (1.3009593404912914, array([[-0.00842552],
       [ 0.00248475],
       [ 0.00173112]]), 2.2419057045714763), (1.2888089632140525, array([[-0.03740575],
       [-0.00114284],
       [ 0.00116682]]), 2.2358686149711193), (1.2760913505518898, array([[0.02810639],
       [0.00263887],
       [0.00057788]]), 2.2293242734868923), (1.2635810300663408, array([[-0.01019252],
       [ 0.00537316],
       [-0.00010381]]), 2.2236159635968322), (1.2504306816039668, array([[8.31802153e-03],
       [1.82284112e-05],
       [9.78801437e-05]]), 2.2172512190635323), (1.2369582210409196, array([[1.79678934e-03],
       [4.44587405e-04],
       [3.58999316e-05]]), 2.2107739488243863), (1.2232369679782524, array([[-0.01146612],
       [-0.00240355],
       [-0.00155024]]), 2.2043041619106414), (1.2093786661847499, array([[-0.01021178],
       [-0.00384356],
       [-0.00280516]]), 2.198035561581486), (1.1948763151933832, array([[ 0.00679644],
       [ 0.00136922],
       [-0.0013945 ]]), 2.191034096182032), (1.1803927712872941, array([[0.00125252],
       [0.00208531],
       [0.00143919]]), 2.1844963759874307), (1.16621478593196, array([[-0.00346461],
       [-0.0017162 ],
       [-0.0021361 ]]), 2.1789610084123194), (1.1518036951492667, array([[-5.75195955e-03],
       [ 9.19303942e-03],
       [ 2.46443383e-05]]), 2.1734311113851823), (1.1361201963827634, array([[-0.02306804],
       [ 0.00748127],
       [-0.00024825]]), 2.165915765294695), (1.1206658474241755, array([[-0.0072172 ],
       [ 0.00193467],
       [-0.00050647]]), 2.1592346417480335), (1.1030274940001756, array([[-0.00790149],
       [-0.00200944],
       [-0.00150576]]), 2.1487028851125087), (1.0884734652281391, array([[0.00799956],
       [0.00310443],
       [0.00071862]]), 2.1445573197139214), (1.0720066355598374, array([[-0.01073023],
       [ 0.00113296],
       [ 0.00070229]]), 2.1370480109307275), (1.056160745939258, array([[-0.01765655],
       [-0.00044561],
       [-0.00233618]]), 2.131154832846416), (1.0387637384913533, array([[-0.00865995],
       [ 0.00077434],
       [-0.0007401 ]]), 2.122488395009163), (1.0214175870219553, array([[ 0.00130759],
       [ 0.00165132],
       [-0.00167549]]), 2.1142448318000353), (1.00549519292591, array([[6.36885197e-03],
       [5.99748414e-03],
       [5.18867387e-05]]), 2.109307548267299), (0.9882963935253924, array([[ 0.01860656],
       [-0.00155265],
       [-0.00012578]]), 2.102057752747923), (0.9697481730031234, array([[-0.01718723],
       [ 0.00468641],
       [ 0.00156336]]), 2.0922269964667457), (0.951660254875951, array([[-0.00185205],
       [-0.00301359],
       [-0.00146534]]), 2.083649533804482), (0.9357247540225366, array([[-0.0012546 ],
       [-0.00574651],
       [-0.00071448]]), 2.0801290241800814), (0.9170561501557087, array([[ 0.00303298],
       [-0.001493  ],
       [ 0.00155573]]), 2.0708582595415224), (0.9002332336857939, array([[ 0.0062514 ],
       [-0.00067594],
       [ 0.00110703]]), 2.0660529308991933), (0.8820859637270382, array([[0.01145443],
       [0.00845687],
       [0.00222208]]), 2.0585250875276233), (0.8628800339962772, array([[-0.00667874],
       [-0.00162859],
       [-0.00010605]]), 2.0487507902294793), (0.8456132684696688, array([[0.00547786],
       [0.00087581],
       [0.00025542]]), 2.0438396227555082), (0.826845995302884, array([[ 0.00455088],
       [-0.00369125],
       [-0.00168398]]), 2.0355774210382807), (0.809696129323784, array([[-0.01644302],
       [ 0.00034658],
       [-0.00268151]]), 2.0315809253773116), (0.7908573642170996, array([[ 0.00141751],
       [-0.00252522],
       [-0.00040802]]), 2.0236271529594445), (0.7719679981374117, array([[-0.00856335],
       [-0.00459023],
       [-0.0025246 ]]), 2.015737458606525), (0.7531624681760095, array([[-0.0166668 ],
       [ 0.00359098],
       [-0.00106497]]), 2.0082575511518237), (0.7352426731335365, array([[-0.0064486 ],
       [-0.00037211],
       [ 0.0015917 ]]), 2.003382235009869), (0.7168829237204939, array([[0.00079   ],
       [0.00291579],
       [0.00079603]]), 1.9975772679880839), (0.6986039356992969, array([[-0.00439075],
       [-0.00516368],
       [-0.00288432]]), 1.9922467856577715), (0.6788967645473627, array([[-0.00161407],
       [-0.00162874],
       [ 0.00058927]]), 1.9830012166800302), (0.6602183476057595, array([[ 0.00090499],
       [ 0.00107597],
       [-0.00066188]]), 1.9768856748930559), (0.6416572359064346, array([[-0.00641374],
       [-0.00136248],
       [ 0.00200241]]), 1.9713243254944355), (0.6228321154973322, array([[ 0.00272962],
       [-0.00360542],
       [ 0.0002693 ]]), 1.9651408474549872), (0.6046116022153091, array([[ 0.00701358],
       [ 0.00048355],
       [-0.00150528]]), 1.9610822291529284), (0.5868187389962802, array([[0.00482399],
       [0.0013565 ],
       [0.00051598]]), 1.9587240865801627), (0.56711794763048, array([[-0.00401996],
       [ 0.01006633],
       [ 0.00130653]]), 1.9501711596969744), (0.5484226820817002, array([[-0.00581123],
       [-0.00273387],
       [-0.00028235]]), 1.945155615688226), (0.5303519428822867, array([[-0.00986211],
       [-0.00174148],
       [-0.00133267]]), 1.94260643750669), (0.5119602083374334, array([[-0.00815854],
       [-0.00048697],
       [-0.00073028]]), 1.9391739669162562), (0.49246396412604976, array([[0.00197079],
       [0.00198992],
       [0.00031213]]), 1.9316713675771404), (0.47428514567864616, array([[-0.00222086],
       [-0.00178374],
       [ 0.00051012]]), 1.9294771703969573), (0.456144594399817, array([[ 0.00246017],
       [-0.00168927],
       [-0.00042418]]), 1.927779373703434), (0.4373028632666342, array([[ 0.00023086],
       [-0.00020542],
       [-0.00013745]]), 1.923364927725393), (0.41914987836828616, array([[ 0.00149476],
       [ 0.00015207],
       [-0.00017124]]), 1.9222381546792167), (0.4007315034051485, array([[0.00023608],
       [0.00310899],
       [0.00015328]]), 1.9202444664440297), (0.38186131376210725, array([[-0.00800122],
       [-0.0063252 ],
       [-0.00064771]]), 1.9163017618855864), (0.3632989757553151, array([[-0.00187412],
       [ 0.00048616],
       [ 0.00023015]]), 1.9140951933844044), (0.3452581496549533, array([[0.00155006],
       [0.00158776],
       [0.00053503]]), 1.9150562639954802), (0.32692771947127536, array([[-0.00341048],
       [-0.00278369],
       [-0.00010934]]), 1.9149375108785274), (0.30756383983575003, array([[0.00271851],
       [0.00165403],
       [0.00012437]]), 1.9089013177106897), (0.28984478739257813, array([[0.00259452],
       [0.00046156],
       [0.00043121]]), 1.913467881691903), (0.271517325286128, array([[-0.00139744],
       [-0.00411054],
       [-0.00037855]]), 1.9148806841021542), (0.25366094678492546, array([[ 4.91535701e-04],
       [ 3.93271490e-03],
       [-3.96596620e-06]]), 1.9205853490095215), (0.23553226338391048, array([[-0.00030835],
       [ 0.00388085],
       [-0.00036867]]), 1.9254939614779067), (0.21703122452714066, array([[ 1.93093717e-03],
       [ 3.10349904e-04],
       [-6.16664703e-05]]), 1.9284728242493794), (0.19858645735916336, array([[-1.33766990e-03],
       [-2.41585637e-04],
       [-9.35579946e-05]]), 1.933099454293987), (0.1810320390516184, array([[-2.22090275e-03],
       [ 3.98551827e-03],
       [-3.99498477e-05]]), 1.9488275309919507), (0.16278996634877016, array([[-1.33602488e-03],
       [ 5.05649962e-04],
       [-8.03308496e-05]]), 1.960553736215465), (0.1445733686401403, array([[-2.61480684e-03],
       [-1.21116610e-03],
       [ 9.65349056e-05]]), 1.976352933731181), (0.12678627355433464, array([[ 0.00046165],
       [-0.0002135 ],
       [ 0.00017437]]), 2.004458666748416), (0.10874459995996522, array([[-1.16716772e-03],
       [ 1.75944630e-03],
       [-3.77535825e-05]]), 2.038831195035762), (0.09087914615701954, array([[-5.79847664e-04],
       [ 1.56511227e-03],
       [-5.88230790e-05]]), 2.0936076355989353), (0.07267845908209473, array([[-4.35133222e-04],
       [ 3.73929904e-03],
       [ 8.29179664e-05]]), 2.171569518099777), (0.054630498884780394, array([[-5.22793345e-04],
       [ 1.36807347e-03],
       [-9.14250579e-07]]), 2.3227254011726743)]