[(1.4597675468668556, array([[-0.02095619],
       [ 0.01007871],
       [ 0.0001867 ]]), 2.3274355747522133), (1.458878775038136, array([[-0.00096692],
       [-0.00309028],
       [-0.00087685]]), 2.3249279010665975), (1.4599269318540824, array([[-0.01368693],
       [ 0.00042178],
       [-0.00014342]]), 2.3260932057214094), (1.458311222267736, array([[-0.00841632],
       [ 0.0029485 ],
       [ 0.00062135]]), 2.323599429446253), (1.4590048005268381, array([[ 0.00521792],
       [ 0.00804288],
       [-0.00010829]]), 2.3253705303118695), (1.4558841559308162, array([[-0.00891367],
       [-0.01082528],
       [-0.00086747]]), 2.321646402658523), (1.454251225398167, array([[-0.02386881],
       [ 0.00524629],
       [ 0.00126854]]), 2.3208765275783243), (1.4512907732247953, array([[-0.00056244],
       [-0.00808244],
       [ 0.00074581]]), 2.318569280699882), (1.4471558502413069, array([[ 0.00352321],
       [ 0.00108094],
       [-0.00045524]]), 2.314962316263703), (1.444946955803282, array([[ 0.00196069],
       [-0.00669538],
       [ 0.00051334]]), 2.315014530791955), (1.4407545867941627, array([[0.02276483],
       [0.001546  ],
       [0.00042125]]), 2.3124672120845644), (1.4373049964017908, array([[ 0.01203644],
       [-0.00481098],
       [-0.00080791]]), 2.3116880284371315), (1.4311286328164907, array([[-0.01210801],
       [-0.00253262],
       [ 0.0004604 ]]), 2.307092956979323), (1.424585775148411, array([[0.00015475],
       [0.00371946],
       [0.00188367]]), 2.3024653101734742), (1.4186420032467475, array([[1.67915591e-02],
       [1.09537123e-03],
       [7.49792092e-05]]), 2.299364858285473), (1.412715754245856, array([[0.00343647],
       [0.0021743 ],
       [0.00118682]]), 2.2968551097034053), (1.4054178215102295, array([[-0.01101229],
       [ 0.00822022],
       [-0.00056883]]), 2.292671644166989), (1.3992512513651385, array([[-0.00662395],
       [ 0.00941666],
       [-0.00029101]]), 2.2908904483520534), (1.3904672989268152, array([[-0.01099232],
       [-0.00684562],
       [ 0.00022596]]), 2.2853728661361283), (1.38130168695896, array([[-0.00415144],
       [-0.00670943],
       [-0.0003009 ]]), 2.2797585624172525), (1.373673313012311, array([[-0.03015518],
       [-0.00502138],
       [ 0.00055604]]), 2.2772207255032186), (1.3645457236482723, array([[ 0.00037394],
       [-0.0075338 ],
       [ 0.000653  ]]), 2.272738573169502), (1.3545368803399054, array([[-0.00078601],
       [-0.00632937],
       [ 0.0005918 ]]), 2.2673127761497507), (1.3443021063717353, array([[-0.00589635],
       [-0.0022395 ],
       [-0.00101067]]), 2.262024855477294), (1.3334006553975541, array([[-0.03040572],
       [ 0.00106255],
       [ 0.00035984]]), 2.25612421017116), (1.323886971369544, array([[0.0348612 ],
       [0.00297744],
       [0.00043295]]), 2.253089325960213), (1.3128553235433011, array([[-9.99985508e-03],
       [-4.63254077e-03],
       [ 3.28538908e-05]]), 2.2479895414281184), (1.301328725076559, array([[-0.01137616],
       [ 0.00029723],
       [-0.00108096]]), 2.2425422543721636), (1.289163947014467, array([[-0.02165885],
       [ 0.00153292],
       [-0.00036062]]), 2.2364844526637673), (1.2759627448459898, array([[-0.01364075],
       [ 0.00413489],
       [ 0.00154792]]), 2.229099600055991), (1.2629282704961518, array([[-0.00711727],
       [-0.00189638],
       [-0.00019069]]), 2.2224672548348883), (1.251083309423785, array([[-0.01954428],
       [-0.00321974],
       [-0.00016991]]), 2.2184084522075804), (1.2383005186520313, array([[-0.02219444],
       [-0.00600866],
       [ 0.00141729]]), 2.2131729923326766), (1.2230252894753173, array([[-0.01665315],
       [-0.00018046],
       [-0.00019713]]), 2.2039227118586715), (1.2096078871731855, array([[-0.02000005],
       [-0.01013964],
       [-0.00389385]]), 2.1984521688014826), (1.1946483959741423, array([[-0.03138542],
       [-0.00453439],
       [-0.00258031]]), 2.1906161627321987), (1.1817752349241328, array([[0.01436855],
       [0.00152403],
       [0.001017  ]]), 2.1870548352376638), (1.1666569972504368, array([[0.00485662],
       [0.00723974],
       [0.00050651]]), 2.179787238050344), (1.1509316796161015, array([[-0.01300611],
       [ 0.003577  ],
       [ 0.00212678]]), 2.1717856350793032), (1.1356430343977169, array([[-0.01668942],
       [-0.00123256],
       [-0.00280468]]), 2.165006096872901), (1.1197224003415336, array([[-0.01230702],
       [ 0.00106168],
       [-0.00104076]]), 2.1574168620519902), (1.1040389757209028, array([[ 0.01600464],
       [-0.00399315],
       [-0.00265124]]), 2.1506732563891875), (1.0878970242906696, array([[-0.00095454],
       [ 0.00254095],
       [ 0.0003976 ]]), 2.1434215909420917), (1.0725177366083432, array([[-0.02047438],
       [ 0.00154087],
       [ 0.00122357]]), 2.138066892197748), (1.0556388571829416, array([[-0.00458799],
       [ 0.00312421],
       [ 0.00051464]]), 2.1301017490715184), (1.0387741946717854, array([[0.00958812],
       [0.00306696],
       [0.00069073]]), 2.1225097599459635), (1.0222134500195201, array([[-0.01681535],
       [ 0.004995  ],
       [ 0.00144892]]), 2.1158921984116956), (1.0053723466684905, array([[ 0.01391326],
       [-0.00420685],
       [-0.00223424]]), 2.109049843864658), (0.9884583280048291, array([[-0.01886383],
       [ 0.00543838],
       [ 0.00219827]]), 2.1024021794099723), (0.9712825215546339, array([[-0.0043373 ],
       [ 0.00096593],
       [ 0.00012887]]), 2.0955373460511315), (0.9532360616553777, array([[-0.02662534],
       [ 0.00029409],
       [-0.00068105]]), 2.0870997452055517), (0.9350930845312444, array([[-0.02117557],
       [-0.00364058],
       [-0.00010722]]), 2.0787248141953856), (0.918173828434316, array([[ 0.00986333],
       [-0.00338498],
       [ 0.00122629]]), 2.073382154391768), (0.8991826137327399, array([[-0.00482666],
       [-0.0067966 ],
       [ 0.00051782]]), 2.0636417374972553), (0.8821501713902365, array([[-0.00345808],
       [ 0.00019707],
       [-0.0002928 ]]), 2.0586749290294053), (0.8646395884704609, array([[-0.005507  ],
       [ 0.0010083 ],
       [ 0.00172884]]), 2.0529285304452776), (0.8453214893932817, array([[-0.01213597],
       [ 0.00604546],
       [-0.00037509]]), 2.0431343953665264), (0.8278362956695888, array([[-0.00378231],
       [ 0.00012921],
       [ 0.00018027]]), 2.0380153999097534), (0.8088537738983924, array([[ 0.00332746],
       [-0.00345485],
       [-0.00088477]]), 2.0294674001267428), (0.7905379321657005, array([[-0.00813281],
       [ 0.00049857],
       [-0.00033687]]), 2.0228097977674917), (0.7721870909450511, array([[ 0.00218665],
       [-0.00171585],
       [-0.00015197]]), 2.016309546543247), (0.752802651167725, array([[ 0.00153161],
       [-0.00978216],
       [ 0.00078734]]), 2.0072981230676414), (0.7356798384516011, array([[-0.00516074],
       [-0.00989428],
       [ 0.00152296]]), 2.0045734189059834), (0.7167243855907088, array([[ 7.24006461e-05],
       [-3.41773506e-03],
       [ 1.18496358e-03]]), 1.9971355052487452), (0.6979549520810725, array([[-0.00315184],
       [ 0.00045947],
       [ 0.00219551]]), 1.9903960438264108), (0.6789585757562686, array([[ 0.00520893],
       [-0.00222774],
       [-0.00060318]]), 1.9831817621014631), (0.660517620476025, array([[-0.00894557],
       [-0.00542335],
       [-0.00157637]]), 1.9777817848728187), (0.6426075790079994, array([[-0.00898995],
       [ 0.00265847],
       [ 0.00040811]]), 1.9742440065466311), (0.6235467181073051, array([[-0.00353187],
       [-0.00287894],
       [ 0.00200661]]), 1.9673955397606888), (0.6052018683390934, array([[-0.01867997],
       [-0.00224127],
       [-0.00031375]]), 1.9629967812415465), (0.5859852567839977, array([[ 0.00602137],
       [-0.00484439],
       [ 0.00036566]]), 1.9559420321288572), (0.567930004542691, array([[-0.00463816],
       [ 0.00093611],
       [-0.00019308]]), 1.9529636122667504), (0.5487476118205461, array([[ 2.43826535e-05],
       [-1.36461318e-03],
       [-1.29428825e-03]]), 1.9463080824385453), (0.5298929271581924, array([[-5.00398527e-04],
       [ 2.74213973e-03],
       [ 5.49631383e-05]]), 1.940925125855984), (0.5118659449039624, array([[-1.50305042e-03],
       [ 4.62057310e-05],
       [ 3.38232888e-04]]), 1.9388169212059798), (0.49308886825835113, array([[-0.00344049],
       [ 0.00170433],
       [-0.00031175]]), 1.9341225305205842), (0.4738840505480216, array([[-0.00705962],
       [ 0.00010024],
       [-0.00170104]]), 1.9278454433552217), (0.45571493677371405, array([[-0.00245521],
       [ 0.00248011],
       [ 0.00015669]]), 1.925963534779714), (0.43691455377536287, array([[-0.00787851],
       [ 0.0009621 ],
       [-0.00104088]]), 1.9216570476282102), (0.4187561311173875, array([[-0.0034964 ],
       [-0.00359138],
       [ 0.00132781]]), 1.9204324139930355), (0.40015554387039004, array([[-0.00128992],
       [-0.00167924],
       [ 0.00081142]]), 1.9174845558801792), (0.3818861753356733, array([[-0.00118496],
       [ 0.00187347],
       [-0.00060781]]), 1.9164265251844885), (0.36285442569373166, array([[-0.00100623],
       [ 0.00056566],
       [ 0.00083529]]), 1.9117530146476582), (0.34465998594249403, array([[-0.00299142],
       [ 0.00191266],
       [ 0.00081414]]), 1.9117384070076446), (0.3266588117676654, array([[0.00042605],
       [0.0005368 ],
       [0.00054331]]), 1.9133624182267337), (0.3080942694091968, array([[-0.00341601],
       [ 0.00067773],
       [-0.00039409]]), 1.912193439802305), (0.2898963618474935, array([[-0.00184821],
       [ 0.00655155],
       [ 0.00034663]]), 1.9138083606906255), (0.27148250250230443, array([[0.00389847],
       [0.00282141],
       [0.00013669]]), 1.914635095810357), (0.25373119400169614, array([[-0.00504988],
       [-0.00016257],
       [ 0.00026153]]), 1.9211172234547154), (0.23489402984624677, array([[ 3.50761408e-03],
       [-5.34119380e-03],
       [ 4.47346257e-05]]), 1.920276354322402), (0.216899615353349, array([[-0.00151907],
       [ 0.00098599],
       [ 0.00042668]]), 1.9273033855401243), (0.19906323502798498, array([[-0.00287139],
       [-0.00078484],
       [-0.00030325]]), 1.937740549480814), (0.1806417893754029, array([[-1.90304808e-03],
       [ 1.39615219e-04],
       [-7.46855621e-05]]), 1.9446264552213097), (0.16267153916013802, array([[-0.00052112],
       [-0.00157883],
       [-0.00017238]]), 1.9591274636241633), (0.1444176889524091, array([[-1.97901705e-03],
       [-2.97580145e-03],
       [ 4.42900575e-05]]), 1.9742247547279248), (0.1264646938804125, array([[-0.00100087],
       [ 0.00012529],
       [ 0.00011193]]), 1.9993745740751898), (0.10852960671040271, array([[-8.23906429e-04],
       [ 9.49267679e-04],
       [ 5.36451443e-07]]), 2.0348003287298346), (0.09074556314960945, array([[-2.28618836e-04],
       [ 3.45923640e-04],
       [-5.72652192e-05]]), 2.0905302474837693), (0.07269580297808118, array([[-0.00101648],
       [-0.00089819],
       [-0.00015591]]), 2.172087738715967), (0.05488973373170678, array([[-6.14591556e-04],
       [-1.11281161e-04],
       [ 2.56758526e-05]]), 2.3337472914375783)]