[(1.4594028266877135, array([[-9.14592554e-03],
       [ 2.98108863e-03],
       [ 4.46779578e-06]]), 2.326854069346378), (1.459520663518915, array([[ 0.02253588],
       [-0.0107277 ],
       [ 0.00064056]]), 2.3259508403703086), (1.4585421088898811, array([[-0.03623328],
       [-0.00066246],
       [ 0.00050865]]), 2.3238867752365193), (1.459303145306676, array([[-0.01321735],
       [ 0.00877359],
       [-0.00045032]]), 2.32517990950575), (1.4589151217099499, array([[-0.02076422],
       [-0.00085405],
       [-0.00060376]]), 2.3252275996800376), (1.4560202692006823, array([[ 0.01055098],
       [-0.0017674 ],
       [-0.00058225]]), 2.321863457622719), (1.4545207700429206, array([[-0.02060512],
       [ 0.00201991],
       [ 0.00026207]]), 2.3213067007342527), (1.4520868772940307, array([[ 0.01884538],
       [-0.00250425],
       [ 0.00050634]]), 2.3198411295073185), (1.4494084731927919, array([[-0.02223361],
       [ 0.00098207],
       [ 0.00082364]]), 2.3185657548598773), (1.4453768636782236, array([[-3.42947052e-03],
       [-3.88226944e-04],
       [ 5.03806752e-05]]), 2.3157033055413634), (1.4412824741900043, array([[0.0174754 ],
       [0.00488963],
       [0.00142833]]), 2.3133144919098347), (1.4360869048209255, array([[-0.01082386],
       [ 0.00169948],
       [-0.00166378]]), 2.3097289120825124), (1.4315268605109912, array([[-6.34084138e-03],
       [ 1.03770523e-02],
       [-1.81158650e-05]]), 2.307734931633584), (1.4250641814828695, array([[-0.00903016],
       [ 0.00074006],
       [-0.00073852]]), 2.303238527208541), (1.4189664124650365, array([[-9.20461941e-04],
       [-2.07225575e-03],
       [-3.88773405e-06]]), 2.299890667583753), (1.4133334405643037, array([[ 0.00458225],
       [-0.00748354],
       [ 0.00018391]]), 2.2978593711568904), (1.4054596781757613, array([[-0.00430494],
       [ 0.00831588],
       [ 0.00043782]]), 2.29273992534908), (1.3996834450241582, array([[-0.01652629],
       [-0.01718577],
       [-0.0025898 ]]), 2.2915980470226422), (1.3910989560772768, array([[ 0.00103794],
       [-0.00056727],
       [-0.0003431 ]]), 2.2864110581982358), (1.3827863862239733, array([[-0.0110015 ],
       [ 0.01062021],
       [-0.00023893]]), 2.2822089727034225), (1.374356526362815, array([[ 0.03023737],
       [ 0.01095392],
       [-0.00071179]]), 2.278353329294069), (1.3634888795491817, array([[-0.0095353 ],
       [-0.00191002],
       [ 0.00056956]]), 2.270978331421495), (1.3546903678457964, array([[ 0.00347981],
       [ 0.00142588],
       [-0.00054602]]), 2.2675696936158882), (1.344938801999897, array([[ 0.00619404],
       [-0.00156734],
       [ 0.00026189]]), 2.263096207913215), (1.3346430178942035, array([[-0.00457048],
       [-0.00379951],
       [-0.0002221 ]]), 2.25822629711341), (1.3230123909193257, array([[ 0.00117761],
       [-0.00436924],
       [ 0.00061938]]), 2.2516008998938686), (1.3129422534461457, array([[-0.01567396],
       [-0.00765184],
       [-0.00178663]]), 2.2481383906645327), (1.3011895703825587, array([[-0.01945015],
       [-0.00859659],
       [-0.00274669]]), 2.2423024531019875), (1.2884039098453957, array([[-0.00592066],
       [-0.00640261],
       [-0.00010878]]), 2.235165914927732), (1.27670476333093, array([[-0.04586808],
       [-0.0067053 ],
       [ 0.00074144]]), 2.2303959020951343), (1.2641806570436955, array([[-0.01620338],
       [ 0.00222614],
       [ 0.00033403]]), 2.224671171048767), (1.2513553165871991, array([[-0.02535166],
       [ 0.00594984],
       [ 0.00132812]]), 2.218890772598104), (1.2375288584579047, array([[-0.00242936],
       [-0.00674999],
       [-0.00026282]]), 2.211793829944246), (1.2241040803734247, array([[0.01370674],
       [0.00159692],
       [0.00119691]]), 2.2058667205248415), (1.2097557424087424, array([[ 0.0172396 ],
       [ 0.00390968],
       [-0.0021855 ]]), 2.19872089444946), (1.1953941745639822, array([[-0.0234696 ],
       [-0.00931385],
       [-0.00229759]]), 2.191983690314564), (1.1803217790613851, array([[-0.00691056],
       [ 0.0003369 ],
       [-0.0012305 ]]), 2.1843649940745675), (1.1660261162990821, array([[-0.02088467],
       [ 0.00030597],
       [ 0.00238812]]), 2.1786084972124344), (1.151537901066404, array([[-0.01493518],
       [ 0.00373482],
       [ 0.00048683]]), 2.1729295631340793), (1.1350529231621505, array([[-0.02675378],
       [-0.00152648],
       [-0.0016725 ]]), 2.163881100387089), (1.11993026905718, array([[ 0.01280424],
       [-0.00594079],
       [-0.00211589]]), 2.1578173715640725), (1.1044582742729927, array([[-0.03712621],
       [ 0.00905038],
       [-0.00163679]]), 2.1514900519935583), (1.0886484865088664, array([[ 0.01715306],
       [-0.00066991],
       [-0.00150871]]), 2.144902154182266), (1.0726942327137723, array([[-0.01571762],
       [-0.0031592 ],
       [ 0.00021294]]), 2.138418737642107), (1.0552089274432466, array([[-0.02133477],
       [ 0.01319424],
       [-0.00054031]]), 2.129234223132822), (1.0384548853639723, array([[-0.01553298],
       [ 0.01348896],
       [ 0.0016914 ]]), 2.121857320632635), (1.021635849718145, array([[ 0.00364451],
       [-0.00051724],
       [-0.0001022 ]]), 2.1146966164405754), (1.0055318259400263, array([[ 0.00010798],
       [-0.01403738],
       [-0.00390508]]), 2.109384396265912), (0.9879568410634317, array([[-0.01993116],
       [ 0.00243316],
       [ 0.00077776]]), 2.1013355413852137), (0.9713660877888568, array([[ 0.01405814],
       [-0.00311876],
       [ 0.00128674]]), 2.0957176397975923), (0.9531220277024502, array([[-0.00862936],
       [ 0.00284354],
       [ 0.00176545]]), 2.086850069135087), (0.9344873214650788, array([[ 0.00741306],
       [ 0.0052315 ],
       [-0.00150305]]), 2.077378194550783), (0.9180697215492107, array([[-0.00807062],
       [ 0.0050719 ],
       [ 0.00165752]]), 2.0731470645307395), (0.8999328073830063, array([[-0.00047845],
       [-0.00538516],
       [-0.00181395]]), 2.0653634466409283), (0.8811805234798633, array([[-0.00245938],
       [ 0.00197524],
       [ 0.00131572]]), 2.056412060520379), (0.8646295255783599, array([[-0.01875891],
       [-0.01037754],
       [-0.00050154]]), 2.052904637948833), (0.845147903068233, array([[-0.00107768],
       [-0.00550311],
       [ 0.00018045]]), 2.042714838788677), (0.8273251940027387, array([[ 0.004513  ],
       [ 0.0001982 ],
       [-0.00012413]]), 2.0367571401868965), (0.8088868422442805, array([[-0.0129826 ],
       [ 0.00098282],
       [ 0.00189484]]), 2.0295503707848788), (0.7898251836231551, array([[-0.00739687],
       [-0.00259497],
       [-0.00241557]]), 2.020986033623429), (0.7722440027453252, array([[-0.01867933],
       [ 0.00376382],
       [ 0.00286092]]), 2.016458152765171), (0.7536072472522628, array([[-0.00515822],
       [-0.00024104],
       [-0.00048975]]), 2.009443524930686), (0.7348106400978981, array([[ 0.00634419],
       [-0.00083741],
       [ 0.00034557]]), 2.002205035508041), (0.7169372783241793, array([[0.00613079],
       [0.00955362],
       [0.00067727]]), 1.9977287258023793), (0.6980049592995775, array([[-0.0113613 ],
       [ 0.00178302],
       [-0.00113657]]), 1.990538652127388), (0.6792310456983078, array([[ 0.01232958],
       [-0.00147292],
       [-0.0021455 ]]), 1.9839776242336578), (0.6614469034806698, array([[-0.00140019],
       [ 0.00189533],
       [-0.00079238]]), 1.9805643283547836), (0.6426954619937498, array([[-0.01004036],
       [ 0.00557275],
       [ 0.00099312]]), 1.9745140040747697), (0.623733583971984, array([[-0.00552831],
       [-0.00027158],
       [-0.00112815]]), 1.9679851332234188), (0.6054183278381484, array([[ 0.00467514],
       [ 0.00093846],
       [-0.00240641]]), 1.9636988763971355), (0.5863061161313694, array([[ 0.00087126],
       [-0.00166897],
       [ 0.00096823]]), 1.9570130186027666), (0.5676223949194411, array([[-0.00927569],
       [-0.00043329],
       [-0.00069347]]), 1.951905822757154), (0.5493000960764217, array([[-0.006309  ],
       [ 0.00243488],
       [ 0.00020497]]), 1.948267643718572), (0.5304024380421117, array([[-0.00194976],
       [ 0.00028692],
       [-0.00105102]]), 1.942791394352527), (0.5114090714767118, array([[-0.00076399],
       [-0.00402509],
       [ 0.00106981]]), 1.9370864018377318), (0.49258291522941694, array([[-0.0069048 ],
       [-0.00650849],
       [-0.00023404]]), 1.9321379488038986), (0.47443383849684945, array([[-0.00348279],
       [-0.00576393],
       [-0.00211995]]), 1.9300820794917057), (0.4558241647116086, array([[-0.00378701],
       [-0.00206959],
       [ 0.00107825]]), 1.9264251589407593), (0.43719779429701877, array([[ 3.53876985e-03],
       [ 1.71724851e-03],
       [-1.89957938e-05]]), 1.9229028087041704), (0.41830313847978656, array([[-0.00216809],
       [-0.00307189],
       [-0.00130069]]), 1.9183549715870514), (0.4000099972521497, array([[-0.00088247],
       [-0.00049174],
       [-0.00079198]]), 1.9167871186038214), (0.382131818067566, array([[-2.62898203e-03],
       [-7.20739384e-04],
       [-8.03820137e-05]]), 1.917659238693178), (0.3628946637717296, array([[-0.00090027],
       [ 0.00241363],
       [ 0.00012225]]), 1.9119650150022607), (0.34499564411868056, array([[-0.00483048],
       [-0.00218121],
       [ 0.00028665]]), 1.9136002147405242), (0.3259779373417785, array([[-0.00450515],
       [ 0.00073106],
       [-0.00047138]]), 1.9093742829274774), (0.308338536439007, array([[-0.00240076],
       [ 0.00095586],
       [-0.00015496]]), 1.9137094881626286), (0.28996264772558134, array([[ 0.00123517],
       [ 0.00316447],
       [-0.00055965]]), 1.9142459600688024), (0.271718321112932, array([[-0.00182816],
       [ 0.00135787],
       [-0.00044413]]), 1.9162982106851323), (0.2532957923138922, array([[-0.0026541 ],
       [ 0.00075333],
       [-0.00055545]]), 1.9178205941819428), (0.2358290302837079, array([[-0.00163534],
       [-0.00438858],
       [-0.00034238]]), 1.9279200531959448), (0.2172723659847176, array([[-0.0014761 ],
       [ 0.00131829],
       [ 0.00019505]]), 1.9306155332017447), (0.19920477923264357, array([[-1.72839450e-03],
       [ 1.33805065e-03],
       [ 4.60111145e-05]]), 1.939118382735018), (0.1807818583746657, array([[-7.18292367e-04],
       [-2.16001900e-03],
       [ 4.89646808e-05]]), 1.9461343116396095), (0.16240009458531893, array([[-0.00306614],
       [ 0.00025575],
       [-0.00024766]]), 1.9558583329321841), (0.1445374565723654, array([[-1.34526346e-03],
       [-5.78981636e-04],
       [ 4.38101534e-05]]), 1.9758620070745576), (0.1264916508906085, array([[-1.36880512e-03],
       [ 2.04601605e-03],
       [-2.59887032e-05]]), 1.9998007575349774), (0.10834270898638326, array([[-1.37116969e-03],
       [-4.98051803e-03],
       [-9.79003579e-05]]), 2.0312962199267095), (0.09057627217855395, array([[-6.69153241e-04],
       [ 2.65095513e-03],
       [ 1.03598480e-05]]), 2.086630245287145), (0.07253000484838452, array([[-1.08846251e-03],
       [ 7.53680468e-04],
       [ 9.66515801e-05]]), 2.167133833953065), (0.054741629982502905, array([[-6.20664153e-04],
       [-3.15894665e-03],
       [ 3.06114627e-05]]), 2.3274503630311534)]