[(1.4602356284437574, array([[-0.02838672],
       [ 0.00222785],
       [-0.0003881 ]]), 2.328181878310136), (1.461231743055465, array([[-0.02846969],
       [ 0.00353774],
       [-0.00039789]]), 2.3286776855500015), (1.460676795777349, array([[-0.03050865],
       [-0.00541131],
       [-0.00023656]]), 2.327287959608791), (1.4594246170227683, array([[-1.79892016e-02],
       [-4.28186124e-03],
       [ 3.56316924e-06]]), 2.325373456401568), (1.4586273536578767, array([[-0.02529174],
       [ 0.00023056],
       [ 0.00079289]]), 2.324768953246788), (1.457083574246835, array([[-0.04805765],
       [-0.00585756],
       [-0.00053739]]), 2.3235590721572086), (1.454378310583394, array([[-0.01705783],
       [ 0.01216568],
       [ 0.00162604]]), 2.3210793460585464), (1.4525879219155355, array([[-0.02343863],
       [ 0.00112995],
       [-0.00026782]]), 2.3206415939553215), (1.449333003653795, array([[-4.02496837e-02],
       [-2.77705160e-03],
       [ 5.74661773e-05]]), 2.318445028996955), (1.446110949417487, array([[-0.00070833],
       [-0.00818922],
       [-0.0009855 ]]), 2.316879417333161), (1.4395637352337356, array([[-0.01506741],
       [ 0.00447738],
       [ 0.00109101]]), 2.3105558489605538), (1.4364777377219067, array([[-0.03378931],
       [ 0.00469199],
       [-0.0005687 ]]), 2.3103575077811147), (1.4320110539005166, array([[-0.02593707],
       [-0.00362194],
       [ 0.00057181]]), 2.308515489812056), (1.425068899491953, array([[-0.00645582],
       [ 0.00643732],
       [ 0.00103567]]), 2.303246152619687), (1.4191725261926174, array([[-0.01223904],
       [-0.0001228 ],
       [ 0.00165191]]), 2.3002247410574874), (1.4116338674247118, array([[-0.02143638],
       [-0.01118652],
       [-0.0008586 ]]), 2.295096130753962), (1.4065625686890328, array([[-0.01762485],
       [ 0.0041933 ],
       [ 0.00099068]]), 2.294539081278155), (1.3989022935003563, array([[-0.02649508],
       [ 0.00234772],
       [ 0.00179272]]), 2.290319125483107), (1.3910908127740762, array([[-0.01013244],
       [-0.00271639],
       [ 0.0008497 ]]), 2.28639767386033), (1.3812446567904435, array([[-0.01682375],
       [-0.00151874],
       [-0.00155798]]), 2.2796644374218085), (1.3733337532844312, array([[-0.00819661],
       [ 0.00674819],
       [-0.00012827]]), 2.2766578169553493), (1.36428082023773, array([[-0.01177575],
       [ 0.00293006],
       [ 0.00074224]]), 2.2722973595195155), (1.3540570809851646, array([[-0.00419095],
       [ 0.00730076],
       [-0.00032754]]), 2.2665096564837004), (1.3448245720488408, array([[-0.02185658],
       [-0.00830903],
       [ 0.00069712]]), 2.262903995919122), (1.3344285679344365, array([[-0.02341964],
       [-0.00218095],
       [-0.00012444]]), 2.257863446124743), (1.323465088053004, array([[-0.059226  ],
       [-0.00120382],
       [ 0.00118086]]), 2.2523713335500952), (1.311471120780188, array([[ 0.00115147],
       [-0.00483297],
       [ 0.00053964]]), 2.2456193843522447), (1.3005705219483048, array([[-0.0165955 ],
       [ 0.00281831],
       [-0.00174845]]), 2.241235664792035), (1.2881127048138263, array([[-0.0026705 ],
       [ 0.01024083],
       [ 0.00109502]]), 2.234660722762569), (1.2759215932507255, array([[-0.04360024],
       [-0.00389717],
       [-0.00164159]]), 2.2290277084549897), (1.2640157789317765, array([[-0.0101155 ],
       [ 0.0055812 ],
       [-0.00311435]]), 2.2243810229751673), (1.2501345949780458, array([[-8.55376451e-03],
       [ 1.76258054e-06],
       [-1.38601578e-03]]), 2.21672620121014), (1.2372432751252436, array([[-0.0236402 ],
       [ 0.00163061],
       [ 0.00079335]]), 2.2112834164304136), (1.2242906394479518, array([[-0.01174266],
       [-0.00749731],
       [-0.00072257]]), 2.2062029047272382), (1.2094634225275747, array([[-0.03222527],
       [ 0.00036333],
       [-0.00222895]]), 2.198189605522237), (1.1954297621745762, array([[-0.01171452],
       [-0.00168314],
       [ 0.00102787]]), 2.192048947000316), (1.1813537203117777, array([[ 0.01233461],
       [-0.00201483],
       [-0.00023346]]), 2.186274758329779), (1.165486404654428, array([[-0.03218347],
       [-0.00486451],
       [ 0.00158115]]), 2.17760009752168), (1.1511990644734351, array([[-0.02875339],
       [ 0.00799838],
       [ 0.00147236]]), 2.1722901850908105), (1.1350060188810933, array([[-0.00555353],
       [-0.00309467],
       [ 0.00153205]]), 2.1637916813959253), (1.1208868122856392, array([[-0.02551587],
       [-0.00073684],
       [-0.00090282]]), 2.1596603841623114), (1.1045073853172231, array([[ 0.00056599],
       [-0.00233771],
       [ 0.00022127]]), 2.1515857205448885), (1.0881480386669962, array([[-0.01285746],
       [ 0.00688131],
       [ 0.00224347]]), 2.1439161502816635), (1.0716125949426654, array([[-0.02380463],
       [ 0.00082893],
       [ 0.00223357]]), 2.1362624899374607), (1.055459428811582, array([[-0.01818425],
       [ 0.00747723],
       [ 0.00103678]]), 2.129739692782035), (1.038271198176058, array([[-0.00440854],
       [-0.00278154],
       [-0.00082978]]), 2.121481995705307), (1.0220261005425983, array([[-0.01943957],
       [-0.00409965],
       [ 0.00032157]]), 2.1155044014241016), (1.0055458018285224, array([[-0.01881009],
       [-0.00432263],
       [-0.00059264]]), 2.1094137146030913), (0.9872854885405895, array([[-0.01535242],
       [-0.00081075],
       [-0.00223319]]), 2.0999076076350627), (0.9704202335755674, array([[-0.02089506],
       [-0.00610023],
       [ 0.00038107]]), 2.0936769639037287), (0.953590226324559, array([[-0.01093998],
       [ 0.00127812],
       [ 0.00159552]]), 2.0878751848060277), (0.9344286136203943, array([[-0.006675  ],
       [ 0.00355234],
       [ 0.00152444]]), 2.077247686202949), (0.9177868582827106, array([[-0.0100906 ],
       [ 0.00216512],
       [ 0.00067749]]), 2.072508314404421), (0.9000541137429836, array([[-0.01107407],
       [-0.01083164],
       [-0.00052332]]), 2.0656418471167046), (0.8816364270099452, array([[-0.02071068],
       [ 0.00223179],
       [ 0.00069345]]), 2.057476003143613), (0.8635103275621616, array([[-0.01966531],
       [ 0.00844198],
       [ 0.00281564]]), 2.0502473069992573), (0.8461938614538422, array([[-0.01130184],
       [-0.00486747],
       [ 0.00027552]]), 2.0452429107477776), (0.8277633359387297, array([[-5.48113722e-03],
       [ 5.37552910e-04],
       [ 6.33020034e-05]]), 2.0378357834133016), (0.8092168745630471, array([[-0.00133474],
       [-0.00122966],
       [-0.00114059]]), 2.030378443612798), (0.7905707968687196, array([[-0.0087095 ],
       [ 0.00068679],
       [-0.00037279]]), 2.0228938911937053), (0.772822670289199, array([[-0.00375727],
       [ 0.00428813],
       [-0.00074137]]), 2.0179691504322768), (0.7528844250622956, array([[-1.63446664e-02],
       [ 3.19989417e-03],
       [-2.76941055e-05]]), 2.007516167710328), (0.734595022719068, array([[-0.00903296],
       [ 0.00514917],
       [ 0.00328192]]), 2.001617523327244), (0.7171106005689162, array([[-0.00216608],
       [ 0.00217168],
       [-0.00053695]]), 1.9982116841274653), (0.6975847662086562, array([[-0.00987708],
       [ 0.00166275],
       [ 0.00100269]]), 1.9893403646686927), (0.6796432136929322, array([[-0.01655727],
       [-0.00521887],
       [-0.00057046]]), 1.9851815328063576), (0.6604277472698228, array([[-5.72673534e-03],
       [-2.48027782e-03],
       [ 6.72642671e-05]]), 1.9775126783650367), (0.6428743303577528, array([[-0.00485836],
       [ 0.00063309],
       [-0.00119629]]), 1.9750635304219981), (0.6232366701513503, array([[-0.01289352],
       [-0.00092261],
       [-0.00140887]]), 1.9664172859299107), (0.6039467895049567, array([[-0.01156135],
       [ 0.00446497],
       [ 0.00128777]]), 1.9589258821903324), (0.5865003287119589, array([[-0.01053924],
       [ 0.00137314],
       [-0.00027002]]), 1.9576612747579263), (0.5675788892064104, array([[-0.00994134],
       [ 0.00383676],
       [ 0.00093721]]), 1.9517562179224117), (0.5485457771069174, array([[-0.01527725],
       [-0.00232415],
       [-0.00013341]]), 1.9455922113787172), (0.5295018239656313, array([[-0.0060666 ],
       [ 0.00031841],
       [-0.00030495]]), 1.939492568495169), (0.5115317422961678, array([[-0.01481462],
       [ 0.00085413],
       [-0.00137192]]), 1.9375510474404867), (0.49261483194717354, array([[-0.00679565],
       [ 0.00359356],
       [ 0.0008479 ]]), 1.932263140928254), (0.47442951673636313, array([[-0.00728202],
       [ 0.00284664],
       [-0.0009735 ]]), 1.930064497793712), (0.4553537495358439, array([[-0.01156002],
       [-0.00358486],
       [-0.00015331]]), 1.9244370685763228), (0.4369723722308682, array([[-0.00098334],
       [-0.00584777],
       [ 0.00088212]]), 1.9219113473340557), (0.41851219204016543, array([[-0.00422927],
       [-0.00226375],
       [-0.0001232 ]]), 1.919313699600277), (0.40020113699419474, array([[-0.00359924],
       [ 0.00049   ],
       [-0.00096996]]), 1.9177030312008116), (0.3817499956618556, array([[-0.00797754],
       [-0.00306432],
       [-0.00040037]]), 1.9157431321842944), (0.36340670484738896, array([[-0.00782218],
       [ 0.00472587],
       [-0.00041907]]), 1.914662780278635), (0.34470034237184666, array([[-0.00094004],
       [-0.00254597],
       [-0.00052001]]), 1.9119622535204683), (0.3268221919759893, array([[-0.00691128],
       [-0.00439334],
       [-0.00066902]]), 1.9143193970046744), (0.30760699983955103, array([[-0.00722944],
       [-0.00097585],
       [-0.00026159]]), 1.9091691911647735), (0.2901477374040123, array([[-0.00666477],
       [-0.00069087],
       [-0.00020364]]), 1.9154678663107478), (0.2714897541176918, array([[-0.0048843 ],
       [-0.00222548],
       [ 0.00011159]]), 1.9146862379546719), (0.2532682606612411, array([[-0.00444434],
       [-0.00321218],
       [-0.00023758]]), 1.9176121391975005), (0.23541350884258097, array([[-0.00402965],
       [-0.00414016],
       [-0.00019644]]), 1.924523134174068), (0.21680976451592768, array([[-0.00327861],
       [ 0.0040664 ],
       [ 0.00025146]]), 1.9265049985864469), (0.19922225415329833, array([[-0.00390311],
       [-0.00196709],
       [-0.00025612]]), 1.939288488793763), (0.18069923948809033, array([[-4.47508321e-03],
       [ 2.40656097e-03],
       [-6.12912123e-05]]), 1.9452449112794217), (0.16274946311956417, array([[-0.0042779 ],
       [ 0.00332153],
       [-0.00013724]]), 1.9600659373717795), (0.14441812494475126, array([[-3.25322667e-03],
       [-1.55481399e-03],
       [ 7.75695330e-05]]), 1.9742307148487452), (0.12681722988674118, array([[-3.70312604e-03],
       [ 1.16063845e-03],
       [ 9.49659342e-05]]), 2.0049480784729155), (0.10836836022000627, array([[-0.00206423],
       [ 0.00151602],
       [ 0.00010171]]), 2.0317771498792863), (0.09033542283776272, array([[-1.77789130e-03],
       [-9.32100463e-04],
       [ 1.27719171e-06]]), 2.081081733442213), (0.07240487818737254, array([[-2.33817370e-03],
       [ 1.10357741e-03],
       [-6.77991556e-05]]), 2.1633951575090813), (0.054612007090852864, array([[-1.39133331e-03],
       [-1.78582444e-04],
       [ 2.16963595e-06]]), 2.321939185407753)]