[(1.4599632445469595, array([[-3.16794915e-03],
       [ 2.73913305e-03],
       [ 8.99813087e-05]]), 2.3277475927468227), (1.4604964599764183, array([[-0.02521285],
       [ 0.00079401],
       [-0.00032777]]), 2.3275059088575802), (1.4592610290368517, array([[ 1.22986602e-02],
       [-7.01048233e-03],
       [ 8.01709965e-05]]), 2.325032226582636), (1.4585891207594714, array([[-0.0233819 ],
       [-0.0062954 ],
       [-0.00023316]]), 2.324042218863889), (1.4580156835323335, array([[-0.00541589],
       [-0.00627409],
       [-0.00120696]]), 2.3237940697620343), (1.456968368942622, array([[ 8.82036338e-03],
       [-2.44298105e-05],
       [ 1.30801182e-04]]), 2.3233753583781933), (1.4546635686428497, array([[-0.04017372],
       [-0.00391151],
       [ 0.0001845 ]]), 2.321534596652756), (1.4526293728891795, array([[-0.02254946],
       [ 0.01248396],
       [ 0.00063174]]), 2.3207078156635546), (1.4493192664618952, array([[-1.33844692e-02],
       [-6.70223043e-03],
       [-9.22320072e-05]]), 2.318423054113204), (1.4451135196960418, array([[-0.0261431 ],
       [ 0.00506566],
       [ 0.00014279]]), 2.3152813902988014), (1.44164497284807, array([[ 0.00798578],
       [-0.00686722],
       [-0.0016965 ]]), 2.3138963163710473), (1.4366658408395623, array([[-4.35755728e-02],
       [ 4.76311921e-04],
       [ 2.39595290e-05]]), 2.310660043238992), (1.431201501915608, array([[-0.0173399 ],
       [ 0.00745381],
       [ 0.00026938]]), 2.307210427751341), (1.4256606274733317, array([[-0.03660352],
       [-0.00995537],
       [-0.0006295 ]]), 2.304202524060389), (1.419657445452247, array([[0.01135816],
       [0.00049081],
       [0.00016953]]), 2.3010107084136955), (1.4129906992303873, array([[ 0.00400176],
       [-0.00239169],
       [ 0.00043715]]), 2.297302127293965), (1.4052264383872113, array([[-0.04819408],
       [-0.0074091 ],
       [-0.00106735]]), 2.292359439032971), (1.3985513688467015, array([[-0.02228315],
       [-0.00152338],
       [-0.00029269]]), 2.2897445825363953), (1.3913077087584855, array([[-0.00193464],
       [ 0.00500911],
       [ 0.00175008]]), 2.2867541642272204), (1.3819782020512807, array([[-0.01197835],
       [-0.00816575],
       [-0.00034675]]), 2.280875111458554), (1.3733834488300383, array([[-0.02787155],
       [ 0.00584962],
       [ 0.00028357]]), 2.276740200244993), (1.3637209683904883, array([[-0.03280319],
       [-0.00262644],
       [-0.00069944]]), 2.2713648902981225), (1.3554522427656848, array([[-0.03470016],
       [-0.00369048],
       [-0.00259582]]), 2.2688449698854107), (1.3462088877817808, array([[ 0.01235518],
       [ 0.00537694],
       [-0.00050232]]), 2.2652333507426374), (1.333835347061361, array([[-0.01650924],
       [-0.00118483],
       [-0.00110462]]), 2.2568597118245486), (1.322856163332533, array([[-0.02312391],
       [ 0.009103  ],
       [ 0.00193675]]), 2.251335020165587), (1.3125659490468236, array([[-0.05331472],
       [-0.00127456],
       [ 0.00133987]]), 2.247494048261452), (1.301352786626025, array([[-0.03159439],
       [-0.00117749],
       [-0.0016738 ]]), 2.2425837189462894), (1.2890394788373412, array([[-0.01848404],
       [ 0.00856091],
       [-0.0002165 ]]), 2.23626852113416), (1.2760243462713403, array([[-0.01153463],
       [ 0.01266089],
       [ 0.00108818]]), 2.2292072173929127), (1.263401144579938, array([[-0.02494893],
       [ 0.00465736],
       [ 0.00193731]]), 2.2232994059486346), (1.2504851062960336, array([[-0.04369279],
       [-0.00193792],
       [-0.00047919]]), 2.217347724384945), (1.2368176000860607, array([[-0.01372376],
       [ 0.00497078],
       [ 0.00226626]]), 2.2105226217072915), (1.2234682920617956, array([[ 0.00611369],
       [ 0.00246065],
       [-0.0019043 ]]), 2.2047210137990754), (1.2091973161443348, array([[-0.01024768],
       [-0.00391152],
       [-0.00098644]]), 2.197705959407186), (1.1966611818787685, array([[-0.00862595],
       [-0.00692932],
       [-0.00083803]]), 2.19430699038463), (1.1809243186147385, array([[-0.00628262],
       [ 0.00584562],
       [ 0.00117966]]), 2.1854800851719602), (1.166049676178969, array([[-0.02341346],
       [-0.00767638],
       [ 0.00041197]]), 2.1786525165991337), (1.151602137507832, array([[-2.60815848e-02],
       [-1.00182918e-03],
       [ 2.32948611e-06]]), 2.173050776046377), (1.1356616216492508, array([[-0.02499332],
       [-0.00356558],
       [-0.00266946]]), 2.1650415318746368), (1.1203893358345116, array([[-0.0086329 ],
       [ 0.00888673],
       [ 0.00102535]]), 2.1587018750855895), (1.1045099320624923, array([[-0.01219164],
       [-0.00114171],
       [-0.00120205]]), 2.151590681616972), (1.0881102080391192, array([[-0.02056554],
       [-0.00368535],
       [ 0.00105694]]), 2.1438416147486303), (1.0719832295314782, array([[-0.02551324],
       [-0.00625816],
       [-0.00016061]]), 2.137001350952431), (1.0554156591696686, array([[-0.03442804],
       [ 0.00669325],
       [-0.00068664]]), 2.129651373002822), (1.0389315052672785, array([[-0.0259578 ],
       [ 0.00447604],
       [ 0.00219383]]), 2.1228311900276786), (1.0220482784343756, array([[-0.00832585],
       [ 0.00395543],
       [-0.00086465]]), 2.1155503077151874), (1.0042076894665255, array([[-0.03178624],
       [-0.0037288 ],
       [-0.00146617]]), 2.106606649462007), (0.9875503350023506, array([[-0.01875744],
       [ 0.00243632],
       [-0.00047079]]), 2.100470923014821), (0.9709073686103727, array([[-0.02492366],
       [ 0.00036127],
       [-0.00085861]]), 2.0947279553870004), (0.9538722301504471, array([[-0.02401015],
       [-0.00671546],
       [-0.00299422]]), 2.088492629043435), (0.9357460066316364, array([[-0.02830579],
       [ 0.0029248 ],
       [ 0.00108044]]), 2.08017626902301), (0.9171231973869053, array([[-0.02611083],
       [-0.00503204],
       [-0.00073521]]), 2.071009662825257), (0.8997603666350491, array([[-0.01756403],
       [ 0.00494522],
       [ 0.00024913]]), 2.064967691741651), (0.8823643898297733, array([[-0.01204588],
       [ 0.00962394],
       [ 0.00144353]]), 2.0591748508625716), (0.8636023463243142, array([[-0.00740492],
       [-0.00057169],
       [ 0.00127952]]), 2.050465788716586), (0.8455886669521316, array([[-0.01948693],
       [ 0.0105709 ],
       [ 0.00267105]]), 2.0437801611100994), (0.82700336894967, array([[-0.01793737],
       [-0.00163611],
       [-0.0004367 ]]), 2.0359648526082266), (0.8097677753220817, array([[-0.00864291],
       [-0.00572965],
       [-0.00093595]]), 2.0317606899065592), (0.7908350613391251, array([[-0.01217957],
       [ 0.00305406],
       [-0.00080356]]), 2.0235700848818103), (0.7716372130655433, array([[-0.01374449],
       [-0.0103358 ],
       [ 0.00125684]]), 2.014873723501285), (0.7538502140124083, array([[-0.02928228],
       [ 0.00748192],
       [-0.00082492]]), 2.0100913796119246), (0.734539747211707, array([[2.59688798e-03],
       [1.04993340e-05],
       [1.77091345e-04]]), 2.0014669091511026), (0.71632933724593, array([[-0.01532902],
       [ 0.00372216],
       [-0.00067018]]), 1.9960347124035323), (0.6979104079909785, array([[-0.01530236],
       [ 0.00996495],
       [ 0.00152234]]), 1.9902690150254334), (0.6797875591849774, array([[-0.00253764],
       [ 0.00205558],
       [ 0.00086951]]), 1.9856031540325814), (0.661041836634917, array([[-0.01533592],
       [-0.00291334],
       [-0.00101332]]), 1.979351440455429), (0.6426307676417636, array([[-0.01163047],
       [ 0.00123783],
       [ 0.00097357]]), 1.974315247569496), (0.6234588007876811, array([[-0.01042388],
       [ 0.00451759],
       [ 0.00042458]]), 1.9671181457219211), (0.6054822620682615, array([[-2.08397525e-02],
       [ 1.70557991e-03],
       [ 2.86807588e-05]]), 1.9639062496629645), (0.5853840927869327, array([[-0.01030494],
       [ 0.00421615],
       [ 0.00086719]]), 1.9539354254498513), (0.5677074435431397, array([[-0.01451494],
       [-0.00118595],
       [-0.00041551]]), 1.9521982828596811), (0.5483483061803395, array([[-0.01320032],
       [-0.00516033],
       [-0.00163216]]), 1.9448918178787433), (0.5302842584954619, array([[-0.0078609 ],
       [ 0.00217855],
       [-0.00061069]]), 1.94235851887958), (0.5121528762143676, array([[-0.00439196],
       [-0.0019995 ],
       [-0.00040806]]), 1.939903743420616), (0.4929785436552209, array([[-0.00178843],
       [ 0.00458974],
       [ 0.00146643]]), 1.9336897864163853), (0.47497140350578965, array([[-0.01315595],
       [-0.00301823],
       [ 0.00012513]]), 1.932268990513071), (0.4559388787019695, array([[-0.00956728],
       [ 0.00531118],
       [-0.00030858]]), 1.926909968510374), (0.4373031119786336, array([[-0.00629751],
       [-0.00552675],
       [-0.00152461]]), 1.9233660216215844), (0.418670293655268, array([[-0.01538119],
       [-0.00302176],
       [ 0.00019691]]), 1.9200387599487367), (0.3997664615489338, array([[-0.01094245],
       [ 0.00388884],
       [-0.00031524]]), 1.9156201325233455), (0.38135304638376294, array([[-0.00053618],
       [ 0.00205249],
       [ 0.00038283]]), 1.9137511142092503), (0.3631798873131775, array([[-0.00731895],
       [ 0.00413751],
       [ 0.00073259]]), 1.9134677580490602), (0.3448582585406053, array([[-0.00925016],
       [ 0.00016374],
       [-0.00017796]]), 1.912838173027277), (0.3263783034164945, array([[-0.00943861],
       [ 0.00349712],
       [-0.00070379]]), 1.911719376258189), (0.3078609397807478, array([[-0.00472733],
       [-0.00192971],
       [ 0.00036573]]), 1.9107452746491935), (0.29033989165290963, array([[-0.00788602],
       [-0.00061364],
       [ 0.00013727]]), 1.9167364107165425), (0.2715924512642404, array([[-0.00330167],
       [-0.00181949],
       [ 0.00052913]]), 1.915410511376381), (0.2529498487866798, array([[-0.00601702],
       [ 0.00350293],
       [ 0.00091657]]), 1.9152012943710341), (0.2346988313607278, array([[-0.00466558],
       [ 0.00063092],
       [-0.00025679]]), 1.9186805920274344), (0.21716409849851973, array([[-0.00498974],
       [ 0.00080881],
       [-0.00010056]]), 1.9296535015616552), (0.19917283455044849, array([[-0.00174132],
       [ 0.00600173],
       [ 0.00021035]]), 1.9388074237273387), (0.1803724597870127, array([[-0.00316211],
       [ 0.00024087],
       [-0.00019176]]), 1.9417270959724426), (0.16292596117132355, array([[-0.00395455],
       [ 0.00295553],
       [ 0.00017865]]), 1.962191583826366), (0.14474965084862237, array([[-4.60364608e-03],
       [ 9.14626247e-04],
       [ 7.23356106e-05]]), 1.9787627541785784), (0.12652080769910104, array([[-0.00258411],
       [ 0.00097792],
       [-0.00014795]]), 2.000261719245099), (0.10891241924813244, array([[-3.00579861e-03],
       [-3.70951998e-04],
       [-5.86828768e-05]]), 2.041977605983708), (0.0908931045703895, array([[-3.59619235e-03],
       [-1.50201652e-05],
       [-7.15167783e-05]]), 2.0939291993684903), (0.07274220991189974, array([[-0.00160593],
       [ 0.00139127],
       [ 0.00010248]]), 2.173474337774087), (0.05482092348843978, array([[-2.32751033e-03],
       [ 2.35581058e-03],
       [-1.05611689e-05]]), 2.3308216857198967)]