[(1.4600184614755605, array([[-0.01566074],
       [ 0.00547474],
       [ 0.000491  ]]), 2.32783562994441), (1.4595338935365314, array([[-0.01179879],
       [-0.00553253],
       [ 0.00073974]]), 2.325971924258575), (1.45954710332976, array([[-2.15468392e-02],
       [-1.87862066e-03],
       [-4.25868323e-05]]), 2.3254880271124754), (1.4602654881467876, array([[-0.00688506],
       [ 0.00077878],
       [ 0.00103324]]), 2.3267132579707908), (1.458356121650503, array([[-0.03521823],
       [ 0.00678341],
       [-0.00075704]]), 2.324336662059948), (1.4563459934850251, array([[-3.74825217e-02],
       [ 2.38424625e-03],
       [ 3.90703127e-05]]), 2.3223828784914207), (1.4552471562009568, array([[-0.04344501],
       [-0.00339269],
       [-0.00099053]]), 2.3224659588835337), (1.4511142349275157, array([[-0.04396457],
       [ 0.01177038],
       [ 0.00110494]]), 2.318287244680298), (1.4489131788834912, array([[-0.04879682],
       [ 0.00568045],
       [-0.00013024]]), 2.3177734506576035), (1.4448912849074087, array([[-0.01196878],
       [-0.00866644],
       [ 0.00010018]]), 2.31492533794486), (1.4396644804109524, array([[-0.01533779],
       [ 0.01862043],
       [ 0.00131597]]), 2.3107175488928147), (1.436667523228249, array([[-0.01762187],
       [-0.0083821 ],
       [-0.00021782]]), 2.3106627491071245), (1.4317554216636355, array([[-0.04124646],
       [ 0.00875678],
       [ 0.00077796]]), 2.3081033903544936), (1.4258770564772667, array([[-0.02182713],
       [ 0.00802656],
       [ 0.00199299]]), 2.304552324179392), (1.4195800424943843, array([[0.00875145],
       [0.0050409 ],
       [0.00083843]]), 2.3008852520682406), (1.4129617378842159, array([[-0.01512088],
       [-0.00054126],
       [ 0.00026632]]), 2.2972550406696826), (1.4056935867375566, array([[-0.03394396],
       [-0.00469579],
       [-0.00125563]]), 2.2931215026414327), (1.3989995457651578, array([[-0.02599671],
       [-0.00159277],
       [ 0.00036428]]), 2.2904783494139744), (1.391147232013628, array([[-2.33166605e-02],
       [ 3.24404441e-03],
       [-4.93467451e-05]]), 2.286490404555471), (1.3816570342508905, array([[-0.0125979 ],
       [ 0.00098935],
       [ 0.00042986]]), 2.280345042575105), (1.3731937213829322, array([[-0.00034778],
       [-0.00234176],
       [ 0.00053235]]), 2.276425677664803), (1.3649914117746398, array([[-0.01187103],
       [ 0.00553421],
       [-0.00062926]]), 2.273480895378897), (1.3555984824167244, array([[-0.00925313],
       [-0.00668761],
       [-0.00091919]]), 2.269089755416166), (1.3429592588862012, array([[-0.00743252],
       [ 0.00050556],
       [-0.00095404]]), 2.2597652782773503), (1.3349622992773709, array([[-0.03515355],
       [ 0.00169601],
       [ 0.00073725]]), 2.25876652368035), (1.3230226119909392, array([[-0.00198417],
       [-0.00805801],
       [-0.00024403]]), 2.2516182948738406), (1.312197730594942, array([[-0.0423835 ],
       [ 0.00532334],
       [-0.0001171 ]]), 2.24686355134839), (1.3006877539968995, array([[-0.0191888 ],
       [-0.00769822],
       [-0.00414708]]), 2.2414376873997544), (1.2883494390223542, array([[-0.01432882],
       [ 0.0100955 ],
       [ 0.00106632]]), 2.235071417133919), (1.275843663669031, array([[-0.04316559],
       [ 0.00075875],
       [-0.00189178]]), 2.228891565922545), (1.263799619244615, array([[-0.00881249],
       [-0.00344034],
       [ 0.00207815]]), 2.224000630962608), (1.249093111548554, array([[-0.00237751],
       [ 0.00098748],
       [-0.00021815]]), 2.2148794531755245), (1.2362652223082489, array([[-0.02076514],
       [ 0.0011919 ],
       [ 0.00065423]]), 2.2095353754282145), (1.2231018289735172, array([[-0.01839496],
       [-0.0126267 ],
       [ 0.0004791 ]]), 2.204060637983248), (1.210210144993956, array([[-0.00982375],
       [ 0.00699455],
       [ 0.00222042]]), 2.199546767329064), (1.1956011874015713, array([[-0.00782848],
       [ 0.00041326],
       [-0.00268902]]), 2.1923632879178787), (1.1813003237123842, array([[-0.0177137 ],
       [-0.00330491],
       [ 0.00077781]]), 2.186175939800301), (1.166082364478672, array([[-0.01358415],
       [-0.00158203],
       [ 0.00265952]]), 2.1787135915669213), (1.1503863023924956, array([[-0.01704339],
       [-0.0052004 ],
       [ 0.00121027]]), 2.1707565188937776), (1.1353136788817375, array([[-0.01860614],
       [ 0.00234966],
       [ 0.00172844]]), 2.164378208814298), (1.1196578802196537, array([[-0.03580181],
       [-0.00164842],
       [ 0.00074033]]), 2.15729254838385), (1.1046700654680197, array([[-0.01657696],
       [ 0.00274637],
       [ 0.0006343 ]]), 2.151902622264264), (1.0881329028524582, array([[-0.02002677],
       [ 0.00844472],
       [ 0.00282591]]), 2.1438863290477115), (1.0716960739975607, array([[-0.02187142],
       [ 0.00026564],
       [ 0.00087462]]), 2.1364289056501073), (1.0556167948511803, array([[-0.01528452],
       [-0.00496125],
       [ 0.00039921]]), 2.1300572309949497), (1.0386915635869058, array([[-0.02775028],
       [ 0.00811554],
       [ 0.00305714]]), 2.122340921246435), (1.02179439166862, array([[-0.01424561],
       [-0.00348314],
       [-0.00079094]]), 2.1150247843747034), (1.004168313458587, array([[-0.02111791],
       [ 0.00820049],
       [ 0.00189175]]), 2.106524047266244), (0.9875770053606814, array([[-0.01729928],
       [ 0.00248351],
       [ 0.00285496]]), 2.100527649553403), (0.970690068254754, array([[-0.0404741 ],
       [-0.01121922],
       [-0.00069252]]), 2.0942591309199643), (0.9524655731802816, array([[-0.00230151],
       [ 0.00142698],
       [ 0.00137075]]), 2.085412769266702), (0.9351270653729934, array([[-0.00953377],
       [-0.0042214 ],
       [-0.00054268]]), 2.0788003540749114), (0.9170525173291689, array([[-0.02006197],
       [ 0.00062295],
       [ 0.00098978]]), 2.0708500560429206), (0.9002798622558743, array([[-0.01836207],
       [-0.00380739],
       [-0.00100145]]), 2.0661599443822256), (0.8817501911509313, array([[-0.01035198],
       [ 0.00052482],
       [-0.00080449]]), 2.0577414946579453), (0.863461303149489, array([[-0.02549721],
       [ 0.00210087],
       [ 0.00057721]]), 2.0501309074996206), (0.8448162614135799, array([[-0.01413141],
       [-0.00344101],
       [ 0.00157245]]), 2.0419132639085165), (0.826988221460037, array([[-0.0195594 ],
       [ 0.00251993],
       [ 0.00073654]]), 2.035927561639827), (0.808250785698467, array([[-0.01692932],
       [ 0.00106541],
       [ 0.00061481]]), 2.027954463012644), (0.7904171533910402, array([[-0.02864926],
       [ 0.00142076],
       [-0.00170149]]), 2.0225007518902425), (0.7723847059079791, array([[-1.39828021e-02],
       [ 8.52404565e-03],
       [ 2.57924994e-05]]), 2.016825552237934), (0.7529518826573037, array([[-0.03061812],
       [-0.0003249 ],
       [ 0.0010749 ]]), 2.00769603889388), (0.7351750661340014, array([[-0.00738385],
       [-0.00227433],
       [ 0.00105241]]), 2.003198020101268), (0.7164156256377392, array([[-2.00483425e-02],
       [-1.74906677e-03],
       [ 1.60414307e-05]]), 1.9962751529612106), (0.6978888610678641, array([[-0.01105354],
       [-0.00734912],
       [-0.00034117]]), 1.9902075684945422), (0.6794837999933091, array([[-0.01610373],
       [ 0.000499  ],
       [-0.00032974]]), 1.984715898593888), (0.6603144548736362, array([[-0.00888019],
       [-0.00600007],
       [-0.00116328]]), 1.9771734479938905), (0.6422680201625836, array([[-0.02508017],
       [-0.00302162],
       [ 0.00097142]]), 1.9732008006503252), (0.6232303154562866, array([[-0.01484364],
       [ 0.00386926],
       [ 0.00028635]]), 1.9663972357903436), (0.6047804367029372, array([[-0.01136163],
       [-0.00675048],
       [-0.00039196]]), 1.9616298506543062), (0.5856177652030167, array([[-0.00954157],
       [ 0.00035327],
       [ 0.00110783]]), 1.954715393367263), (0.5675917628108771, array([[-0.01667785],
       [ 0.00227053],
       [-0.00140988]]), 1.9518004869007737), (0.5486750997416423, array([[-0.0093994 ],
       [-0.00108259],
       [-0.00034753]]), 1.9460508952686975), (0.5301394500881256, array([[-0.01514365],
       [ 0.00057519],
       [ 0.00024422]]), 1.9418281055416597), (0.5108622964147951, array([[-0.01106739],
       [ 0.0005099 ],
       [-0.00075783]]), 1.9350153581344112), (0.4930878296515822, array([[-1.70543717e-02],
       [-1.38679533e-03],
       [ 6.72207874e-05]]), 1.9341184566246166), (0.4738987928092059, array([[-0.01866415],
       [-0.00194156],
       [-0.00053209]]), 1.927905417521932), (0.4555750921838185, array([[-0.00801627],
       [ 0.00205287],
       [-0.00047806]]), 1.9253725171084877), (0.4370036876094813, array([[-0.00587176],
       [ 0.01039724],
       [ 0.00040518]]), 1.9220490800268466), (0.41899825432378396, array([[-0.00571036],
       [-0.00644118],
       [-0.00016613]]), 1.9215428007293511), (0.39965679286655187, array([[-0.00671828],
       [ 0.00015241],
       [-0.00011335]]), 1.9150946168633671), (0.3818545362757172, array([[-0.00993643],
       [-0.00292185],
       [ 0.00020975]]), 1.9162677502990701), (0.3634359649746671, array([[-0.00684647],
       [ 0.00115298],
       [-0.00092859]]), 1.9148169416518246), (0.34423945556150065, array([[-0.01017648],
       [ 0.00066563],
       [ 0.00037794]]), 1.9094058354488659), (0.32599807705177614, array([[-0.01185577],
       [ 0.0068883 ],
       [ 0.00074117]]), 1.909492248715741), (0.3078856344007044, array([[-0.00282219],
       [ 0.00288035],
       [-0.00068114]]), 1.9108985423174623), (0.29036149529854716, array([[-0.00937616],
       [ 0.00414108],
       [-0.00015206]]), 1.9168790314703148), (0.27159621686428326, array([[-0.00709552],
       [-0.00065543],
       [ 0.00020371]]), 1.9154370683365254), (0.25361797216046505, array([[-0.00323185],
       [-0.00023963],
       [-0.00033716]]), 1.920259968082091), (0.23473406851325024, array([[-0.00722596],
       [ 0.00189833],
       [-0.00032615]]), 1.9189686583985837), (0.2174566993850621, array([[-6.49262042e-03],
       [-8.14877120e-04],
       [-5.19562331e-05]]), 1.9322534631997912), (0.1987559053040599, array([[-0.00271219],
       [-0.00394541],
       [ 0.00030239]]), 1.9347489108287714), (0.18049752810558586, array([[-2.21110577e-03],
       [ 1.05454532e-03],
       [-1.50473515e-05]]), 1.9430734686022109), (0.16261773187478298, array([[-0.00498078],
       [ 0.00023351],
       [-0.00025537]]), 1.9584794379705894), (0.14475953058536933, array([[-2.68659110e-03],
       [-1.32706966e-03],
       [-1.46484115e-05]]), 1.9788978125706458), (0.12645554491060873, array([[-0.00381984],
       [-0.00029435],
       [ 0.00011252]]), 1.9992299311946875), (0.10835956698514566, array([[-0.00363056],
       [ 0.00203933],
       [ 0.00010808]]), 2.031612287242009), (0.09058770687611549, array([[-2.04704438e-03],
       [-3.61006270e-03],
       [-7.53701609e-05]]), 2.0868936695284357), (0.07274467295431525, array([[-2.28477430e-03],
       [-3.42693583e-03],
       [-6.86372453e-05]]), 2.173547931351866), (0.05493132502178834, array([[-2.32949365e-03],
       [-1.25496801e-03],
       [ 5.32173474e-05]]), 2.335515628683477)]