[(1.4598830925992596, array([[-0.01846918],
       [-0.0042336 ],
       [-0.00023395]]), 2.3276197994588688), (1.4595940822253082, array([[-2.42621037e-05],
       [ 5.97468803e-03],
       [-6.67961584e-04]]), 2.326067843374173), (1.4591402437957615, array([[-5.85540590e-03],
       [ 3.04467144e-03],
       [-6.77694365e-05]]), 2.3248397801508855), (1.4599025069918412, array([[ 0.00072409],
       [-0.01027105],
       [ 0.00022714]]), 2.326134902135867), (1.45827464066171, array([[-0.02363901],
       [-0.0122127 ],
       [-0.00132278]]), 2.3242067971753015), (1.4562949776812495, array([[-0.04320098],
       [ 0.00405862],
       [-0.00018086]]), 2.3223015254134083), (1.4542050437481011, array([[-5.34765418e-02],
       [-6.33510648e-03],
       [ 2.36473731e-05]]), 2.320802825108097), (1.451962661707911, array([[-0.02401845],
       [-0.00147133],
       [ 0.00083151]]), 2.319642683787498), (1.4491501334788635, array([[-0.00621727],
       [-0.01150356],
       [-0.00102012]]), 2.3181524982625046), (1.4452770508436439, array([[-0.02270557],
       [-0.00670945],
       [ 0.00043764]]), 2.315543390908177), (1.4410166380980767, array([[-0.01262533],
       [ 0.00224907],
       [ 0.00026512]]), 2.3128878146311322), (1.4365314247939627, array([[-0.01961504],
       [-0.00368567],
       [ 0.0004226 ]]), 2.3104438553288267), (1.431832986097586, array([[-0.04628523],
       [ 0.0025838 ],
       [-0.00074782]]), 2.3082284303789726), (1.4257205115005442, array([[-0.02048055],
       [ 0.00165028],
       [-0.00029526]]), 2.3042993107177434), (1.420559737395687, array([[-2.81227825e-02],
       [-3.99114415e-04],
       [-9.55177269e-05]]), 2.3024731622124075), (1.4134451912902293, array([[-0.0042658 ],
       [ 0.01201671],
       [ 0.00067672]]), 2.298041060378579), (1.4050605937102025, array([[-0.03242377],
       [ 0.00674879],
       [ 0.00078582]]), 2.2920888950121863), (1.399329066319232, array([[-4.51536019e-02],
       [-1.10310697e-03],
       [ 7.19819967e-05]]), 2.2910178490135835), (1.3903352906881927, array([[ 0.00629274],
       [-0.00018039],
       [-0.00043894]]), 2.285155897317885), (1.382547093706298, array([[-0.00619822],
       [ 0.00144328],
       [ 0.00108201]]), 2.281814034239767), (1.373087731194644, array([[-0.05020842],
       [ 0.00460356],
       [ 0.00209358]]), 2.27624997136609), (1.3636095316984904, array([[-0.01494942],
       [ 0.00354967],
       [-0.00216449]]), 2.271179285327925), (1.3550179731392178, array([[-0.03181121],
       [-0.00038338],
       [-0.00086394]]), 2.26811806086826), (1.3451941568860677, array([[-1.72617870e-02],
       [-2.95431700e-03],
       [ 2.43281096e-05]]), 2.2635258874448834), (1.3346068775651065, array([[-1.38254335e-02],
       [ 4.43661010e-03],
       [-5.47136401e-05]]), 2.2581651473973747), (1.3232664415713395, array([[-0.00560866],
       [-0.00020958],
       [-0.00056754]]), 2.252033262191168), (1.3125027934084155, array([[-1.89674435e-02],
       [-1.15375290e-04],
       [-1.19415760e-05]]), 2.2473859074693343), (1.3012812431219691, array([[-0.03493521],
       [-0.00421515],
       [-0.00099791]]), 2.2424604300894617), (1.2882068923771341, array([[-0.02366949],
       [ 0.00311295],
       [ 0.00257325]]), 2.234824122477136), (1.276481934171048, array([[-0.02754786],
       [ 0.01115967],
       [ 0.00029009]]), 2.2300066208303164), (1.2640497175676542, array([[-0.00550904],
       [ 0.00498256],
       [ 0.00041426]]), 2.224440747275172), (1.2507668404053331, array([[-0.01687409],
       [-0.00452359],
       [-0.00408561]]), 2.2178472924989445), (1.2377985201688066, array([[-0.01318654],
       [-0.00751708],
       [ 0.00146539]]), 2.2122757872774175), (1.224568584547228, array([[-0.04621952],
       [ 0.00322862],
       [ 0.00147377]]), 2.2067037688730706), (1.2094176014696911, array([[-0.0134815 ],
       [ 0.00836623],
       [ 0.00023407]]), 2.198106326134636), (1.1949817196878754, array([[-0.01158467],
       [-0.0051917 ],
       [-0.00154451]]), 2.191227375468253), (1.1807263240513255, array([[-0.02383668],
       [ 0.00171409],
       [-0.00177054]]), 2.185113666114879), (1.1656561797704077, array([[-0.03044996],
       [ 0.00310856],
       [ 0.00070642]]), 2.177917306120285), (1.150558736214333, array([[-0.01517395],
       [-0.00051064],
       [-0.00318476]]), 2.171081898152947), (1.1353501825075685, array([[-0.01680339],
       [ 0.00984342],
       [ 0.00060184]]), 2.1644477998478258), (1.120816235875291, array([[-0.04414114],
       [-0.00029998],
       [-0.001956  ]]), 2.1595244015851103), (1.103980734966264, array([[-0.02091219],
       [-0.00301288],
       [-0.00015299]]), 2.150559803117892), (1.087967438580448, array([[-0.02034395],
       [-0.00088582],
       [ 0.00190413]]), 2.1435603242097194), (1.071787860621074, array([[-0.03929722],
       [ 0.00331962],
       [-0.00124747]]), 2.1366118825223603), (1.05528004941704, array([[-0.03206104],
       [ 0.00488106],
       [ 0.00178191]]), 2.1293777353195362), (1.0388032852155829, array([[-0.0144584 ],
       [ 0.00013645],
       [ 0.00024325]]), 2.1225692001625656), (1.021748392739697, array([[-0.01711146],
       [ 0.00585152],
       [ 0.00087241]]), 2.114929570625714), (1.0053703057991554, array([[-0.01125644],
       [-0.00237553],
       [-0.00364092]]), 2.109045562570104), (0.9874928946909198, array([[-0.02157119],
       [ 0.00275299],
       [-0.00097739]]), 2.1003487503014995), (0.9707982745218595, array([[-0.02949357],
       [ 0.00294473],
       [ 0.00074288]]), 2.0944925854182843), (0.9524563589167564, array([[-0.01468629],
       [ 0.00556055],
       [ 0.0005099 ]]), 2.08539259473929), (0.9354938314619122, array([[-0.01730516],
       [-0.00262534],
       [ 0.00244333]]), 2.079615680145281), (0.9178793805526276, array([[ 0.00272486],
       [-0.00663717],
       [-0.00241565]]), 2.072717244366689), (0.8999536475573063, array([[-0.01558595],
       [-0.00512072],
       [ 0.00246036]]), 2.0654112752497618), (0.8819666856490147, array([[-0.00724295],
       [-0.00382956],
       [ 0.0009892 ]]), 2.0582467281317136), (0.8638050832940339, array([[-0.01781754],
       [-0.00163056],
       [-0.00151998]]), 2.0509471505636068), (0.8459950920822694, array([[-0.02052229],
       [-0.00111973],
       [-0.00107927]]), 2.0447624869742174), (0.8278134387154276, array([[-0.01794745],
       [-0.00764184],
       [ 0.00039904]]), 2.0379591293344963), (0.8098439925254028, array([[-0.01279446],
       [-0.00592568],
       [-0.00024592]]), 2.0319519238903276), (0.7909281893724525, array([[-1.90815675e-02],
       [ 1.59275752e-03],
       [-7.42962938e-05]]), 2.0238083786949175), (0.7720043018147847, array([[-0.01610093],
       [-0.00188399],
       [-0.00027603]]), 2.0158322535754127), (0.7547851100923122, array([[-0.01722613],
       [-0.00235396],
       [-0.00193901]]), 2.012584217732969), (0.735312684706785, array([[-0.01960748],
       [ 0.00579058],
       [ 0.00194727]]), 2.003573001878029), (0.7161836955142171, array([[-0.0285834 ],
       [-0.0040537 ],
       [-0.00228062]]), 1.9956288851716184), (0.6982430309721839, array([[-0.01737551],
       [-0.00317528],
       [-0.00054239]]), 1.9912175740461884), (0.6788076683709671, array([[-0.00812015],
       [-0.00135567],
       [-0.0001868 ]]), 1.982740974128555), (0.6606188989682831, array([[-0.01241348],
       [-0.00255933],
       [ 0.0005308 ]]), 1.9780850421228569), (0.6420747908054771, array([[-0.0206874 ],
       [-0.00042839],
       [-0.00100819]]), 1.9726071539013321), (0.6239670318039278, array([[-1.57801755e-02],
       [ 3.44832243e-03],
       [ 9.24047215e-05]]), 1.9687217006849986), (0.6045277208815166, array([[-0.0189088 ],
       [-0.00480131],
       [-0.00151102]]), 1.960810156648108), (0.5861966734512722, array([[-0.01923594],
       [-0.00461387],
       [-0.00200274]]), 1.9566477132719025), (0.5675261579713134, array([[-0.00885328],
       [ 0.00555006],
       [ 0.00020851]]), 1.951574888916107), (0.5489458155447952, array([[-0.00907308],
       [ 0.00576285],
       [ 0.00267006]]), 1.9470110750387237), (0.5302401115445274, array([[-0.00530821],
       [-0.00225131],
       [-0.00066089]]), 1.9421968146523536), (0.511278474419917, array([[-0.01595921],
       [ 0.00541293],
       [ 0.00077413]]), 1.9365917336807774), (0.49255526755970785, array([[-0.01034422],
       [ 0.00074263],
       [-0.00142941]]), 1.9320295018598628), (0.4741216670551846, array([[-0.01470647],
       [ 0.00084684],
       [-0.00044894]]), 1.9288121099903834), (0.4556445666903345, array([[-0.01058608],
       [ 0.00407308],
       [ 0.0009505 ]]), 1.925666133479928), (0.4371053368695257, array([[-1.25761095e-02],
       [-1.74772765e-03],
       [-8.17087275e-06]]), 1.922496158329143), (0.41895261643062565, array([[-0.00886783],
       [ 0.00293119],
       [-0.00012369]]), 1.92133350352075), (0.3995970620552211, array([[-0.01594979],
       [ 0.00079588],
       [ 0.00022858]]), 1.9148083958925688), (0.38239196136810094, array([[-8.24243207e-03],
       [ 1.92398694e-03],
       [-5.70087752e-05]]), 1.9189647206762739), (0.3632473715995783, array([[-0.01201233],
       [-0.00224936],
       [-0.00030826]]), 1.913823309142922), (0.3445641131463387, array([[-0.007832  ],
       [-0.00355433],
       [-0.00030914]]), 1.911206625791162), (0.3262294858358592, array([[-6.63043978e-03],
       [-3.62705514e-05],
       [-7.74827363e-05]]), 1.9108476962186451), (0.307999649612291, array([[-0.00813935],
       [ 0.00195963],
       [ 0.00079091]]), 1.9116061800805784), (0.2896902388370255, array([[-0.00812022],
       [ 0.00375106],
       [ 0.0005299 ]]), 1.9124475987333165), (0.27149251477688385, array([[-0.00577718],
       [ 0.00420036],
       [-0.00022201]]), 1.9147057075518945), (0.2532504871715334, array([[-0.00329027],
       [ 0.00198122],
       [ 0.00017405]]), 1.9174775678164266), (0.23527056229461485, array([[-0.00588786],
       [-0.00236077],
       [-0.00046569]]), 1.9233545353971173), (0.21687973060817262, array([[-0.00824339],
       [ 0.00217977],
       [ 0.00029571]]), 1.9271266957998654), (0.19868460447161798, array([[-4.03033532e-03],
       [ 9.26988745e-05],
       [ 2.43819524e-05]]), 1.9340548473859913), (0.1803038773665604, array([[-0.0065417 ],
       [-0.00075327],
       [-0.00010821]]), 1.940988799537073), (0.16255934589919943, array([[-0.00488081],
       [ 0.00057262],
       [-0.00039451]]), 1.9577762690644194), (0.14456173861553226, array([[-3.16042126e-03],
       [ 1.47194023e-03],
       [-5.57437918e-05]]), 1.9761939484805104), (0.1264803612302143, array([[-0.00433919],
       [ 0.00100851],
       [ 0.00021901]]), 1.9996222708819085), (0.10893954529192341, array([[-3.37793069e-03],
       [ 1.19241131e-04],
       [ 6.39017421e-05]]), 2.04248618686312), (0.09083806414561175, array([[-3.73379522e-03],
       [ 8.01269164e-04],
       [ 6.85059720e-05]]), 2.0926612181158695), (0.07285979479006378, array([[-0.00264059],
       [ 0.00247207],
       [ 0.00015691]]), 2.1769876722673533), (0.05467081997756865, array([[-2.53685621e-03],
       [-6.26975410e-04],
       [ 1.60429043e-05]]), 2.324439733429091)]