[(1.4603473979959491, array([[-0.06119562],
       [ 0.00477202],
       [-0.00015501]]), 2.3283600823211126), (1.4598004440758447, array([[-0.02467435],
       [ 0.00277578],
       [ 0.00051912]]), 2.326396709920343), (1.459131946302332, array([[-0.02148459],
       [-0.00707191],
       [-0.00023713]]), 2.324826559802203), (1.4595362164104404, array([[-0.03166052],
       [ 0.01179443],
       [ 0.00145345]]), 2.325551273228019), (1.459079353191603, array([[-1.11235534e-02],
       [ 3.03814210e-03],
       [-5.38934940e-05]]), 2.325489352792466), (1.4565901218619683, array([[-0.04912947],
       [ 0.00395066],
       [ 0.00046902]]), 2.3227721812843716), (1.4545663466116074, array([[-0.01831693],
       [-0.01024905],
       [-0.00074154]]), 2.3213794375397137), (1.4517193222698332, array([[-0.05258868],
       [ 0.01373781],
       [ 0.00013446]]), 2.319253926857241), (1.449317588327831, array([[-0.04358408],
       [-0.00332137],
       [ 0.00056397]]), 2.3184203696634813), (1.4457065481558928, array([[-0.03877011],
       [ 0.00147394],
       [ 0.00055841]]), 2.3162315078766227), (1.4403042870990177, array([[-0.01169733],
       [-0.00471981],
       [-0.00013132]]), 2.3117444635400313), (1.4367487532806853, array([[-0.04365016],
       [-0.00431458],
       [-0.00034082]]), 2.310793395379305), (1.4309628445800966, array([[-0.03735135],
       [-0.00730048],
       [ 0.00053825]]), 2.3068256931822297), (1.425143222952769, array([[-0.03588043],
       [ 0.00732234],
       [ 0.00040601]]), 2.3033662767941987), (1.419414798986728, array([[-0.03874408],
       [ 0.00425833],
       [ 0.00143462]]), 2.3006174219083446), (1.4134510632923332, array([[-0.03454621],
       [-0.00826112],
       [-0.00058115]]), 2.298050607336625), (1.40654241907581, array([[-0.02051249],
       [ 0.00016977],
       [ 0.00102318]]), 2.29450621101981), (1.4005656934452535, array([[-0.03731254],
       [ 0.00050804],
       [-0.0009398 ]]), 2.2930424870251005), (1.390795040296869, array([[-0.03633088],
       [ 0.00802806],
       [ 0.00133218]]), 2.2859115420437237), (1.382702992299453, array([[-4.60398266e-02],
       [-1.03638427e-02],
       [ 4.52204561e-05]]), 2.2820713358531433), (1.373724622827815, array([[-4.39423784e-02],
       [ 7.11379125e-03],
       [-6.91022413e-05]]), 2.27730578486499), (1.363948983507601, array([[-0.01363655],
       [-0.00170314],
       [ 0.00134606]]), 2.2717446641253725), (1.3555361220103386, array([[-0.04433829],
       [ 0.00215765],
       [-0.00109841]]), 2.2689853724730535), (1.3448525893600594, array([[-0.03802839],
       [ 0.00099216],
       [-0.00182816]]), 2.2629511399755513), (1.3343614892904174, array([[-0.02907636],
       [ 0.00939379],
       [-0.00037881]]), 2.2577499485408437), (1.323409924429148, array([[-0.03618831],
       [ 0.01323269],
       [ 0.00194499]]), 2.2522774519916395), (1.3122080824833322, array([[-0.02109939],
       [-0.00727791],
       [-0.00158287]]), 2.2468812767873), (1.300954533390176, array([[-0.02795805],
       [ 0.00947363],
       [ 0.00130767]]), 2.241897420632787), (1.288368987183251, array([[-0.02993503],
       [ 0.00268525],
       [-0.00133233]]), 2.2351053299330053), (1.2758095137562286, array([[-0.0291601 ],
       [-0.00570005],
       [-0.0032056 ]]), 2.228831906220664), (1.2633280705036103, array([[-0.03608178],
       [-0.00360769],
       [-0.00254792]]), 2.223170812151497), (1.2506186207694283, array([[-0.02365097],
       [-0.00607488],
       [ 0.00217177]]), 2.2175844709181614), (1.2377308111228809, array([[-0.03040983],
       [-0.00894777],
       [-0.0014774 ]]), 2.212154773170161), (1.2241720134731853, array([[-0.02377515],
       [ 0.00652189],
       [ 0.00123   ]]), 2.2059891377002976), (1.2098035302553654, array([[-0.02268975],
       [-0.00794147],
       [-0.00113885]]), 2.1988077484590645), (1.1955069183509097, array([[-0.02751646],
       [-0.00305697],
       [-0.00226219]]), 2.192190427596197), (1.1814243415042354, array([[-0.01034043],
       [-0.00764056],
       [-0.00333765]]), 2.186405453588802), (1.1654967490982346, array([[-0.01181283],
       [ 0.0017741 ],
       [-0.00207703]]), 2.1776194251275207), (1.150499521873815, array([[-0.01655969],
       [ 0.00708538],
       [ 0.00134454]]), 2.1709701618471304), (1.1355135798462248, array([[ 0.00244858],
       [-0.00278388],
       [-0.00132972]]), 2.1647593028674263), (1.1199385541746427, array([[-0.02457505],
       [ 0.00188418],
       [-0.00232348]]), 2.1578333348529313), (1.1030599181675982, array([[-0.01980365],
       [ 0.0009298 ],
       [ 0.00244834]]), 2.148766047547232), (1.087653467359436, array([[-0.03157178],
       [ 0.00716082],
       [ 0.00270139]]), 2.1429417245821574), (1.072100953840902, array([[-0.02840989],
       [-0.00936422],
       [-0.0014877 ]]), 2.137236034668881), (1.0556527926918777, array([[-0.02095109],
       [-0.00414347],
       [-0.00030779]]), 2.1301298685858367), (1.0390696909534594, array([[-0.01919815],
       [-0.00395084],
       [ 0.00136576]]), 2.123113542505347), (1.0218359584530987, array([[-0.01429333],
       [ 0.0043488 ],
       [ 0.00274861]]), 2.11511082397337), (1.004731747134366, array([[-0.01171699],
       [-0.00163963],
       [-0.00051483]]), 2.107706007074336), (0.9877880485083278, array([[-0.01823629],
       [ 0.00309445],
       [-0.00119479]]), 2.100976527933999), (0.9705723343165911, array([[-0.03212398],
       [ 0.00021851],
       [ 0.00074236]]), 2.094005120517385), (0.9533780708569735, array([[-0.01989682],
       [ 0.00357698],
       [-0.00056442]]), 2.0874106727715454), (0.9353551451815224, array([[-0.02751108],
       [ 0.00091906],
       [ 0.00068638]]), 2.0793073786326257), (0.9180026006825844, array([[-0.02280172],
       [-0.00591289],
       [-0.00031933]]), 2.0729954949665235), (0.8992757286873794, array([[-0.030949  ],
       [ 0.00138043],
       [ 0.00054337]]), 2.06385543814476), (0.8809890275098905, array([[-0.0246211 ],
       [ 0.00567417],
       [ 0.00099341]]), 2.0559651661420983), (0.8633676728863011, array([[-0.02826784],
       [ 0.00234586],
       [-0.00116383]]), 2.0499085995678827), (0.8453956582184424, array([[-0.03526646],
       [-0.00020641],
       [-0.00177366]]), 2.0433136607462092), (0.827053972015667, array([[-0.0230349 ],
       [ 0.006183  ],
       [-0.00088601]]), 2.0360894301706316), (0.8094613440286708, array([[-0.02505524],
       [ 0.0019201 ],
       [-0.00034077]]), 2.0309918336059214), (0.7906328114509993, array([[-0.01774875],
       [ 0.00551215],
       [-0.00065285]]), 2.0230525726427997), (0.7718261564343034, array([[-3.60194392e-02],
       [-1.26802922e-03],
       [-7.73546444e-05]]), 2.0153670862143556), (0.7537903411538894, array([[-0.031629  ],
       [-0.00462222],
       [-0.00088484]]), 2.0099317326229813), (0.7352366968470041, array([[-0.01435562],
       [ 0.00803457],
       [ 0.0017584 ]]), 2.00336595088123), (0.7165617105136765, array([[-0.03117911],
       [ 0.00055702],
       [-0.00149952]]), 1.996682215003998), (0.6981792777382415, array([[-1.65687321e-02],
       [ 2.37515413e-03],
       [ 7.62203495e-05]]), 1.9910357654864215), (0.6798403027501937, array([[-0.02502204],
       [-0.00325473],
       [-0.00193151]]), 1.9857572136178643), (0.6609796328667409, array([[-0.02407131],
       [ 0.00066434],
       [-0.00076971]]), 1.9791651842893023), (0.6422228152185304, array([[-0.00953257],
       [-0.00027707],
       [ 0.00015543]]), 1.9730619202623894), (0.6238251505682634, array([[-0.02391267],
       [-0.00029145],
       [-0.00058871]]), 1.9682740413483109), (0.6051361082111807, array([[-0.0212805 ],
       [ 0.00181602],
       [ 0.00040398]]), 1.962783485602224), (0.5866667051375383, array([[-1.71213209e-02],
       [ 2.48263651e-03],
       [-1.91931779e-05]]), 1.9582166174737687), (0.5675524981026454, array([[-0.01843707],
       [ 0.00311887],
       [ 0.00016545]]), 1.9516654657787875), (0.549191422087464, array([[-0.00964779],
       [-0.00297654],
       [-0.00064767]]), 1.9478821968236733), (0.5307413229958233, array([[-1.34163297e-02],
       [ 8.98914751e-05],
       [-1.32261873e-03]]), 1.944032683465331), (0.5117495083097711, array([[-0.02016657],
       [ 0.00172804],
       [-0.00064171]]), 1.9383758892496379), (0.49262824382729026, array([[-0.01436885],
       [-0.00342705],
       [-0.00127132]]), 1.932315748523315), (0.47444417161876923, array([[-0.01228727],
       [ 0.00727083],
       [ 0.0011345 ]]), 1.9301241164878564), (0.4558340805947638, array([[-0.01452994],
       [ 0.0001433 ],
       [-0.00076006]]), 1.9264670659045895), (0.4374594325514185, array([[-1.52516721e-02],
       [ 2.37547757e-03],
       [-9.22076736e-05]]), 1.9240535577262663), (0.41847594763544577, array([[-0.01188278],
       [-0.00152299],
       [-0.00166865]]), 1.9191474813064366), (0.4003528826816782, array([[-1.17442588e-02],
       [ 1.21646178e-03],
       [ 1.08037325e-05]]), 1.9184301734749296), (0.38203765327976413, array([[-0.01273461],
       [-0.00148654],
       [-0.0004022 ]]), 1.9171866897800802), (0.36249805678493524, array([[-0.01281667],
       [ 0.0015061 ],
       [-0.00048129]]), 1.9098754315524107), (0.3451638232890377, array([[-1.08290227e-02],
       [-9.16662246e-05],
       [ 2.38602812e-04]]), 1.9145330604213224), (0.32643921231655615, array([[-0.00744256],
       [-0.00022682],
       [ 0.00023044]]), 1.912076142388828), (0.30874081317626034, array([[-0.0073249 ],
       [ 0.00191359],
       [ 0.00016062]]), 1.9162062270323132), (0.28979339054564485, array([[-0.00814005],
       [ 0.00066217],
       [-0.00015832]]), 1.9131285752075196), (0.27142447616501186, array([[-3.71266329e-03],
       [ 3.45614601e-05],
       [-4.32349631e-04]]), 1.9142258640520018), (0.2533194314925614, array([[-0.00894496],
       [ 0.0022001 ],
       [ 0.00016905]]), 1.9179995774302128), (0.23507793673658528, array([[-9.39143609e-03],
       [ 1.55291123e-03],
       [ 6.13286976e-05]]), 1.9217798069778194), (0.2170369646826669, array([[-0.007055  ],
       [ 0.00460414],
       [ 0.00018424]]), 1.928523829508938), (0.19867719605399037, array([[-5.68845037e-03],
       [-2.74354891e-03],
       [-3.54807131e-05]]), 1.9339827316523024), (0.18087146102165652, array([[-5.81941281e-03],
       [ 1.73841913e-03],
       [ 2.25338005e-05]]), 1.9470988928608133), (0.16275119857192438, array([[-6.73762367e-03],
       [ 1.73961374e-03],
       [ 8.85627395e-06]]), 1.9600868382152719), (0.14473231215312787, array([[-5.07828232e-03],
       [-1.79000075e-03],
       [ 1.15378678e-05]]), 1.9785257300154842), (0.12647130648346708, array([[-0.00554873],
       [-0.00011141],
       [-0.00023876]]), 1.9994791176439126), (0.1086731416250697, array([[-3.73351784e-03],
       [-2.48300440e-03],
       [-2.72671672e-05]]), 2.0374914367177954), (0.0901898073608824, array([[-3.44363094e-03],
       [ 3.24461009e-04],
       [-4.32568684e-05]]), 2.0777271500515275), (0.07258824643899094, array([[-4.01513222e-03],
       [ 7.17313087e-05],
       [-5.47115179e-05]]), 2.168874042323521), (0.05455358300059056, array([[-3.05177447e-03],
       [-1.58229692e-03],
       [ 3.31088563e-05]]), 2.3194551678486444)]