[(1.4596072580359654, array([[-0.02542274],
       [-0.01065722],
       [-0.00024087]]), 2.3271800121949755), (1.4608707261299507, array([[-0.05343978],
       [-0.00879959],
       [-0.0005162 ]]), 2.328102354455159), (1.459649950029829, array([[-0.03551655],
       [ 0.00286512],
       [-0.00059017]]), 2.32565189216972), (1.459477347695818, array([[-0.01535111],
       [ 0.00519037],
       [ 0.00048792]]), 2.325457474792116), (1.4591580358571246, array([[-7.67111315e-02],
       [ 1.41251127e-05],
       [ 3.67572637e-04]]), 2.3256147576928363), (1.4573200059538614, array([[-0.06663036],
       [ 0.00422336],
       [ 0.00056892]]), 2.3239361013458666), (1.4539525407933762, array([[-0.04465731],
       [ 0.00612692],
       [ 0.00101212]]), 2.3203998492188345), (1.4522260702525709, array([[-0.05362158],
       [-0.00226406],
       [-0.00052886]]), 2.320063502944617), (1.447892672573419, array([[-0.03202898],
       [-0.00929564],
       [ 0.00017346]]), 2.316140984015581), (1.4449127553194796, array([[-0.01646588],
       [-0.00231941],
       [-0.00053139]]), 2.3149597366580634), (1.4409961953324688, array([[-6.66746684e-02],
       [-4.48190178e-03],
       [ 2.19215640e-05]]), 2.3128550031963284), (1.437186264596717, array([[-0.04196659],
       [ 0.0035158 ],
       [ 0.00015054]]), 2.3114970662592564), (1.431173762007755, array([[-0.04511983],
       [ 0.00870096],
       [-0.0002151 ]]), 2.3071657088179296), (1.426216408572729, array([[-0.03410731],
       [ 0.00281087],
       [ 0.00108179]]), 2.305100796894315), (1.4196966409043537, array([[-0.03457588],
       [ 0.00260884],
       [ 0.00096723]]), 2.301074237228557), (1.4128174454371576, array([[-0.04906189],
       [-0.00695808],
       [-0.00097602]]), 2.2970204436933823), (1.4056593682398637, array([[-0.04505524],
       [ 0.00578023],
       [ 0.00040498]]), 2.2930656816761896), (1.3987841024765713, array([[-0.09682307],
       [ 0.00301558],
       [ 0.00021805]]), 2.2901256200728337), (1.3898789907979912, array([[-0.06725015],
       [-0.00140202],
       [ 0.0005826 ]]), 2.28440592255135), (1.383367170270083, array([[-0.05730969],
       [ 0.00887722],
       [ 0.00057992]]), 2.283167523188472), (1.3730548571321404, array([[-0.03358481],
       [ 0.00710193],
       [ 0.00049858]]), 2.2761954740589387), (1.3645661089536913, array([[-0.01811678],
       [ 0.00929265],
       [ 0.00130054]]), 2.272772526205409), (1.3545932459338261, array([[-0.04227823],
       [ 0.00162189],
       [ 0.00129809]]), 2.2674071245821095), (1.3445554902831505, array([[-0.03241282],
       [-0.00059954],
       [ 0.0012792 ]]), 2.262451218497096), (1.3341557713995285, array([[-0.01494527],
       [ 0.01133473],
       [ 0.0013596 ]]), 2.257401872280178), (1.3243862932233765, array([[-0.05437549],
       [ 0.00104895],
       [ 0.00175964]]), 2.2539391090334044), (1.3122087260811064, array([[-0.0634053 ],
       [ 0.00374071],
       [-0.00217777]]), 2.2468823788135777), (1.3001427060186848, array([[-0.04106073],
       [ 0.00275792],
       [-0.00056473]]), 2.2404984219411093), (1.2892222242414442, array([[-0.0309983 ],
       [ 0.00394549],
       [ 0.00064969]]), 2.23658555393361), (1.275797067810361, array([[-0.05395574],
       [-0.00042182],
       [ 0.0022362 ]]), 2.2288101632245865), (1.263743130223423, array([[-0.03949247],
       [-0.0038325 ],
       [-0.00221016]]), 2.223901223100111), (1.250618469063326, array([[-0.03513295],
       [ 0.00568287],
       [ 0.00176839]]), 2.217584201914413), (1.236493118703277, array([[-0.03477963],
       [ 0.00220208],
       [ 0.00256062]]), 2.209942687012866), (1.2232095936117926, array([[-0.02235545],
       [ 0.00622502],
       [ 0.00086942]]), 2.2042548326052844), (1.2083010583977245, array([[-0.04506172],
       [-0.01526375],
       [-0.00363611]]), 2.19607701848531), (1.1947115758596658, array([[-0.03160872],
       [ 0.00680565],
       [ 0.00186552]]), 2.1907320151276433), (1.1811385648215822, array([[-0.04993709],
       [-0.00920133],
       [ 0.00030452]]), 2.185876580367292), (1.1655470057510924, array([[-0.03732191],
       [ 0.00183198],
       [-0.00231185]]), 2.1777133248862195), (1.1508151229465042, array([[-0.04235663],
       [ 0.00841981],
       [ 0.00025265]]), 2.1715656949167483), (1.136107429695963, array([[-0.04437616],
       [ 0.00403479],
       [ 0.00016535]]), 2.1658914267006804), (1.120061561918634, array([[-0.03981507],
       [-0.00383404],
       [ 0.00088899]]), 2.1580703391148526), (1.1042325264922415, array([[-0.01663196],
       [-0.00352376],
       [-0.00078068]]), 2.1510502942264615), (1.0881022228868622, array([[-0.06048103],
       [ 0.00106414],
       [ 0.00078526]]), 2.1438258820576017), (1.0711801877086828, array([[-0.04160129],
       [ 0.00411821],
       [ 0.00020099]]), 2.135400484993982), (1.0547768868314114, array([[-0.00048429],
       [ 0.00044067],
       [ 0.00086258]]), 2.1283624378090082), (1.0386314312106304, array([[-0.03296476],
       [ 0.00268924],
       [ 0.00396015]]), 2.12221805377804), (1.0219826671515295, array([[-0.05265268],
       [-0.00109082],
       [ 0.00113201]]), 2.115414498113485), (1.0055948474175673, array([[-0.0316188 ],
       [-0.00272274],
       [ 0.00037785]]), 2.1095166014511935), (0.9873944771443983, array([[-0.0360428 ],
       [ 0.01485727],
       [ 0.0017194 ]]), 2.100139421027379), (0.9698002582422877, array([[-0.03117425],
       [ 0.01045644],
       [ 0.00202753]]), 2.0923393701185153), (0.9524328461677505, array([[-0.02595441],
       [-0.00092136],
       [ 0.00186607]]), 2.0853411138370945), (0.9346264111880896, array([[-0.02555177],
       [ 0.00049523],
       [ 0.00433473]]), 2.0776873929219453), (0.9173323199924022, array([[-0.03193798],
       [ 0.00394347],
       [-0.0001223 ]]), 2.071481894841559), (0.9000012514467373, array([[-0.02146152],
       [-0.00254809],
       [-0.00042025]]), 2.0655205271098365), (0.8812377777974911, array([[-0.03839926],
       [-0.00268376],
       [-0.00105372]]), 2.056545674991136), (0.8641488229693368, array([[-0.03587022],
       [ 0.00118331],
       [-0.00153052]]), 2.0517632975407807), (0.8461893067312116, array([[-0.02835164],
       [ 0.00566693],
       [-0.00094065]]), 2.045231902024369), (0.8278554568219824, array([[-0.02952935],
       [ 0.00089318],
       [ 0.00089276]]), 2.0380625719458942), (0.8089063377248153, array([[-0.02106109],
       [ 0.01391702],
       [ 0.00167171]]), 2.0295992862297614), (0.7903947685320993, array([[-0.03656311],
       [-0.00126672],
       [ 0.00250867]]), 2.0224434740416473), (0.7723821271448885, array([[-0.03860478],
       [ 0.00014282],
       [ 0.00130836]]), 2.0168188186565277), (0.7536018554888785, array([[-0.03616474],
       [-0.00204645],
       [-0.00035978]]), 2.009429148152782), (0.7347190963649429, array([[-0.02328854],
       [ 0.00100998],
       [-0.0004712 ]]), 2.0019555980161345), (0.7173310868594445, array([[-3.81009254e-02],
       [-2.50963050e-03],
       [-2.40217745e-05]]), 1.9988260639477808), (0.6981812803809105, array([[-0.03630623],
       [-0.00445511],
       [-0.00037729]]), 1.9910414765312874), (0.6795184978362732, array([[-0.03656857],
       [-0.00459469],
       [-0.00061941]]), 1.984817248119187), (0.660250545218959, array([[-0.02975611],
       [-0.00525137],
       [-0.00117443]]), 1.9769820839076353), (0.6428087906925726, array([[-0.02231076],
       [ 0.00188509],
       [-0.00031857]]), 1.9748621769126404), (0.6238279626930813, array([[-0.02148127],
       [ 0.00964024],
       [ 0.00097667]]), 1.9682829140785545), (0.6056522485409485, array([[-0.01934684],
       [-0.00070927],
       [-0.00023747]]), 1.964457607674556), (0.5858048086791705, array([[-0.02507954],
       [ 0.00324159],
       [ 0.00086196]]), 1.9553397199908584), (0.5673852022896921, array([[-0.02445066],
       [-0.00323158],
       [-0.00053499]]), 1.9510901789783563), (0.5485467894240934, array([[-0.02110683],
       [-0.00182608],
       [ 0.00037301]]), 1.9455958018838224), (0.5308459688067371, array([[-0.02207441],
       [ 0.00931702],
       [ 0.00135906]]), 1.9444159867202122), (0.5112643009292991, array([[-0.01920303],
       [ 0.00347618],
       [ 0.00017798]]), 1.9365380481333867), (0.4929036612073398, array([[-0.0170929 ],
       [ 0.00546239],
       [-0.00058445]]), 1.933396062832442), (0.47427452373937173, array([[-0.02021092],
       [ 0.00199811],
       [ 0.00042864]]), 1.9294339584399267), (0.4557924891347108, array([[-0.01636707],
       [-0.00014049],
       [-0.00131691]]), 1.926291290153223), (0.4365753681286464, array([[-0.01228796],
       [-0.004891  ],
       [ 0.00109419]]), 1.9201652262117914), (0.4189647451306918, array([[-0.01731155],
       [ 0.00375688],
       [ 0.00048497]]), 1.9213891262257465), (0.40055045143007356, array([[-0.02272645],
       [ 0.00127836],
       [ 0.00056818]]), 1.9193768928933552), (0.38190648592348303, array([[-0.01632902],
       [-0.00542882],
       [-0.00117622]]), 1.9165284501865822), (0.3632682541927464, array([[-0.01937237],
       [-0.00239528],
       [ 0.00018151]]), 1.9139333322199905), (0.3451201262259232, array([[-0.01343014],
       [ 0.0016763 ],
       [ 0.00110221]]), 1.914290684290537), (0.3261805731311942, array([[-0.01737534],
       [-0.00367704],
       [-0.00025502]]), 1.9105611962758655), (0.3078091054295595, array([[-0.01532339],
       [ 0.0001833 ],
       [ 0.00017376]]), 1.9104235636790783), (0.290181654008138, array([[-0.01319022],
       [-0.00313004],
       [-0.00030955]]), 1.915691773503402), (0.27148387777417127, array([[-0.01375219],
       [-0.00176529],
       [ 0.00011658]]), 1.9146447949392449), (0.2531512614172004, array([[-1.30826146e-02],
       [ 9.79092622e-04],
       [-1.95642013e-06]]), 1.916726283346224), (0.2352904073359646, array([[-0.01354746],
       [-0.00114804],
       [-0.00026606]]), 1.923516770102186), (0.21691586575754165, array([[-1.07683691e-02],
       [-3.66152945e-03],
       [-6.27472649e-05]]), 1.9274477816422835), (0.1984577347766096, array([[-0.01059187],
       [-0.00214611],
       [ 0.00014139]]), 1.9318464305107996), (0.1809709577566949, array([[-0.01153902],
       [ 0.00147445],
       [-0.00031092]]), 1.9481699849034284), (0.16274505348864793, array([[-0.00815539],
       [-0.00115671],
       [-0.0001309 ]]), 1.9600128301775088), (0.14455070818177013, array([[-7.90942589e-03],
       [-7.32271610e-07],
       [ 9.84635120e-05]]), 1.9760431597817956), (0.12622888638980123, array([[-0.00697861],
       [-0.00070984],
       [ 0.00016951]]), 1.995646517756558), (0.10831467151838967, array([[-5.97607095e-03],
       [-1.89283854e-03],
       [ 3.82308484e-05]]), 2.0307705509335254), (0.09075061031489198, array([[-5.66442998e-03],
       [-6.42983984e-04],
       [-1.21741787e-05]]), 2.090646520404681), (0.07265803538913705, array([[-4.83001857e-03],
       [-3.30928820e-03],
       [-1.06958405e-06]]), 2.170959275812942), (0.054684786609958035, array([[-4.10074468e-03],
       [-1.88106754e-03],
       [ 2.39919093e-05]]), 2.3250335528611283)]