[(1.4596245282517504, array([[-0.06078311],
       [ 0.00390188],
       [ 0.00010036]]), 2.3272075476164114), (1.4601643041085566, array([[-0.03125506],
       [-0.00753203],
       [-0.00059542]]), 2.3269765719051834), (1.4596337750666941, array([[-0.04337424],
       [ 0.00633587],
       [-0.0006764 ]]), 2.325626120693744), (1.4593877236744763, array([[-0.03892293],
       [-0.00380873],
       [-0.00024146]]), 2.325314672404207), (1.4575379847689502, array([[-0.05643466],
       [ 0.00302601],
       [-0.00048412]]), 2.3230327106312503), (1.4568902000771606, array([[-4.21556644e-02],
       [-2.73353945e-04],
       [ 9.58374522e-05]]), 2.323250705283674), (1.45487757560729, array([[-0.0720853 ],
       [ 0.01249396],
       [ 0.00113204]]), 2.3218761358117637), (1.4521074780366547, array([[-0.03405812],
       [ 0.00821518],
       [-0.00037924]]), 2.31987404107121), (1.4477128144821867, array([[-0.04726789],
       [ 0.00564382],
       [ 0.00041222]]), 2.3158532716013256), (1.4441000739350944, array([[-0.04491126],
       [-0.00555433],
       [-0.00054192]]), 2.313657703246941), (1.4414931845852093, array([[-0.04790483],
       [ 0.00437873],
       [ 0.00072351]]), 2.313652690298806), (1.4373897822676882, array([[-3.60908820e-02],
       [-4.32570810e-03],
       [ 2.74353804e-05]]), 2.311824393698274), (1.430738141434833, array([[-5.40408211e-02],
       [-1.09931783e-03],
       [ 9.70854865e-05]]), 2.3064634538754607), (1.4255612064897087, array([[-0.05138543],
       [-0.00746419],
       [-0.00116106]]), 2.3040418363925155), (1.4198384051431798, array([[-0.06710788],
       [-0.0025094 ],
       [-0.00018941]]), 2.301304011694682), (1.4128675073773311, array([[-0.0614128 ],
       [ 0.00195857],
       [ 0.00118495]]), 2.2971018365869944), (1.4060493180332367, array([[-0.01631156],
       [-0.00068706],
       [ 0.00066578]]), 2.2937018105342637), (1.3979616668492107, array([[-0.04833673],
       [ 0.0103637 ],
       [ 0.00140885]]), 2.2887791071279526), (1.39065109178184, array([[-0.05735797],
       [ 0.01079821],
       [-0.0008316 ]]), 2.2856749481801923), (1.3829131393566971, array([[-1.98523426e-02],
       [ 1.12597329e-03],
       [-3.82046548e-05]]), 2.282418171419654), (1.373211795749998, array([[-0.08708659],
       [ 0.00087023],
       [ 0.00038082]]), 2.2764556406282623), (1.3646761621503904, array([[-0.02046207],
       [-0.00190351],
       [-0.00084769]]), 2.2729558268752976), (1.3547595130182801, array([[-0.04513229],
       [ 0.00029796],
       [-0.00039345]]), 2.2676854333460175), (1.3443961472825314, array([[-7.85037083e-02],
       [ 6.34106926e-03],
       [ 8.47923734e-05]]), 2.262183095858414), (1.3334463120673117, array([[-0.05067933],
       [-0.00259596],
       [-0.000701  ]]), 2.2562014616091117), (1.3229993962125213, array([[-0.02067698],
       [ 0.00409657],
       [-0.00158946]]), 2.25157878453521), (1.312115131829448, array([[-0.0439661 ],
       [ 0.0023017 ],
       [-0.00017199]]), 2.2467221182767974), (1.3015921294562798, array([[-0.05477358],
       [ 0.00454971],
       [-0.00014354]]), 2.2429961715416904), (1.2883990267998626, array([[-4.76275075e-02],
       [-8.31773100e-04],
       [ 8.36968115e-05]]), 2.2351574436580837), (1.2760325171649474, array([[-0.04258591],
       [ 0.0015033 ],
       [ 0.00175955]]), 2.2292214918972), (1.2632436847834143, array([[-0.03662848],
       [-0.00463459],
       [-0.00121797]]), 2.223022312427251), (1.250188375616874, array([[-0.05820179],
       [ 0.00050876],
       [-0.00022465]]), 2.2168215645027702), (1.237302953832043, array([[-0.00681296],
       [-0.00055283],
       [-0.00063845]]), 2.2113900781818354), (1.2229716220247138, array([[-3.34564223e-02],
       [-7.40464713e-03],
       [-4.98725770e-05]]), 2.203826001746223), (1.2094303754185338, array([[-0.08831927],
       [ 0.00489195],
       [-0.00087646]]), 2.198129542679299), (1.1958895070472468, array([[-0.04367298],
       [ 0.00396724],
       [ 0.000604  ]]), 2.1928919770936885), (1.1810300935204092, array([[-0.08954548],
       [ 0.00097651],
       [-0.00095793]]), 2.1856758377246095), (1.1653894061040706, array([[-0.06557363],
       [-0.01064095],
       [-0.00195967]]), 2.1774188649891735), (1.1503823595335514, array([[-0.04553284],
       [-0.00771681],
       [-0.00017961]]), 2.1707490787958394), (1.1353241237616105, array([[-0.06162334],
       [ 0.0034622 ],
       [ 0.00086485]]), 2.164398121082433), (1.1202110033304935, array([[-0.03389685],
       [-0.00549097],
       [-0.00176287]]), 2.1583582742510408), (1.1040857521918652, array([[-0.07188903],
       [ 0.0096406 ],
       [-0.00018605]]), 2.150764377180518), (1.087205275689878, array([[-0.00842592],
       [ 0.00026642],
       [ 0.00104302]]), 2.14205867804378), (1.0720115416404108, array([[-0.0509732 ],
       [-0.00329726],
       [-0.00111018]]), 2.137057791215087), (1.0549076647679745, array([[-0.03808974],
       [ 0.00378557],
       [ 0.00035075]]), 2.1286263256997553), (1.038667646903746, array([[-0.03979921],
       [-0.00240377],
       [-0.0024999 ]]), 2.122292052691851), (1.02195298386077, array([[-0.05526949],
       [-0.00146437],
       [-0.00121709]]), 2.1153530563046923), (1.004709472721665, array([[-0.04275451],
       [-0.00057956],
       [-0.00105501]]), 2.1076592802603504), (0.9881951996390951, array([[-0.04139248],
       [ 0.00259862],
       [ 0.00233617]]), 2.1018425183358427), (0.9701371847783539, array([[-0.02271346],
       [ 0.00437712],
       [-0.00160917]]), 2.093066287491714), (0.9529925837694385, array([[-0.0202674 ],
       [ 0.00172524],
       [-0.00090307]]), 2.0865666530847773), (0.9346115922326633, array([[-0.05732829],
       [-0.00369568],
       [ 0.0011427 ]]), 2.0776544501798004), (0.9179265830336057, array([[-0.05139545],
       [ 0.00219136],
       [ 0.00021101]]), 2.0728238350564605), (0.9000106437231885, array([[-0.0467087 ],
       [-0.00248838],
       [ 0.00052706]]), 2.0655420825685376), (0.8819945455683814, array([[-0.03461031],
       [-0.00474536],
       [-0.0005752 ]]), 2.0583117448594606), (0.8639093686961989, array([[-0.02063796],
       [ 0.00501653],
       [ 0.00168652]]), 2.0511947571736537), (0.8452365925150401, array([[-0.03036866],
       [ 0.00409812],
       [ 0.00012636]]), 2.0429292003795645), (0.8272571057057516, array([[-0.04260329],
       [ 0.0019249 ],
       [ 0.00075224]]), 2.0365895164688506), (0.8091716435002336, array([[-0.01673041],
       [ 0.00668449],
       [ 0.00269559]]), 2.0302649558967047), (0.7911712696458201, array([[-0.02797606],
       [-0.0018664 ],
       [-0.00013288]]), 2.0244303667597596), (0.7720776677010519, array([[-0.02073304],
       [-0.00240152],
       [ 0.00105405]]), 2.01602382416576), (0.7544960172622842, array([[-0.02520801],
       [ 0.00119343],
       [-0.00086414]]), 2.0118133709589743), (0.7344178871232465, array([[-0.01780937],
       [ 0.00086688],
       [ 0.00175637]]), 2.001134865942378), (0.7163189683822643, array([[-0.02561361],
       [-0.00841386],
       [-0.00116989]]), 1.9960058198107975), (0.6984604388985739, array([[-2.74977168e-02],
       [ 3.45192600e-03],
       [-2.16797158e-05]]), 1.9918375680376241), (0.6791712467275108, array([[-0.03455385],
       [ 0.00268204],
       [ 0.00283876]]), 1.9838029563930684), (0.6604809942052854, array([[-0.02017144],
       [-0.01115519],
       [-0.0015972 ]]), 1.9776721151700418), (0.6422916398688002, array([[-2.42948594e-02],
       [-1.48753865e-03],
       [-2.33321567e-06]]), 1.97327336603075), (0.6232439291975568, array([[-0.01469404],
       [-0.00264997],
       [-0.00065156]]), 1.9664401894505532), (0.6057930758769511, array([[-0.03809475],
       [ 0.00154749],
       [ 0.00028394]]), 1.9649143868448562), (0.5862747220181511, array([[-0.02491734],
       [ 0.00655537],
       [-0.00101855]]), 1.9569082291649875), (0.5673627026962438, array([[-0.02580592],
       [ 0.00473437],
       [ 0.00166572]]), 1.9510128087268395), (0.5491233757794823, array([[-0.02390135],
       [ 0.00271008],
       [-0.00121616]]), 1.9476408489319434), (0.5299886754646234, array([[-0.02018458],
       [ 0.00131611],
       [-0.00087099]]), 1.941275838772095), (0.5111354728273432, array([[-0.02066795],
       [ 0.00100027],
       [-0.00073658]]), 1.936050080323679), (0.4931485998502437, array([[-0.01946434],
       [ 0.00480148],
       [ 0.00067871]]), 1.934356825442048), (0.4749839200370104, array([[-0.01977828],
       [ 0.00281714],
       [-0.00021646]]), 1.9323199100104727), (0.4566086479456605, array([[-2.34572159e-02],
       [ 1.89108029e-04],
       [ 1.28893022e-07]]), 1.9297405782533816), (0.43776113289652274, array([[-0.01515193],
       [-0.00689239],
       [-0.00056355]]), 1.9253805096197922), (0.4187736328036767, array([[-0.0224163 ],
       [-0.00104002],
       [-0.00110813]]), 1.9205126774283658), (0.40021765029750955, array([[-1.78967869e-02],
       [-3.99588161e-04],
       [-7.32143283e-05]]), 1.9177821604408227), (0.38104564020197346, array([[-0.01493962],
       [-0.00189924],
       [-0.00025138]]), 1.9122084520265483), (0.3630572702713682, array([[-1.47044891e-02],
       [ 3.98927768e-03],
       [-9.42091570e-05]]), 1.9128217317566203), (0.34536780071382933, array([[-0.01468523],
       [ 0.00406105],
       [-0.0004064 ]]), 1.9156644696160114), (0.3260230415295837, array([[-0.0174451 ],
       [-0.0045304 ],
       [ 0.00129772]]), 1.9096384749674353), (0.30818453299664167, array([[-0.01752047],
       [-0.00142687],
       [ 0.00050827]]), 1.9127536626201331), (0.29001560142010774, array([[-0.01083461],
       [-0.0006297 ],
       [-0.00041317]]), 1.9145955443915175), (0.27117794595316685, array([[-0.01386301],
       [-0.00022175],
       [ 0.00015453]]), 1.9124872054223465), (0.2538371500189268, array([[-0.01038669],
       [ 0.00247825],
       [ 0.00021189]]), 1.921919465884667), (0.23528241162785052, array([[-9.21433961e-03],
       [ 3.38545928e-03],
       [-4.30835048e-05]]), 1.923451404587202), (0.21676757845303612, array([[-0.00813416],
       [ 0.00498658],
       [ 0.00015894]]), 1.9261301461843299), (0.19840976469606902, array([[-9.91577341e-03],
       [ 1.04779466e-03],
       [-1.44694056e-05]]), 1.9313794755242983), (0.18096304422244047, array([[-8.13640912e-03],
       [-5.86766734e-04],
       [ 6.75600511e-05]]), 1.9480847949364855), (0.16221605777241752, array([[-0.00839834],
       [-0.00309005],
       [-0.00021177]]), 1.9536418937423017), (0.14486407318471617, array([[-8.75377438e-03],
       [-6.51066559e-04],
       [-3.25544409e-05]]), 1.980326935201338), (0.12709385912488216, array([[-7.47121095e-03],
       [ 6.22695812e-04],
       [-3.98123755e-05]]), 2.0093215162144236), (0.10854322700825933, array([[-6.12065184e-03],
       [-2.04281956e-03],
       [ 2.92058688e-05]]), 2.035055693025312), (0.09055372245872588, array([[-5.72598611e-03],
       [ 1.23606384e-03],
       [ 9.64437720e-05]]), 2.086110761251378), (0.07276108332063057, array([[-4.74212483e-03],
       [-1.93752868e-03],
       [ 3.17458689e-05]]), 2.1740382589086313), (0.0546560412612308, array([[-4.00915211e-03],
       [ 2.89568038e-03],
       [-5.32138038e-06]]), 2.3238113866166805)]