[(0.00010248371238458303, array([[-1.94717183e-07],
       [ 3.81910654e-08],
       [-3.15631999e-09]]), 2.3239014512039993), (0.00010211524503526987, array([[-2.00173961e-07],
       [ 2.33551290e-09],
       [-5.49467397e-09]]), 2.31997167314128), (0.00010132892793154276, array([[-5.13838141e-07],
       [-6.71563052e-08],
       [-6.13040284e-09]]), 2.315858476225479), (9.927853988814327e-05, array([[-9.72429833e-07],
       [ 3.17905279e-08],
       [ 1.16849774e-08]]), 2.2919162683065144), (9.748441150307205e-05, array([[-1.01037105e-06],
       [-2.68326190e-09],
       [ 8.08760649e-09]]), 2.282747361121411), (9.453407235026247e-05, array([[-1.41480589e-06],
       [-3.21338600e-08],
       [-9.72579984e-09]]), 2.255056106924365), (9.196386852845418e-05, array([[-1.54279200e-06],
       [-2.70337331e-08],
       [ 5.02572697e-09]]), 2.2447612846108527), (8.78275920262371e-05, array([[-1.60877254e-06],
       [-4.74937512e-08],
       [-1.66383543e-09]]), 2.203925309174647), (8.485258361194074e-05, array([[-1.93261556e-06],
       [ 2.26271995e-08],
       [-1.19115404e-08]]), 2.1998276018198566), (8.062657953967715e-05, array([[-2.11859902e-06],
       [ 5.93765732e-08],
       [ 4.21388410e-09]]), 2.1709463002735263), (7.573957042655885e-05, array([[-2.17357951e-06],
       [-1.68259816e-08],
       [-5.81116082e-10]]), 2.1301550132255995), (7.165705997578262e-05, array([[-2.24696993e-06],
       [ 2.47758226e-08],
       [ 5.15608877e-09]]), 2.1181694316278987), (6.695625545788022e-05, array([[-2.37808048e-06],
       [-2.98706894e-08],
       [ 6.21229624e-09]]), 2.0945229448988067), (6.263435293577396e-05, array([[-2.37860278e-06],
       [-2.17309183e-08],
       [-5.57840346e-09]]), 2.089470846420197), (5.736911242087477e-05, array([[-2.25738955e-06],
       [ 2.44241849e-08],
       [-5.18986423e-09]]), 2.058871404774494), (5.267024412910903e-05, array([[-2.24694312e-06],
       [-3.84710712e-09],
       [-8.71410576e-09]]), 2.0541960745638823), (4.771595771521546e-05, array([[-2.13116959e-06],
       [ 1.06289155e-08],
       [ 7.18991725e-09]]), 2.0467492279339883), (4.245857195062968e-05, array([[-2.05591866e-06],
       [-2.53048241e-08],
       [ 2.22681344e-10]]), 2.0322984794793957), (3.868865467967479e-05, array([[-1.77969412e-06],
       [-6.93805646e-10],
       [ 4.39791821e-09]]), 2.0435246094561323), (3.55260852954261e-05, array([[-1.38411801e-06],
       [-8.84739447e-09],
       [-5.14130527e-09]]), 2.042589761711667), (3.230064054509156e-05, array([[-1.05204730e-06],
       [ 3.31068580e-08],
       [ 2.06600603e-09]]), 2.0465482528961383), (2.9206412789241395e-05, array([[-7.49968026e-07],
       [-2.55904687e-10],
       [ 2.18749973e-09]]), 2.0699454782771385), (2.6076753088464533e-05, array([[-4.94001658e-07],
       [ 2.13767411e-08],
       [ 3.06425056e-09]]), 2.106412440122354), (2.2728495331634196e-05, array([[-2.60675565e-07],
       [-3.06478291e-08],
       [ 1.95055383e-09]]), 2.1442380133038226), (1.962072605638812e-05, array([[-1.04104857e-07],
       [-1.19261652e-08],
       [ 9.94239524e-10]]), 2.235414643644256), (1.8019762026324228e-05, array([[-2.47760368e-08],
       [-2.14723855e-08],
       [-8.25923158e-11]]), 2.294864565267491), (2.0562003878556707e-05, array([[-1.16412361e-07],
       [-5.58984089e-09],
       [-5.58180549e-11]]), 2.1212396124979955), (2.3345099039143617e-05, array([[-2.61079857e-07],
       [ 1.47418521e-08],
       [ 2.68778332e-10]]), 2.0307966374582214), (2.6074449193984063e-05, array([[-4.33848334e-07],
       [-1.61276595e-08],
       [-1.24814896e-09]]), 1.9676756203218997), (2.937148815441309e-05, array([[-6.42502148e-07],
       [-3.89019293e-08],
       [ 4.81905057e-09]]), 1.9641361672037057), (3.2109542808914814e-05, array([[-9.66065099e-07],
       [-5.62442803e-09],
       [ 4.73832212e-09]]), 1.934754807878121), (3.514559559860172e-05, array([[-1.23332405e-06],
       [-1.64847962e-09],
       [ 5.91594153e-09]]), 1.9340903734834023), (3.805545156915549e-05, array([[-1.57720282e-06],
       [ 9.79441526e-09],
       [-5.99570750e-09]]), 1.9343086835034236), (4.3479194090854176e-05, array([[-1.68682866e-06],
       [-6.70483002e-09],
       [ 2.67434511e-10]]), 1.966173965230773), (4.8999807780062745e-05, array([[-1.84683765e-06],
       [ 1.57020212e-08],
       [ 1.55647254e-08]]), 2.0008895530800657), (5.4284911342828775e-05, array([[-1.85183471e-06],
       [-2.13404498e-08],
       [-1.38952096e-08]]), 2.028143785046795), (5.922575144658058e-05, array([[-1.95329765e-06],
       [-3.91684596e-09],
       [ 3.84338864e-10]]), 2.046866960213592), (6.494761779894297e-05, array([[-1.98249826e-06],
       [ 1.66151554e-08],
       [ 9.59042613e-09]]), 2.095940169775628), (6.897543032386844e-05, array([[-2.01961321e-06],
       [ 4.80397032e-10],
       [-4.83083042e-09]]), 2.095557134909051), (7.481264490920277e-05, array([[-1.91218948e-06],
       [-2.08032816e-08],
       [-5.49026439e-09]]), 2.1553455495633944), (7.9866591456986e-05, array([[-1.92020783e-06],
       [-4.46304488e-08],
       [ 3.29729029e-09]]), 2.1962059218099528), (8.35032930230165e-05, array([[-1.70897574e-06],
       [-1.43483713e-08],
       [ 2.11956897e-09]]), 2.204724125167985), (8.747509439311182e-05, array([[-1.56226852e-06],
       [ 2.34508152e-08],
       [ 5.64913856e-09]]), 2.229732498022895), (9.107057134850335e-05, array([[-1.41320070e-06],
       [ 3.15936623e-08],
       [-8.37138334e-09]]), 2.252564505321012), (9.409645179849333e-05, array([[-1.24003036e-06],
       [-3.65674971e-09],
       [ 6.65349118e-09]]), 2.269273346908636), (9.751813062016654e-05, array([[-1.08983516e-06],
       [-3.19516273e-08],
       [ 2.51150931e-09]]), 2.3035299289837456), (9.916247705659934e-05, array([[-7.79804486e-07],
       [-6.08701006e-08],
       [-7.88896258e-10]]), 2.3043619387940493), (0.0001009971423057061, array([[-6.58488215e-07],
       [-2.61009320e-08],
       [ 4.65206184e-09]]), 2.3187069584864464), (0.00010261061678933389, array([[-3.19748171e-07],
       [ 8.69270701e-09],
       [-1.61335218e-09]]), 2.3369907958051264), (0.00010282092660070915, array([[-1.53556707e-07],
       [-4.28154787e-08],
       [ 1.13147613e-09]]), 2.3325990249750643), (0.00010213245198247065, array([[ 1.40463475e-07],
       [ 2.21139812e-08],
       [-5.60466610e-09]]), 2.3169802664565804), (0.00010212904837067235, array([[ 3.15742219e-07],
       [-8.74869276e-08],
       [-2.18762829e-09]]), 2.326022915509922), (0.00010080954209032383, array([[ 7.21761799e-07],
       [-1.65887975e-08],
       [-2.58657657e-09]]), 2.314400005686695), (9.934695772091242e-05, array([[7.46239926e-07],
       [3.32022659e-08],
       [2.43075909e-09]]), 2.3086489456731107), (9.723593506402378e-05, array([[ 1.00813155e-06],
       [-2.77690121e-09],
       [ 5.95060599e-09]]), 2.296864031009009), (9.415595115107492e-05, array([[1.23014608e-06],
       [3.11133306e-08],
       [4.98586118e-09]]), 2.270708260684777), (9.099608054369573e-05, array([[ 1.45464658e-06],
       [ 2.50826268e-08],
       [-1.19789827e-08]]), 2.2507220293114982), (8.747183816274345e-05, array([[ 1.59706227e-06],
       [ 2.78657165e-08],
       [-1.23906450e-08]]), 2.229649496995873), (8.347129341961392e-05, array([[ 1.77784248e-06],
       [-1.47628680e-08],
       [-2.45841322e-09]]), 2.2038792447439515), (7.85268016036251e-05, array([[1.69745607e-06],
       [3.37105868e-08],
       [1.11192385e-08]]), 2.1593638035192657), (7.46331995384165e-05, array([[ 1.92093725e-06],
       [-2.72791033e-08],
       [-2.26124523e-09]]), 2.1501757446222194), (6.968306652655947e-05, array([[ 1.84107280e-06],
       [-2.33763848e-09],
       [ 4.77297098e-09]]), 2.117055980026888), (6.430110622100053e-05, array([[ 2.03627078e-06],
       [-6.89714884e-09],
       [-1.41464367e-08]]), 2.0750764393978733), (5.9711961535018854e-05, array([[ 1.96134232e-06],
       [-3.03076034e-08],
       [ 1.14174905e-09]]), 2.0636705860256574), (5.4136395165120886e-05, array([[1.90050226e-06],
       [3.74092234e-08],
       [4.44651451e-09]]), 2.0225950578711185), (4.8503564460855294e-05, array([[ 1.81958083e-06],
       [ 2.09467805e-08],
       [-8.26756769e-09]]), 1.980625635359309), (4.35291477769159e-05, array([[ 1.66777744e-06],
       [-3.45640489e-08],
       [-1.28146715e-08]]), 1.968432922395359), (3.802437407297528e-05, array([[ 1.56821161e-06],
       [ 1.70687742e-09],
       [-4.40211840e-09]]), 1.9327290551389142), (3.5243187457255205e-05, array([[1.29395038e-06],
       [1.90881923e-08],
       [1.17177152e-09]]), 1.9394609319029485), (3.2058045037903905e-05, array([[ 9.54486733e-07],
       [-9.04020833e-09],
       [-2.43652022e-09]]), 1.9316518188180976), (2.9367151044418247e-05, array([[ 6.83444419e-07],
       [ 1.82938911e-09],
       [-2.33941343e-09]]), 1.9638461350964715), (2.634529342926897e-05, array([[ 4.40219313e-07],
       [-2.57266168e-08],
       [ 4.58170224e-09]]), 1.9881145409951613), (2.3418162243007493e-05, array([[ 2.37191102e-07],
       [ 3.16768182e-08],
       [-6.17019522e-10]]), 2.0371524258179066), (2.0652327380035317e-05, array([[ 1.10982183e-07],
       [-2.38168775e-08],
       [-2.00401508e-09]]), 2.130557662937413), (1.7700092949740806e-05, array([[ 2.79813205e-08],
       [-5.97069072e-10],
       [ 4.89859542e-10]]), 2.254153859133226), (1.9660085555906796e-05, array([[ 9.66799637e-08],
       [ 1.23860824e-08],
       [-5.91197059e-10]]), 2.239898922224858), (2.2832455249383968e-05, array([[ 2.56449222e-07],
       [-3.15713895e-08],
       [-6.70357819e-10]]), 2.154045737231277), (2.5917941530716333e-05, array([[4.76345105e-07],
       [1.65962313e-08],
       [1.22600332e-10]]), 2.0935840546350564), (2.9410889798673356e-05, array([[ 7.46640862e-07],
       [-1.97591679e-08],
       [ 5.58894967e-09]]), 2.0844373730585897), (3.237160593473312e-05, array([[ 1.04370349e-06],
       [ 4.37427039e-08],
       [-1.32899634e-09]]), 2.0510445753137785), (3.5606627159462314e-05, array([[ 1.42074932e-06],
       [-1.95930586e-09],
       [-2.88419655e-10]]), 2.047220555831018), (3.8907337668108215e-05, array([[ 1.83138573e-06],
       [-4.26740986e-08],
       [-3.47923188e-09]]), 2.0550753876424794), (4.264077473136486e-05, array([[ 2.06000649e-06],
       [-3.70641102e-08],
       [ 1.10809030e-08]]), 2.0410196968268766), (4.730755499643202e-05, array([[ 2.17435399e-06],
       [-4.27709453e-09],
       [ 3.35200220e-09]]), 2.0292310225079326), (5.2482580960631656e-05, array([[ 2.17136654e-06],
       [ 1.89731038e-08],
       [-5.43141671e-09]]), 2.046877009494022), (5.716363712602927e-05, array([[ 2.24904755e-06],
       [ 4.63526932e-08],
       [-8.00555179e-09]]), 2.0514972762392376), (6.237915478331601e-05, array([[ 2.28900129e-06],
       [-1.34598562e-08],
       [-1.94333942e-08]]), 2.080957481555266), (6.678828982993673e-05, array([[ 2.30362705e-06],
       [-2.12942053e-08],
       [ 4.26879292e-09]]), 2.0892686507439717), (7.185676698623171e-05, array([[ 2.20945309e-06],
       [ 2.98879584e-08],
       [-1.04577262e-08]]), 2.124072733897879), (7.630311546597558e-05, array([[ 2.20708946e-06],
       [-7.27894670e-09],
       [ 4.47742517e-09]]), 2.1460045656343505), (8.054107954480207e-05, array([[ 2.01965563e-06],
       [ 2.26045170e-09],
       [-3.78926953e-09]]), 2.16864413269297), (8.408153667388499e-05, array([[ 1.99736552e-06],
       [-3.18318523e-08],
       [ 1.13407710e-08]]), 2.1798379884877424), (8.78392443959103e-05, array([[ 1.62764409e-06],
       [ 3.41640015e-08],
       [-3.43989713e-10]]), 2.204217711047934), (9.163484636396788e-05, array([[ 1.47386336e-06],
       [ 3.37396181e-08],
       [-4.57731588e-09]]), 2.2367301281530394), (9.473817457928953e-05, array([[ 1.34723313e-06],
       [-6.77417100e-08],
       [ 5.69298112e-09]]), 2.259924848601959), (9.692457267154858e-05, array([[ 9.72733417e-07],
       [ 1.48464824e-08],
       [-5.58701071e-09]]), 2.269637874223876), (9.946564985484326e-05, array([[ 8.12613366e-07],
       [ 2.84249309e-08],
       [-1.37587842e-09]]), 2.296235836031071), (0.00010177613868692178, array([[ 5.19231829e-07],
       [-2.46274139e-08],
       [-1.11480642e-09]]), 2.326079415493715), (0.00010256676323988367, array([[ 2.72449329e-07],
       [-4.27520660e-09],
       [ 1.62433869e-09]]), 2.3302297834190333), (0.00010348003760064041, array([[-4.41482351e-08],
       [-4.44763603e-08],
       [ 7.44428296e-10]]), 2.346493935039657)]