[(0.0001027652752191483, array([[ 2.01153443e-07],
       [-1.50192603e-08],
       [ 8.25703002e-10]]), 2.3302861172609424), (0.00010261218928550913, array([[-1.73215325e-07],
       [ 1.04283677e-08],
       [-1.01562383e-09]]), 2.331261824609724), (0.00010046397975678592, array([[-4.96592834e-07],
       [ 9.15283859e-11],
       [-5.77978052e-09]]), 2.296090206661237), (9.941492997436044e-05, array([[-8.89727632e-07],
       [ 2.91731555e-08],
       [ 5.94927873e-09]]), 2.2950649312279174), (9.816258372614405e-05, array([[-1.00929607e-06],
       [ 6.68630153e-09],
       [-6.90592150e-09]]), 2.29862780629961), (9.459473719420276e-05, array([[-1.31358841e-06],
       [ 9.37383873e-08],
       [ 8.73544584e-09]]), 2.25650323200215), (9.185847537521772e-05, array([[-1.48457306e-06],
       [-3.11986067e-08],
       [ 1.10804456e-09]]), 2.242188725693596), (8.804734939631436e-05, array([[-1.62617357e-06],
       [ 2.71610309e-09],
       [ 1.41103743e-10]]), 2.209439849863025), (8.486199872364588e-05, array([[-1.92812673e-06],
       [-6.91716078e-09],
       [ 4.66885597e-09]]), 2.2000716912950566), (8.093744502989962e-05, array([[-2.10157455e-06],
       [-4.23265956e-08],
       [-8.65719451e-09]]), 2.1793166452606787), (7.632224515050383e-05, array([[-2.03772640e-06],
       [-5.07616316e-08],
       [-1.03089407e-08]]), 2.1465425828579723), (7.189108525911682e-05, array([[-2.25000695e-06],
       [ 3.03545830e-09],
       [ 1.97738673e-09]]), 2.12508717569323), (6.676650098881812e-05, array([[-2.23244433e-06],
       [-3.13229004e-08],
       [-1.48699716e-08]]), 2.0885870530746633), (6.20956799327701e-05, array([[-2.28929020e-06],
       [ 1.23834219e-09],
       [ 2.55917341e-09]]), 2.0715008110837685), (5.727364194816396e-05, array([[-2.27312877e-06],
       [ 4.50169856e-08],
       [-7.41000801e-10]]), 2.0554451459747654), (5.236680832033241e-05, array([[-2.30244034e-06],
       [-1.63367402e-08],
       [-7.09352639e-09]]), 2.0423617522139965), (4.790423597600513e-05, array([[-2.13454919e-06],
       [ 6.36882022e-09],
       [ 1.10943635e-09]]), 2.054825318268546), (4.255247267886575e-05, array([[-2.07281941e-06],
       [-3.01134412e-08],
       [ 1.16108986e-08]]), 2.0367930797084868), (3.802620535425052e-05, array([[-1.70793655e-06],
       [-1.36891136e-08],
       [ 3.91769174e-09]]), 2.0085342095512915), (3.51916318562212e-05, array([[-1.37231710e-06],
       [-9.78054019e-09],
       [ 3.80766774e-09]]), 2.0233601965904815), (3.297523754279891e-05, array([[-1.09679453e-06],
       [-2.00377685e-08],
       [-7.01754773e-09]]), 2.0892902940373856), (2.9347539353428712e-05, array([[-7.53788565e-07],
       [ 1.69079740e-08],
       [ 3.35069897e-09]]), 2.0799475382874637), (2.639035533083086e-05, array([[-4.90886090e-07],
       [-1.77040195e-09],
       [ 1.41404947e-09]]), 2.1317444154004765), (2.3062168579834497e-05, array([[-2.45229773e-07],
       [-2.93324981e-08],
       [-1.88993728e-09]]), 2.175717213856876), (1.9687239447914136e-05, array([[-1.05139818e-07],
       [ 2.49984681e-09],
       [ 3.29411069e-10]]), 2.2429926001881886), (1.8067129600508885e-05, array([[-1.54687832e-08],
       [-1.00650847e-08],
       [ 2.23859998e-10]]), 2.300896951676382), (2.065431917436094e-05, array([[-1.12477411e-07],
       [-8.75491481e-11],
       [ 1.29114236e-09]]), 2.130763142571036), (2.3408390985100534e-05, array([[-2.58984981e-07],
       [-1.96519753e-08],
       [ 9.36354452e-10]]), 2.03630242138366), (2.6585993837934224e-05, array([[-4.44510778e-07],
       [ 2.11463141e-08],
       [-2.67399132e-09]]), 2.0062786955822283), (2.930525927893875e-05, array([[-6.59489172e-07],
       [ 1.81693996e-08],
       [-1.50789371e-09]]), 1.9597072962881938), (3.246948989536198e-05, array([[-9.66293426e-07],
       [-9.51970862e-09],
       [ 4.99384010e-09]]), 1.9564433557415932), (3.516275917376535e-05, array([[-1.25738083e-06],
       [ 2.15872640e-08],
       [ 1.16634526e-09]]), 1.935034898819597), (3.779206809485616e-05, array([[-1.60297083e-06],
       [ 3.13838505e-08],
       [ 9.56330552e-09]]), 1.9209212470016475), (4.309792684648482e-05, array([[-1.73640722e-06],
       [ 1.13103536e-08],
       [ 6.47588505e-09]]), 1.9489326675170235), (4.909726155179485e-05, array([[-1.84525878e-06],
       [-3.23504384e-08],
       [-8.51196066e-09]]), 2.004869042849541), (5.436950447082232e-05, array([[-1.85861583e-06],
       [ 5.42403774e-08],
       [-1.30435626e-08]]), 2.0313042770242853), (5.962737376296628e-05, array([[-1.91875732e-06],
       [-4.85039019e-09],
       [ 7.63577851e-09]]), 2.060747196931834), (6.394025829973436e-05, array([[-1.91544661e-06],
       [ 4.51285107e-08],
       [ 3.63495542e-09]]), 2.0634314294807568), (7.0135652493073e-05, array([[-1.89044286e-06],
       [-6.21096140e-09],
       [ 1.34063235e-08]]), 2.130806089983927), (7.424754444343845e-05, array([[-1.79656332e-06],
       [ 4.99683721e-08],
       [-2.79712027e-08]]), 2.139065056133179), (7.890797636745048e-05, array([[-1.81298114e-06],
       [ 3.14352418e-08],
       [-7.41263467e-09]]), 2.1698455113057915), (8.382880915788133e-05, array([[-1.74660967e-06],
       [ 1.68589059e-08],
       [-6.06621906e-10]]), 2.2133186757502012), (8.761429408485072e-05, array([[-1.68095031e-06],
       [-9.75011142e-08],
       [ 9.84040670e-09]]), 2.233280685979002), (9.175461220347574e-05, array([[-1.49647599e-06],
       [ 5.97332165e-08],
       [-4.15537961e-09]]), 2.26948375955742), (9.46829925602534e-05, array([[-1.34009015e-06],
       [-2.69589646e-08],
       [ 1.29300489e-09]]), 2.28341863392103), (9.672139301470315e-05, array([[-1.18917466e-06],
       [-3.78243993e-08],
       [ 5.23252127e-09]]), 2.2847097474640616), (9.899096700759307e-05, array([[-7.82157154e-07],
       [-2.55217418e-08],
       [ 5.37270371e-09]]), 2.3003763462515683), (0.0001015940648673507, array([[-5.86443748e-07],
       [ 2.33398395e-08],
       [-5.60963664e-09]]), 2.3324111927426334), (0.00010141734124042462, array([[-2.76318352e-07],
       [-6.21107645e-08],
       [ 4.55761828e-09]]), 2.3098135498054693), (0.00010209895390395887, array([[-2.05691756e-07],
       [ 1.80727648e-08],
       [-2.27835822e-09]]), 2.3162203279123723), (0.0001027326193902241, array([[ 1.42386454e-07],
       [-7.98006155e-10],
       [ 1.91772712e-09]]), 2.3305956846056897), (0.00010183063021873024, array([[ 4.74303465e-07],
       [-2.66261725e-09],
       [-7.58313504e-10]]), 2.3192263432232383), (0.00010110101529671547, array([[ 7.01644680e-07],
       [-9.60389543e-08],
       [-6.52337699e-09]]), 2.3210916895942155), (9.908663572577016e-05, array([[8.83784389e-07],
       [2.82787273e-08],
       [6.80887341e-09]]), 2.3025995193654727), (9.660813911877941e-05, array([[ 1.08751859e-06],
       [-1.81356653e-08],
       [ 1.08646613e-08]]), 2.2820345142825467), (9.437734520623593e-05, array([[ 1.27982538e-06],
       [-2.24973315e-09],
       [-1.14499955e-09]]), 2.276047501633169), (9.100432674567109e-05, array([[ 1.41700210e-06],
       [-3.74642879e-08],
       [ 6.47334367e-09]]), 2.2509259931342602), (8.770558452099751e-05, array([[ 1.56471121e-06],
       [ 1.28336962e-08],
       [-1.02544279e-08]]), 2.23560767120431), (8.337106569475496e-05, array([[1.87896655e-06],
       [1.35367361e-08],
       [9.67228648e-09]]), 2.201232948112915), (7.976553140768407e-05, array([[1.89402236e-06],
       [3.24145240e-09],
       [8.27497322e-10]]), 2.1934269290585844), (7.47222924316474e-05, array([[ 1.97796582e-06],
       [-2.21488491e-08],
       [-2.16316388e-08]]), 2.1527425028374387), (6.97392072099952e-05, array([[ 1.94027665e-06],
       [ 2.57919249e-09],
       [-2.33121182e-09]]), 2.118761602002424), (6.509202087167968e-05, array([[1.96478148e-06],
       [2.57523507e-08],
       [1.39911311e-09]]), 2.1006002360112332), (5.9513755442579095e-05, array([[ 1.96510485e-06],
       [-2.79156202e-08],
       [-8.73029208e-09]]), 2.056820499838167), (5.393497801662494e-05, array([[ 1.88719947e-06],
       [-2.57573835e-09],
       [ 1.01323636e-09]]), 2.015069892446346), (4.859088110848853e-05, array([[ 1.86169959e-06],
       [ 1.91771869e-08],
       [-1.35379111e-08]]), 1.9841911793068183), (4.374065802412679e-05, array([[ 1.72208522e-06],
       [-2.59255794e-08],
       [-4.32743508e-09]]), 1.9779976337507856), (3.8514316110914426e-05, array([[ 1.59131010e-06],
       [-1.89346352e-08],
       [ 2.63874837e-09]]), 1.9576321662392218), (3.500831681918072e-05, array([[ 1.27452951e-06],
       [-2.83623118e-08],
       [-5.22335775e-09]]), 1.926535811916311), (3.2093714512851215e-05, array([[ 9.19876578e-07],
       [ 2.61456439e-08],
       [-9.99264738e-10]]), 1.933801076705682), (2.91846474722643e-05, array([[6.96025542e-07],
       [1.52177783e-08],
       [5.61777202e-09]]), 1.9516417188671367), (2.6489990436429503e-05, array([[ 4.50944474e-07],
       [-7.94732213e-09],
       [-1.17689325e-10]]), 1.9990339192418556), (2.3740507332295972e-05, array([[2.63569257e-07],
       [7.15364584e-09],
       [1.19807050e-09]]), 2.065193314499963), (2.0958580500881656e-05, array([[1.10595163e-07],
       [5.87709294e-09],
       [1.81148392e-09]]), 2.1621516775688305), (1.7750242262041805e-05, array([[ 1.54681363e-08],
       [-3.16022814e-08],
       [ 6.22979272e-11]]), 2.2605405072811857), (1.9873075074158056e-05, array([[ 9.79942085e-08],
       [-9.40111990e-09],
       [ 1.45037265e-09]]), 2.264165092940115), (2.3017245464727032e-05, array([[ 2.76312011e-07],
       [-1.65289352e-09],
       [ 1.39803640e-09]]), 2.1714791043963135), (2.583334038884562e-05, array([[ 4.72460750e-07],
       [ 1.28830152e-08],
       [-8.51234322e-10]]), 2.0867501939515396), (2.9399239730749762e-05, array([[7.60439400e-07],
       [1.51603973e-08],
       [1.87955762e-09]]), 2.08361169804009), (3.287517803199654e-05, array([[ 1.08227330e-06],
       [-2.65725642e-08],
       [ 4.22470333e-09]]), 2.0829505864166546), (3.55276676418713e-05, array([[ 1.40250247e-06],
       [-2.58990875e-08],
       [-3.25744730e-09]]), 2.042680739499443), (3.872819999873177e-05, array([[ 1.77189543e-06],
       [ 1.80738669e-08],
       [-5.59113840e-09]]), 2.0456133828536776), (4.2866700448884576e-05, array([[2.02806307e-06],
       [2.22882851e-08],
       [2.91197606e-10]]), 2.051833732040414), (4.7238588934683455e-05, array([[ 2.17957414e-06],
       [-9.72283447e-09],
       [ 1.11651912e-08]]), 2.0262727619930754), (5.2061546847925505e-05, array([[2.19252482e-06],
       [1.02954086e-08],
       [1.81091209e-08]]), 2.030456227022264), (5.7150543348950366e-05, array([[ 2.22932187e-06],
       [ 2.62669703e-09],
       [-9.75795781e-09]]), 2.0510273647821724), (6.222849686681152e-05, array([[2.27196171e-06],
       [3.77191329e-08],
       [3.56274795e-09]]), 2.0759315603225303), (6.656005797453697e-05, array([[ 2.22762530e-06],
       [ 5.81258580e-09],
       [-1.98334846e-08]]), 2.082129110836571), (7.101801659559465e-05, array([[ 2.26672141e-06],
       [ 7.47364837e-08],
       [-1.35912282e-08]]), 2.099279427574485), (7.621881920216228e-05, array([[ 2.21969208e-06],
       [-5.68612831e-08],
       [-2.74717216e-09]]), 2.1436337559248835), (8.05786146341693e-05, array([[ 2.02015628e-06],
       [ 3.55817735e-08],
       [-2.46831655e-09]]), 2.169654800190679), (8.46069287871127e-05, array([[ 1.71146022e-06],
       [-1.59352796e-08],
       [ 9.15130819e-09]]), 2.193458929928283), (8.868166917057468e-05, array([[ 1.76724819e-06],
       [-5.28665328e-08],
       [-4.47577045e-09]]), 2.2253573237724176), (9.092152612125975e-05, array([[1.65026800e-06],
       [2.42414694e-08],
       [4.76042747e-09]]), 2.2193185763122756), (9.525899908634908e-05, array([[ 1.34759748e-06],
       [ 1.05909885e-08],
       [-3.54011924e-09]]), 2.2723488186699035), (9.735414941515294e-05, array([[1.0869333e-06],
       [1.1341270e-08],
       [5.8757622e-09]]), 2.2796970740768816), (9.965757572724302e-05, array([[9.21961721e-07],
       [2.28613289e-08],
       [7.88426535e-10]]), 2.300666582391337), (0.00010130656858874852, array([[ 5.11038434e-07],
       [-1.47831261e-08],
       [-1.23360401e-09]]), 2.3153474565730474), (0.00010247278549512885, array([[1.50703715e-07],
       [1.47646337e-08],
       [3.73694664e-10]]), 2.3280946888436684), (0.00010201487205525158, array([[ 3.96999890e-08],
       [-3.68069108e-09],
       [ 5.41190648e-09]]), 2.3132701157813744)]