[(0.00010224586412428391, array([[1.32144362e-08],
       [4.33440218e-08],
       [1.92586580e-09]]), 2.3185080486387095), (0.00010248024409873054, array([[-2.50783554e-07],
       [-4.62607299e-08],
       [-9.11469677e-10]]), 2.328264141985274), (0.00010117613801388918, array([[-5.43794099e-07],
       [-4.88317832e-08],
       [-1.18148241e-09]]), 2.312366484026382), (9.930286657220366e-05, array([[-8.26864832e-07],
       [-2.86623615e-08],
       [-2.69131471e-09]]), 2.292477867248388), (9.734615151185924e-05, array([[-1.10056160e-06],
       [-2.76816823e-08],
       [ 2.00893413e-09]]), 2.279509790875837), (9.527263704099933e-05, array([[-1.35860528e-06],
       [-5.53595128e-08],
       [ 1.78055798e-09]]), 2.272674144260511), (9.153289517856016e-05, array([[-1.52143100e-06],
       [-9.13492946e-08],
       [-9.03790782e-09]]), 2.2342415847980743), (8.846279554135139e-05, array([[-1.68860335e-06],
       [-6.35031356e-09],
       [ 7.39184512e-09]]), 2.2198649594729143), (8.425237854591653e-05, array([[-1.87929624e-06],
       [ 6.65202771e-09],
       [ 1.23032222e-08]]), 2.1842671130900078), (8.0748569271096e-05, array([[-2.10468548e-06],
       [ 1.69461116e-08],
       [ 6.57269057e-09]]), 2.174230988246241), (7.629302473390538e-05, array([[-2.12735719e-06],
       [ 2.12774588e-08],
       [ 2.73155410e-09]]), 2.145720766513422), (7.150838809196005e-05, array([[-2.26208869e-06],
       [ 1.44347675e-08],
       [ 2.06209490e-08]]), 2.1137747182561535), (6.724686453220097e-05, array([[-2.27753448e-06],
       [ 3.87401923e-08],
       [ 1.72086329e-09]]), 2.1036137665105903), (6.222831992029764e-05, array([[-2.29795835e-06],
       [-4.96581783e-08],
       [ 2.16049147e-09]]), 2.0759256574183755), (5.762601411227647e-05, array([[-2.28812439e-06],
       [ 3.57438095e-08],
       [ 2.29176352e-10]]), 2.068091131626546), (5.26024382179904e-05, array([[-2.26500157e-06],
       [-4.33846202e-08],
       [-4.53421389e-09]]), 2.051551571225134), (4.744017429740674e-05, array([[-2.17516061e-06],
       [-6.61567330e-09],
       [-8.71615093e-09]]), 2.0349196529971114), (4.222595243035157e-05, array([[-2.09313701e-06],
       [ 5.22065087e-09],
       [-5.64633282e-10]]), 2.0211640424119377), (3.837573211197533e-05, array([[-1.73029303e-06],
       [ 8.34725360e-09],
       [-9.90848169e-10]]), 2.0269961213698307), (3.5435698445010604e-05, array([[-1.36883274e-06],
       [ 2.31435285e-08],
       [ 8.52843508e-09]]), 2.0373929252542644), (3.248912450113134e-05, array([[-1.05757274e-06],
       [ 1.49619964e-08],
       [ 2.16579613e-09]]), 2.0584904777072426), (2.9632180257200585e-05, array([[-7.48446589e-07],
       [-1.33273407e-08],
       [-3.22889035e-10]]), 2.100120887063536), (2.6277411381045273e-05, array([[-4.87783656e-07],
       [-9.30710280e-09],
       [-1.45678206e-09]]), 2.1226210962488232), (2.308184591621542e-05, array([[-2.86461683e-07],
       [-1.13265610e-08],
       [ 1.51218760e-11]]), 2.1775736012706886), (1.9795308836050588e-05, array([[-9.71181524e-08],
       [-4.19673991e-09],
       [-1.53143294e-10]]), 2.2553050850613587), (1.8139154974553376e-05, array([[-2.67839483e-08],
       [-1.81668165e-08],
       [ 2.97570823e-10]]), 2.3100695744032183), (2.071995656202811e-05, array([[-1.10892307e-07],
       [-1.00371628e-08],
       [-6.13388144e-11]]), 2.1375344975227626), (2.314987271289702e-05, array([[-2.65904415e-07],
       [-2.12298957e-08],
       [-9.38567598e-10]]), 2.0138138452147554), (2.598880468422419e-05, array([[-4.30298992e-07],
       [-4.61385664e-08],
       [ 4.39996421e-10]]), 1.9612125647606802), (2.9409488065965934e-05, array([[-6.95281896e-07],
       [ 7.10958508e-09],
       [ 5.30883692e-09]]), 1.966677305066353), (3.187408940193249e-05, array([[-9.40217537e-07],
       [ 2.06149776e-09],
       [ 8.85777421e-09]]), 1.9205676045939974), (3.495532334367098e-05, array([[-1.23396079e-06],
       [ 4.50149742e-09],
       [ 3.82425372e-09]]), 1.9236195383663792), (3.818918248749027e-05, array([[-1.57111954e-06],
       [ 1.85503296e-08],
       [ 1.51670424e-09]]), 1.9411060506590279), (4.330112455373702e-05, array([[-1.67012084e-06],
       [ 1.79932350e-08],
       [-8.48954593e-09]]), 1.9581214772488467), (4.8600098819556584e-05, array([[-1.81925089e-06],
       [ 3.49436034e-08],
       [ 2.52438432e-09]]), 1.9845675812278678), (5.390080401007508e-05, array([[-1.98314184e-06],
       [-3.22109337e-09],
       [ 9.47749963e-09]]), 2.013793114106292), (5.933411009608196e-05, array([[-1.93527095e-06],
       [ 3.29977467e-09],
       [-8.35869363e-09]]), 2.050611880862134), (6.473789373914641e-05, array([[-1.91781914e-06],
       [-9.11810908e-09],
       [-1.24109985e-08]]), 2.0891721142811703), (6.984720931131746e-05, array([[-2.02117788e-06],
       [-6.99403120e-08],
       [ 1.55502928e-08]]), 2.1220428366819095), (7.448722349465814e-05, array([[-1.92236175e-06],
       [ 2.40408779e-08],
       [-9.98042952e-09]]), 2.1459701879728152), (7.944400975382381e-05, array([[-1.89952470e-06],
       [ 2.86445585e-08],
       [ 2.12023614e-10]]), 2.184585588176043), (8.357993998952247e-05, array([[-1.80686786e-06],
       [-5.06271097e-08],
       [ 2.55660074e-08]]), 2.2067478227978508), (8.69378725506868e-05, array([[-1.62396141e-06],
       [ 2.02285344e-08],
       [-9.77627833e-09]]), 2.216038760290877), (9.153297508856198e-05, array([[-1.43180295e-06],
       [-1.32338090e-08],
       [-1.28944651e-08]]), 2.2640017263306165), (9.438573174871834e-05, array([[-1.27877747e-06],
       [ 3.33563074e-09],
       [-5.13048145e-09]]), 2.2762497553522447), (9.681878402232324e-05, array([[-1.08684233e-06],
       [-1.13683342e-08],
       [ 7.84460529e-09]]), 2.2870102745500516), (9.990101147707862e-05, array([[-9.28878866e-07],
       [ 1.48250473e-08],
       [ 3.73121407e-09]]), 2.3215241826140622), (0.00010099676343377878, array([[-7.81802002e-07],
       [ 1.37613426e-08],
       [ 1.74847113e-09]]), 2.318698260290099), (0.00010209202071608572, array([[-3.66487876e-07],
       [-4.10492068e-08],
       [-1.30201003e-09]]), 2.3251795984081762), (0.00010309493346607137, array([[-2.22921828e-07],
       [-2.55455765e-08],
       [ 3.62291129e-09]]), 2.338815154007459), (0.00010253691206085086, array([[ 1.31684703e-07],
       [-1.88003630e-08],
       [-2.56708434e-09]]), 2.326155861499939), (0.00010170701452768114, array([[4.24174738e-07],
       [7.14881573e-08],
       [8.48857620e-09]]), 2.316410954901463), (0.00010091463318366124, array([[ 5.87048449e-07],
       [-4.56964861e-08],
       [-5.45208269e-09]]), 2.3168127021633813), (9.870858506552942e-05, array([[ 9.46138466e-07],
       [-1.29949603e-08],
       [-6.88602133e-09]]), 2.2938142854922052), (9.737999972959284e-05, array([[1.04694993e-06],
       [4.62587119e-08],
       [3.81356040e-09]]), 2.300267062493892), (9.396071684097306e-05, array([[ 1.35796336e-06],
       [-8.73388914e-09],
       [-6.04770290e-09]]), 2.2659999001903235), (9.102736611438586e-05, array([[1.47690826e-06],
       [5.14062892e-08],
       [9.40093432e-09]]), 2.2514958552030215), (8.76712936643986e-05, array([[1.69990311e-06],
       [6.13555657e-09],
       [1.23599171e-09]]), 2.2347336002716163), (8.339688119520051e-05, array([[ 1.69919449e-06],
       [-2.19973883e-08],
       [-7.05633735e-09]]), 2.2019145506530675), (7.937210531379825e-05, array([[1.85352354e-06],
       [7.72539078e-08],
       [6.51749357e-09]]), 2.1826083289227327), (7.425297879915301e-05, array([[ 1.90638236e-06],
       [-2.72977737e-08],
       [ 6.32261262e-09]]), 2.1392216194309785), (6.956372648519089e-05, array([[1.92487112e-06],
       [1.02182729e-08],
       [4.85024342e-09]]), 2.1134302849932216), (6.438557332435701e-05, array([[ 1.99912072e-06],
       [-1.30031522e-08],
       [-4.22558963e-09]]), 2.0778022975732644), (5.954119067267632e-05, array([[ 2.00850058e-06],
       [ 1.37587203e-08],
       [-5.65969185e-10]]), 2.0577686729665823), (5.43961417741579e-05, array([[ 1.92478145e-06],
       [ 2.89710424e-08],
       [-1.26457719e-08]]), 2.032299475871886), (4.917524638702261e-05, array([[ 1.85106427e-06],
       [ 7.14369136e-09],
       [-7.49047170e-09]]), 2.0080535255888647), (4.355820092019123e-05, array([[ 1.73780001e-06],
       [ 2.29067330e-08],
       [-6.41056829e-09]]), 1.9697467354756273), (3.829740903312943e-05, array([[1.54618693e-06],
       [3.48479298e-09],
       [1.20812860e-09]]), 1.946607064006223), (3.533144061441278e-05, array([[ 1.29634095e-06],
       [-5.95641477e-10],
       [ 9.84996978e-09]]), 1.9443175740733478), (3.2212609486932145e-05, array([[ 9.31215016e-07],
       [-3.77039021e-09],
       [ 5.87500981e-09]]), 1.9409650722849578), (2.9342432747299574e-05, array([[ 6.76214763e-07],
       [ 1.97001702e-08],
       [-1.84167154e-09]]), 1.9621931680725597), (2.691227849794313e-05, array([[ 4.41791114e-07],
       [-7.92641082e-09],
       [-7.50213546e-10]]), 2.030901358404677), (2.360655440504855e-05, array([[ 2.48601716e-07],
       [-8.96898747e-10],
       [ 3.61208385e-09]]), 2.053540712222473), (2.0652974088932384e-05, array([[1.13869220e-07],
       [1.38347836e-08],
       [1.49444799e-10]]), 2.1306243794178843), (1.7819507751328006e-05, array([[ 1.80134903e-08],
       [-3.51494048e-08],
       [-2.99689749e-11]]), 2.2693616513521566), (1.986584303783743e-05, array([[ 8.56483429e-08],
       [-1.56128788e-08],
       [-4.76282309e-10]]), 2.263341137707876), (2.300348436218765e-05, array([[2.69401372e-07],
       [1.23745925e-08],
       [2.38453421e-09]]), 2.170180862751216), (2.61790270246544e-05, array([[ 4.89057016e-07],
       [-2.16938740e-09],
       [ 1.10166553e-09]]), 2.1146738632665576), (2.9266922476607546e-05, array([[ 7.33693592e-07],
       [-7.41764577e-09],
       [ 3.94738025e-09]]), 2.0742339800749923), (3.2588660130467705e-05, array([[ 1.05277215e-06],
       [-4.57318565e-08],
       [-7.95691110e-10]]), 2.0647969925280525), (3.557436224688643e-05, array([[ 1.37772668e-06],
       [-2.02272336e-08],
       [ 1.63101826e-09]]), 2.0453654688001226), (3.819411057230236e-05, array([[ 1.76659472e-06],
       [-2.06747877e-08],
       [-4.28436956e-09]]), 2.017402919202374), (4.2576620020015175e-05, array([[ 2.00161713e-06],
       [-3.88066482e-08],
       [-1.40096882e-09]]), 2.0379489029603515), (4.754037827038687e-05, array([[ 2.09785183e-06],
       [-1.52969101e-08],
       [ 3.22366097e-09]]), 2.0392178461834893), (5.2654542228533965e-05, array([[ 2.18596446e-06],
       [ 3.09153965e-08],
       [-3.11906363e-09]]), 2.053583683581882), (5.774638674905127e-05, array([[2.32100743e-06],
       [2.73324336e-08],
       [3.15283065e-09]]), 2.0724110830658278), (6.19027441517432e-05, array([[2.27041266e-06],
       [1.76452657e-08],
       [1.67843008e-08]]), 2.065064507828583), (6.709632917055416e-05, array([[ 2.21223582e-06],
       [-3.14877671e-08],
       [ 8.53581369e-09]]), 2.0989047252592283), (7.154878489546168e-05, array([[2.30885994e-06],
       [1.66579618e-08],
       [3.68054960e-09]]), 2.1149688402916045), (7.597560085091857e-05, array([[ 2.07418999e-06],
       [-4.31843080e-08],
       [-5.42399928e-09]]), 2.1367933053216865), (8.051080783436808e-05, array([[1.98003788e-06],
       [1.26920139e-08],
       [4.06005165e-09]]), 2.1678290384877483), (8.56581272200155e-05, array([[ 1.96028757e-06],
       [-7.09788822e-08],
       [ 3.25762871e-09]]), 2.2207115512304814), (8.795132515898383e-05, array([[ 1.81223278e-06],
       [-4.51590228e-08],
       [ 1.84890467e-08]]), 2.2070302398297277), (9.127965713957101e-05, array([[ 1.51923901e-06],
       [-2.18757241e-08],
       [ 4.10037534e-09]]), 2.228060255599882), (9.517784213806966e-05, array([[ 1.16792402e-06],
       [-6.83579507e-08],
       [-2.36157745e-09]]), 2.2704128661896297), (9.728266011982369e-05, array([[1.21608156e-06],
       [9.10301075e-10],
       [4.01728461e-09]]), 2.27802304232406), (9.935867876201287e-05, array([[ 9.06773781e-07],
       [ 1.40285842e-08],
       [-4.02243906e-10]]), 2.2937663316631305), (0.00010099844531551572, array([[ 6.09179288e-07],
       [-1.80318230e-08],
       [ 2.48955431e-09]]), 2.3083053422567823), (0.00010196677901907323, array([[2.81630390e-07],
       [1.17397709e-08],
       [2.74443066e-10]]), 2.3165986512983476), (0.00010286432808017592, array([[ 9.29729416e-08],
       [ 2.87884915e-08],
       [-2.76210823e-09]]), 2.3325322213698976)]