[(0.00010248390971561244, array([[6.23090868e-08],
       [1.84531135e-08],
       [1.90523532e-09]]), 2.323905925845432), (0.00010238267827047932, array([[-1.58832955e-07],
       [ 1.91136191e-08],
       [ 2.98113311e-09]]), 2.326047529199091), (0.000101306976151572, array([[-6.18880258e-07],
       [-2.44653603e-08],
       [-4.63165009e-09]]), 2.3153567713643772), (9.933105267758316e-05, array([[-8.18942579e-07],
       [-8.26063922e-09],
       [-5.89472512e-09]]), 2.2931285636983185), (9.722494971024345e-05, array([[-1.06114352e-06],
       [ 7.89398471e-09],
       [ 1.06537446e-09]]), 2.2766716643637546), (9.435555063508485e-05, array([[-1.23688099e-06],
       [-1.73900131e-08],
       [-1.04476695e-08]]), 2.2507975737413424), (9.17415287105701e-05, array([[-1.46811605e-06],
       [ 3.49778228e-08],
       [ 6.82665145e-09]]), 2.2393341552044905), (8.813554431991403e-05, array([[-1.67880380e-06],
       [ 2.10133136e-08],
       [ 1.14453511e-08]]), 2.2116529929058624), (8.451862108168006e-05, array([[-1.91105938e-06],
       [ 4.40719587e-08],
       [ 8.97500147e-09]]), 2.1911695273008664), (8.02978708268494e-05, array([[-2.02242510e-06],
       [-3.07636436e-09],
       [ 5.86684385e-09]]), 2.162095509776704), (7.597560149028784e-05, array([[-2.25473395e-06],
       [ 6.23833146e-08],
       [ 1.06774539e-08]]), 2.1367933233037744), (7.21080227104492e-05, array([[-2.26290893e-06],
       [ 1.04929361e-08],
       [-6.82522310e-09]]), 2.131499806606957), (6.694320834848232e-05, array([[-2.30169029e-06],
       [-6.42340115e-08],
       [-3.23202235e-09]]), 2.094114805736728), (6.242081303385934e-05, array([[-2.33131116e-06],
       [ 3.43705638e-08],
       [ 1.27691977e-08]]), 2.082347193365849), (5.7206738513805354e-05, array([[-2.19635077e-06],
       [ 2.21256501e-08],
       [ 8.84222117e-09]]), 2.053044105378711), (5.214985048544175e-05, array([[-2.25645115e-06],
       [-5.70432383e-08],
       [-2.04389023e-09]]), 2.033900163699506), (4.777873679816944e-05, array([[-2.20834371e-06],
       [-2.23031167e-08],
       [ 6.38005179e-09]]), 2.049442101465593), (4.238376079562968e-05, array([[-2.05591326e-06],
       [-3.53846952e-08],
       [-2.35127581e-09]]), 2.0287176101856432), (3.8143350138799455e-05, array([[-1.76312542e-06],
       [ 4.31680079e-08],
       [-8.19796983e-09]]), 2.014721766396501), (3.530870363905659e-05, array([[-1.33970346e-06],
       [-2.38378366e-08],
       [-7.50657632e-10]]), 2.030091296372975), (3.267798614457604e-05, array([[-1.07840862e-06],
       [ 3.13781739e-08],
       [ 6.31906820e-09]]), 2.0704566325545826), (2.9367953584752985e-05, array([[-7.50208392e-07],
       [-4.22309109e-08],
       [-1.56246070e-10]]), 2.081394355674012), (2.5958990129424587e-05, array([[-4.73991533e-07],
       [-4.38163887e-08],
       [ 1.10879813e-09]]), 2.0968998539094215), (2.312848928650658e-05, array([[-2.75130871e-07],
       [ 2.46975122e-08],
       [ 3.35287126e-10]]), 2.1819740020093903), (1.9813663536922718e-05, array([[-9.74902995e-08],
       [ 3.55327662e-08],
       [-2.92872712e-10]]), 2.2573962598217294), (1.791224763260512e-05, array([[-2.21056750e-08],
       [-1.93113597e-08],
       [-2.27288208e-10]]), 2.2811723216051294), (2.038652574276932e-05, array([[-1.11136592e-07],
       [-1.25791516e-09],
       [ 1.84362043e-10]]), 2.103136747866806), (2.3734276410872334e-05, array([[-2.43161863e-07],
       [ 1.81414094e-08],
       [ 2.21353893e-09]]), 2.064651284917901), (2.6475529084082603e-05, array([[-4.56774897e-07],
       [ 8.30987561e-09],
       [ 1.04389631e-09]]), 1.997942611416399), (2.9106696780210273e-05, array([[-6.72706629e-07],
       [-1.06924080e-08],
       [-8.54721119e-09]]), 1.9464289842342526), (3.2090445906390655e-05, array([[-9.61791175e-07],
       [-1.61787933e-09],
       [ 3.27443356e-09]]), 1.9336041274030336), (3.5009529766285564e-05, array([[-1.23938226e-06],
       [ 1.88145364e-08],
       [-3.21779357e-10]]), 1.9266025613703774), (3.829168880055373e-05, array([[-1.59874435e-06],
       [ 1.28130574e-08],
       [-6.06692135e-10]]), 1.9463163120879912), (4.375149067130409e-05, array([[-1.69992816e-06],
       [ 5.02194846e-08],
       [-9.35280586e-09]]), 1.978487497219964), (4.870479492990879e-05, array([[-1.78360651e-06],
       [-2.86486382e-08],
       [ 1.21237315e-08]]), 1.988842809293907), (5.418892871692429e-05, array([[-1.91199413e-06],
       [ 2.11583176e-08],
       [-9.24284282e-09]]), 2.0245577689442493), (5.9244297482424765e-05, array([[-1.91779317e-06],
       [ 6.06048752e-08],
       [ 3.24629391e-09]]), 2.0475079190378396), (6.432008904429618e-05, array([[-1.96019636e-06],
       [ 3.01187498e-08],
       [ 4.68186924e-10]]), 2.0756890386467677), (6.955539735317846e-05, array([[-1.99368827e-06],
       [-9.69658852e-09],
       [ 6.51227014e-10]]), 2.1131772358721914), (7.513790079605797e-05, array([[-1.91882241e-06],
       [-2.84944211e-08],
       [-4.25647588e-09]]), 2.164716142316177), (7.916944689974353e-05, array([[-1.83209343e-06],
       [ 9.03003731e-08],
       [-1.85666161e-08]]), 2.177035540589939), (8.402305780621433e-05, array([[-1.77756798e-06],
       [ 2.03629763e-08],
       [-9.34656193e-09]]), 2.2184473918254226), (8.738920391393377e-05, array([[-1.68402883e-06],
       [-4.30827629e-08],
       [ 1.80492081e-08]]), 2.2275431572279776), (9.138593660855911e-05, array([[-1.50791994e-06],
       [-2.17334853e-08],
       [-4.79379534e-09]]), 2.2603648362126956), (9.351867223312535e-05, array([[-1.25873400e-06],
       [-2.16663977e-08],
       [ 3.00369760e-09]]), 2.2553393489414666), (9.716434539579334e-05, array([[-1.15025269e-06],
       [ 5.56999702e-08],
       [-8.97975948e-09]]), 2.295172971691874), (9.940743540737655e-05, array([[-8.66062931e-07],
       [-3.30233706e-08],
       [-6.03239999e-09]]), 2.3100543409695073), (0.00010061785565029949, array([[-5.91258544e-07],
       [ 5.05081991e-08],
       [-9.04855341e-10]]), 2.309999240752311), (0.0001021513656680769, array([[-4.12284438e-07],
       [-2.66042184e-08],
       [-5.02887879e-10]]), 2.3265311993528), (0.00010267506604870454, array([[-3.43162349e-08],
       [-2.46980121e-08],
       [-1.35456384e-09]]), 2.329290027549769), (0.00010256184219561846, array([[ 9.69722332e-08],
       [-3.34304184e-08],
       [ 3.14880011e-09]]), 2.3267214273820405), (0.00010153087885344634, array([[ 4.30411555e-07],
       [-2.33670978e-08],
       [-3.17538946e-09]]), 2.312399406560957), (0.00010076373293500129, array([[7.38744015e-07],
       [3.79863614e-09],
       [2.10277887e-09]]), 2.3133483124923737), (9.988226753563922e-05, array([[8.85349010e-07],
       [3.47693752e-08],
       [1.53278867e-09]]), 2.321088606310221), (9.675294569302528e-05, array([[ 1.00256604e-06],
       [-4.33437617e-08],
       [-2.08248680e-08]]), 2.285455070804372), (9.401404175266422e-05, array([[ 1.23011923e-06],
       [-2.55452725e-08],
       [-4.74430924e-10]]), 2.267285908307677), (9.165838105341646e-05, array([[ 1.50261749e-06],
       [ 2.94776379e-09],
       [-3.35911488e-09]]), 2.267103551881988), (8.662778556290175e-05, array([[ 1.60654157e-06],
       [-1.40776759e-10],
       [-8.22738215e-09]]), 2.2081346701189792), (8.354161818732046e-05, array([[ 1.57914963e-06],
       [ 3.19319818e-08],
       [-2.91568118e-09]]), 2.205736018367438), (7.922916199608389e-05, array([[1.88233515e-06],
       [2.79706174e-08],
       [7.19552555e-09]]), 2.1786776120219553), (7.407716137910591e-05, array([[1.98752708e-06],
       [7.65525115e-09],
       [2.67224276e-09]]), 2.134156335423253), (6.971555635179308e-05, array([[ 1.93478044e-06],
       [ 3.69635407e-08],
       [-9.84525203e-09]]), 2.118043060277936), (6.466754754853944e-05, array([[1.95417502e-06],
       [2.88091545e-08],
       [4.37215607e-09]]), 2.0869019554719546), (5.9357189430762466e-05, array([[ 1.92710242e-06],
       [-2.51341478e-08],
       [-2.87250048e-09]]), 2.051409512406983), (5.385390124891746e-05, array([[ 1.87065368e-06],
       [-4.70695640e-08],
       [-2.21553609e-09]]), 2.01204077554314), (4.879310748906032e-05, array([[ 1.81607484e-06],
       [-1.62921410e-09],
       [-1.02005482e-09]]), 1.9924490209305954), (4.3403801772857495e-05, array([[1.72133929e-06],
       [1.23353356e-08],
       [8.88666717e-09]]), 1.9627646469137492), (3.790920703169652e-05, array([[ 1.53501500e-06],
       [-8.90466774e-09],
       [-9.82777069e-09]]), 1.926875265502649), (3.479140812110464e-05, array([[ 1.22755456e-06],
       [ 3.32876111e-08],
       [-5.72825067e-09]]), 1.9145991519243983), (3.1827332658868725e-05, array([[ 9.38020282e-07],
       [-1.25212393e-10],
       [ 6.12449849e-09]]), 1.9177502853321897), (2.9123254452748706e-05, array([[ 6.54927022e-07],
       [ 2.95682197e-08],
       [-3.53882239e-09]]), 1.9475362323010328), (2.622796695755818e-05, array([[ 4.44350197e-07],
       [ 1.61746081e-08],
       [-1.60953605e-09]]), 1.979260645893248), (2.3292372456678746e-05, array([[ 2.58885614e-07],
       [-3.28837491e-09],
       [-4.97259000e-10]]), 2.026209937432028), (2.0645893038825235e-05, array([[1.27204470e-07],
       [1.06830076e-08],
       [3.48538111e-10]]), 2.1298938764924844), (1.7989001844137676e-05, array([[1.66750271e-08],
       [3.93844294e-09],
       [1.39858181e-11]]), 2.2909471743486782), (1.9658385664370313e-05, array([[ 9.25547656e-08],
       [-3.34579499e-08],
       [ 1.40079183e-10]]), 2.239705251388094), (2.293594291107217e-05, array([[ 2.53996829e-07],
       [-3.65105636e-08],
       [-2.67822489e-09]]), 2.1638089078618865), (2.6059616698805726e-05, array([[ 4.81487941e-07],
       [-1.98674312e-08],
       [-1.36104316e-09]]), 2.1050282070380613), (2.944947281847217e-05, array([[7.59378218e-07],
       [3.14106452e-08],
       [2.45148288e-09]]), 2.0871718666079055), (3.216738280749464e-05, array([[ 1.03096303e-06],
       [-6.55866308e-09],
       [ 4.78349173e-09]]), 2.038105126522742), (3.564681577355958e-05, array([[ 1.42226037e-06],
       [-1.72041629e-08],
       [-8.59986620e-10]]), 2.0495312199813127), (3.8372707380433984e-05, array([[ 1.74081735e-06],
       [ 1.59834685e-08],
       [-5.08376544e-09]]), 2.02683635584185), (4.187305986744456e-05, array([[2.01827621e-06],
       [2.01375700e-09],
       [6.14074787e-09]]), 2.0042726825270747), (4.7122989024712084e-05, array([[ 2.13915167e-06],
       [ 1.14618503e-08],
       [-4.01717958e-09]]), 2.02131416872968), (5.2158964818705924e-05, array([[ 2.28562439e-06],
       [ 8.00686223e-09],
       [-7.38093589e-09]]), 2.034255632483127), (5.712520849832489e-05, array([[ 2.29248350e-06],
       [-3.81939288e-08],
       [-5.66871116e-09]]), 2.050118143821695), (6.230782910838291e-05, array([[ 2.28394558e-06],
       [-2.26037590e-08],
       [ 1.92876773e-10]]), 2.0785780697566514), (6.685025331056363e-05, array([[2.35737255e-06],
       [1.06806006e-08],
       [4.78464785e-09]]), 2.0912069899033425), (7.1562706691502e-05, array([[ 2.23842090e-06],
       [ 7.50936565e-09],
       [-2.24021959e-09]]), 2.115380366006111), (7.562446484193193e-05, array([[ 2.15115699e-06],
       [-4.33836731e-09],
       [ 1.26919953e-08]]), 2.1269176996685997), (8.018559796162042e-05, array([[2.06544198e-06],
       [7.49315139e-09],
       [1.36310985e-08]]), 2.1590724575427944), (8.461746614156123e-05, array([[ 1.87840184e-06],
       [-7.25612092e-09],
       [ 1.01666063e-08]]), 2.19373211386894), (8.888200688038879e-05, array([[ 1.78370649e-06],
       [-3.21391421e-08],
       [-9.42467959e-09]]), 2.2303845519914214), (9.17636537853175e-05, array([[ 1.55091191e-06],
       [-2.61029430e-09],
       [ 7.90723227e-10]]), 2.2398742098151407), (9.521609616592484e-05, array([[1.21336413e-06],
       [5.51226032e-08],
       [1.51269543e-09]]), 2.2713253940960723), (9.706974768262189e-05, array([[9.44016443e-07],
       [2.63200968e-09],
       [4.63891238e-10]]), 2.2730373702901567), (9.942370579375635e-05, array([[ 7.42787541e-07],
       [-3.09553192e-08],
       [ 2.44854528e-10]]), 2.2952675273102514), (0.00010158295176900626, array([[ 4.28410243e-07],
       [ 2.72691749e-08],
       [-3.77128321e-10]]), 2.3216641555034703), (0.00010263170590855145, array([[ 2.50490097e-07],
       [-6.13132366e-08],
       [ 1.99351202e-10]]), 2.3317052257159734), (0.00010268968169282378, array([[9.27779617e-10],
       [6.72633646e-08],
       [3.95347623e-09]]), 2.3285719726282035)]