[(0.00010275023722792074, array([[2.32725232e-07],
       [2.91729874e-08],
       [9.65227297e-10]]), 2.329945118590775), (0.00010259831817546176, array([[-1.41847935e-07],
       [-6.26367235e-08],
       [-1.16872621e-09]]), 2.3309466847657783), (0.00010135352200187998, array([[-5.04270875e-07],
       [ 3.09586918e-08],
       [-2.20317167e-10]]), 2.316420570263362), (9.976405401478971e-05, array([[-8.65458709e-07],
       [-3.60622692e-08],
       [-1.11623789e-09]]), 2.3031247099960006), (9.714628435165151e-05, array([[-1.02269443e-06],
       [-4.18997892e-08],
       [-3.19951656e-09]]), 2.274829594057655), (9.518885880223749e-05, array([[-1.42360310e-06],
       [ 3.06757628e-10],
       [-6.97241650e-09]]), 2.2706756623983604), (9.177560649628265e-05, array([[-1.51778889e-06],
       [ 1.03877386e-07],
       [ 1.17173173e-09]]), 2.2401659655149615), (8.781961694992945e-05, array([[-1.64185020e-06],
       [-8.94261180e-09],
       [ 9.07062348e-09]]), 2.20372518445175), (8.423273440364154e-05, array([[-1.88036124e-06],
       [-3.29296518e-08],
       [-2.64760778e-08]]), 2.183757833059264), (8.038156407940078e-05, array([[-2.02930366e-06],
       [-2.83988181e-08],
       [-5.72400098e-09]]), 2.1643490291250576), (7.629586376984971e-05, array([[-2.14967031e-06],
       [ 1.06419796e-08],
       [ 9.37676619e-09]]), 2.145800613634491), (7.196292664783927e-05, array([[-2.28280145e-06],
       [-2.50848809e-08],
       [-1.50096759e-09]]), 2.1272107938484965), (6.70629568128509e-05, array([[-2.29425101e-06],
       [-4.11958164e-08],
       [-1.05628663e-08]]), 2.0978607724805545), (6.243796791479927e-05, array([[-2.39605209e-06],
       [-1.67451382e-09],
       [-2.55990949e-09]]), 2.082919477135341), (5.722894785969501e-05, array([[-2.25947140e-06],
       [-1.37178566e-08],
       [ 4.77532484e-09]]), 2.053841157751345), (5.253883933876235e-05, array([[-2.23397641e-06],
       [-3.07456812e-08],
       [-1.01017306e-08]]), 2.0490711466473273), (4.777159062369237e-05, array([[-2.16359937e-06],
       [-1.64705201e-08],
       [ 3.35154822e-09]]), 2.0491355703218415), (4.2234795279331785e-05, array([[-2.07572830e-06],
       [ 3.57578855e-09],
       [ 1.00222670e-08]]), 2.0215873093215655), (3.837136802012648e-05, array([[-1.76292087e-06],
       [ 2.01408186e-09],
       [-7.20467308e-09]]), 2.026765611181123), (3.55759039167085e-05, array([[-1.40961910e-06],
       [ 3.81367841e-09],
       [ 3.99387591e-09]]), 2.0454541078654245), (3.234624407434907e-05, array([[-1.02748848e-06],
       [-2.42764932e-08],
       [-3.44355237e-09]]), 2.0494376638041834), (2.9471217568427348e-05, array([[-7.83454921e-07],
       [ 1.58168655e-08],
       [-6.00133563e-10]]), 2.0887129818133494), (2.5925369619862105e-05, array([[-4.67042794e-07],
       [ 6.65816201e-10],
       [-4.50174722e-09]]), 2.0941840763988773), (2.2856974545214004e-05, array([[-2.66601399e-07],
       [-1.02656069e-08],
       [-6.49355294e-10]]), 2.15635892186629), (1.9876567847136995e-05, array([[-8.33008633e-08],
       [-4.78343112e-09],
       [ 1.88967698e-09]]), 2.264563029073653), (1.8149211726901038e-05, array([[-1.28457093e-08],
       [-1.20212381e-08],
       [ 1.08690135e-09]]), 2.311350328531414), (2.082058218119399e-05, array([[-9.99515627e-08],
       [ 1.73562653e-08],
       [ 1.97612068e-09]]), 2.1479153461339915), (2.3636139099140445e-05, array([[-2.73977398e-07],
       [-1.45928896e-08],
       [ 1.67706985e-09]]), 2.056114292963395), (2.617141410209421e-05, array([[-4.48152384e-07],
       [ 4.25288154e-09],
       [-2.07099498e-09]]), 1.9749929555528625), (2.9139580852553962e-05, array([[-6.71051282e-07],
       [-7.76103247e-09],
       [ 3.25071346e-09]]), 1.9486280146502677), (3.1995416602643e-05, array([[-9.50934716e-07],
       [ 1.08190636e-09],
       [-4.80763190e-09]]), 1.9278781535575251), (3.480547293925091e-05, array([[-1.22278777e-06],
       [ 5.27554730e-09],
       [ 1.12969092e-09]]), 1.9153731501713538), (3.828248030658256e-05, array([[-1.61698096e-06],
       [-4.71330913e-08],
       [ 8.00097971e-09]]), 1.945848256418804), (4.349162589693869e-05, array([[-1.76783053e-06],
       [-1.77250571e-08],
       [ 3.19971170e-11]]), 1.9667361443137867), (4.890036072982545e-05, array([[-1.75750928e-06],
       [ 3.75903655e-08],
       [-6.75440445e-09]]), 1.9968286684986893), (5.438502688558423e-05, array([[-1.95954612e-06],
       [ 2.35046737e-08],
       [-8.12649858e-09]]), 2.031884211452647), (5.942408628675965e-05, array([[-1.95685721e-06],
       [ 1.42650345e-08],
       [-7.81268855e-09]]), 2.053721495977278), (6.472730418676427e-05, array([[-2.04823277e-06],
       [ 6.64974519e-08],
       [-1.41192242e-08]]), 2.0888303762933913), (6.953899025361844e-05, array([[-1.98362664e-06],
       [-1.46870016e-08],
       [-4.10267119e-09]]), 2.1126787683108477), (7.452977627936568e-05, array([[-1.81299546e-06],
       [ 5.93874884e-08],
       [-4.78038682e-09]]), 2.147196129860744), (7.935565635351242e-05, array([[-1.87632096e-06],
       [ 1.58066041e-08],
       [ 1.62573214e-10]]), 2.1821560083300016), (8.296079025839025e-05, array([[-1.63685856e-06],
       [-2.00022258e-08],
       [ 9.18614039e-09]]), 2.1904005112140763), (8.71399981651789e-05, array([[-1.53373031e-06],
       [ 1.71696004e-09],
       [ 9.44500376e-09]]), 2.221190924509077), (9.132843370461095e-05, array([[-1.54229073e-06],
       [ 6.86858281e-08],
       [ 5.28628106e-09]]), 2.2589425436052313), (9.405280655075819e-05, array([[-1.17068983e-06],
       [ 2.86428042e-08],
       [ 1.69511229e-09]]), 2.268220778023077), (9.626723907763458e-05, array([[-1.02045174e-06],
       [ 9.44302403e-09],
       [-4.26858793e-09]]), 2.273981925060677), (9.927100109854827e-05, array([[-9.00328166e-07],
       [-5.58155541e-08],
       [ 3.77780074e-09]]), 2.3068838470715973), (0.00010091701338236436, array([[-6.85114891e-07],
       [ 1.02639563e-07],
       [-4.45397229e-09]]), 2.3168673471084715), (0.00010149251809677263, array([[-4.49773541e-07],
       [ 2.32292236e-08],
       [-1.92220849e-13]]), 2.3115257276174748), (0.00010278622294530428, array([[-1.94148694e-07],
       [-3.42418437e-08],
       [ 1.10801181e-09]]), 2.331811736672608), (0.00010298373758633692, array([[ 7.15935018e-08],
       [-7.84436714e-08],
       [-5.37556197e-10]]), 2.3362925605119047), (0.00010199054042224982, array([[4.35096335e-07],
       [3.91048397e-08],
       [2.68556729e-09]]), 2.3228683510921497), (0.00010070732374769378, array([[ 5.14233491e-07],
       [-2.98564997e-08],
       [-4.49110524e-09]]), 2.312053262235045), (9.898488660941037e-05, array([[ 7.78296712e-07],
       [-4.79536626e-08],
       [-2.23433488e-09]]), 2.300235048468769), (9.744661847520756e-05, array([[1.02575329e-06],
       [3.60001813e-08],
       [5.12802620e-09]]), 2.3018407008868644), (9.439046311236108e-05, array([[1.24714386e-06],
       [6.95768701e-08],
       [5.69608920e-09]]), 2.2763638590958366), (9.103655289620222e-05, array([[1.48397207e-06],
       [9.47582226e-08],
       [8.92646009e-09]]), 2.2517230835857056), (8.705469485365713e-05, array([[ 1.52983184e-06],
       [-5.85043393e-08],
       [-2.33388330e-08]]), 2.219016550566314), (8.352918469064097e-05, array([[ 1.82189474e-06],
       [-5.46012308e-09],
       [-4.98307203e-09]]), 2.2054077387380118), (7.865135246121893e-05, array([[1.84987122e-06],
       [1.44270992e-08],
       [5.51425490e-09]]), 2.1627887566320005), (7.504474702866365e-05, array([[ 2.00094956e-06],
       [-5.32609769e-08],
       [ 2.92086809e-09]]), 2.162032390682718), (7.013080536675051e-05, array([[ 2.12748174e-06],
       [-7.06645043e-09],
       [ 2.10270207e-08]]), 2.1306588284140995), (6.437973076686612e-05, array([[ 1.94836472e-06],
       [ 6.28857459e-09],
       [-8.19544689e-10]]), 2.0776137509975103), (5.953588773433252e-05, array([[1.93331965e-06],
       [4.46781151e-08],
       [2.15466180e-09]]), 2.0575854011798533), (5.38074505689565e-05, array([[1.92282665e-06],
       [2.70632233e-08],
       [9.93178600e-09]]), 2.010305327228984), (4.880237558467735e-05, array([[ 1.87612194e-06],
       [ 2.73819204e-08],
       [-6.11455358e-09]]), 1.9928274802866057), (4.329786795440948e-05, array([[1.74819262e-06],
       [2.22756509e-08],
       [5.05851640e-09]]), 1.957974210471097), (3.8208562340237016e-05, array([[ 1.56110465e-06],
       [-8.33349046e-09],
       [ 3.53841745e-09]]), 1.9420911031523609), (3.546107534700527e-05, array([[ 1.24920963e-06],
       [-6.17438283e-09],
       [-2.98014816e-09]]), 1.9514514775996894), (3.1791139786709275e-05, array([[ 9.29594022e-07],
       [-1.11102900e-08],
       [ 8.48138544e-10]]), 1.9155694902384033), (2.8957512685663696e-05, array([[ 6.52577172e-07],
       [ 3.01715832e-08],
       [-8.59364319e-10]]), 1.9364527149308375), (2.639328580839267e-05, array([[ 4.79153086e-07],
       [ 8.32791160e-09],
       [-3.28700429e-09]]), 1.9917362257203266), (2.325586094067902e-05, array([[ 2.55210456e-07],
       [-2.51838493e-09],
       [-4.58150318e-09]]), 2.0230337905329967), (2.1021149665089747e-05, array([[ 1.13238619e-07],
       [-3.74383513e-09],
       [ 7.37200601e-10]]), 2.168606505144148), (1.80579351467585e-05, array([[ 1.15148709e-08],
       [-3.73630787e-08],
       [ 1.88407691e-10]]), 2.299726013565328), (1.9691335297449404e-05, array([[ 9.79100739e-08],
       [-1.73257363e-08],
       [-1.02564452e-09]]), 2.2434592456121623), (2.313290564873441e-05, array([[ 2.70815081e-07],
       [ 1.05771522e-08],
       [-1.58217742e-09]]), 2.1823906477939596), (2.6241033438969785e-05, array([[4.90106019e-07],
       [6.60342187e-09],
       [5.36873586e-09]]), 2.119682580495969), (2.9592342721488478e-05, array([[7.72340233e-07],
       [2.67581662e-08],
       [4.71698100e-09]]), 2.097297482234328), (3.228103597634005e-05, array([[ 1.02701985e-06],
       [ 4.77896609e-09],
       [-1.47634899e-09]]), 2.045306119760383), (3.5260394331303516e-05, array([[ 1.37905335e-06],
       [ 4.94228533e-09],
       [-6.27022452e-09]]), 2.027313728943545), (3.849589081112591e-05, array([[ 1.73921034e-06],
       [-4.45399330e-08],
       [ 3.03408099e-09]]), 2.0333428723950977), (4.2656754514553104e-05, array([[ 2.05218556e-06],
       [ 7.68563727e-09],
       [-7.88098137e-09]]), 2.0417845762748628), (4.753146583470175e-05, array([[ 2.15658261e-06],
       [-3.10853455e-08],
       [ 8.54218697e-10]]), 2.038835552256447), (5.236014353682829e-05, array([[2.20412558e-06],
       [1.08875543e-08],
       [9.48604343e-09]]), 2.0421018185011706), (5.735251336970665e-05, array([[ 2.36729136e-06],
       [-2.30971524e-08],
       [-8.69828194e-09]]), 2.0582756955094488), (6.203406739872246e-05, array([[ 2.32664239e-06],
       [ 4.09241942e-09],
       [-1.12454363e-08]]), 2.0694454279332706), (6.708229590426145e-05, array([[ 2.23355035e-06],
       [-4.54356195e-08],
       [ 2.74660165e-08]]), 2.0984657371760247), (7.164923418661857e-05, array([[ 2.16028312e-06],
       [-4.08510084e-08],
       [ 4.24026611e-09]]), 2.1179381027484947), (7.60407904566923e-05, array([[ 2.08024273e-06],
       [ 2.40793358e-08],
       [-1.95504041e-08]]), 2.1386267454213206), (8.066523986117743e-05, array([[ 2.06041680e-06],
       [-6.91296138e-08],
       [ 1.52093146e-08]]), 2.171987265702144), (8.407510442969133e-05, array([[ 1.92145863e-06],
       [ 7.37027160e-08],
       [-2.47062035e-08]]), 2.1796712307095287), (8.824394415824513e-05, array([[ 1.73976905e-06],
       [-9.04185812e-09],
       [ 3.52931522e-09]]), 2.2143731534123368), (9.15652313431704e-05, array([[ 1.40026904e-06],
       [-5.66366724e-08],
       [ 1.16785407e-08]]), 2.2350308835908645), (9.471798852111633e-05, array([[ 1.40166313e-06],
       [-1.49950219e-08],
       [-6.92939139e-09]]), 2.259443321755326), (9.743349918851707e-05, array([[ 1.04715020e-06],
       [ 3.93604257e-08],
       [-2.98884526e-09]]), 2.2815551710070436), (9.968994832212052e-05, array([[ 6.97680095e-07],
       [ 8.40923886e-08],
       [-7.27998338e-09]]), 2.301413926952716), (0.00010020384484810604, array([[ 4.23328623e-07],
       [-2.80452362e-08],
       [ 1.47224775e-09]]), 2.2901448597052783), (0.00010210665343361554, array([[ 2.27625376e-07],
       [-5.03245702e-08],
       [-6.51088414e-10]]), 2.3197764792458133), (0.00010215024305124165, array([[-2.47660649e-08],
       [-5.21867898e-08],
       [-8.04871741e-09]]), 2.316339763110813)]