[(0.00010320939067614128, array([[ 4.53857932e-08],
       [ 2.96998466e-08],
       [-3.42215813e-10]]), 2.3403567961131593), (0.0001020012000072535, array([[-2.84662297e-07],
       [ 2.63058155e-08],
       [ 7.33120372e-09]]), 2.3173806669269856), (0.00010154073218019175, array([[-5.51845983e-07],
       [ 1.44674260e-08],
       [ 4.52994886e-09]]), 2.3206992327058567), (9.957428599918997e-05, array([[-8.10429062e-07],
       [-4.91191944e-08],
       [-2.21991028e-09]]), 2.298743779306978), (9.68837945035075e-05, array([[-9.73013492e-07],
       [ 5.54993051e-08],
       [ 9.93859079e-09]]), 2.268682990729665), (9.465058783927305e-05, array([[-1.28758825e-06],
       [ 8.22744743e-08],
       [ 6.46910901e-10]]), 2.2578355171254945), (9.17106288223013e-05, array([[-1.58986965e-06],
       [-3.76627956e-08],
       [ 3.47582154e-09]]), 2.2385799147185854), (8.867619666687395e-05, array([[-1.70439561e-06],
       [-3.97673986e-08],
       [-1.75803397e-08]]), 2.225219998028509), (8.437933510138033e-05, array([[-1.94076013e-06],
       [-2.00029805e-08],
       [-5.97189752e-09]]), 2.187558498255349), (7.985759061224653e-05, array([[-2.00726511e-06],
       [ 1.28287366e-08],
       [ 1.16082807e-08]]), 2.1502405519150054), (7.642961040590889e-05, array([[-2.17592459e-06],
       [ 6.63543621e-08],
       [ 1.10537579e-08]]), 2.1495622017409324), (7.16321084265356e-05, array([[-2.20504421e-06],
       [-3.66972636e-08],
       [-5.96966963e-09]]), 2.1174318684498297), (6.715540427285756e-05, array([[-2.28282919e-06],
       [ 3.22966945e-09],
       [ 1.16850957e-09]]), 2.100752710281696), (6.241702400829494e-05, array([[-2.33886144e-06],
       [-2.93821835e-10],
       [-7.01743791e-09]]), 2.0822207921485925), (5.727375525699154e-05, array([[-2.28158772e-06],
       [ 4.42683218e-08],
       [ 1.08243049e-08]]), 2.0554492124191497), (5.239320887585774e-05, array([[-2.24724065e-06],
       [-7.20023932e-09],
       [-1.04865271e-09]]), 2.043391402226507), (4.7467260719465214e-05, array([[-2.21549445e-06],
       [-3.55353177e-08],
       [ 1.14801556e-08]]), 2.0360815098703724), (4.290810920805156e-05, array([[-2.04877244e-06],
       [-7.34125932e-09],
       [ 6.13707922e-09]]), 2.0538157807628714), (3.8630551464055974e-05, array([[-1.79061213e-06],
       [ 2.57798951e-08],
       [ 3.89412655e-09]]), 2.040455612821624), (3.5543420892778436e-05, array([[-1.40418154e-06],
       [-3.14898587e-08],
       [-3.32170962e-09]]), 2.043586480414856), (3.2565724551167156e-05, array([[-1.07295417e-06],
       [ 3.85758500e-09],
       [ 3.82097758e-09]]), 2.0633438086606555), (2.9523877906498825e-05, array([[-7.81037857e-07],
       [ 2.14598782e-08],
       [-4.29283313e-09]]), 2.092445176844016), (2.560905261153591e-05, array([[-4.77562985e-07],
       [-1.30297119e-08],
       [ 2.99293154e-09]]), 2.0686328093718744), (2.2824402612648902e-05, array([[-2.60637126e-07],
       [ 7.98124025e-09],
       [-7.13886693e-10]]), 2.153286040227898), (1.946430064507368e-05, array([[-9.75007144e-08],
       [ 1.03491125e-08],
       [ 7.72194906e-10]]), 2.2175928946383614), (1.8009835431201648e-05, array([[-1.95605992e-08],
       [ 1.13875498e-08],
       [-6.26566693e-10]]), 2.2936003870076846), (2.08853079290237e-05, array([[-9.71463881e-08],
       [ 1.18997669e-08],
       [ 9.25033683e-10]]), 2.154592653513946), (2.353134997177476e-05, array([[-2.66817203e-07],
       [ 1.17234450e-08],
       [-1.25515574e-09]]), 2.0469986577227988), (2.634239051705619e-05, array([[-4.43662151e-07],
       [-2.76437125e-08],
       [ 1.37254431e-09]]), 1.9878954763642454), (2.9272957699004702e-05, array([[-6.72136211e-07],
       [-1.55643697e-08],
       [-2.29282255e-09]]), 1.9575472184238125), (3.223307438146853e-05, array([[-9.17049034e-07],
       [-3.01877266e-09],
       [ 1.06744386e-09]]), 1.9421981808761533), (3.528403505547788e-05, array([[-1.28489112e-06],
       [ 6.88892334e-09],
       [ 1.16329775e-08]]), 1.9417088080637255), (3.827188474530701e-05, array([[-1.58809664e-06],
       [ 2.49310759e-08],
       [-1.41686561e-08]]), 1.94530969793804), (4.338923612153458e-05, array([[-1.67313640e-06],
       [ 1.80031045e-08],
       [ 6.25398334e-10]]), 1.9621059731499717), (4.8844266318420064e-05, array([[-1.78549913e-06],
       [ 1.80640971e-08],
       [-3.54831939e-09]]), 1.9945380733545006), (5.420469710840872e-05, array([[-1.90117794e-06],
       [ 2.22146466e-08],
       [ 3.17937744e-09]]), 2.02514689333256), (5.96893639287038e-05, array([[-2.01663922e-06],
       [ 3.35195202e-08],
       [-1.30473533e-08]]), 2.0628896032163833), (6.434514821822754e-05, array([[-1.89155520e-06],
       [ 1.23427357e-08],
       [ 7.60171486e-09]]), 2.076497729266133), (6.935353354212817e-05, array([[-1.97653647e-06],
       [-5.17256048e-09],
       [ 1.01023803e-08]]), 2.107044368740517), (7.437276511031984e-05, array([[-2.03330514e-06],
       [-1.05663347e-08],
       [ 1.06890470e-08]]), 2.1426726522474953), (7.903992493823427e-05, array([[-1.87442229e-06],
       [ 2.78685973e-09],
       [-6.03630178e-09]]), 2.1734738899212203), (8.357614781280483e-05, array([[-1.72352562e-06],
       [ 6.56710074e-09],
       [ 1.54003975e-09]]), 2.2066476985609063), (8.725412873002481e-05, array([[-1.64913080e-06],
       [-1.64073957e-08],
       [ 7.93158306e-09]]), 2.224100102615373), (9.089725905732229e-05, array([[-1.45072853e-06],
       [ 4.21657916e-08],
       [-6.22813777e-09]]), 2.2482777515467736), (9.451835361527123e-05, array([[-1.15225360e-06],
       [ 2.48976813e-08],
       [ 2.43880876e-09]]), 2.2794481253357404), (9.742449261939617e-05, array([[-9.49312995e-07],
       [-2.13691421e-08],
       [ 6.47292242e-09]]), 2.3013180537571283), (9.932939798851515e-05, array([[-9.02214063e-07],
       [-8.91090111e-09],
       [ 1.16942924e-09]]), 2.3082408883091494), (0.0001010637774700894, array([[-6.73962744e-07],
       [ 3.49000940e-08],
       [ 7.75942746e-10]]), 2.3202367782002336), (0.00010193228780671643, array([[-5.50867798e-07],
       [-4.95754689e-09],
       [-1.64944077e-09]]), 2.3215416284722816), (0.00010267485937057416, array([[-1.91434581e-07],
       [ 8.05332016e-08],
       [-1.04824701e-09]]), 2.3292853388426997), (0.00010241453563674443, array([[ 9.52604293e-08],
       [-2.79150066e-08],
       [ 4.45202786e-09]]), 2.3233796257959067), (0.00010179416098599389, array([[ 3.27205575e-07],
       [ 2.11896227e-08],
       [-4.51727622e-09]]), 2.3183957443641567), (0.00010076995945535261, array([[ 6.35311488e-07],
       [-4.57707093e-08],
       [-5.02494101e-09]]), 2.313491261844565), (9.912063798041446e-05, array([[ 9.29971389e-07],
       [-3.87457280e-08],
       [-4.22521711e-09]]), 2.303389672090185), (9.742910764330797e-05, array([[ 9.74229480e-07],
       [ 6.84568233e-08],
       [-1.22566189e-11]]), 2.301427067800324), (9.427166790508996e-05, array([[ 1.18004506e-06],
       [-3.12698638e-08],
       [-3.76348149e-09]]), 2.273498939192394), (9.150579532026273e-05, array([[ 1.45771660e-06],
       [-7.67499065e-09],
       [-3.46802424e-09]]), 2.2633294544822347), (8.740416682868916e-05, array([[ 1.59865780e-06],
       [-1.53234818e-08],
       [-2.64204634e-09]]), 2.2279245606151554), (8.341119572971475e-05, array([[1.66909621e-06],
       [4.11522820e-08],
       [8.44379495e-10]]), 2.2022924950243796), (7.857659218350825e-05, array([[ 1.90471547e-06],
       [-1.56201391e-09],
       [ 6.11287720e-09]]), 2.1607329663243244), (7.41050273271341e-05, array([[1.98029182e-06],
       [1.13152858e-08],
       [1.57100726e-08]]), 2.1349591508716284), (7.003412553867551e-05, array([[ 1.98649169e-06],
       [ 6.64925498e-08],
       [-1.10431251e-08]]), 2.127721578112462), (6.447300246663492e-05, array([[1.93997435e-06],
       [1.40326746e-09],
       [8.97098876e-09]]), 2.0806237444179594), (5.966951679024328e-05, array([[ 2.03980392e-06],
       [-7.28637402e-09],
       [ 1.85994247e-09]]), 2.0622036777367154), (5.4115023845839595e-05, array([[ 1.90218457e-06],
       [-2.03510668e-08],
       [ 3.04075991e-09]]), 2.021796601959404), (4.881051896884544e-05, array([[1.78619290e-06],
       [5.73958759e-09],
       [7.04636273e-09]]), 1.9931600124545232), (4.3453478938728126e-05, array([[1.78379337e-06],
       [3.15312892e-08],
       [1.04610291e-08]]), 1.9650110995503185), (3.7971531127076815e-05, array([[ 1.57550661e-06],
       [-2.03802926e-08],
       [-3.35065635e-09]]), 1.9300431175163486), (3.5016983340159033e-05, array([[ 1.21820342e-06],
       [ 2.40766201e-08],
       [-1.72351879e-10]]), 1.9270127375313204), (3.1938482145182386e-05, array([[ 9.31358094e-07],
       [ 1.20319745e-08],
       [-6.92260287e-09]]), 1.924447577919577), (2.95956365230059e-05, array([[ 6.73793861e-07],
       [-2.32348154e-08],
       [-2.55385423e-09]]), 1.9791254627837693), (2.6508315860956894e-05, array([[ 4.17352728e-07],
       [ 6.31883430e-09],
       [-2.13257705e-09]]), 2.000416824430239), (2.3668332242180742e-05, array([[ 2.39697110e-07],
       [ 1.62655432e-08],
       [-3.48904015e-10]]), 2.0589147834014874), (2.0501922604905203e-05, array([[ 1.03722523e-07],
       [-7.78596804e-09],
       [-1.27284507e-10]]), 2.1150414433705267), (1.7884961535211445e-05, array([[ 5.20279238e-09],
       [-6.55349276e-09],
       [ 7.40307624e-11]]), 2.277697364613927), (1.975196353173541e-05, array([[ 9.89207253e-08],
       [-1.15486489e-08],
       [-8.38621707e-10]]), 2.2503666985958968), (2.272132473099503e-05, array([[ 2.58083593e-07],
       [ 2.56517101e-08],
       [-3.49855596e-10]]), 2.14356152881841), (2.6390617277693888e-05, array([[ 4.98303643e-07],
       [ 3.09137750e-08],
       [-5.52731046e-10]]), 2.131765574788272), (2.9191900018616616e-05, array([[ 7.48035913e-07],
       [-1.34504684e-10],
       [-3.22155280e-09]]), 2.0689169149904103), (3.262036970414283e-05, array([[1.03835970e-06],
       [4.13919857e-08],
       [3.23571725e-09]]), 2.066806091156122), (3.534591168421691e-05, array([[ 1.42185735e-06],
       [-3.56046597e-08],
       [-8.22986019e-09]]), 2.032230591245063), (3.807405377800635e-05, array([[1.71057677e-06],
       [3.14527596e-08],
       [1.74289126e-10]]), 2.01106155076484), (4.272232571434604e-05, array([[2.04846436e-06],
       [4.47939714e-09],
       [1.71887128e-09]]), 2.0449231709923623), (4.747308492302203e-05, array([[ 2.15876086e-06],
       [-4.58689093e-10],
       [ 4.04931300e-09]]), 2.0363313358133923), (5.2469782525921904e-05, array([[2.27441432e-06],
       [3.94128191e-08],
       [1.10148986e-09]]), 2.046377856798301), (5.696929917451178e-05, array([[ 2.23249054e-06],
       [-2.53126239e-08],
       [ 5.81636377e-09]]), 2.0445228463699654), (6.155391457239678e-05, array([[2.27645829e-06],
       [6.74522325e-10],
       [1.31922909e-08]]), 2.053427615256854), (6.71440048250273e-05, array([[2.16883601e-06],
       [1.66537002e-08],
       [1.37301957e-08]]), 2.100396113203853), (7.202531227309589e-05, array([[ 2.28574589e-06],
       [-2.64370376e-09],
       [ 4.30956186e-10]]), 2.1290549013856506), (7.63949833545453e-05, array([[2.06945302e-06],
       [3.96273820e-08],
       [4.73055502e-09]]), 2.1485883252502167), (8.071037994220975e-05, array([[ 2.06936382e-06],
       [-1.40118891e-08],
       [ 3.62800866e-09]]), 2.173202704735657), (8.485727863344813e-05, array([[ 1.89314434e-06],
       [ 1.61062739e-08],
       [-1.62508948e-08]]), 2.1999493216009594), (8.82795750285682e-05, array([[ 1.67056200e-06],
       [-2.42149787e-08],
       [-4.40772823e-09]]), 2.2152672662427273), (9.18412224780757e-05, array([[ 1.50730401e-06],
       [ 2.10450588e-08],
       [-1.07460770e-08]]), 2.2417675968723376), (9.491010624477345e-05, array([[ 1.35675716e-06],
       [ 6.15071177e-08],
       [-8.92476885e-09]]), 2.2640261799270993), (9.75449678049509e-05, array([[ 1.17228283e-06],
       [-6.29397556e-08],
       [ 1.41643998e-08]]), 2.2841653800249664), (9.919770600090266e-05, array([[ 7.71628226e-07],
       [-6.00796207e-08],
       [ 4.83960829e-09]]), 2.2900501600679566), (0.00010152901066720113, array([[5.40399010e-07],
       [2.26052992e-08],
       [8.48534021e-11]]), 2.3204313391658022), (0.00010162124974833099, array([[2.78452569e-07],
       [2.93949310e-08],
       [1.42853127e-09]]), 2.3087485196154014), (0.00010233830221212854, array([[ 1.01051746e-07],
       [-2.31788845e-08],
       [ 1.02113745e-09]]), 2.320604157390923)]