[(0.00010272151228771752, array([[-1.90837621e-08],
       [ 4.03888376e-08],
       [ 9.44974248e-10]]), 2.329293757231289), (0.00010217885941718287, array([[-3.17412715e-07],
       [ 3.45203022e-09],
       [ 9.80032713e-10]]), 2.321416937890844), (0.00010106564371057254, array([[-5.72814758e-07],
       [-1.29058119e-08],
       [-4.58464666e-09]]), 2.30984115217758), (9.92829282756213e-05, array([[-6.98325332e-07],
       [-5.92777293e-09],
       [ 9.82783716e-09]]), 2.292017577377577), (9.680168168200434e-05, array([[-8.74278772e-07],
       [ 2.71666622e-08],
       [-1.35132435e-09]]), 2.266760192779609), (9.504982417336221e-05, array([[-1.24178779e-06],
       [-3.41376521e-08],
       [-1.25001497e-08]]), 2.267359071024221), (9.143458670276724e-05, array([[-1.50271099e-06],
       [-4.40629538e-08],
       [ 5.19504464e-10]]), 2.2318419569448724), (8.858226869669297e-05, array([[-1.81861412e-06],
       [ 8.20104243e-08],
       [ 1.18888713e-08]]), 2.222862991238895), (8.485945279255688e-05, array([[-1.93538030e-06],
       [-4.06835596e-08],
       [-6.61027299e-10]]), 2.2000056873003224), (8.090029164373775e-05, array([[-1.99349522e-06],
       [ 2.12350618e-08],
       [ 4.23646688e-09]]), 2.1783162554798987), (7.632412775482354e-05, array([[-2.22477487e-06],
       [ 8.23712980e-09],
       [-7.55936192e-09]]), 2.1465955305972706), (7.18517006952971e-05, array([[-2.26689210e-06],
       [-1.06751743e-08],
       [ 2.17482777e-09]]), 2.1239229752754465), (6.716384732668953e-05, array([[-2.31665707e-06],
       [-2.44103296e-08],
       [-6.52962491e-09]]), 2.10101682555898), (6.235392759881374e-05, array([[-2.25924110e-06],
       [ 1.17527537e-08],
       [ 9.16959010e-09]]), 2.0801159071782), (5.730444218253506e-05, array([[-2.30896320e-06],
       [-2.29649336e-08],
       [ 8.70870971e-09]]), 2.056550509455759), (5.251952654522067e-05, array([[-2.21952613e-06],
       [ 2.21598356e-08],
       [ 7.71413970e-09]]), 2.04831792696251), (4.72860202913389e-05, array([[-2.18446303e-06],
       [ 2.07955428e-08],
       [-2.42967963e-09]]), 2.0283073034182686), (4.258452674313699e-05, array([[-2.04743947e-06],
       [ 4.31096301e-08],
       [ 8.21469098e-10]]), 2.0383273617883297), (3.867569505558712e-05, array([[-1.80270923e-06],
       [-2.78413630e-08],
       [ 3.14061116e-09]]), 2.0428400855053326), (3.5222939698878236e-05, array([[-1.34081823e-06],
       [-1.25638085e-08],
       [ 5.10127113e-10]]), 2.025160256415276), (3.2611972028695974e-05, array([[-1.08905497e-06],
       [-7.44185747e-10],
       [ 6.80386668e-09]]), 2.0662740197258302), (2.9399441337759206e-05, array([[-7.65735153e-07],
       [ 1.42056411e-08],
       [-9.30873925e-10]]), 2.0836259865294227), (2.6310827914860323e-05, array([[-4.85507993e-07],
       [-3.31235884e-08],
       [ 1.44345150e-09]]), 2.1253203971278474), (2.2850710805593858e-05, array([[-2.61749276e-07],
       [ 2.20124895e-08],
       [ 6.02836474e-10]]), 2.1557679919167714), (1.9609741986772962e-05, array([[-9.18191124e-08],
       [-2.31675786e-09],
       [ 7.79990349e-10]]), 2.234163214416104), (1.7745968639155736e-05, array([[-2.55267280e-08],
       [-9.13569305e-09],
       [-6.04688989e-10]]), 2.259996250053358), (2.079750627536617e-05, array([[-1.06307800e-07],
       [-1.05279521e-08],
       [ 2.56272501e-10]]), 2.145534764658307), (2.361915094895381e-05, array([[-2.40057898e-07],
       [ 4.28970545e-08],
       [ 2.18055269e-09]]), 2.0546364890689754), (2.6001574989346697e-05, array([[-4.28202655e-07],
       [ 4.29421103e-09],
       [-2.22852807e-09]]), 1.9621762598273211), (2.8798001216715677e-05, array([[-6.99103804e-07],
       [ 1.95663002e-08],
       [-1.33968662e-09]]), 1.9257858313327891), (3.207401777648591e-05, array([[-9.35023388e-07],
       [ 2.09156721e-08],
       [-2.77384732e-09]]), 1.9326142533488684), (3.528668480422822e-05, array([[-1.27112911e-06],
       [-3.79675256e-10],
       [-9.94855659e-10]]), 1.9418546258671485), (3.77797140788867e-05, array([[-1.54654475e-06],
       [-1.33227889e-08],
       [ 2.23883742e-09]]), 1.920293308575468), (4.3213309947003136e-05, array([[-1.64076377e-06],
       [ 2.26209675e-09],
       [-4.64558459e-09]]), 1.9541504102330605), (4.84024327843053e-05, array([[-1.82519486e-06],
       [ 2.43661390e-09],
       [-9.64812678e-10]]), 1.9764959596674674), (5.4508544610684255e-05, array([[-1.91924810e-06],
       [-4.36555278e-08],
       [ 1.26457639e-08]]), 2.0364989690401223), (5.9461129118470444e-05, array([[-1.95186574e-06],
       [ 3.89738632e-08],
       [ 5.43182410e-09]]), 2.055001711871372), (6.408569839633388e-05, array([[-2.02359448e-06],
       [ 1.70350120e-08],
       [-4.10596317e-09]]), 2.0681249617624586), (6.982435725971697e-05, array([[-1.89925108e-06],
       [-6.01952246e-08],
       [ 8.02403931e-09]]), 2.1213485636697103), (7.416442791257632e-05, array([[-1.90832751e-06],
       [-4.31436046e-09],
       [-4.94411285e-13]]), 2.1366704763785633), (7.941957383341617e-05, array([[-1.70686326e-06],
       [ 4.17246664e-08],
       [-2.66782637e-08]]), 2.1839136387147584), (8.33319006996959e-05, array([[-1.74645574e-06],
       [ 3.74109456e-08],
       [-2.37138275e-09]]), 2.2001988809960054), (8.787222041898863e-05, array([[-1.53471749e-06],
       [ 2.20538814e-08],
       [ 3.65497448e-09]]), 2.2398552056558683), (9.107534107636801e-05, array([[-1.52887724e-06],
       [ 4.07810988e-08],
       [ 1.22416564e-08]]), 2.2526824810790305), (9.407941944487937e-05, array([[-1.31681783e-06],
       [ 6.27013910e-08],
       [ 1.65473505e-09]]), 2.2688625868283934), (9.650255267739711e-05, array([[-1.08884938e-06],
       [-2.18069534e-08],
       [ 1.06069322e-08]]), 2.2795403983035776), (9.9799719824457e-05, array([[-8.35215131e-07],
       [ 1.87429458e-09],
       [ 6.20504905e-09]]), 2.3191703423717938), (0.00010055807252452943, array([[-7.07709102e-07],
       [ 2.30852746e-08],
       [ 3.80723160e-09]]), 2.3086267311291824), (0.00010145740372187771, array([[-4.22226674e-07],
       [-1.39475338e-09],
       [ 5.75291242e-10]]), 2.310725986094642), (0.00010268884809706217, array([[-2.15814007e-07],
       [ 2.08390111e-09],
       [ 2.24335332e-09]]), 2.329602687565818), (0.00010216548182709357, array([[1.68784989e-07],
       [2.96456329e-08],
       [1.09672602e-09]]), 2.3177295826309203), (0.00010187896772123607, array([[ 3.91794281e-07],
       [-6.32163954e-08],
       [-7.77543827e-09]]), 2.320327245858687), (0.0001003187187083854, array([[5.44637818e-07],
       [2.66642326e-08],
       [1.30348718e-09]]), 2.3031316116994307), (9.898611414499599e-05, array([[ 8.55253827e-07],
       [ 2.39841417e-08],
       [-8.44530408e-10]]), 2.30026357424148), (9.709540075115942e-05, array([[ 1.08845316e-06],
       [-1.28027418e-08],
       [ 2.69695459e-09]]), 2.2935443919462677), (9.427359386555989e-05, array([[1.24118445e-06],
       [4.72054046e-08],
       [9.38475347e-09]]), 2.2735453865416626), (9.168466093015499e-05, array([[1.50757545e-06],
       [8.66640889e-08],
       [1.78685189e-08]]), 2.26775356556554), (8.769349276283126e-05, array([[ 1.60567005e-06],
       [-6.05402956e-08],
       [-9.03681846e-09]]), 2.2352994533472317), (8.412272154534307e-05, array([[ 1.65167792e-06],
       [-4.82712784e-09],
       [-3.92411562e-09]]), 2.2210787976311903), (7.909648515832102e-05, array([[1.93533676e-06],
       [7.96778881e-08],
       [5.11501561e-09]]), 2.1750292072075497), (7.465845505758936e-05, array([[1.89306167e-06],
       [9.83226900e-09],
       [7.90164698e-09]]), 2.150903353850809), (6.987544099309823e-05, array([[ 1.97775733e-06],
       [ 3.64749099e-08],
       [-1.37426563e-08]]), 2.1229005493762454), (6.445173336386124e-05, array([[2.05385570e-06],
       [1.58180015e-08],
       [7.55673683e-09]]), 2.0799373640950285), (5.974778167256868e-05, array([[ 1.90855370e-06],
       [-1.99535818e-08],
       [ 1.34105211e-08]]), 2.0649085450936346), (5.3815804909692547e-05, array([[ 1.83730132e-06],
       [-2.44588430e-08],
       [-4.31384565e-09]]), 2.0106174545553963), (4.872984314856675e-05, array([[ 1.81410437e-06],
       [-4.08509275e-08],
       [-1.12347837e-08]]), 1.9898656443070737), (4.3371592990919506e-05, array([[ 1.78301016e-06],
       [-8.56602857e-09],
       [-1.02825444e-08]]), 1.961308132601043), (3.788545887185309e-05, array([[ 1.55212421e-06],
       [ 3.10075536e-09],
       [-9.43205918e-10]]), 1.92566817768978), (3.495698381092069e-05, array([[ 1.19038147e-06],
       [-1.14968291e-08],
       [ 1.72788019e-09]]), 1.923710915213703), (3.238057065986898e-05, array([[ 9.01871591e-07],
       [-3.41290707e-09],
       [-5.13697122e-09]]), 1.9510855429752525), (2.888940091389276e-05, array([[ 6.69344612e-07],
       [-1.22025916e-08],
       [-5.07667442e-09]]), 1.931897930588815), (2.670036508417188e-05, array([[ 4.54105687e-07],
       [ 2.33853895e-08],
       [-2.69927676e-09]]), 2.014909578298615), (2.365666311570862e-05, array([[ 2.49048053e-07],
       [-2.58184526e-08],
       [-2.59016770e-09]]), 2.0578996828546052), (2.0495946734048592e-05, array([[ 1.14025738e-07],
       [ 5.78859640e-09],
       [-6.82985874e-11]]), 2.1144249541384905), (1.800131988077281e-05, array([[ 1.88916831e-08],
       [-1.83506882e-08],
       [-3.15664604e-10]]), 2.2925159090382006), (1.99166236388725e-05, array([[ 1.04807093e-07],
       [-2.66594051e-08],
       [ 3.98580279e-10]]), 2.2691266371252072), (2.2743020238503228e-05, array([[ 2.47135768e-07],
       [-1.31804315e-08],
       [ 4.99848204e-10]]), 2.1456083133168207), (2.5963884043132883e-05, array([[ 4.80727618e-07],
       [-1.34413633e-08],
       [ 2.28188782e-09]]), 2.0972951715581023), (2.937636452476185e-05, array([[ 7.33044316e-07],
       [-1.15838362e-08],
       [-5.07698177e-09]]), 2.0819904640480544), (3.222704762592925e-05, array([[ 1.06866160e-06],
       [-1.10194747e-08],
       [ 4.17531509e-09]]), 2.0418854518619947), (3.4864280165435824e-05, array([[ 1.38838601e-06],
       [-8.53062223e-09],
       [ 1.91392799e-09]]), 2.0045389499905015), (3.849254208534944e-05, array([[ 1.74773418e-06],
       [-2.06255713e-08],
       [-2.05626682e-09]]), 2.033165993576457), (4.2755401597708626e-05, array([[ 2.04522264e-06],
       [-9.80539982e-09],
       [-4.98903687e-09]]), 2.046506362898661), (4.759552318058891e-05, array([[ 2.16280834e-06],
       [ 3.70530232e-08],
       [-6.88262492e-09]]), 2.0415832561592073), (5.247120380418013e-05, array([[ 2.22568645e-06],
       [-2.83113834e-08],
       [-1.53569944e-09]]), 2.0464332881764378), (5.721790137678353e-05, array([[ 2.25535151e-06],
       [ 4.50142517e-09],
       [-4.34207992e-09]]), 2.0534447198977666), (6.27281920599361e-05, array([[ 2.27466728e-06],
       [-4.49706895e-09],
       [ 2.01929334e-09]]), 2.092601302871013), (6.689982779596499e-05, array([[ 2.27834235e-06],
       [-1.88872115e-08],
       [ 8.04330121e-09]]), 2.092757777002242), (7.206953118645882e-05, array([[2.22106298e-06],
       [4.94800522e-09],
       [9.29201203e-09]]), 2.1303620042812597), (7.659727776745906e-05, array([[ 2.18944241e-06],
       [-4.04941257e-08],
       [ 1.02426190e-08]]), 2.1542778011132153), (8.020368423134008e-05, array([[2.02354639e-06],
       [1.32879299e-08],
       [2.57998465e-08]]), 2.1595594473240527), (8.464615459378627e-05, array([[ 1.82762559e-06],
       [ 3.54653197e-08],
       [-1.29177095e-09]]), 2.1944758702328797), (8.815208862759194e-05, array([[1.69095998e-06],
       [3.51609952e-08],
       [6.45935985e-09]]), 2.212068151941572), (9.230795447795942e-05, array([[ 1.53330494e-06],
       [-4.04671572e-08],
       [ 5.89727276e-10]]), 2.253160135489868), (9.422075245379616e-05, array([[1.21252491e-06],
       [2.42568631e-08],
       [5.40058872e-09]]), 2.2475820403959577), (9.770027325738067e-05, array([[ 1.24189533e-06],
       [ 3.76821438e-08],
       [-5.69671626e-09]]), 2.2878020959494467), (9.91097785337606e-05, array([[7.24821245e-07],
       [2.87346074e-08],
       [5.44909543e-09]]), 2.2880202914518293), (0.00010143775806087857, array([[ 5.33288465e-07],
       [-2.35519983e-08],
       [ 6.55146886e-09]]), 2.318345773610697), (0.0001024240586842619, array([[3.04353223e-07],
       [1.97623905e-08],
       [2.23794797e-09]]), 2.326987657068983), (0.00010274513748248408, array([[7.73800720e-08],
       [4.26541174e-08],
       [1.38651999e-09]]), 2.3298294777192132)]