[(0.00010214815241908848, array([[ 1.10897293e-07],
       [ 2.75404332e-10],
       [-3.20348617e-09]]), 2.3162923563280016), (0.00010208575987996435, array([[-2.59111689e-07],
       [ 1.17277471e-08],
       [ 6.43464405e-10]]), 2.3193017954451207), (0.0001012656142715398, array([[-6.03858249e-07],
       [-9.10691470e-09],
       [-1.56976498e-09]]), 2.314411451381026), (9.919446741418593e-05, array([[-8.37345053e-07],
       [ 1.43983991e-08],
       [ 5.73454579e-09]]), 2.289975394971786), (9.7674436778239e-05, array([[-9.39769495e-07],
       [ 2.09876085e-08],
       [ 6.27461773e-09]]), 2.2871970950711322), (9.474075511353613e-05, array([[-1.23027579e-06],
       [-3.95174314e-08],
       [-6.77145711e-09]]), 2.259986405767193), (9.196028068956069e-05, array([[-1.81278429e-06],
       [ 4.05246234e-08],
       [-1.58673964e-09]]), 2.2446737084576047), (8.830443779546882e-05, array([[-1.65497278e-06],
       [-9.25911235e-09],
       [-1.22184292e-09]]), 2.2158911667728916), (8.431091538781736e-05, array([[-2.08246741e-06],
       [-6.28889618e-09],
       [-3.19516903e-09]]), 2.1857846975294604), (8.079763758596888e-05, array([[-2.04566197e-06],
       [-4.19317638e-08],
       [ 5.45805326e-09]]), 2.1755521986614927), (7.601433507569287e-05, array([[-2.09480881e-06],
       [-5.04957825e-08],
       [-4.29145339e-09]]), 2.1378826949580634), (7.15439799133995e-05, array([[-2.16028585e-06],
       [ 3.41181962e-08],
       [ 1.00859514e-08]]), 2.114826805911082), (6.722614306997061e-05, array([[-2.36272936e-06],
       [ 1.85353886e-08],
       [ 1.17713140e-08]]), 2.1029655585456055), (6.162703052280573e-05, array([[-2.25140780e-06],
       [ 3.30770566e-08],
       [-1.21105498e-08]]), 2.0558667503261407), (5.7493884816792365e-05, array([[-2.31216275e-06],
       [ 5.61948654e-09],
       [ 2.22053376e-08]]), 2.0633492554369774), (5.229978978044314e-05, array([[-2.20123181e-06],
       [ 4.80657156e-08],
       [ 7.80458350e-09]]), 2.039747957198616), (4.7474422067519044e-05, array([[-2.17199167e-06],
       [ 3.43629826e-08],
       [ 4.25339173e-09]]), 2.036388691876183), (4.2565790222390056e-05, array([[-2.07687480e-06],
       [ 5.94418886e-09],
       [-2.28366273e-09]]), 2.037430529867817), (3.862287648687713e-05, array([[-1.78388517e-06],
       [-3.10761033e-08],
       [-8.84018100e-09]]), 2.04005022253675), (3.5567997833669004e-05, array([[-1.42934607e-06],
       [ 2.73887714e-08],
       [-6.16163590e-09]]), 2.0449995437293134), (3.1969572510041855e-05, array([[-1.04983337e-06],
       [ 2.09721383e-08],
       [ 4.81410535e-09]]), 2.0255719905902905), (2.9513245696674e-05, array([[-7.69779144e-07],
       [ 2.19428217e-08],
       [-5.00742682e-10]]), 2.091691640461106), (2.6010740085475353e-05, array([[-4.93555826e-07],
       [ 3.94597979e-09],
       [ 7.54499004e-11]]), 2.1010800810577677), (2.2910981849151105e-05, array([[-2.77200236e-07],
       [ 8.39515964e-09],
       [-1.42623441e-09]]), 2.1614540463964564), (1.9764910124110386e-05, array([[-8.91290503e-08],
       [ 1.32510317e-08],
       [-1.27249734e-10]]), 2.251841720575062), (1.7957517931563717e-05, array([[-1.70748272e-08],
       [-3.29989082e-08],
       [-5.74797114e-10]]), 2.28693761444237), (2.0500050660544665e-05, array([[-1.17149181e-07],
       [-2.19006222e-08],
       [ 1.19594149e-10]]), 2.1148483278282204), (2.3486147388458607e-05, array([[-2.49519622e-07],
       [-2.85607939e-08],
       [ 6.33009597e-10]]), 2.0430664724684577), (2.609740660878198e-05, array([[-4.52168007e-07],
       [-3.67369828e-08],
       [ 1.04061168e-10]]), 1.969408072849177), (2.951422210781173e-05, array([[-6.87966003e-07],
       [ 2.62063688e-08],
       [ 3.26354373e-09]]), 1.973681101348151), (3.2231231217878506e-05, array([[-9.41926670e-07],
       [ 1.94062557e-08],
       [ 4.32186770e-09]]), 1.9420871213808897), (3.5208998143304296e-05, array([[-1.19193456e-06],
       [-1.01962945e-08],
       [ 8.86537046e-09]]), 1.9375794664771337), (3.806924238256829e-05, array([[-1.61246343e-06],
       [ 7.24488563e-09],
       [ 4.71511698e-09]]), 1.935009652458909), (4.347584626521143e-05, array([[-1.73425334e-06],
       [ 3.39398156e-09],
       [ 1.51284532e-09]]), 1.9660225731050323), (4.8734615600437025e-05, array([[-1.85392086e-06],
       [-4.38818374e-08],
       [-4.53059041e-09]]), 1.9900605256652366), (5.440225883668612e-05, array([[-1.95432921e-06],
       [-1.92714892e-08],
       [-1.19804964e-09]]), 2.0325280160323547), (5.9497651162632126e-05, array([[-1.94498325e-06],
       [-2.59596939e-08],
       [ 6.26136506e-09]]), 2.056263929128023), (6.453723909606735e-05, array([[-1.96745128e-06],
       [-5.39906764e-08],
       [ 1.16005381e-08]]), 2.082696740111431), (6.939421594082582e-05, array([[-1.97145994e-06],
       [-2.44428983e-08],
       [ 1.12743085e-08]]), 2.1082803492984596), (7.446366053792557e-05, array([[-1.93329956e-06],
       [ 9.13535460e-09],
       [-7.85403859e-09]]), 2.1452913413154118), (7.914967990156044e-05, array([[-1.85907913e-06],
       [ 3.89799371e-08],
       [-8.57206168e-09]]), 2.1764919791623867), (8.356823817956148e-05, array([[-1.68430490e-06],
       [-3.40465453e-08],
       [ 2.41542345e-09]]), 2.206438861776134), (8.725321512313186e-05, array([[-1.67625024e-06],
       [ 2.89006788e-08],
       [-1.24872691e-08]]), 2.2240768148556547), (9.111633953401272e-05, array([[-1.47785859e-06],
       [ 2.44566125e-08],
       [-1.17166982e-08]]), 2.2536965481821123), (9.390722960561487e-05, array([[-1.24463125e-06],
       [ 2.88565263e-08],
       [ 4.39283083e-09]]), 2.264709977400695), (9.691420982518865e-05, array([[-1.13743407e-06],
       [-6.20468540e-08],
       [ 1.91191719e-10]]), 2.2892643804429746), (9.902861479562809e-05, array([[-8.51876208e-07],
       [-4.29373151e-08],
       [-5.04880960e-09]]), 2.3012512147744486), (0.00010065041603196062, array([[-6.70528986e-07],
       [-4.52033221e-08],
       [-9.40157199e-10]]), 2.310746766690225), (0.00010188312281968282, array([[-3.62282550e-07],
       [-1.43643946e-08],
       [ 3.64837097e-09]]), 2.320421879602539), (0.00010246473403013618, array([[-1.00205606e-09],
       [ 3.30484645e-08],
       [ 2.41020802e-09]]), 2.3245184282493767), (0.00010297275497732052, array([[ 9.44107001e-08],
       [-3.66796934e-08],
       [-3.80817608e-10]]), 2.33604340867161), (0.00010227067196395772, array([[ 4.33411612e-07],
       [ 9.60014191e-09],
       [-1.60104531e-09]]), 2.3292484397717663), (0.00010109218497707522, array([[6.06319801e-07],
       [6.99008166e-09],
       [5.15006117e-09]]), 2.320888961842438), (9.94069206684464e-05, array([[ 8.28486644e-07],
       [-1.97778926e-08],
       [-3.56762787e-09]]), 2.3100423793401252), (9.691343167367014e-05, array([[ 1.10709526e-06],
       [-1.49040679e-08],
       [ 1.17519079e-10]]), 2.289245999293738), (9.392220115209615e-05, array([[1.19998492e-06],
       [3.40600660e-08],
       [7.51891050e-09]]), 2.2650710381074752), (9.070014959375685e-05, array([[ 1.51240705e-06],
       [-4.53057909e-08],
       [-7.53614621e-09]]), 2.2434023919798363), (8.70236658331565e-05, array([[1.63772559e-06],
       [3.84763776e-08],
       [1.65272126e-08]]), 2.2182256235502065), (8.354720565787424e-05, array([[1.73647326e-06],
       [2.23269857e-08],
       [7.28710449e-10]]), 2.2058835434611517), (7.911536887628332e-05, array([[1.82308551e-06],
       [2.94825629e-08],
       [8.76244133e-09]]), 2.175548479815258), (7.42619194169457e-05, array([[1.90994892e-06],
       [3.30059919e-08],
       [7.36784736e-09]]), 2.1394791978228827), (6.988622824279963e-05, array([[1.95828826e-06],
       [2.29054306e-08],
       [2.69143359e-09]]), 2.1232282790906045), (6.46575439803427e-05, array([[1.97078847e-06],
       [1.41872166e-08],
       [3.83579348e-09]]), 2.086579127920534), (5.954669291966863e-05, array([[2.01040231e-06],
       [5.55130929e-08],
       [7.80385807e-09]]), 2.0579588329443017), (5.44655200300518e-05, array([[ 1.81371458e-06],
       [-2.86318202e-08],
       [-2.88435448e-09]]), 2.034891523551949), (4.8622902734032996e-05, array([[ 1.78383711e-06],
       [-2.07827162e-08],
       [-7.85053426e-09]]), 1.9854987708857925), (4.3698781605283514e-05, array([[1.80055307e-06],
       [1.69492107e-08],
       [2.49539166e-09]]), 1.9761039389340256), (3.822690407573947e-05, array([[1.58231571e-06],
       [1.77973755e-08],
       [2.57282876e-10]]), 1.9430233895079292), (3.529556120632516e-05, array([[ 1.27241201e-06],
       [ 1.85147327e-08],
       [-2.20885752e-09]]), 1.9423431014088044), (3.234601676701237e-05, array([[9.69247855e-07],
       [3.14610049e-08],
       [1.25783806e-09]]), 1.949003504288714), (2.9224131043087938e-05, array([[ 6.86774347e-07],
       [ 7.68609389e-09],
       [-6.16969023e-09]]), 1.9542820722961953), (2.642086561872728e-05, array([[4.47419868e-07],
       [1.80226997e-09],
       [1.64810594e-10]]), 1.9938175015319375), (2.335473662386302e-05, array([[ 2.58824134e-07],
       [ 3.06068555e-09],
       [-1.33587024e-09]]), 2.031635013624823), (2.0732704229936743e-05, array([[1.14672184e-07],
       [1.16950398e-08],
       [4.37389817e-10]]), 2.1388495861831096), (1.805105129354155e-05, array([[ 8.51882817e-09],
       [ 6.12962931e-09],
       [-9.84677217e-10]]), 2.2988493365705374), (1.9763663375371284e-05, array([[ 9.58579411e-08],
       [ 1.39247446e-08],
       [-1.69751516e-10]]), 2.2516996768820627), (2.2630781805683402e-05, array([[ 2.54157099e-07],
       [-1.69495162e-08],
       [ 2.10437827e-10]]), 2.1350195827082024), (2.6107028644868666e-05, array([[ 4.90221147e-07],
       [-1.71930767e-08],
       [-2.91434818e-09]]), 2.10885802099759), (2.9582022056129905e-05, array([[7.54298354e-07],
       [1.71333668e-08],
       [3.80108615e-09]]), 2.0965660259358105), (3.27088800179973e-05, array([[ 1.07933938e-06],
       [-3.03032349e-09],
       [-1.51195397e-09]]), 2.0724140489280205), (3.578100720201604e-05, array([[1.39762115e-06],
       [3.48344441e-08],
       [5.93472985e-09]]), 2.0572466222159047), (3.889706822383184e-05, array([[ 1.76373293e-06],
       [-1.17447202e-08],
       [ 1.66830619e-09]]), 2.054532958284882), (4.279996764129762e-05, array([[ 2.09035996e-06],
       [-6.73920417e-09],
       [ 5.89740423e-09]]), 2.048639536447871), (4.7244856979069045e-05, array([[ 2.13874408e-06],
       [ 2.72115926e-08],
       [-6.76353390e-09]]), 2.0265416262393607), (5.219931721411168e-05, array([[ 2.23086284e-06],
       [-3.89861815e-08],
       [ 3.43656849e-09]]), 2.035829419231458), (5.7232469167881944e-05, array([[ 2.25850716e-06],
       [ 2.09872990e-08],
       [-1.64303041e-09]]), 2.0539675309934515), (6.220586206492872e-05, array([[2.23354414e-06],
       [1.80149206e-08],
       [6.84949820e-09]]), 2.0751764673674375), (6.751334353022391e-05, array([[ 2.30710432e-06],
       [-1.65588913e-08],
       [ 1.39141796e-08]]), 2.111949752026444), (7.163141567499705e-05, array([[ 2.16740941e-06],
       [-2.74716082e-09],
       [-3.20107872e-09]]), 2.1174113908425554), (7.579681819188165e-05, array([[ 2.08584341e-06],
       [-1.43321954e-08],
       [ 9.69578771e-09]]), 2.131765091202166), (8.007933381330148e-05, array([[2.01502107e-06],
       [4.06053984e-08],
       [1.09249067e-10]]), 2.156211195649237), (8.432481187564003e-05, array([[ 1.93040954e-06],
       [ 9.11213491e-09],
       [-1.24634213e-08]]), 2.186144967967666), (8.878540414953796e-05, array([[ 1.75743627e-06],
       [-8.62714180e-09],
       [ 1.53395595e-08]]), 2.227960425375335), (9.119203978171098e-05, array([[ 1.57317366e-06],
       [-1.18544736e-08],
       [-1.67663568e-09]]), 2.2259215890134145), (9.457222713812342e-05, array([[ 1.31114638e-06],
       [-6.18631124e-09],
       [ 1.27360173e-08]]), 2.255966267517633), (9.761476907954826e-05, array([[ 1.20570506e-06],
       [-9.52841450e-09],
       [-3.40736412e-09]]), 2.2857998841773046), (9.970313407510665e-05, array([[ 9.16988566e-07],
       [-3.11432716e-08],
       [ 2.96716083e-09]]), 2.30171832951356), (0.00010075324166622082, array([[ 6.92451630e-07],
       [-7.61539272e-09],
       [ 4.75479460e-10]]), 2.302701247145812), (0.00010143105429388934, array([[ 2.84560040e-07],
       [-7.89162515e-09],
       [-4.34566396e-09]]), 2.3044274403631073), (0.00010298411755785604, array([[-6.00237267e-08],
       [-5.37886633e-08],
       [ 7.85113406e-10]]), 2.335248545110934)]