[(0.0001020247536891135, array([[ 6.55098878e-08],
       [-1.98414304e-08],
       [ 1.98835777e-09]]), 2.31349418985849), (0.00010267486623645399, array([[-3.10610432e-07],
       [-3.48240765e-08],
       [ 1.19666262e-09]]), 2.3326857917235544), (0.00010082123228745505, array([[-6.38789834e-07],
       [ 4.56574863e-08],
       [ 4.13886619e-09]]), 2.304255163285095), (9.925187908459693e-05, array([[-7.77877419e-07],
       [-4.21742881e-08],
       [ 1.77126225e-09]]), 2.291300784542925), (9.730086998387614e-05, array([[-1.03433976e-06],
       [-9.45107967e-08],
       [-4.63524461e-09]]), 2.2784494542854303), (9.479830208395336e-05, array([[-1.39075920e-06],
       [ 1.72861202e-08],
       [-8.22679957e-09]]), 2.2613591557593176), (9.182273625760034e-05, array([[-1.65384407e-06],
       [ 2.97444090e-08],
       [ 1.41143069e-08]]), 2.2413163636577513), (8.768347059693324e-05, array([[-1.71798384e-06],
       [ 4.91462998e-08],
       [ 3.00024751e-09]]), 2.200308759314755), (8.449643648518694e-05, array([[-1.96052702e-06],
       [ 3.99147870e-09],
       [ 2.09579472e-09]]), 2.1905943852648386), (8.063126560090617e-05, array([[-1.99436774e-06],
       [-1.59847124e-08],
       [-9.51556498e-09]]), 2.1710724768687144), (7.666792520660704e-05, array([[-2.19741081e-06],
       [-1.12369949e-08],
       [ 1.40734921e-09]]), 2.156264741306103), (7.165811684266354e-05, array([[-2.22310412e-06],
       [-5.19661752e-08],
       [ 1.77637892e-10]]), 2.1182006724173092), (6.732758356183355e-05, array([[-2.28899985e-06],
       [ 5.54496573e-09],
       [ 8.87927644e-09]]), 2.106138816014916), (6.268128573229539e-05, array([[-2.28531650e-06],
       [-2.45587269e-08],
       [-1.11630884e-08]]), 2.091036516144175), (5.6908552462513506e-05, array([[-2.21557923e-06],
       [-9.00679209e-09],
       [-1.44759072e-08]]), 2.042342759159452), (5.194448655185903e-05, array([[-2.20440672e-06],
       [ 5.17242019e-08],
       [ 7.53818442e-09]]), 2.025890749784725), (4.732526038844362e-05, array([[-2.13391347e-06],
       [ 2.31214858e-09],
       [ 3.10607304e-09]]), 2.0299904853619797), (4.2191260892355235e-05, array([[-1.97818041e-06],
       [-4.20121299e-10],
       [ 2.53040982e-09]]), 2.019503516476145), (3.856001091851637e-05, array([[-1.79013249e-06],
       [ 1.45731807e-08],
       [ 2.54905009e-09]]), 2.0367296796774466), (3.510906006448388e-05, array([[-1.39396920e-06],
       [-1.68604026e-08],
       [-3.89130186e-09]]), 2.0186126907787294), (3.2376545201905225e-05, array([[-1.07858303e-06],
       [-4.59261533e-09],
       [ 1.00364981e-08]]), 2.051357524172719), (2.9563296912651307e-05, array([[-7.58026047e-07],
       [-7.32657687e-09],
       [-5.74548331e-09]]), 2.0952389192365626), (2.6073441725408847e-05, array([[-4.83327071e-07],
       [ 1.23403317e-08],
       [ 3.76656815e-09]]), 2.1061449568083614), (2.3119429738521146e-05, array([[-2.72929278e-07],
       [ 1.26969792e-08],
       [ 7.58424691e-10]]), 2.1811193115914693), (1.9278059143732843e-05, array([[-9.88125256e-08],
       [ 3.73970136e-09],
       [ 6.77805899e-10]]), 2.1963741600127866), (1.7854776205144314e-05, array([[-1.31517286e-08],
       [-9.02444573e-09],
       [-4.75548897e-10]]), 2.2738531826396717), (2.1113576792168053e-05, array([[-1.05720249e-07],
       [ 2.68271884e-08],
       [ 4.35855963e-10]]), 2.1781415720756554), (2.3660396235105386e-05, array([[-2.48002649e-07],
       [ 3.95126454e-09],
       [ 1.99462394e-10]]), 2.0582244279458752), (2.6313518650606946e-05, array([[-4.35022798e-07],
       [ 1.36410826e-09],
       [ 1.05571327e-10]]), 1.9857166971577238), (2.9045302499784865e-05, array([[-6.66094748e-07],
       [ 1.16136444e-08],
       [ 1.42241445e-09]]), 1.9423234133483296), (3.205048023232384e-05, array([[-9.43154205e-07],
       [-2.31507235e-09],
       [-7.76418804e-09]]), 1.93119600279936), (3.5151487742831776e-05, array([[-1.23370261e-06],
       [ 1.75898754e-08],
       [-3.50639657e-09]]), 1.9344146229160957), (3.7940026757649284e-05, array([[-1.60803793e-06],
       [-2.30459723e-09],
       [ 2.81197978e-09]]), 1.9284417917446313), (4.3255768680799126e-05, array([[-1.70333488e-06],
       [ 1.23861427e-08],
       [ 3.59936580e-09]]), 1.9560704379321), (4.881916657893397e-05, array([[-1.82973912e-06],
       [-1.34070918e-10],
       [ 4.86006837e-09]]), 1.9935131345068178), (5.360395375941693e-05, array([[-1.86355872e-06],
       [-1.64079704e-08],
       [-1.04938077e-08]]), 2.0027024633882737), (5.9518114646570905e-05, array([[-2.00518373e-06],
       [ 8.00156986e-10],
       [ 4.14932987e-12]]), 2.0569711557674846), (6.442934436377788e-05, array([[-1.93772575e-06],
       [-1.82441042e-08],
       [ 2.31859207e-09]]), 2.0792148432970974), (6.941961383168848e-05, array([[-1.94476219e-06],
       [-8.92233994e-08],
       [ 3.24915834e-08]]), 2.109051967991652), (7.42919075472209e-05, array([[-1.85743921e-06],
       [ 1.31335456e-08],
       [ 4.30842770e-09]]), 2.1403431531503125), (7.915710897870814e-05, array([[-1.86050340e-06],
       [-4.83305068e-09],
       [ 9.89120741e-09]]), 2.1766962671246963), (8.352988214143307e-05, array([[-1.73825630e-06],
       [ 2.57619270e-08],
       [-1.47898075e-09]]), 2.205426153420018), (8.769878314316582e-05, array([[-1.54502437e-06],
       [ 5.08360824e-09],
       [ 2.75019878e-09]]), 2.235434304678811), (9.044710434017824e-05, array([[-1.50568919e-06],
       [ 2.89608027e-08],
       [ 3.92346489e-09]]), 2.237143501231585), (9.501272899914964e-05, array([[-1.15063063e-06],
       [ 8.47274805e-10],
       [ 7.57676429e-12]]), 2.291370709668734), (9.702073256358273e-05, array([[-1.03123249e-06],
       [-6.66959713e-08],
       [-3.15372841e-09]]), 2.2917806132137177), (9.960623142298335e-05, array([[-7.95231057e-07],
       [ 8.22737566e-08],
       [ 4.60078129e-09]]), 2.3146740114895037), (0.00010083935461322422, array([[-6.29565388e-07],
       [ 9.19462431e-09],
       [ 6.60218773e-09]]), 2.3150844458868933), (0.00010172742993300204, array([[-3.69526725e-07],
       [-1.21763864e-08],
       [-4.13793087e-09]]), 2.316875922521974), (0.00010292664331188939, array([[-8.86227959e-08],
       [ 1.58539922e-08],
       [-3.66228323e-10]]), 2.3349973178671353), (0.00010237137528049137, array([[ 2.83945684e-07],
       [ 1.11265624e-08],
       [-6.36259867e-10]]), 2.322400488491451), (0.00010213351185792752, array([[3.53506223e-07],
       [7.45394380e-08],
       [3.10451006e-09]]), 2.326124572911066), (0.00010043610671221235, array([[ 6.84673725e-07],
       [-2.24509702e-08],
       [-2.03809879e-09]]), 2.305826622420551), (9.987476868007494e-05, array([[1.03414913e-06],
       [7.76878991e-09],
       [3.22817729e-09]]), 2.3209143460672363), (9.659091878428054e-05, array([[1.03752459e-06],
       [2.03176624e-08],
       [1.98134123e-09]]), 2.281627743196463), (9.408141814115551e-05, array([[1.20838974e-06],
       [6.56213358e-08],
       [8.17136713e-09]]), 2.268910788307846), (9.105416611693808e-05, array([[ 1.42079727e-06],
       [-5.53106847e-08],
       [-5.82167013e-10]]), 2.2521587338211937), (8.770630578056353e-05, array([[1.64199425e-06],
       [1.02973641e-10],
       [5.17057137e-09]]), 2.2356260560475043), (8.356294552214894e-05, array([[ 1.68717366e-06],
       [-1.08414841e-10],
       [-6.79751630e-09]]), 2.2062991205867593), (7.873472791417914e-05, array([[ 1.84333429e-06],
       [-3.44237579e-08],
       [-5.86449635e-09]]), 2.1650814507383136), (7.416563782987414e-05, array([[ 1.88507855e-06],
       [-3.65599453e-08],
       [-5.93638831e-09]]), 2.1367053339867437), (6.917704196520486e-05, array([[1.95272201e-06],
       [1.35639606e-08],
       [1.57069276e-08]]), 2.1016823408193206), (6.436985552007199e-05, array([[1.94678141e-06],
       [2.87768937e-08],
       [1.03425818e-08]]), 2.0772950645368864), (5.9270955857860094e-05, array([[ 2.00786128e-06],
       [-1.17447652e-09],
       [ 6.09978648e-09]]), 2.0484292437413463), (5.4383162147537785e-05, array([[ 1.92959420e-06],
       [-4.03382256e-09],
       [-1.03132968e-10]]), 2.031814542795445), (4.881241327053737e-05, array([[ 1.76106802e-06],
       [-3.38287109e-08],
       [-1.62623299e-08]]), 1.9932373655838005), (4.368419126510373e-05, array([[ 1.71339442e-06],
       [-3.87435947e-09],
       [ 1.09055545e-08]]), 1.975444148714699), (3.8007755299472445e-05, array([[ 1.54830468e-06],
       [-5.72062292e-09],
       [ 6.13503980e-09]]), 1.9318843446816671), (3.492480995711714e-05, array([[ 1.22896112e-06],
       [-1.88932482e-08],
       [-8.51489572e-09]]), 1.9219403621796902), (3.2014608532765684e-05, array([[ 9.37670219e-07],
       [-4.07813594e-08],
       [ 1.11554002e-09]]), 1.9290345599037082), (2.9336708653683208e-05, array([[6.76109845e-07],
       [2.98012566e-08],
       [4.56889953e-10]]), 1.9618103853127191), (2.6586355466447746e-05, array([[4.73376710e-07],
       [2.05329825e-08],
       [1.96708142e-09]]), 2.006305985424647), (2.3082602748034125e-05, array([[ 2.51583522e-07],
       [-3.11584713e-08],
       [-6.54459270e-10]]), 2.0079620123218453), (2.0542283785022216e-05, array([[ 1.28302862e-07],
       [ 1.20466124e-08],
       [-2.22195293e-10]]), 2.1192052269480923), (1.780938439296903e-05, array([[1.92097948e-08],
       [9.25365749e-09],
       [4.20692534e-11]]), 2.2680724147714746), (1.988696137677476e-05, array([[ 9.48955906e-08],
       [-6.35966676e-09],
       [ 3.14288077e-10]]), 2.2657471773199815), (2.295995708069914e-05, array([[ 2.75282593e-07],
       [-1.96223050e-08],
       [-9.31660592e-11]]), 2.1660744381849786), (2.6082920797751956e-05, array([[ 5.05161292e-07],
       [-9.76636080e-09],
       [ 4.59017835e-09]]), 2.106910651672163), (2.939312404632626e-05, array([[ 7.60998969e-07],
       [-2.14697405e-09],
       [-3.27245019e-09]]), 2.083178261266791), (3.282838393269317e-05, array([[ 1.05189419e-06],
       [ 1.47708102e-08],
       [-1.25045832e-09]]), 2.079985741739922), (3.552073599109938e-05, array([[ 1.38014439e-06],
       [-2.16858186e-08],
       [-1.17995198e-09]]), 2.042282200826219), (3.8766091539867416e-05, array([[1.80547359e-06],
       [3.81121265e-09],
       [9.95483607e-09]]), 2.047614804134464), (4.2532526181520845e-05, array([[ 2.08588019e-06],
       [-3.15937994e-08],
       [-1.53138600e-09]]), 2.0358383317185624), (4.7293555147419885e-05, array([[2.08007519e-06],
       [1.32090572e-08],
       [1.53275097e-08]]), 2.0286305068412918), (5.2090637816593226e-05, array([[2.20323317e-06],
       [4.20617000e-09],
       [5.84974770e-09]]), 2.0315908060361), (5.715839511052561e-05, array([[ 2.35777926e-06],
       [ 5.43468499e-09],
       [-3.96935000e-09]]), 2.051309149992056), (6.236181584137886e-05, array([[ 2.37987548e-06],
       [-4.60897133e-08],
       [ 3.89339207e-09]]), 2.0803790575437238), (6.658741630134648e-05, array([[ 2.22764624e-06],
       [ 3.54513783e-08],
       [-1.88083883e-10]]), 2.0829849329378027), (7.148972413567676e-05, array([[ 2.29358326e-06],
       [-2.66781796e-08],
       [ 1.97451690e-09]]), 2.1132230151624767), (7.591239881446682e-05, array([[ 2.10892966e-06],
       [-1.94970503e-08],
       [ 4.71129251e-09]]), 2.1350157650737613), (8.026881795937646e-05, array([[ 2.00513815e-06],
       [ 2.21452300e-08],
       [-7.63970576e-09]]), 2.1613132340617627), (8.450240643306789e-05, array([[ 1.99988189e-06],
       [-1.93866520e-08],
       [ 7.36324761e-10]]), 2.190749157878365), (8.830972455381918e-05, array([[ 1.69353688e-06],
       [-1.06402449e-08],
       [-7.48629785e-11]]), 2.216023831465879), (9.180867267400787e-05, array([[ 1.43577188e-06],
       [-2.09416887e-08],
       [ 8.33404529e-09]]), 2.2409730833186745), (9.501068431066172e-05, array([[ 1.35018675e-06],
       [ 2.61423862e-08],
       [-2.85407314e-10]]), 2.266425412035324), (9.757608703936613e-05, array([[ 1.04871356e-06],
       [ 7.51065179e-08],
       [-1.12059537e-08]]), 2.284894084739353), (9.994658497500158e-05, array([[ 9.35369478e-07],
       [-1.22487465e-08],
       [ 3.15152203e-09]]), 2.307338568072988), (0.00010106247864515785, array([[ 5.83789845e-07],
       [ 3.57955363e-09],
       [-4.00451140e-09]]), 2.3097688150501865), (0.00010225352670662372, array([[2.97124491e-07],
       [1.60316487e-08],
       [3.54876960e-09]]), 2.323113315315715), (0.00010222805476360668, array([[ 8.97584109e-08],
       [-2.52001655e-08],
       [-3.02450967e-10]]), 2.318104206914402)]