[(0.00010262752023550328, array([[ 7.75915744e-08],
       [-3.14247265e-08],
       [-2.39724584e-09]]), 2.3271624110743248), (0.00010226493421987753, array([[-4.42733456e-07],
       [ 6.57064160e-08],
       [ 3.59079705e-10]]), 2.3233724843320616), (0.00010098802128872114, array([[-4.61383064e-07],
       [-4.79249738e-08],
       [-3.49950487e-09]]), 2.308067102582274), (0.00010010542629103556, array([[-8.49039865e-07],
       [ 1.32399964e-08],
       [ 6.69387559e-09]]), 2.3110055337304973), (9.747139624556377e-05, array([[-1.14317886e-06],
       [-5.49184430e-08],
       [-6.01971109e-09]]), 2.2824425888581006), (9.463664821929511e-05, array([[-1.34972231e-06],
       [ 1.89041443e-08],
       [ 4.96112973e-09]]), 2.2575029954814148), (9.16406720882931e-05, array([[-1.42199647e-06],
       [-3.73029881e-08],
       [-8.12715873e-09]]), 2.236872329222104), (8.82204004026772e-05, array([[-1.68844474e-06],
       [-1.57029018e-08],
       [-1.94774712e-09]]), 2.2137823518479056), (8.477389651690444e-05, array([[-1.93888354e-06],
       [-2.06646994e-08],
       [ 5.48465703e-10]]), 2.1977876162802357), (8.046103992717928e-05, array([[-2.05488323e-06],
       [-2.24662076e-08],
       [-9.84006469e-09]]), 2.166488990893012), (7.587045342903155e-05, array([[-2.22787525e-06],
       [ 2.43908544e-08],
       [ 1.16364280e-08]]), 2.133836062408913), (7.169800960710015e-05, array([[-2.24854511e-06],
       [-3.34739512e-08],
       [-5.43560498e-10]]), 2.119379895151277), (6.722401604214151e-05, array([[-2.27914201e-06],
       [-7.27451460e-09],
       [ 1.53991719e-08]]), 2.102899020944869), (6.222584461676911e-05, array([[-2.28952440e-06],
       [ 1.65986359e-08],
       [ 1.34029434e-08]]), 2.0758430817340026), (5.7478741494057236e-05, array([[-2.24818012e-06],
       [-6.23518787e-09],
       [ 1.61874050e-08]]), 2.0628057895746528), (5.268233226677589e-05, array([[-2.18038239e-06],
       [-6.03247193e-10],
       [-5.70036527e-09]]), 2.0546675249122646), (4.71177795313579e-05, array([[-2.08976780e-06],
       [ 3.24392673e-08],
       [-8.07125301e-09]]), 2.021090710435826), (4.236241896239212e-05, array([[-2.02242138e-06],
       [-2.38868462e-08],
       [ 6.85243524e-09]]), 2.02769607382101), (3.818030855300191e-05, array([[-1.76326549e-06],
       [ 3.59925771e-08],
       [ 5.74473466e-09]]), 2.0166739001570186), (3.5551160608785324e-05, array([[-1.38905851e-06],
       [ 4.35528534e-09],
       [ 7.67492624e-09]]), 2.0440314791965326), (3.262290513918771e-05, array([[-1.05497887e-06],
       [-1.83346168e-08],
       [ 2.11063142e-09]]), 2.0669667347246032), (2.9671935438224515e-05, array([[-7.74872651e-07],
       [-6.46291271e-09],
       [ 1.59686044e-09]]), 2.1029384551706634), (2.6150618310319928e-05, array([[-4.82235064e-07],
       [-1.14309020e-08],
       [-2.02899100e-10]]), 2.1123790810488816), (2.292283384454716e-05, array([[-2.71601393e-07],
       [ 4.21893545e-08],
       [ 7.23479415e-10]]), 2.16257218020562), (1.96767064080025e-05, array([[-9.88800290e-08],
       [-3.42327067e-09],
       [ 2.92142771e-10]]), 2.2417925573562925), (1.775335958232107e-05, array([[-1.36140489e-09],
       [ 8.60381303e-09],
       [-8.03648996e-11]]), 2.260937506300208), (2.062218796407959e-05, array([[-1.09789015e-07],
       [ 4.23910924e-09],
       [ 6.26604869e-10]]), 2.1274483880145802), (2.3715519667222407e-05, array([[-2.55250165e-07],
       [-1.60758449e-08],
       [-2.60338118e-09]]), 2.063019630587796), (2.6535585774827786e-05, array([[-4.54606938e-07],
       [ 1.38907910e-08],
       [-2.24207980e-09]]), 2.0024747142937156), (2.9238155052795222e-05, array([[-6.72522718e-07],
       [ 1.29277938e-08],
       [-1.62470990e-09]]), 1.9552198887435777), (3.231801845444341e-05, array([[-9.42137555e-07],
       [ 7.19221368e-09],
       [ 5.51698569e-09]]), 1.94731647092989), (3.479087204392575e-05, array([[-1.21788890e-06],
       [-1.30060266e-08],
       [ 2.64329494e-09]]), 1.9145696511663814), (3.8075860908603735e-05, array([[-1.59486186e-06],
       [ 1.50915190e-08],
       [ 1.98541232e-10]]), 1.935346063455349), (4.362410894839928e-05, array([[-1.77914674e-06],
       [-2.31196447e-08],
       [ 1.33923783e-08]]), 1.972727164434165), (4.875977169054986e-05, array([[-1.86048533e-06],
       [-9.35811241e-09],
       [ 4.88912794e-09]]), 1.9910877655705241), (5.403914146029815e-05, array([[-1.94500505e-06],
       [ 3.93116611e-08],
       [ 3.68637482e-09]]), 2.01896155286706), (6.004869802138557e-05, array([[-2.06323120e-06],
       [ 1.47798581e-08],
       [ 1.12011474e-08]]), 2.0753083410799635), (6.474281800948374e-05, array([[-1.93861245e-06],
       [ 3.41723121e-08],
       [-9.16511697e-09]]), 2.089331026591686), (7.005522147413422e-05, array([[-1.88774447e-06],
       [ 2.98650237e-08],
       [ 9.37274636e-09]]), 2.128362498188794), (7.453405455912766e-05, array([[-1.95275850e-06],
       [ 5.54373406e-08],
       [-2.40415912e-08]]), 2.1473193867146616), (7.950738542162365e-05, array([[-1.78899478e-06],
       [-3.31266185e-08],
       [ 1.14448622e-08]]), 2.1863283195782666), (8.361843327746181e-05, array([[-1.75495603e-06],
       [ 1.42132474e-08],
       [-1.20382060e-08]]), 2.20776415493883), (8.775037978660949e-05, array([[-1.60323193e-06],
       [-5.49954074e-08],
       [-5.87730041e-10]]), 2.236749498603132), (9.106416459618437e-05, array([[-1.37555451e-06],
       [ 2.25282150e-08],
       [-4.50610522e-09]]), 2.2524060389508733), (9.465162921035527e-05, array([[-1.31944597e-06],
       [ 3.95588836e-08],
       [-1.36655024e-09]]), 2.282662260937424), (9.65392684839328e-05, array([[-9.53939981e-07],
       [-2.11692143e-08],
       [ 1.82445966e-09]]), 2.2804076827632356), (9.940113345070752e-05, array([[-8.49171339e-07],
       [-4.22266866e-09],
       [ 1.58461771e-09]]), 2.3099078945563165), (0.0001008917788280045, array([[-7.69849326e-07],
       [-3.23920214e-08],
       [ 4.10793752e-09]]), 2.316288008570244), (0.00010213430822289604, array([[-3.80218359e-07],
       [-2.31301019e-08],
       [ 3.17821508e-09]]), 2.326142710387087), (0.00010254011686322659, array([[-1.59809789e-07],
       [-1.25525574e-08],
       [-3.39893181e-09]]), 2.326228565755231), (0.00010223949326269242, array([[ 1.03295998e-07],
       [-5.73479308e-08],
       [ 3.05169835e-09]]), 2.3194086085668104), (0.00010206669887869589, array([[4.04471251e-07],
       [3.00340344e-08],
       [4.42554111e-09]]), 2.3246028851716263), (0.00010091717645096329, array([[6.92284706e-07],
       [5.81522163e-08],
       [3.97191219e-09]]), 2.3168710908608827), (9.84788817412593e-05, array([[9.90871872e-07],
       [7.63921737e-08],
       [6.05634975e-09]]), 2.288476383360531), (9.675416000006656e-05, array([[ 9.71329123e-07],
       [-3.02172289e-08],
       [ 4.90033308e-09]]), 2.2854837546254703), (9.482371559025849e-05, array([[ 1.22793783e-06],
       [-5.69484322e-09],
       [ 1.42081358e-09]]), 2.2868123752915395), (9.121988119863662e-05, array([[1.40315611e-06],
       [4.35002308e-08],
       [1.29323933e-08]]), 2.256257576131099), (8.715596216625893e-05, array([[1.53759710e-06],
       [5.47785867e-08],
       [4.86914445e-09]]), 2.221597845499029), (8.381488618715371e-05, array([[1.72439327e-06],
       [4.80707341e-09],
       [2.42280674e-10]]), 2.2129510697750843), (7.871930916339375e-05, array([[ 1.87704344e-06],
       [ 3.26042624e-08],
       [-1.56203305e-11]]), 2.1646574592900247), (7.40906690989205e-05, array([[1.90486180e-06],
       [6.18679360e-08],
       [8.39321965e-09]]), 2.134545491612324), (6.989788738987186e-05, array([[ 1.90852730e-06],
       [-1.16523155e-08],
       [-8.11466914e-09]]), 2.1235824981033664), (6.484192654078313e-05, array([[ 1.97571924e-06],
       [-4.44158010e-08],
       [ 2.04551599e-09]]), 2.0925293818040482), (5.936784494704617e-05, array([[1.90318995e-06],
       [1.16430111e-08],
       [1.12489244e-08]]), 2.051777771545827), (5.4357090651099625e-05, array([[ 1.88875078e-06],
       [-5.38689886e-09],
       [ 6.53215932e-09]]), 2.030840483113667), (4.901122827520953e-05, array([[ 1.85048932e-06],
       [-1.64542662e-08],
       [-5.13802495e-10]]), 2.001355904897866), (4.3417529317890416e-05, array([[ 1.75776707e-06],
       [ 2.15028551e-08],
       [-3.02879789e-10]]), 1.9633854206473622), (3.825884633680188e-05, array([[ 1.54992166e-06],
       [ 5.95456225e-09],
       [-3.43487370e-10]]), 1.944646972737036), (3.5218844320832576e-05, array([[ 1.26234259e-06],
       [-2.36113544e-08],
       [ 1.61009082e-09]]), 1.938121309540217), (3.2304554956872185e-05, array([[9.42437494e-07],
       [5.34967247e-08],
       [1.96383382e-09]]), 1.946505230271253), (2.940040376720049e-05, array([[ 6.56631496e-07],
       [-1.27267351e-08],
       [-2.68418524e-09]]), 1.9660698179800642), (2.6114777461984044e-05, array([[4.48789850e-07],
       [1.60575539e-08],
       [3.48250337e-10]]), 1.9707189425091878), (2.369005970671588e-05, array([[ 2.52469866e-07],
       [ 4.74789759e-09],
       [-2.31235598e-09]]), 2.0608048615649794), (2.098105629031793e-05, array([[1.22181222e-07],
       [7.59672420e-09],
       [1.15332513e-09]]), 2.1644703491903305), (1.7737637098794507e-05, array([[1.15864722e-08],
       [8.63176290e-09],
       [5.30287077e-10]]), 2.2589352062548245), (1.9492273123435393e-05, array([[ 9.87704659e-08],
       [ 4.87687110e-09],
       [-6.67758055e-11]]), 2.220779835201572), (2.2859702934726373e-05, array([[2.61331992e-07],
       [1.12406718e-08],
       [2.88213225e-09]]), 2.1566163219458927), (2.5951716855755555e-05, array([[ 4.72301536e-07],
       [ 2.90150284e-08],
       [-6.18691414e-10]]), 2.096312337738034), (2.934766365506611e-05, array([[ 7.61077738e-07],
       [-9.84246759e-09],
       [-5.48795440e-09]]), 2.079956347914792), (3.2309107219752755e-05, array([[ 1.03096886e-06],
       [-3.52548921e-09],
       [-1.61257459e-09]]), 2.047084696073218), (3.6088429600536125e-05, array([[ 1.43355086e-06],
       [-3.71696826e-08],
       [-4.81012484e-09]]), 2.074922024346936), (3.8467712001787914e-05, array([[ 1.76349264e-06],
       [-7.22377871e-09],
       [ 5.26624763e-09]]), 2.031854475064559), (4.2784543729714846e-05, array([[2.06138570e-06],
       [1.24788677e-08],
       [4.60358633e-09]]), 2.0479012640421543), (4.7582438197249414e-05, array([[2.17951875e-06],
       [2.21325673e-08],
       [5.51921455e-09]]), 2.04102198314217), (5.241172243153875e-05, array([[ 2.26525940e-06],
       [-2.17870525e-08],
       [-3.12863323e-09]]), 2.044113450776594), (5.706067099964771e-05, array([[2.27780716e-06],
       [3.09855904e-08],
       [8.71887860e-09]]), 2.047802012284095), (6.208603241461604e-05, array([[2.21991132e-06],
       [2.33403058e-08],
       [4.28336886e-09]]), 2.0711789715982736), (6.714398653910646e-05, array([[ 2.32957376e-06],
       [ 8.11242629e-08],
       [-1.13539755e-08]]), 2.1003955411843975), (7.183255012589866e-05, array([[ 2.19824545e-06],
       [ 2.25724168e-08],
       [-1.21198340e-08]]), 2.1233568879881415), (7.609632018533868e-05, array([[ 2.13072680e-06],
       [-6.02600047e-10],
       [ 1.25153898e-08]]), 2.1401885040792186), (8.115841592170327e-05, array([[ 1.92553807e-06],
       [ 1.06766551e-08],
       [-4.54535587e-09]]), 2.185266493843717), (8.441310724937075e-05, array([[ 2.01084737e-06],
       [-1.52190654e-08],
       [ 1.54519967e-08]]), 2.188434050892167), (8.817602096838278e-05, array([[ 1.72522498e-06],
       [ 3.43951715e-08],
       [-9.04489814e-09]]), 2.212668704573835), (9.17264710496805e-05, array([[ 1.58638568e-06],
       [ 1.07254658e-07],
       [-9.11666047e-09]]), 2.2389666102681725), (9.440474011758556e-05, array([[ 1.32681832e-06],
       [ 6.00083618e-08],
       [-3.52463784e-09]]), 2.2519709606499134), (9.737083076659915e-05, array([[ 1.03432893e-06],
       [ 4.11020842e-09],
       [-3.04151407e-09]]), 2.280087693565748), (9.929918375307122e-05, array([[ 7.11277415e-07],
       [-4.15092756e-08],
       [-2.78429217e-10]]), 2.2923928467284203), (0.00010042568385351992, array([[ 5.10826505e-07],
       [-5.03020048e-08],
       [ 2.01605835e-09]]), 2.295214959148077), (0.00010171744517559344, array([[1.30364171e-07],
       [3.20910358e-08],
       [4.64887326e-09]]), 2.3109339980545665), (0.00010265623390048112, array([[-2.62150997e-08],
       [-3.17199544e-08],
       [ 6.40993756e-10]]), 2.327813516758914)]