[(0.0001032341902309741, array([[-1.25133523e-08],
       [ 1.03832211e-07],
       [ 3.05075548e-09]]), 2.3409191461698096), (0.00010216023021496681, array([[-2.58405642e-07],
       [ 8.05552830e-09],
       [-2.36713130e-10]]), 2.3209936982323622), (0.00010137415187331015, array([[-4.59484577e-07],
       [ 2.23009637e-08],
       [ 2.04576413e-09]]), 2.316892063089648), (9.916126101922806e-05, array([[-8.01115961e-07],
       [ 6.87460339e-09],
       [ 2.57968546e-09]]), 2.2892088015377823), (9.787112973924158e-05, array([[-9.84725632e-07],
       [-7.53261275e-09],
       [-1.85642722e-09]]), 2.2918029631351313), (9.509381561153822e-05, array([[-1.39025440e-06],
       [ 6.17465803e-08],
       [-3.22266529e-09]]), 2.268408461565058), (9.23036207450424e-05, array([[-1.46372232e-06],
       [ 3.89445339e-08],
       [ 1.59697904e-08]]), 2.253054352685974), (8.863218767424144e-05, array([[-1.80132229e-06],
       [ 2.18729925e-08],
       [-5.16216141e-09]]), 2.224115646531941), (8.453898336005381e-05, array([[-1.93185835e-06],
       [-6.90458590e-08],
       [-1.12721681e-08]]), 2.191697425216237), (8.09522669100868e-05, array([[-2.04320189e-06],
       [ 2.97471215e-08],
       [ 7.23022266e-09]]), 2.1797157382910313), (7.626967354196554e-05, array([[-2.22107898e-06],
       [ 2.50048349e-08],
       [ 1.23456263e-08]]), 2.145064020531166), (7.210204422736919e-05, array([[-2.24981016e-06],
       [ 1.52001158e-08],
       [ 7.38616206e-09]]), 2.1313230837535233), (6.6869502491965e-05, array([[-2.31275808e-06],
       [-7.54354933e-09],
       [ 9.78427485e-09]]), 2.091809142037448), (6.19947255934231e-05, array([[-2.32579111e-06],
       [-5.10604644e-08],
       [-7.07810290e-09]]), 2.0681329923230085), (5.722533520106498e-05, array([[-2.28825296e-06],
       [-1.23447409e-08],
       [ 2.22629775e-09]]), 2.053711506110685), (5.237597467554031e-05, array([[-2.19238934e-06],
       [-2.63738008e-08],
       [-6.35114035e-09]]), 2.042719249909279), (4.74989389902695e-05, array([[-2.16578954e-06],
       [ 6.56012454e-09],
       [ 1.07762799e-08]]), 2.037440331518634), (4.3091503534613004e-05, array([[-2.06816246e-06],
       [-2.93647339e-08],
       [ 8.12061196e-09]]), 2.0625940319826572), (3.894295349379205e-05, array([[-1.81299548e-06],
       [-3.43621508e-08],
       [ 6.45503728e-09]]), 2.056956606229004), (3.548847439338648e-05, array([[-1.39924909e-06],
       [-4.23480669e-08],
       [ 3.90693672e-09]]), 2.040427304385), (3.262568836755681e-05, array([[-1.05985437e-06],
       [ 2.07835612e-08],
       [ 1.40020217e-09]]), 2.0671430783221325), (2.9187868370033127e-05, array([[-7.70047431e-07],
       [ 2.89354038e-08],
       [ 2.81712865e-10]]), 2.0686311800452937), (2.6440618341629406e-05, array([[-4.67280131e-07],
       [ 8.23730417e-09],
       [-3.03819579e-09]]), 2.1358045309702667), (2.2782318305776454e-05, array([[-2.76730013e-07],
       [ 1.76522860e-08],
       [-1.46716069e-10]]), 2.1493157479035374), (1.9285674740393447e-05, array([[-9.26115964e-08],
       [-3.72425665e-08],
       [-1.64930984e-09]]), 2.1972418147696122), (1.8130832195380848e-05, array([[-2.28607942e-08],
       [-1.88221612e-08],
       [-3.92859926e-10]]), 2.309009646365341), (2.0919567528087653e-05, array([[-1.27604842e-07],
       [ 2.03032880e-08],
       [ 1.74844549e-09]]), 2.1581269792086584), (2.3499441808688778e-05, array([[-2.49640597e-07],
       [-1.95814526e-08],
       [-2.32362745e-09]]), 2.0442229577699385), (2.6261238433143006e-05, array([[-4.26232382e-07],
       [-2.88930553e-08],
       [ 2.28376489e-09]]), 1.9817714360876388), (2.9078639618090794e-05, array([[-6.90696052e-07],
       [-1.38908937e-08],
       [-2.39673856e-09]]), 1.9445527399466545), (3.1859624525982904e-05, array([[-9.41563064e-07],
       [-1.23514508e-08],
       [ 1.38012805e-09]]), 1.9196960260587512), (3.516129969722477e-05, array([[-1.23572258e-06],
       [ 1.19817626e-08],
       [-5.40007327e-09]]), 1.9349545826525387), (3.819050808931158e-05, array([[-1.60340419e-06],
       [ 6.77826994e-09],
       [ 2.07281637e-10]]), 1.9411734292607286), (4.3612407258024744e-05, array([[-1.73724548e-06],
       [ 1.28930271e-09],
       [-3.55785951e-09]]), 1.9721980019359935), (4.847702605760905e-05, array([[-1.78699571e-06],
       [-4.29347122e-09],
       [ 3.03829759e-09]]), 1.9795419491936594), (5.4482869686796575e-05, array([[-1.97620833e-06],
       [ 1.09871626e-09],
       [ 4.61413083e-09]]), 2.0355397257434817), (5.956682076545678e-05, array([[-1.96259647e-06],
       [-1.98591718e-08],
       [ 1.13781729e-08]]), 2.0586544597876566), (6.450141038121211e-05, array([[-2.10567273e-06],
       [ 1.87127029e-08],
       [-6.84315189e-09]]), 2.0815405030508356), (6.974052789979069e-05, array([[-1.98536552e-06],
       [-9.79026608e-09],
       [-7.24413560e-10]]), 2.1188017261583885), (7.407017539685137e-05, array([[-1.86209927e-06],
       [ 1.71196330e-09],
       [ 1.09270449e-08]]), 2.1339550699048386), (7.815411132822768e-05, array([[-1.88211955e-06],
       [-2.36036371e-08],
       [-6.41057570e-10]]), 2.1491154058488897), (8.394898463953465e-05, array([[-1.72795512e-06],
       [-1.06712857e-08],
       [-9.32784970e-10]]), 2.216491649821795), (8.746553872442212e-05, array([[-1.55655017e-06],
       [-2.06170447e-09],
       [-4.61273852e-09]]), 2.229488924864551), (9.081982108833061e-05, array([[-1.43575776e-06],
       [-4.70147572e-09],
       [-1.86670707e-09]]), 2.2463623795695042), (9.36773769976747e-05, array([[-1.14855967e-06],
       [-4.98035376e-08],
       [-1.12194625e-09]]), 2.2591667460997624), (9.701164241292342e-05, array([[-1.05584610e-06],
       [-1.79598134e-08],
       [ 4.58954243e-10]]), 2.2915658897159483), (9.923876036694364e-05, array([[-8.30410331e-07],
       [-6.83005696e-08],
       [ 9.27076315e-09]]), 2.306134629050892), (0.00010046760795348847, array([[-4.79514461e-07],
       [-1.89665042e-08],
       [-2.31424166e-09]]), 2.30654983246076), (0.00010197144463200555, array([[-4.00143601e-07],
       [-1.28860040e-08],
       [-3.24445772e-09]]), 2.322433438142245), (0.00010222039082722966, array([[-1.69934875e-07],
       [-2.58817617e-08],
       [-2.89274184e-09]]), 2.3189752500686125), (0.0001023902345337879, array([[ 1.48204248e-07],
       [-3.49615711e-08],
       [-6.78510826e-09]]), 2.322828330150786), (0.00010187673150927695, array([[ 3.04866569e-07],
       [-4.81599140e-08],
       [ 5.61771162e-10]]), 2.3202763153903843), (0.00010036009920565993, array([[6.29759488e-07],
       [2.23251789e-08],
       [8.56761483e-10]]), 2.3040816311236005), (9.906709425504511e-05, array([[ 9.24172895e-07],
       [ 3.75195342e-08],
       [-4.85907879e-09]]), 2.302145409880681), (9.684955286276226e-05, array([[9.59315177e-07],
       [1.04450351e-07],
       [1.91520017e-08]]), 2.2877370824203482), (9.40970772959951e-05, array([[ 1.37447472e-06],
       [ 2.02971339e-08],
       [-9.16095784e-09]]), 2.2692884316943225), (9.092267301434442e-05, array([[1.34680593e-06],
       [1.25343264e-10],
       [1.08896215e-08]]), 2.2489063473344153), (8.776221891797331e-05, array([[ 1.72814920e-06],
       [-1.73687058e-08],
       [-9.24549227e-09]]), 2.2370512770251323), (8.338145468819395e-05, array([[ 1.61717565e-06],
       [ 2.84953210e-08],
       [-4.10901245e-09]]), 2.2015072470494235), (7.932952604037241e-05, array([[ 1.80189970e-06],
       [-1.01349939e-08],
       [ 5.96002688e-09]]), 2.1814374657277686), (7.39815374290386e-05, array([[1.94043561e-06],
       [4.64956862e-08],
       [1.59814545e-08]]), 2.1314014180498684), (6.979394074535438e-05, array([[1.90452684e-06],
       [1.89343032e-08],
       [6.76432078e-09]]), 2.120424473114676), (6.45890717349319e-05, array([[ 1.93804429e-06],
       [-4.15306448e-09],
       [-2.62927274e-09]]), 2.0843694436467324), (5.9094541081194485e-05, array([[ 1.91799466e-06],
       [ 1.18472809e-08],
       [-4.00392993e-09]]), 2.042332274621824), (5.4881870664432754e-05, array([[ 1.90775192e-06],
       [-2.37731259e-09],
       [-2.99663429e-09]]), 2.0504468395805078), (4.898840343346189e-05, array([[1.75100779e-06],
       [3.48274891e-08],
       [1.07518545e-08]]), 2.000423860682334), (4.335309913055377e-05, array([[ 1.65721191e-06],
       [-6.38535596e-08],
       [-5.04030937e-09]]), 1.9604718211760486), (3.804532181063948e-05, array([[ 1.54827545e-06],
       [-4.99242297e-08],
       [-7.12319009e-09]]), 1.9337938011659055), (3.511605108179884e-05, array([[ 1.25234275e-06],
       [ 4.62435640e-08],
       [-2.79265331e-09]]), 1.932464514977821), (3.200376357016008e-05, array([[9.47038848e-07],
       [6.30971366e-09],
       [8.54991255e-10]]), 1.9283810986050745), (2.941857781445876e-05, array([[ 6.56264000e-07],
       [-3.39361333e-09],
       [ 7.54567238e-09]]), 1.9672851565879266), (2.65211926501164e-05, array([[ 4.39133374e-07],
       [-2.35775498e-09],
       [-6.99612099e-10]]), 2.001388555181239), (2.3401722917390726e-05, array([[ 2.67905140e-07],
       [-3.44397337e-09],
       [-1.68946096e-09]]), 2.0357223643249722), (2.0832973413853608e-05, array([[ 1.11877606e-07],
       [-3.63009351e-08],
       [ 1.41025945e-09]]), 2.1491936638368982), (1.797550573670033e-05, array([[1.45735379e-08],
       [2.26125562e-09],
       [6.62689429e-10]]), 2.2892284092128365), (1.9487014170482677e-05, array([[ 1.03056489e-07],
       [-6.20062268e-09],
       [ 5.07500165e-10]]), 2.2201806759040545), (2.319063957734002e-05, array([[ 2.66813946e-07],
       [-2.54315899e-08],
       [ 1.41123152e-09]]), 2.1878373473034176), (2.629537964259502e-05, array([[ 4.83107301e-07],
       [-3.66654702e-08],
       [-1.15966995e-09]]), 2.124072525785602), (2.9313105396602157e-05, array([[ 7.45259367e-07],
       [-3.75568477e-08],
       [-1.06208090e-09]]), 2.077507101190766), (3.27414753619472e-05, array([[ 1.05585708e-06],
       [-1.37466085e-09],
       [-1.54461001e-10]]), 2.0744792694031404), (3.5754317197555104e-05, array([[ 1.43030339e-06],
       [-1.64312233e-08],
       [-1.26215469e-09]]), 2.0557120672713167), (3.8545070212580105e-05, array([[1.79949031e-06],
       [1.55525032e-08],
       [8.15513052e-09]]), 2.035940515502155), (4.23345302519652e-05, array([[2.05284482e-06],
       [1.00542083e-08],
       [2.70525488e-09]]), 2.026361168260334), (4.743224656936963e-05, array([[ 2.15398590e-06],
       [ 9.96979697e-10],
       [-1.04869434e-08]]), 2.034579597552012), (5.225387004434821e-05, array([[ 2.22234686e-06],
       [-1.28726233e-08],
       [-4.04742427e-09]]), 2.0379570381855974), (5.7669029141832955e-05, array([[2.22674812e-06],
       [3.71535730e-08],
       [4.61302421e-09]]), 2.069634861529139), (6.215015874707479e-05, array([[2.28612577e-06],
       [5.17095496e-08],
       [2.49815309e-09]]), 2.073318214615565), (6.743339111184358e-05, array([[ 2.30067384e-06],
       [-4.02195029e-10],
       [-1.48482589e-09]]), 2.109448683625104), (7.122221131609805e-05, array([[ 2.26519006e-06],
       [-2.92403273e-08],
       [-7.88033202e-09]]), 2.105315385723148), (7.62511453132224e-05, array([[ 2.10482164e-06],
       [ 1.91491593e-08],
       [-1.37546600e-08]]), 2.1445429190894623), (8.073688188767623e-05, array([[ 1.99308285e-06],
       [ 2.39118529e-08],
       [-2.03453133e-08]]), 2.1739162944822263), (8.451692240435381e-05, array([[ 1.87774436e-06],
       [-1.07363045e-08],
       [-3.68173729e-09]]), 2.1911254886032845), (8.827285079655777e-05, array([[ 1.61597789e-06],
       [-5.70316216e-09],
       [-1.00486930e-08]]), 2.215098529917722), (9.129269592189386e-05, array([[1.56679524e-06],
       [2.11073439e-08],
       [8.96571056e-10]]), 2.22837852139519), (9.471225590719169e-05, array([[ 1.28861005e-06],
       [ 3.49871293e-08],
       [-7.44632565e-09]]), 2.2593065735362132), (9.70399294545584e-05, array([[ 1.15013629e-06],
       [-7.49060427e-09],
       [ 1.97736696e-09]]), 2.2723391306395735), (9.984054621836169e-05, array([[ 5.97098597e-07],
       [ 4.01002617e-08],
       [-3.09229721e-09]]), 2.3048905873544174), (0.00010111170366133481, array([[ 6.20376244e-07],
       [-6.01796666e-08],
       [-2.10154008e-09]]), 2.3108938459104045), (0.00010246800568983712, array([[ 8.83084739e-08],
       [ 5.95714492e-09],
       [-6.82006248e-10]]), 2.3279860957254117), (0.00010238108563704671, array([[-2.63017008e-08],
       [ 4.72248520e-08],
       [ 4.65277686e-09]]), 2.3215743063145067)]