[(0.00010266410535602689, array([[-5.44698356e-08],
       [ 3.20147822e-08],
       [-2.72258261e-09]]), 2.3279920084093453), (0.00010219163544226375, array([[-3.74560311e-07],
       [-8.16750248e-09],
       [ 2.35580619e-09]]), 2.321707198334059), (0.00010112435828445483, array([[-6.27911190e-07],
       [-5.03239239e-08],
       [-4.31561565e-09]]), 2.311183065551963), (9.91914104872395e-05, array([[-7.42081272e-07],
       [-2.53073612e-08],
       [-5.60017044e-09]]), 2.2899048236216495), (9.756989621717437e-05, array([[-9.40108507e-07],
       [ 4.96668815e-08],
       [ 7.64122016e-09]]), 2.2847491171203913), (9.439439429246985e-05, array([[-1.15032281e-06],
       [-2.12088776e-08],
       [-4.56830001e-09]]), 2.25172416692223), (9.158464470522423e-05, array([[-1.48019143e-06],
       [ 7.51083029e-10],
       [ 5.19210198e-09]]), 2.2355047475576586), (8.8895617992473e-05, array([[-1.68422249e-06],
       [-5.95977364e-08],
       [-1.62383603e-08]]), 2.230726106094365), (8.452501042051057e-05, array([[-1.92957564e-06],
       [-1.77746248e-08],
       [ 1.08439779e-08]]), 2.191335172745218), (8.054006262057051e-05, array([[-1.98103428e-06],
       [-2.21531016e-08],
       [-1.46508965e-08]]), 2.1686167510539267), (7.651108340008001e-05, array([[-2.09803889e-06],
       [ 4.83483390e-08],
       [-4.35715429e-10]]), 2.1518536077523303), (7.195566268261699e-05, array([[-2.16982604e-06],
       [ 2.93385100e-08],
       [-5.32416163e-09]]), 2.1269960723808357), (6.716478014271155e-05, array([[-2.39298919e-06],
       [ 2.43278527e-08],
       [ 1.95629154e-09]]), 2.1010460058730236), (6.221456645891254e-05, array([[-2.28402122e-06],
       [-7.40286834e-08],
       [ 8.04493227e-09]]), 2.0754668443987696), (5.6925352880853175e-05, array([[-2.22967114e-06],
       [-3.98786547e-08],
       [-2.94095787e-09]]), 2.042945695120079), (5.1766173923154665e-05, array([[-2.17259055e-06],
       [-1.24521160e-08],
       [-4.64064785e-09]]), 2.0189363658059496), (4.7629809250429276e-05, array([[-2.21969984e-06],
       [ 2.39437407e-08],
       [-1.85836601e-09]]), 2.04305393788362), (4.21256205528262e-05, array([[-2.04897336e-06],
       [ 2.36295433e-08],
       [ 2.52600165e-09]]), 2.016361612354346), (3.841335028120122e-05, array([[-1.78689627e-06],
       [ 6.71201860e-09],
       [ 3.33146735e-09]]), 2.028983103217927), (3.568285247271031e-05, array([[-1.40100947e-06],
       [ 2.54964688e-08],
       [-5.83102466e-09]]), 2.051603167737981), (3.253190129949355e-05, array([[-1.05530579e-06],
       [ 2.72136417e-08],
       [ 9.93001573e-09]]), 2.0612007887250834), (2.96842739903503e-05, array([[-7.72478372e-07],
       [-3.57060843e-08],
       [ 2.20944861e-09]]), 2.10381292511552), (2.616542543334568e-05, array([[-4.90185182e-07],
       [ 3.56731910e-08],
       [-2.49693351e-10]]), 2.113575162019471), (2.28729910789555e-05, array([[-2.67064510e-07],
       [-1.99620191e-08],
       [-1.07609272e-09]]), 2.1578699440430236), (2.0084001898157185e-05, array([[-9.92726912e-08],
       [-4.98674208e-09],
       [ 4.40452916e-10]]), 2.2881962582369546), (1.7860381551698638e-05, array([[-2.32320330e-08],
       [-3.15022969e-08],
       [-4.71750045e-10]]), 2.2745670384145025), (2.050684851422209e-05, array([[-1.08038358e-07],
       [ 4.87342021e-09],
       [-2.44560064e-10]]), 2.1155496153382165), (2.339049409033013e-05, array([[-2.39428317e-07],
       [-8.26258934e-09],
       [ 4.71571452e-09]]), 2.034745565545964), (2.6251158036465302e-05, array([[-4.41233996e-07],
       [-1.79897563e-08],
       [ 3.52653231e-09]]), 1.9810107315895948), (2.909763392507822e-05, array([[-6.86647054e-07],
       [ 1.02418410e-08],
       [ 3.46687659e-09]]), 1.9458229311310042), (3.220723837500432e-05, array([[-9.45087606e-07],
       [ 1.54821139e-08],
       [-4.57617330e-09]]), 1.940641436888222), (3.482909835444499e-05, array([[-1.22258669e-06],
       [ 2.22498660e-08],
       [-1.12200474e-09]]), 1.9166732757580216), (3.7924437441580597e-05, array([[-1.55380931e-06],
       [ 3.29238345e-09],
       [-1.05884808e-08]]), 1.9276494072583577), (4.32648608787799e-05, array([[-1.71319251e-06],
       [-2.15665492e-08],
       [ 6.17903157e-09]]), 1.9564815964949558), (4.877020483633148e-05, array([[-1.81130141e-06],
       [-5.25833613e-09],
       [-7.36550885e-09]]), 1.9915137993315934), (5.42339255058008e-05, array([[-1.91496658e-06],
       [ 8.72805014e-09],
       [-1.02017001e-08]]), 2.0262388982939985), (5.912616918652053e-05, array([[-2.00221157e-06],
       [-2.44279302e-08],
       [-6.24558785e-09]]), 2.0434253552873263), (6.463399591330886e-05, array([[-1.94651650e-06],
       [-2.33470190e-08],
       [ 5.71528657e-09]]), 2.0858192025947186), (6.966656006110911e-05, array([[-1.95183951e-06],
       [ 1.73997260e-09],
       [-1.92477054e-08]]), 2.116554493609419), (7.412539066515799e-05, array([[-1.90529384e-06],
       [-2.57778056e-08],
       [-1.18658371e-09]]), 2.1355458168027335), (7.903187523957934e-05, array([[-1.85261236e-06],
       [ 3.32819298e-08],
       [-8.79166709e-11]]), 2.17325253584147), (8.305158292629129e-05, array([[-1.85029142e-06],
       [ 3.76926009e-08],
       [-1.40618738e-08]]), 2.192797695541341), (8.762183363373116e-05, array([[-1.61407566e-06],
       [ 1.12643189e-08],
       [-8.98884753e-10]]), 2.2334728684199106), (9.109983710260642e-05, array([[-1.42621768e-06],
       [ 4.49213415e-08],
       [ 3.66334239e-09]]), 2.2532883725147492), (9.492470008102489e-05, array([[-1.24033245e-06],
       [ 2.42288584e-08],
       [ 2.31870889e-09]]), 2.289247763756964), (9.742554092649977e-05, array([[-1.05686596e-06],
       [-1.83171008e-08],
       [-2.24014698e-10]]), 2.3013428164014957), (9.891932133183468e-05, array([[-9.47144237e-07],
       [ 1.04088861e-08],
       [ 5.49485190e-09]]), 2.2987114264835533), (0.00010083541227091553, array([[-4.37135829e-07],
       [ 3.82052171e-08],
       [-4.19919642e-09]]), 2.3149939370236208), (0.00010224031596209718, array([[-4.80418326e-07],
       [-2.84364640e-08],
       [-4.00278207e-09]]), 2.328557071771405), (0.00010240204307192285, array([[-1.49100068e-07],
       [-1.29879146e-09],
       [ 1.56342920e-09]]), 2.3230962190470508), (0.00010229449011390886, array([[1.17253623e-07],
       [1.63071593e-08],
       [3.10328829e-09]]), 2.3206562689970878), (0.00010207239158106752, array([[ 3.79993821e-07],
       [ 8.97875141e-09],
       [-3.85430620e-09]]), 2.3247325383543282), (0.00010036205716304678, array([[ 6.20093387e-07],
       [-4.96807052e-08],
       [-1.70283357e-10]]), 2.3041265821916572), (9.914561951849666e-05, array([[ 7.19834012e-07],
       [-3.14401732e-08],
       [-8.85508929e-09]]), 2.3039701991931567), (9.700656855509352e-05, array([[ 1.26007159e-06],
       [-8.39143934e-09],
       [-3.84965869e-09]]), 2.291446037301917), (9.405994346138454e-05, array([[ 1.31970696e-06],
       [-3.71321808e-08],
       [-4.88588933e-09]]), 2.268392895045069), (9.07542482018968e-05, array([[ 1.50878033e-06],
       [ 1.31507788e-08],
       [-1.28757281e-09]]), 2.244740481800499), (8.702804226065538e-05, array([[1.56719191e-06],
       [4.49308478e-08],
       [6.14533397e-09]]), 2.2183371783040164), (8.329049246008262e-05, array([[1.74173576e-06],
       [9.71115893e-09],
       [4.50737890e-09]]), 2.1991055858509743), (7.902799666549956e-05, array([[ 1.96441862e-06],
       [ 3.32709058e-08],
       [-1.71251974e-09]]), 2.1731458811413393), (7.477204377259499e-05, array([[ 1.89540554e-06],
       [-2.03487465e-08],
       [-1.55256069e-08]]), 2.154175834481124), (6.961880691436184e-05, array([[ 1.90677131e-06],
       [-3.05537138e-08],
       [-1.50635421e-08]]), 2.1151036951597266), (6.49417403808291e-05, array([[ 2.01209491e-06],
       [-3.50365028e-08],
       [ 4.10799981e-09]]), 2.095750498204338), (5.926536284650177e-05, array([[ 2.01073397e-06],
       [-3.22162205e-08],
       [-6.62307531e-09]]), 2.0482359469088394), (5.427362321886108e-05, array([[ 1.93998298e-06],
       [-6.01152607e-08],
       [-1.50003424e-10]]), 2.0277220483633673), (4.866324447289252e-05, array([[ 1.79943175e-06],
       [-5.86317264e-08],
       [-1.01689456e-08]]), 1.9871461113039306), (4.331727368108488e-05, array([[ 1.75272897e-06],
       [-2.74844197e-08],
       [-6.77291305e-09]]), 1.9588517574303588), (3.760023697116879e-05, array([[1.54673422e-06],
       [2.83785773e-08],
       [2.99268732e-09]]), 1.9111707226217085), (3.495519227137521e-05, array([[1.19830090e-06],
       [2.12725629e-08],
       [9.24041177e-09]]), 1.9236123253525952), (3.195428015759429e-05, array([[ 9.27942952e-07],
       [-2.13862560e-08],
       [-3.43919103e-09]]), 1.9253994843559514), (2.8895112339219213e-05, array([[ 6.55470692e-07],
       [ 3.01746831e-08],
       [-2.41070717e-09]]), 1.9322798661921796), (2.633669574346952e-05, array([[ 4.20235383e-07],
       [-6.47247769e-09],
       [-1.93401139e-09]]), 1.9874657274147516), (2.331282948032398e-05, array([[ 2.49402541e-07],
       [-2.28333530e-08],
       [-2.72760150e-09]]), 2.0279894995902987), (2.105218282253553e-05, array([[ 1.13023422e-07],
       [-1.31663665e-08],
       [-1.74159360e-09]]), 2.1718079811901445), (1.814392363389083e-05, array([[ 1.68136040e-08],
       [-2.01510959e-08],
       [ 8.00053982e-10]]), 2.3106768758382406), (1.996460906747811e-05, array([[ 1.01122540e-07],
       [ 1.50290548e-08],
       [-4.05306829e-10]]), 2.2745936789399823), (2.2932729829775445e-05, array([[2.53081989e-07],
       [2.91243411e-08],
       [3.85395952e-10]]), 2.163505781281981), (2.638948124124573e-05, array([[ 4.80047640e-07],
       [-6.18680017e-10],
       [-2.37969285e-09]]), 2.1316738087122307), (2.9468148420062197e-05, array([[ 7.60562440e-07],
       [-3.59635988e-08],
       [ 5.46212135e-09]]), 2.088495462125929), (3.220414109076852e-05, array([[ 1.03562508e-06],
       [-9.68089881e-09],
       [ 5.05198200e-09]]), 2.0404341082130153), (3.5710840459080575e-05, array([[ 1.44040547e-06],
       [-6.87709117e-09],
       [-2.34709363e-09]]), 2.0532123507913775), (3.8418730338481414e-05, array([[ 1.74972747e-06],
       [-8.56048374e-09],
       [-5.49510464e-09]]), 2.029267276434685), (4.233231962613828e-05, array([[ 1.97819182e-06],
       [-2.67941741e-09],
       [-8.22476052e-09]]), 2.02625535566937), (4.725614411400498e-05, array([[2.18719833e-06],
       [4.18409998e-08],
       [3.08332789e-09]]), 2.027025781558082), (5.2432669714195954e-05, array([[ 2.18010260e-06],
       [-3.40743860e-08],
       [ 5.12511407e-09]]), 2.0449304172919147), (5.752700958364616e-05, array([[ 2.30454008e-06],
       [-1.08891941e-08],
       [-4.09837910e-09]]), 2.06453804209215), (6.22246011403654e-05, array([[ 2.29502674e-06],
       [-2.84146877e-08],
       [ 2.41756719e-09]]), 2.075801599582884), (6.668818180495423e-05, array([[ 2.24760735e-06],
       [ 1.88505159e-09],
       [-1.60948561e-08]]), 2.086137075451111), (7.205375642016446e-05, array([[ 2.26904237e-06],
       [-6.24161584e-09],
       [ 1.06726079e-08]]), 2.1298957051089644), (7.65158972077607e-05, array([[ 2.11816942e-06],
       [-4.96084220e-08],
       [ 7.61429924e-09]]), 2.1519889947964614), (8.077226934469336e-05, array([[ 2.09717598e-06],
       [ 2.92277248e-08],
       [-7.04433319e-09]]), 2.1748691349639393), (8.451346341775375e-05, array([[ 2.00770902e-06],
       [-2.60136226e-08],
       [ 9.15773115e-09]]), 2.191035813382175), (8.803571842989735e-05, array([[ 1.74436054e-06],
       [-7.74332164e-09],
       [-1.33114769e-08]]), 2.2091479850781086), (9.17752639120081e-05, array([[ 1.50586386e-06],
       [ 1.04865392e-07],
       [-7.77277180e-09]]), 2.2401576033187145), (9.511547938602819e-05, array([[ 1.33662237e-06],
       [-2.42976103e-08],
       [ 5.21426486e-09]]), 2.2689252384873697), (9.763361880007827e-05, array([[ 1.06027126e-06],
       [-4.53651296e-08],
       [ 1.92799879e-09]]), 2.2862412793617684), (9.941626029401696e-05, array([[ 8.25341761e-07],
       [ 3.14445782e-08],
       [-5.88075502e-10]]), 2.295095642610923), (0.00010101587685478052, array([[ 6.42671721e-07],
       [-3.77694142e-08],
       [ 7.78548068e-10]]), 2.308703737648741), (0.00010235855316528758, array([[2.96400398e-07],
       [8.00314904e-09],
       [1.19742305e-09]]), 2.325499427290928), (0.00010253561854283072, array([[-8.00490348e-08],
       [-8.08978008e-09],
       [ 1.68157190e-09]]), 2.3250784655184846)]