[(0.00010305416787754946, array([[-4.34380506e-08],
       [-5.05964479e-08],
       [-4.73595095e-10]]), 2.336836993029194), (0.00010266867895987755, array([[-4.27378851e-07],
       [-8.40955234e-08],
       [ 1.31547312e-09]]), 2.332545222052628), (0.00010101128210762858, array([[-5.75486453e-07],
       [-9.34445528e-09],
       [ 1.57493517e-09]]), 2.308598725345195), (9.893730001185719e-05, array([[-8.06885740e-07],
       [ 7.41689225e-08],
       [ 5.68577645e-09]]), 2.284038501120009), (9.727536177096713e-05, array([[-1.18072402e-06],
       [ 5.24631501e-08],
       [ 3.47807491e-09]]), 2.2778521402656073), (9.510611375948502e-05, array([[-1.25086194e-06],
       [ 3.48950823e-09],
       [-4.20590622e-09]]), 2.2687018268347625), (9.160395373219142e-05, array([[-1.50633634e-06],
       [-5.60060285e-08],
       [ 4.90203353e-09]]), 2.2359760647920575), (8.866300142212925e-05, array([[-1.73217019e-06],
       [ 6.19650445e-08],
       [ 1.07604009e-08]]), 2.2248888796045296), (8.469431128927765e-05, array([[-1.79829925e-06],
       [-1.70035630e-08],
       [ 2.81003738e-09]]), 2.1957243463952407), (8.094379669086995e-05, array([[-1.98977017e-06],
       [ 5.49738710e-08],
       [ 1.60492583e-08]]), 2.1794876696916154), (7.610450495152431e-05, array([[-2.20594977e-06],
       [ 6.82713455e-08],
       [-6.11931733e-09]]), 2.140418698423128), (7.176715330255491e-05, array([[-2.20281981e-06],
       [ 4.53977541e-08],
       [ 1.12540863e-08]]), 2.1214237699928007), (6.728704255749024e-05, array([[-2.28830896e-06],
       [-2.92773962e-08],
       [-1.22633557e-08]]), 2.10487061391452), (6.192449497308418e-05, array([[-2.28381796e-06],
       [ 3.55044752e-09],
       [-9.50105922e-09]]), 2.0657901113504105), (5.734904458012118e-05, array([[-2.30074028e-06],
       [ 2.63539621e-08],
       [-8.33003395e-11]]), 2.0581512070628745), (5.291841027575815e-05, array([[-2.27136622e-06],
       [ 2.54603453e-08],
       [ 5.41106336e-09]]), 2.0638748207461983), (4.7577791344874566e-05, array([[-2.11966754e-06],
       [ 1.69403675e-08],
       [-3.16450784e-09]]), 2.0408226590173695), (4.260683915094613e-05, array([[-2.09070042e-06],
       [ 1.55131369e-08],
       [ 1.50949420e-09]]), 2.03939535513763), (3.891188115545805e-05, array([[-1.78669601e-06],
       [-1.29509446e-08],
       [-1.30887745e-09]]), 2.055315373454574), (3.601106311345866e-05, array([[-1.44871760e-06],
       [ 1.02284640e-09],
       [-3.72642228e-09]]), 2.070473800088901), (3.238972091280672e-05, array([[-1.05415605e-06],
       [-2.56460083e-09],
       [-1.34000262e-09]]), 2.052192328921823), (2.9535486741538857e-05, array([[-7.53439709e-07],
       [ 3.11832352e-08],
       [-5.19948929e-09]]), 2.093267929565228), (2.607425886613667e-05, array([[-4.66698234e-07],
       [ 2.38428958e-09],
       [ 7.21364771e-10]]), 2.106210963315712), (2.2646298955529467e-05, array([[-2.69958153e-07],
       [-5.96177293e-09],
       [ 7.65871398e-11]]), 2.1364834923103335), (1.920036164410144e-05, array([[-1.07795218e-07],
       [-3.60587897e-08],
       [ 6.12012694e-10]]), 2.187521983597325), (1.794166342448959e-05, array([[-2.59228791e-08],
       [ 1.36181616e-08],
       [ 7.73355702e-11]]), 2.2849185008474717), (2.0666160980003228e-05, array([[-9.82693972e-08],
       [-5.68887681e-09],
       [-5.48727381e-10]]), 2.1319847796916336), (2.380311978396015e-05, array([[-2.72968914e-07],
       [ 2.20936719e-09],
       [-3.37475685e-10]]), 2.0706399890284977), (2.6234046957931758e-05, array([[-4.48534890e-07],
       [ 2.54109512e-08],
       [ 4.10196445e-10]]), 1.9797194654992785), (2.9358333160280806e-05, array([[-6.99219179e-07],
       [ 3.75113813e-08],
       [-8.64137489e-10]]), 1.963256463743713), (3.218597149217122e-05, array([[-9.31378127e-07],
       [ 2.28048108e-08],
       [-4.45853159e-09]]), 1.9393600046344281), (3.4945446131559916e-05, array([[-1.23005668e-06],
       [ 2.50548809e-09],
       [-7.28499270e-09]]), 1.9230759874452612), (3.788575808468268e-05, array([[-1.54787470e-06],
       [ 2.22330489e-08],
       [ 7.05205314e-09]]), 1.9256833862854097), (4.338491270501072e-05, array([[-1.68265524e-06],
       [-1.92044120e-08],
       [ 3.16716103e-10]]), 1.9619104637991707), (4.890719833215757e-05, array([[-1.78178713e-06],
       [-5.63924497e-10],
       [ 2.96822823e-09]]), 1.9971078795342891), (5.4018003391648667e-05, array([[-1.86920225e-06],
       [-2.46473884e-08],
       [-1.92608121e-09]]), 2.0181718114545966), (5.965984709895468e-05, array([[-1.93317542e-06],
       [-2.72190755e-08],
       [-1.52799060e-09]]), 2.0618694891256704), (6.462586847013997e-05, array([[-1.93123974e-06],
       [ 4.21504958e-08],
       [ 2.04607508e-09]]), 2.0855569199245836), (6.954153148990838e-05, array([[-1.85387016e-06],
       [-2.63283636e-08],
       [-3.52588494e-09]]), 2.1127559741479676), (7.464686339019596e-05, array([[-1.95917846e-06],
       [ 1.70529257e-09],
       [ 1.73376719e-09]]), 2.15056939895911), (7.938483001419915e-05, array([[-1.82097128e-06],
       [-9.77843734e-10],
       [ 1.63261304e-09]]), 2.182958238213514), (8.38064369798871e-05, array([[-1.90029894e-06],
       [ 5.38755764e-08],
       [-3.28683069e-09]]), 2.212727986703449), (8.752384765787352e-05, array([[-1.61344571e-06],
       [ 3.26129620e-08],
       [-5.23786366e-09]]), 2.230975214473538), (9.062072789873262e-05, array([[-1.45895615e-06],
       [ 1.97352230e-09],
       [-6.43472643e-10]]), 2.24143795397846), (9.38633012610091e-05, array([[-1.44533200e-06],
       [ 3.82417412e-08],
       [-3.81012049e-09]]), 2.263650581220686), (9.682499318145175e-05, array([[-1.09186645e-06],
       [ 4.66935349e-08],
       [-1.69452835e-08]]), 2.2871569445466498), (9.933428270276576e-05, array([[-6.83211001e-07],
       [-4.51146949e-08],
       [ 6.24764727e-09]]), 2.308354400495766), (0.00010166269834590945, array([[-5.59950621e-07],
       [-4.99645731e-08],
       [ 9.39938944e-09]]), 2.33398689004145), (0.00010165356388376725, array([[-4.97059288e-07],
       [-1.11702981e-08],
       [ 1.99082468e-09]]), 2.3151935987762875), (0.00010233865419231059, array([[-1.37275620e-07],
       [ 3.11016614e-08],
       [-9.25321982e-10]]), 2.32165817677622), (0.00010290766044719399, array([[ 1.41446645e-07],
       [-4.31612352e-08],
       [ 1.09346631e-09]]), 2.3345666719554163), (0.00010136979814337122, array([[ 4.66740052e-07],
       [-7.66749741e-10],
       [ 1.98103923e-10]]), 2.308730740017414), (0.0001006697321122154, array([[6.31492637e-07],
       [6.79740875e-09],
       [1.11516479e-09]]), 2.3111902280464065), (9.96774117445618e-05, array([[ 8.09529119e-07],
       [-5.09614799e-08],
       [-6.04365781e-09]]), 2.3163281172430623), (9.704941350239691e-05, array([[ 1.05602340e-06],
       [-1.07031353e-07],
       [-7.31410671e-09]]), 2.2924581016000274), (9.477494077333652e-05, array([[ 1.29410623e-06],
       [-7.75562478e-08],
       [-1.07393613e-08]]), 2.2856360993541815), (9.100557077240297e-05, array([[ 1.44696298e-06],
       [-2.31861623e-08],
       [-1.21440024e-08]]), 2.25095676323286), (8.737953921732324e-05, array([[ 1.70283114e-06],
       [-7.18253970e-08],
       [-1.32861399e-08]]), 2.227296804957476), (8.342263362146273e-05, array([[1.72708187e-06],
       [5.41164192e-08],
       [1.94670750e-08]]), 2.202594487855619), (7.942480677795738e-05, array([[1.89640652e-06],
       [3.69319535e-09],
       [1.06396197e-08]]), 2.184057536477016), (7.428753698526448e-05, array([[ 1.86186268e-06],
       [-6.30601554e-09],
       [ 8.55705976e-09]]), 2.1402172376546993), (6.969349926201835e-05, array([[1.94524206e-06],
       [2.80266754e-08],
       [4.14346845e-09]]), 2.117372939169076), (6.470577938534313e-05, array([[1.93183292e-06],
       [3.82014267e-09],
       [1.33594065e-08]]), 2.0881357442580066), (5.942073888461495e-05, array([[ 2.00632176e-06],
       [-3.01624400e-08],
       [-5.37713486e-10]]), 2.0536058083467243), (5.456138579122481e-05, array([[1.91229411e-06],
       [3.90547131e-08],
       [1.56082195e-08]]), 2.0384731734600403), (4.906545870838657e-05, array([[1.77484993e-06],
       [4.04830225e-08],
       [6.31647557e-09]]), 2.003570385160523), (4.3137074413846454e-05, array([[ 1.68498855e-06],
       [-1.20922397e-08],
       [ 9.19819914e-10]]), 1.9507029608575077), (3.8379701950143824e-05, array([[ 1.58739605e-06],
       [-1.34013809e-08],
       [-3.09996739e-09]]), 1.9507899050292103), (3.5194999248246195e-05, array([[ 1.25219174e-06],
       [-1.59587320e-08],
       [ 8.33219468e-10]]), 1.936809096030705), (3.1933272417379725e-05, array([[ 9.33836378e-07],
       [-1.95881994e-08],
       [ 1.86068738e-09]]), 1.9241336666946827), (2.935809211353125e-05, array([[ 7.00246447e-07],
       [-1.92984365e-08],
       [-1.82310242e-09]]), 1.9632403444161421), (2.6626657970991902e-05, array([[4.55603779e-07],
       [6.05047292e-10],
       [5.21392787e-10]]), 2.00934736340504), (2.353913749078346e-05, array([[2.68172490e-07],
       [7.85920918e-09],
       [5.01332380e-09]]), 2.0476760961603273), (2.0770747737737226e-05, array([[ 1.14159725e-07],
       [ 2.58827235e-08],
       [-4.23024378e-11]]), 2.1427742715504206), (1.8169847259076755e-05, array([[1.73250635e-08],
       [8.02717140e-09],
       [8.73679222e-11]]), 2.3139783183742493), (1.96198474568669e-05, array([[ 9.53928736e-08],
       [ 4.10161838e-09],
       [-2.61359948e-10]]), 2.2353145436668123), (2.2790707127794078e-05, array([[2.54081087e-07],
       [4.30723777e-08],
       [9.56004254e-10]]), 2.150107161096301), (2.6322730900734243e-05, array([[ 4.85220436e-07],
       [-1.37364775e-08],
       [-6.93499871e-10]]), 2.12628188943613), (2.902258548034877e-05, array([[7.53762504e-07],
       [2.30036368e-09],
       [2.67852421e-09]]), 2.0569170892869533), (3.2531523430726596e-05, array([[1.03876659e-06],
       [2.92275482e-09],
       [6.58559936e-09]]), 2.0611768471978635), (3.5274499162975874e-05, array([[ 1.44541841e-06],
       [-1.36949285e-08],
       [-3.35536489e-10]]), 2.0281246931836248), (3.824258940172562e-05, array([[ 1.74338347e-06],
       [-1.24045049e-08],
       [ 4.06018468e-09]]), 2.0199635582782034), (4.206418420610961e-05, array([[ 2.01234073e-06],
       [-2.57496053e-08],
       [ 8.68584747e-09]]), 2.013420934223155), (4.723139079750189e-05, array([[2.16385589e-06],
       [4.97585402e-09],
       [1.03040371e-10]]), 2.025964001938277), (5.240562095147905e-05, array([[ 2.24700779e-06],
       [ 6.52224936e-09],
       [-1.14399663e-08]]), 2.0438754865029347), (5.7536761722393636e-05, array([[ 2.32737759e-06],
       [-1.05623888e-08],
       [ 1.79950619e-08]]), 2.0648880283261235), (6.202089715034218e-05, array([[ 2.23537041e-06],
       [ 2.62677137e-08],
       [-1.74247199e-08]]), 2.06900607079552), (6.701039784832049e-05, array([[2.25390434e-06],
       [1.25813435e-08],
       [5.53707658e-09]]), 2.09621662502314), (7.22262633608752e-05, array([[2.19796903e-06],
       [6.13671153e-09],
       [2.20218096e-09]]), 2.134994978351275), (7.608054577671174e-05, array([[ 2.21418829e-06],
       [-3.08364104e-08],
       [-1.47088997e-08]]), 2.1397448530863743), (8.050363539151146e-05, array([[2.05851625e-06],
       [3.01308634e-08],
       [1.29941225e-08]]), 2.167635913734442), (8.45351902847666e-05, array([[ 1.92535609e-06],
       [-5.70623670e-08],
       [ 2.54063908e-09]]), 2.1915990886499563), (8.832297484733644e-05, array([[ 1.63406058e-06],
       [-3.65061744e-08],
       [-4.97832110e-09]]), 2.2163563312710424), (9.22296446376379e-05, array([[ 1.58945119e-06],
       [-3.19726103e-08],
       [ 1.14557142e-08]]), 2.2512486576391577), (9.49445931078181e-05, array([[ 1.41601625e-06],
       [-5.72575356e-08],
       [ 5.46123553e-09]]), 2.2648488442764076), (9.768678838815279e-05, array([[ 1.07694655e-06],
       [ 4.60757809e-08],
       [-5.65141001e-09]]), 2.2874863270057726), (9.955712299898323e-05, array([[ 6.75472798e-07],
       [-5.92043707e-08],
       [ 3.60599293e-10]]), 2.298347559142669), (0.00010138902705994429, array([[6.04363774e-07],
       [8.76066989e-10],
       [2.52294826e-09]]), 2.317232033399759), (0.00010266944181176152, array([[ 2.04661830e-07],
       [ 4.86783364e-08],
       [-1.06106521e-09]]), 2.3325625533997836), (0.00010336185975246925, array([[-1.20792254e-07],
       [-5.40564119e-09],
       [ 6.21651674e-09]]), 2.3438141563072623)]