[(0.00010308201656000414, array([[-6.49678434e-08],
       [-9.72879924e-10],
       [-7.96041126e-10]]), 2.337468484532231), (0.00010303017665078307, array([[-2.19502837e-07],
       [ 5.29633067e-08],
       [ 4.11424840e-09]]), 2.340758142684773), (0.000101220612826853, array([[-5.36215205e-07],
       [-2.63703626e-08],
       [ 2.21792541e-09]]), 2.3133829496565164), (9.925041990971553e-05, array([[-7.66999777e-07],
       [ 1.14685857e-08],
       [-3.90277416e-09]]), 2.2912670984446732), (9.750893888049669e-05, array([[-9.78301826e-07],
       [ 3.96392655e-08],
       [ 7.72392458e-09]]), 2.2833217073704994), (9.488623491185968e-05, array([[-1.32472574e-06],
       [ 1.10388393e-08],
       [-2.65825905e-09]]), 2.263456742964009), (9.158020007147885e-05, array([[-1.47684234e-06],
       [ 5.38183305e-09],
       [ 8.77637437e-10]]), 2.2353962577570927), (8.847036687523939e-05, array([[-1.78136734e-06],
       [ 1.79930477e-08],
       [ 9.91514120e-09]]), 2.2200549527767834), (8.440731164485252e-05, array([[-1.92302903e-06],
       [-5.22908913e-09],
       [ 3.01784638e-09]]), 2.188283798180395), (8.021762585308162e-05, array([[-2.01157643e-06],
       [-1.37280692e-08],
       [ 2.29411602e-09]]), 2.159934838569872), (7.65600899381916e-05, array([[-2.12160952e-06],
       [-3.67789896e-08],
       [ 6.33034167e-09]]), 2.1532319034338525), (7.195070974363145e-05, array([[-2.20579290e-06],
       [ 3.88888240e-08],
       [-1.15067705e-08]]), 2.126849664421042), (6.78951094619135e-05, array([[-2.32253647e-06],
       [-2.81981446e-08],
       [-1.00939062e-08]]), 2.1238921388585084), (6.211713073123029e-05, array([[-2.42159688e-06],
       [ 9.08734193e-09],
       [-6.12419617e-09]]), 2.0722164058957873), (5.7180280240674346e-05, array([[-2.20811045e-06],
       [-2.67339669e-08],
       [-2.63605050e-08]]), 2.052094566861024), (5.234277468870043e-05, array([[-2.24170316e-06],
       [ 2.66717638e-08],
       [-3.08022350e-09]]), 2.041424414774761), (4.734866057473882e-05, array([[-2.16701548e-06],
       [ 1.07286869e-08],
       [ 3.62314991e-09]]), 2.0309942232208957), (4.2548145151331594e-05, array([[-2.03858524e-06],
       [-3.10511935e-08],
       [-4.07086593e-09]]), 2.0365859406733398), (3.8799646734568974e-05, array([[-1.79191421e-06],
       [ 1.86698848e-08],
       [-5.88121057e-09]]), 2.0493871807320865), (3.56083529294897e-05, array([[-1.38819389e-06],
       [ 5.49739913e-12],
       [ 7.58603522e-09]]), 2.047319779828247), (3.255416631627608e-05, array([[-1.04758615e-06],
       [-1.83194274e-08],
       [-4.76536795e-09]]), 2.0626114861734317), (2.948826080261872e-05, array([[-7.62673627e-07],
       [ 9.60829545e-10],
       [-3.26909046e-09]]), 2.08992088659112), (2.630826032620519e-05, array([[-4.85860337e-07],
       [ 2.45219614e-09],
       [ 1.24371194e-09]]), 2.1251129939796893), (2.3015842103164587e-05, array([[-2.66345162e-07],
       [ 1.82594482e-08],
       [-8.86049344e-10]]), 2.1713467093052703), (1.9965079085858487e-05, array([[-9.41826296e-08],
       [ 1.33606271e-08],
       [ 1.37707408e-09]]), 2.274647228740703), (1.815699685699276e-05, array([[-1.69177376e-08],
       [-1.15696412e-08],
       [-2.80327565e-10]]), 2.3123417855305344), (2.1058119856239e-05, array([[-1.12876906e-07],
       [ 7.52134882e-09],
       [ 5.29177726e-11]]), 2.17242046386192), (2.3431437728906978e-05, array([[-2.63424258e-07],
       [ 2.50500438e-09],
       [-1.12151568e-09]]), 2.0383072640167113), (2.652868964495673e-05, array([[-4.32720766e-07],
       [-1.53193507e-08],
       [ 4.03175866e-09]]), 2.001954306498295), (2.9088211714166347e-05, array([[-6.88824704e-07],
       [ 1.09495275e-08],
       [-1.52557649e-09]]), 1.9451928471145004), (3.183527198427685e-05, array([[-8.95687226e-07],
       [-1.70821079e-08],
       [ 4.87717951e-09]]), 1.918228667976756), (3.469222892944382e-05, array([[-1.27029654e-06],
       [-3.76379799e-10],
       [-1.22286402e-10]]), 1.9091412412936661), (3.824528313256202e-05, array([[-1.61354084e-06],
       [-7.91027693e-09],
       [-3.11475514e-09]]), 1.9439575728572398), (4.3185817410851856e-05, array([[-1.69379870e-06],
       [-3.91348033e-09],
       [ 1.35226773e-09]]), 1.9529071694152604), (4.8940314966139354e-05, array([[-1.75617475e-06],
       [-5.92884979e-09],
       [-5.63546386e-09]]), 1.9984601853895436), (5.408212005903999e-05, array([[-1.87502389e-06],
       [ 1.33895643e-08],
       [ 1.05509002e-09]]), 2.020567280421404), (5.940933051524783e-05, array([[-1.93628307e-06],
       [-5.09348395e-09],
       [ 4.91024769e-09]]), 2.053211530287653), (6.42884489419128e-05, array([[-2.02154438e-06],
       [ 1.28440425e-08],
       [-1.59213568e-08]]), 2.0746679733050573), (6.914590134910816e-05, array([[-1.92701955e-06],
       [ 1.42743831e-08],
       [ 3.69113454e-09]]), 2.10073625117638), (7.44352166106969e-05, array([[-1.90468208e-06],
       [ 1.10533305e-08],
       [-8.47453291e-09]]), 2.1444718743384215), (7.896304934035664e-05, array([[-1.84697559e-06],
       [-3.09902325e-08],
       [ 8.52432024e-09]]), 2.1713599316287535), (8.398934520519724e-05, array([[-1.83351469e-06],
       [ 4.78545818e-08],
       [-2.70328680e-10]]), 2.2175572833986315), (8.636104972654915e-05, array([[-1.59822747e-06],
       [ 2.34180861e-09],
       [ 9.56009747e-09]]), 2.201335597001895), (9.106307527117783e-05, array([[-1.39899090e-06],
       [ 5.46892016e-08],
       [-1.25823973e-08]]), 2.252379095287205), (9.410562046326475e-05, array([[-1.29414627e-06],
       [ 7.44273924e-08],
       [-6.29090202e-09]]), 2.2694944626488667), (9.70078085660293e-05, array([[-9.84173504e-07],
       [-7.66116211e-08],
       [ 6.58376243e-09]]), 2.291475328288985), (9.876947203749586e-05, array([[-8.19223419e-07],
       [-1.01815400e-08],
       [ 4.36079180e-09]]), 2.295229191865388), (0.00010119728873599041, array([[-6.17419125e-07],
       [ 5.28403998e-08],
       [-3.13357670e-09]]), 2.323301949097287), (0.00010200786682880062, array([[-4.97755657e-07],
       [-1.14010561e-08],
       [-3.03598192e-10]]), 2.3232629657421793), (0.00010292215926689636, array([[-3.19532032e-07],
       [-2.49198649e-08],
       [-2.71898439e-09]]), 2.33489559267048), (0.00010256232146884597, array([[ 4.05904750e-08],
       [-7.85036755e-08],
       [-4.09422693e-09]]), 2.32673230019072), (0.00010151392572234117, array([[2.73297195e-07],
       [6.91861870e-11],
       [8.37786807e-09]]), 2.31201329338288), (0.00010082422734540354, array([[ 5.43456070e-07],
       [-4.93584477e-08],
       [ 1.07830645e-09]]), 2.3147371518906676), (9.94324735644361e-05, array([[ 8.77565838e-07],
       [-7.09488890e-09],
       [ 4.89040023e-11]]), 2.310636183798146), (9.609479967566413e-05, array([[ 1.21419674e-06],
       [-2.77962612e-08],
       [-6.59459635e-10]]), 2.2699086381667537), (9.435377770718015e-05, array([[ 1.20526529e-06],
       [-1.41113423e-08],
       [-3.35594276e-09]]), 2.2754791369771334), (9.134944828482598e-05, array([[ 1.47619515e-06],
       [ 7.72077608e-09],
       [-1.54075976e-08]]), 2.259462323999553), (8.692896314588257e-05, array([[ 1.60078455e-06],
       [-3.19842681e-08],
       [-9.02213238e-09]]), 2.2158116603423954), (8.356316706984036e-05, array([[1.67178206e-06],
       [5.92098226e-08],
       [8.87494492e-09]]), 2.2063049700751143), (7.89989873408216e-05, array([[ 1.79602970e-06],
       [ 4.35631607e-08],
       [-1.56181302e-09]]), 2.172348170240158), (7.463782717059933e-05, array([[ 1.90169043e-06],
       [-4.07301940e-08],
       [-4.06766263e-09]]), 2.1503090662878606), (6.967470260518169e-05, array([[ 2.08826884e-06],
       [-4.07224552e-08],
       [-1.03379102e-08]]), 2.1168018739627907), (6.461652515505691e-05, array([[ 2.09534422e-06],
       [-6.03992163e-09],
       [-8.74220993e-09]]), 2.08525539955994), (5.9396637377496246e-05, array([[ 2.00641472e-06],
       [ 1.06384510e-09],
       [-4.70148472e-09]]), 2.052772850091106), (5.385452449544174e-05, array([[ 1.90223190e-06],
       [ 3.05848992e-08],
       [-3.24074484e-09]]), 2.012064060716377), (4.900723933415661e-05, array([[ 1.86530570e-06],
       [ 5.68824632e-09],
       [-5.49625058e-09]]), 2.001193017922544), (4.3532054684950317e-05, array([[ 1.71476844e-06],
       [-1.13939372e-08],
       [ 7.02045062e-09]]), 1.9685643757724538), (3.817902585947807e-05, array([[ 1.56670318e-06],
       [-2.90082966e-08],
       [-1.40279636e-08]]), 1.940589802580264), (3.4854553050507824e-05, array([[ 1.24756643e-06],
       [-1.70613531e-08],
       [-5.80856194e-09]]), 1.9180740681411501), (3.2166349657975944e-05, array([[ 9.49867580e-07],
       [-9.06059177e-09],
       [-1.27246271e-08]]), 1.9381776944945839), (2.9328757768042434e-05, array([[ 6.60276230e-07],
       [-8.11616366e-09],
       [-4.43906398e-09]]), 1.9612786920608742), (2.659662214527577e-05, array([[ 4.43041165e-07],
       [-2.90081962e-08],
       [-1.61109130e-09]]), 2.0070807474716337), (2.3431492457511273e-05, array([[2.46289885e-07],
       [2.15472316e-09],
       [6.79101793e-10]]), 2.038312024873172), (2.087823196535524e-05, array([[ 1.18437715e-07],
       [ 5.70373660e-09],
       [-2.00829347e-09]]), 2.153862675321215), (1.798197514906489e-05, array([[ 1.80268669e-08],
       [-1.94397463e-09],
       [-2.28132786e-10]]), 2.290052306064074), (1.92898573478539e-05, array([[ 9.34276749e-08],
       [-5.33584401e-09],
       [-1.17633866e-09]]), 2.1977183446359794), (2.2955323675378325e-05, array([[2.53008305e-07],
       [1.19688468e-08],
       [1.59642453e-09]]), 2.1656373162516975), (2.6332936090211352e-05, array([[ 4.94065247e-07],
       [-1.92202654e-08],
       [-1.41879619e-09]]), 2.127106238157593), (2.9540386006229532e-05, array([[ 7.62763616e-07],
       [-1.70770729e-08],
       [ 1.98861770e-09]]), 2.09361515504843), (3.262781079832955e-05, array([[ 1.07216230e-06],
       [-5.87262049e-08],
       [-1.28451148e-09]]), 2.0672775541999027), (3.592146909045624e-05, array([[1.39346791e-06],
       [9.36077066e-09],
       [6.36787981e-09]]), 2.0653225476338837), (3.8876517959628243e-05, array([[ 1.75141137e-06],
       [-2.95930259e-08],
       [-4.06215915e-09]]), 2.0534474987107876), (4.252647994497034e-05, array([[ 2.04285057e-06],
       [ 6.08063720e-10],
       [-1.45663378e-10]]), 2.0355489259099437), (4.8069363645509806e-05, array([[ 2.20926882e-06],
       [-4.73013221e-08],
       [-1.17422546e-09]]), 2.0619083769820774), (5.216975206890385e-05, array([[ 2.24233461e-06],
       [-5.02774405e-08],
       [ 2.61464719e-09]]), 2.0346763468234212), (5.7367166893385194e-05, array([[ 2.31910117e-06],
       [ 2.81790209e-08],
       [-2.13672030e-09]]), 2.0588015833889686), (6.224967222221514e-05, array([[ 2.30324543e-06],
       [ 1.33885342e-08],
       [-2.32030842e-09]]), 2.0766379664032923), (6.695848670463397e-05, array([[ 2.28966917e-06],
       [ 1.81902184e-09],
       [-5.50191664e-10]]), 2.0945927426718374), (7.142460135872186e-05, array([[2.21322371e-06],
       [1.63693820e-08],
       [1.47240151e-08]]), 2.1112979979276756), (7.661979455510901e-05, array([[ 2.08866769e-06],
       [-6.88161829e-08],
       [ 5.86211913e-09]]), 2.1549110796996156), (8.073906320557798e-05, array([[2.12403500e-06],
       [3.96470858e-08],
       [5.60204409e-09]]), 2.173975028513306), (8.434809837644028e-05, array([[ 1.83736323e-06],
       [-2.52954164e-08],
       [ 7.09449260e-09]]), 2.18674867718935), (8.873832646010398e-05, array([[1.66867062e-06],
       [1.31380592e-09],
       [3.41173244e-09]]), 2.226779068709995), (9.189490320435974e-05, array([[ 1.43656047e-06],
       [ 4.69058435e-09],
       [-1.11995928e-09]]), 2.2430778986030098), (9.392005597939084e-05, array([[1.35783281e-06],
       [5.68174146e-09],
       [4.19074710e-10]]), 2.240409098364793), (9.707363871037009e-05, array([[ 9.53072347e-07],
       [-7.40320506e-09],
       [-2.97947990e-09]]), 2.273128484686677), (9.923395134686027e-05, array([[ 8.28788791e-07],
       [-1.08550505e-08],
       [ 5.12697546e-09]]), 2.290886909864481), (0.00010160971579947855, array([[ 7.23952206e-07],
       [ 1.61470895e-08],
       [-6.85343448e-09]]), 2.322275843676753), (0.00010214211502641084, array([[4.59145616e-07],
       [1.34213563e-08],
       [1.76049640e-09]]), 2.3205821365278494), (0.00010301923738712332, array([[ 6.16973765e-09],
       [ 4.47965713e-09],
       [-3.15100029e-09]]), 2.3360449157760987)]