[(0.00010216163997123475, array([[1.44335054e-07],
       [4.24116144e-08],
       [3.53402665e-09]]), 2.316598197532195), (0.00010250702913495534, array([[-2.86956421e-07],
       [-3.14033438e-08],
       [-5.72228040e-09]]), 2.328872675268274), (0.0001008921721102599, array([[-6.39773330e-07],
       [ 3.64177383e-08],
       [ 1.13489394e-09]]), 2.3058764830138063), (9.946209463055856e-05, array([[-7.35162313e-07],
       [ 1.96244696e-08],
       [ 4.81289205e-09]]), 2.2961537611296396), (9.778297355722386e-05, array([[-1.06083522e-06],
       [ 3.81302022e-08],
       [ 7.17389270e-09]]), 2.289738650607983), (9.475238382911526e-05, array([[-1.25500952e-06],
       [-4.57702391e-08],
       [-2.75023367e-09]]), 2.2602638021114996), (9.18806630845035e-05, array([[-1.50698588e-06],
       [-6.91455579e-08],
       [-6.99798184e-09]]), 2.242730309161059), (8.837396089102199e-05, array([[-1.79268160e-06],
       [-4.88886524e-08],
       [-1.85708736e-09]]), 2.2176357632752755), (8.476952681069164e-05, array([[-1.83567077e-06],
       [ 3.34816627e-08],
       [-1.05650092e-08]]), 2.1976743303915853), (8.087841579513115e-05, array([[-2.24358961e-06],
       [-6.42109866e-09],
       [-1.96357159e-08]]), 2.1777272277316175), (7.648767888082966e-05, array([[-2.08039516e-06],
       [ 2.21120753e-08],
       [ 1.02404624e-08]]), 2.151195361953833), (7.219682495399739e-05, array([[-2.23805449e-06],
       [-1.22700522e-08],
       [ 1.78837186e-09]]), 2.134124784492002), (6.736764017710643e-05, array([[-2.30514736e-06],
       [-1.17757964e-08],
       [-4.68567353e-10]]), 2.107391865475497), (6.181560749347881e-05, array([[-2.25040737e-06],
       [-2.40024452e-08],
       [ 3.72152459e-09]]), 2.0621576444450866), (5.7343981054713314e-05, array([[-2.24892965e-06],
       [-1.76208640e-08],
       [-8.62046303e-09]]), 2.0579694864953133), (5.279483540357423e-05, array([[-2.25467241e-06],
       [ 9.02129236e-09],
       [ 5.56745084e-10]]), 2.0590552680451952), (4.759997696923069e-05, array([[-2.15655487e-06],
       [ 3.08378753e-08],
       [ 5.11918940e-09]]), 2.0417742989235235), (4.2898112255078085e-05, array([[-2.03698766e-06],
       [ 5.01110620e-08],
       [-9.05541948e-09]]), 2.0533372721509697), (3.857483065638762e-05, array([[-1.76138491e-06],
       [-4.06137278e-08],
       [ 4.79713897e-09]]), 2.037512454351219), (3.568446640768309e-05, array([[-1.39819422e-06],
       [ 1.48454862e-08],
       [-2.22594934e-09]]), 2.0516959617236976), (3.244794499470736e-05, array([[-1.06435841e-06],
       [-1.71691176e-08],
       [-3.58299687e-09]]), 2.055881370101173), (2.9492483106929717e-05, array([[-7.70402722e-07],
       [-3.47561212e-09],
       [-8.61511588e-10]]), 2.090220133875596), (2.6215924019822583e-05, array([[-4.75381963e-07],
       [ 4.25882646e-08],
       [-3.33684618e-09]]), 2.1176543067811937), (2.2784166514817716e-05, array([[-2.56179175e-07],
       [ 6.51753085e-09],
       [-2.08106208e-10]]), 2.149490110527415), (1.98198961158029e-05, array([[-9.82480084e-08],
       [ 1.37371383e-08],
       [ 1.96794148e-10]]), 2.258106345577801), (1.780444929340681e-05, array([[-1.41194317e-08],
       [-3.04553128e-08],
       [-1.77254524e-10]]), 2.2674439167316636), (2.0628831265371322e-05, array([[-9.90548350e-08],
       [ 1.63990914e-08],
       [ 1.28507623e-09]]), 2.128133731424737), (2.3493490141559196e-05, array([[-2.48127898e-07],
       [ 9.50691961e-09],
       [ 7.24885873e-10]]), 2.0437052205963346), (2.6443254624113556e-05, array([[-4.38908959e-07],
       [-6.29209183e-09],
       [ 4.29579418e-09]]), 1.9955070597555489), (2.908025425964769e-05, array([[-6.88223605e-07],
       [-9.42958670e-09],
       [ 2.79816548e-09]]), 1.9446607145873096), (3.2289426100132936e-05, array([[-9.46506372e-07],
       [ 6.87014707e-09],
       [-6.80830692e-09]]), 1.9455936436912726), (3.497004082509144e-05, array([[-1.22060100e-06],
       [ 1.59709915e-08],
       [ 3.05306389e-09]]), 1.92442945319788), (3.814303202227144e-05, array([[-1.61417046e-06],
       [-1.24916862e-08],
       [ 5.26160925e-10]]), 1.9387602830504558), (4.36350815374955e-05, array([[-1.71926815e-06],
       [-3.79668443e-08],
       [ 7.65028184e-09]]), 1.9732233562211396), (4.8447456004547245e-05, array([[-1.86189082e-06],
       [-4.57471344e-09],
       [-3.48522627e-09]]), 1.9783344666965657), (5.408666620096079e-05, array([[-1.93382698e-06],
       [ 4.17797155e-08],
       [-7.97088802e-09]]), 2.0207371292662217), (5.958688985284877e-05, array([[-2.00722192e-06],
       [-2.56421291e-09],
       [-8.40624676e-11]]), 2.059348055916046), (6.427554701411752e-05, array([[-1.96219774e-06],
       [ 5.15291538e-09],
       [ 8.80291736e-09]]), 2.074251612095053), (6.936609391675954e-05, array([[-1.95822416e-06],
       [-5.14744839e-09],
       [ 5.16464738e-09]]), 2.107425968138336), (7.488807866053893e-05, array([[-1.90904160e-06],
       [-1.54337536e-08],
       [-5.64649059e-09]]), 2.1575187891330767), (7.949715507480982e-05, array([[-1.90605128e-06],
       [-1.71293251e-08],
       [ 1.51010041e-08]]), 2.1860470010964734), (8.296573890566912e-05, array([[-1.63492341e-06],
       [ 3.86027631e-08],
       [-7.87448553e-09]]), 2.1905311695587675), (8.697338682110113e-05, array([[-1.58645001e-06],
       [ 2.84220797e-08],
       [-5.85072881e-09]]), 2.216944015934621), (9.108444915426623e-05, array([[-1.50364385e-06],
       [ 5.34332620e-09],
       [-7.01112180e-09]]), 2.252907762777404), (9.47531136717063e-05, array([[-1.27444959e-06],
       [-5.45782454e-09],
       [ 7.37212511e-09]]), 2.285109706923617), (9.700052982801218e-05, array([[-1.03979371e-06],
       [ 9.86165022e-08],
       [-6.40162748e-09]]), 2.29130339317537), (9.945136086669667e-05, array([[-8.94500881e-07],
       [ 7.55578772e-08],
       [-4.71780836e-09]]), 2.311075091555876), (0.00010082327273462858, array([[-4.62339823e-07],
       [ 7.88189394e-08],
       [-5.71001058e-09]]), 2.314715235798826), (0.00010180231130359401, array([[-4.56102209e-07],
       [ 4.95224346e-09],
       [ 2.60616865e-09]]), 2.3185813705479807), (0.0001023625037667791, array([[-1.43147437e-07],
       [ 7.07764781e-08],
       [ 2.33886410e-09]]), 2.3221992290307614), (0.00010201592023695827, array([[ 1.89318281e-07],
       [-3.09117292e-08],
       [-4.91245774e-09]]), 2.3143366233291807), (0.00010217061344289631, array([[ 4.38996517e-07],
       [-5.07303113e-08],
       [-3.59853035e-09]]), 2.3269695738017617), (0.00010066353002359098, array([[ 6.18243297e-07],
       [-8.30804028e-08],
       [-7.07820455e-09]]), 2.311047839601325), (9.89471379870142e-05, array([[ 7.99559646e-07],
       [-2.20618981e-08],
       [-5.83483932e-09]]), 2.2993578367322973), (9.748200749958938e-05, array([[1.00528844e-06],
       [3.62163029e-08],
       [2.59650814e-09]]), 2.302676644688316), (9.405355055928752e-05, array([[1.25017604e-06],
       [2.58345782e-08],
       [7.36508570e-09]]), 2.268238720875258), (9.051106616331971e-05, array([[ 1.43368226e-06],
       [-6.17793008e-08],
       [-3.05699247e-09]]), 2.2387255505189754), (8.760180961571032e-05, array([[ 1.60598593e-06],
       [-1.15719071e-08],
       [ 5.21630151e-09]]), 2.232962457953573), (8.382033121838064e-05, array([[1.73218431e-06],
       [3.97658078e-08],
       [1.55282028e-08]]), 2.213094834065972), (7.894949746380244e-05, array([[ 1.82097396e-06],
       [-4.08171014e-08],
       [ 1.32203995e-09]]), 2.170987276291933), (7.423656474686775e-05, array([[1.80634796e-06],
       [3.85101912e-08],
       [6.12894515e-09]]), 2.138748732065664), (7.012318132390367e-05, array([[2.01138980e-06],
       [1.89770713e-08],
       [9.01221293e-09]]), 2.1304272007561127), (6.464453725932172e-05, array([[ 2.02049484e-06],
       [ 3.82056848e-09],
       [-4.43989966e-12]]), 2.0861593849031794), (5.996216429430462e-05, array([[1.98531954e-06],
       [2.26137775e-08],
       [6.15841317e-09]]), 2.072317698959264), (5.442264220723082e-05, array([[1.97056258e-06],
       [2.48729899e-08],
       [1.32943586e-08]]), 2.0332895610964608), (4.8377091636121937e-05, array([[ 1.83257439e-06],
       [-1.84353380e-08],
       [ 3.20722240e-09]]), 1.9754611629823284), (4.349968650213492e-05, array([[1.71756131e-06],
       [2.69595263e-08],
       [1.89368822e-10]]), 1.9671006531877968), (3.824636150609419e-05, array([[ 1.57980843e-06],
       [ 1.31632017e-08],
       [-1.11545345e-09]]), 1.9440123851693103), (3.49666301153636e-05, array([[ 1.20830121e-06],
       [-1.49339846e-08],
       [ 1.19865405e-09]]), 1.9242417591002545), (3.1983331806979206e-05, array([[9.42233359e-07],
       [3.80938728e-08],
       [3.58960883e-09]]), 1.9271499863378314), (2.9448107976565582e-05, array([[6.77227903e-07],
       [2.19878029e-08],
       [4.70843946e-09]]), 1.969259903632151), (2.635112596470557e-05, array([[ 4.47161906e-07],
       [-3.20480035e-08],
       [ 1.48243533e-09]]), 1.9885546859699559), (2.372060949801062e-05, array([[2.56330774e-07],
       [2.09757683e-08],
       [7.32989474e-10]]), 2.0634623963791343), (2.0990954717316936e-05, array([[ 1.12199953e-07],
       [-4.96634920e-09],
       [-2.81389594e-09]]), 2.1654915013881286), (1.7788925822552794e-05, array([[ 1.52166439e-08],
       [ 1.77152717e-08],
       [-1.77705618e-10]]), 2.265466961478825), (1.962929875242796e-05, array([[ 1.02433268e-07],
       [-3.53289337e-09],
       [-6.27783241e-11]]), 2.2363913419686634), (2.270395004654596e-05, array([[ 2.54231249e-07],
       [-1.72932910e-08],
       [-3.50801746e-09]]), 2.14192237680587), (2.6572375320792775e-05, array([[4.83703725e-07],
       [4.80914711e-09],
       [1.19811941e-09]]), 2.1464475178115063), (2.925091802537317e-05, array([[ 7.32671622e-07],
       [-2.49100481e-08],
       [-3.18774665e-09]]), 2.073099696939848), (3.2510700614907146e-05, array([[ 1.05184773e-06],
       [-6.61125675e-09],
       [-4.03610226e-09]]), 2.0598575266947243), (3.607888503850293e-05, array([[ 1.45816666e-06],
       [-3.42925038e-08],
       [ 2.44079785e-09]]), 2.0743732550545437), (3.8911058841189056e-05, array([[1.79189965e-06],
       [1.50734610e-08],
       [1.24830630e-08]]), 2.0552719390302103), (4.19626149076298e-05, array([[2.06018724e-06],
       [7.24211126e-09],
       [4.45508447e-09]]), 2.00855927445979), (4.7874285316045674e-05, array([[ 2.16024318e-06],
       [ 4.22085758e-09],
       [-3.97160512e-09]]), 2.0535406015179367), (5.2567526084518424e-05, array([[2.26674938e-06],
       [1.27925609e-08],
       [1.86990030e-09]]), 2.050189960533584), (5.7212232229575367e-05, array([[ 2.32970531e-06],
       [ 2.61822914e-08],
       [-1.67989112e-08]]), 2.0532412646832126), (6.229229288793399e-05, array([[2.24246162e-06],
       [4.97659450e-08],
       [1.41909180e-08]]), 2.078059784212537), (6.749579102094455e-05, array([[ 2.33955433e-06],
       [-3.90368416e-08],
       [-2.82388936e-09]]), 2.1114006751228036), (7.164293467923077e-05, array([[ 2.33330583e-06],
       [-1.93569667e-08],
       [ 8.30821888e-09]]), 2.117751890475933), (7.584206971940757e-05, array([[ 2.14375200e-06],
       [-3.55180099e-08],
       [ 3.51312737e-09]]), 2.133037778222604), (8.032844392617141e-05, array([[ 2.07499933e-06],
       [-6.02821644e-08],
       [ 5.90656268e-09]]), 2.162918719160508), (8.462614659294416e-05, array([[ 2.03642282e-06],
       [-6.20435955e-09],
       [ 1.14004644e-08]]), 2.1939571570642746), (8.752155109376771e-05, array([[ 1.71402010e-06],
       [-1.00949571e-08],
       [-3.31441742e-09]]), 2.1962455887001173), (9.172390275571949e-05, array([[ 1.42599708e-06],
       [ 2.59863341e-09],
       [-3.33963883e-09]]), 2.2389039203558907), (9.459079151410185e-05, array([[ 1.31408035e-06],
       [-4.19610786e-08],
       [ 1.52095293e-08]]), 2.256409110065093), (9.684868126165132e-05, array([[1.01448715e-06],
       [4.82759662e-08],
       [4.02692257e-09]]), 2.267860760190939), (9.954349829425336e-05, array([[ 8.39335816e-07],
       [-4.24993837e-08],
       [ 1.00973760e-08]]), 2.2980330230661274), (0.00010083008468526743, array([[ 4.86039524e-07],
       [-5.88380034e-08],
       [-8.41429033e-10]]), 2.30445748359902), (0.0001019656487961856, array([[ 4.57594079e-07],
       [-2.32776284e-08],
       [-3.33128502e-10]]), 2.3165729735938805), (0.00010238419289809955, array([[1.73688450e-07],
       [1.24634097e-08],
       [2.90976875e-09]]), 2.3216447659836774)]