[(0.00010231603840324547, array([[-4.21265636e-08],
       [-1.66250648e-08],
       [-6.13839348e-10]]), 2.320099307434097), (0.00010240686982038694, array([[-2.62166417e-07],
       [-5.69247779e-08],
       [-5.46996867e-09]]), 2.3265971406747887), (0.00010151521347123177, array([[-6.06700170e-07],
       [-8.57423327e-08],
       [-6.17111933e-09]]), 2.320116006181569), (9.934628348996746e-05, array([[-9.10794105e-07],
       [ 9.37217273e-08],
       [-2.02986942e-09]]), 2.2934801779215173), (9.70368162816927e-05, array([[-1.10918682e-06],
       [ 5.45782897e-08],
       [ 5.20556594e-09]]), 2.2722662309109465), (9.463485513132849e-05, array([[-1.28093500e-06],
       [ 4.81015485e-08],
       [ 4.53893301e-10]]), 2.257460222395808), (9.179355267831008e-05, array([[-1.54857803e-06],
       [-6.63530397e-08],
       [-2.01393087e-09]]), 2.240604016841709), (8.77989131058709e-05, array([[-1.77538233e-06],
       [-2.54529972e-08],
       [-1.69181053e-09]]), 2.2032056469708152), (8.479242631979554e-05, array([[-1.96694239e-06],
       [ 2.74911815e-08],
       [ 1.10562233e-08]]), 2.198268006742387), (8.06211284816397e-05, array([[-2.07794466e-06],
       [-1.32796327e-09],
       [-9.26739227e-09]]), 2.170799525421529), (7.629562198986741e-05, array([[-2.12150323e-06],
       [-3.02908854e-08],
       [-2.33258155e-09]]), 2.1457938136376264), (7.074974169157554e-05, array([[-2.22952313e-06],
       [-3.29481774e-08],
       [-7.58225621e-09]]), 2.091349271060133), (6.701617170374229e-05, array([[-2.33443545e-06],
       [ 1.11209234e-08],
       [ 2.04954561e-08]]), 2.0963972425409323), (6.207141189603644e-05, array([[-2.24335577e-06],
       [-3.71677925e-08],
       [ 1.44191864e-08]]), 2.0706912337052517), (5.748578645196545e-05, array([[-2.39011044e-06],
       [ 4.73984182e-08],
       [ 1.05725980e-08]]), 2.0630586200922076), (5.2575615871687765e-05, array([[-2.22343353e-06],
       [ 7.77069727e-08],
       [ 9.13172471e-09]]), 2.0505054709194206), (4.728817713497163e-05, array([[-2.13473922e-06],
       [-1.05601243e-08],
       [ 3.91751915e-09]]), 2.028399820015471), (4.248573799275597e-05, array([[-2.01945376e-06],
       [ 3.35850523e-08],
       [-4.41590503e-09]]), 2.033598794199611), (3.829704009478218e-05, array([[-1.77079971e-06],
       [ 6.10770534e-09],
       [-4.19868335e-09]]), 2.0228396296273967), (3.561813914292578e-05, array([[-1.40017485e-06],
       [ 1.98215393e-08],
       [-4.35655668e-09]]), 2.0478824429870004), (3.254621558089145e-05, array([[-1.08635738e-06],
       [-7.45430378e-10],
       [ 3.46084093e-10]]), 2.0621077325841517), (2.9555393660456613e-05, array([[-7.72481143e-07],
       [-1.26184832e-08],
       [ 3.70903986e-09]]), 2.0946787922102774), (2.6362167916537275e-05, array([[-4.83564818e-07],
       [ 1.53887319e-08],
       [ 3.07545711e-09]]), 2.12946750922579), (2.2909032818732036e-05, array([[-2.67646000e-07],
       [ 1.16838840e-08],
       [-1.34154207e-09]]), 2.1612701721428964), (1.950185223584899e-05, array([[-9.42132540e-08],
       [ 2.69598417e-08],
       [ 1.31675100e-09]]), 2.2218711958424056), (1.79500501271272e-05, array([[-1.81272296e-08],
       [-1.90821252e-08],
       [ 3.43623099e-10]]), 2.2859865697084456), (2.095069393582628e-05, array([[-1.03719895e-07],
       [ 1.76903189e-10],
       [-1.40462982e-09]]), 2.1613380752419), (2.346150722689561e-05, array([[-2.58454773e-07],
       [-1.08595354e-08],
       [ 1.65032792e-09]]), 2.0409230179830145), (2.651162785582689e-05, array([[-4.28393607e-07],
       [ 2.53092716e-08],
       [-4.45563108e-09]]), 2.0006667599710375), (2.925788996763337e-05, array([[-6.79062002e-07],
       [-1.75539624e-08],
       [-4.88221012e-09]]), 1.956539606007698), (3.202458448921729e-05, array([[-9.49957781e-07],
       [ 2.77741283e-08],
       [-9.34955700e-11]]), 1.9296356593906379), (3.526074835406657e-05, array([[-1.23046274e-06],
       [ 3.25605284e-08],
       [ 5.57909727e-09]]), 1.9404273221687596), (3.8188289305860566e-05, array([[-1.58745047e-06],
       [ 2.37813863e-08],
       [ 2.17236647e-09]]), 1.941060651408433), (4.3102163472519573e-05, array([[-1.64589586e-06],
       [ 3.16849136e-08],
       [ 1.76853895e-09]]), 1.9491242521124634), (4.867618570310626e-05, array([[-1.85143137e-06],
       [-2.55531324e-08],
       [-8.15616684e-09]]), 1.9876745617920428), (5.4231737507396783e-05, array([[-1.91187834e-06],
       [ 5.31036077e-09],
       [-5.55033696e-09]]), 2.026157152275537), (5.929528666660667e-05, array([[-1.85228205e-06],
       [ 5.10179514e-08],
       [-2.57285026e-09]]), 2.0492701267579783), (6.466994654157365e-05, array([[-2.02948401e-06],
       [-2.68804489e-08],
       [-3.69896484e-09]]), 2.086979373952229), (6.965276069312827e-05, array([[-1.95383144e-06],
       [ 1.71845074e-08],
       [-5.06274007e-09]]), 2.11613525209264), (7.433614137855723e-05, array([[-1.91482195e-06],
       [ 3.39518041e-08],
       [-6.89800378e-09]]), 2.1416175258399375), (7.908132482330864e-05, array([[-1.77695233e-06],
       [-1.40170053e-09],
       [ 4.23981465e-09]]), 2.17461232178746), (8.335475864937705e-05, array([[-1.70118337e-06],
       [-3.40095121e-08],
       [ 2.12624103e-09]]), 2.2008023957951166), (8.76299065059542e-05, array([[-1.70508573e-06],
       [ 2.11270339e-08],
       [-4.92091876e-09]]), 2.233678645226132), (9.12084983700626e-05, array([[-1.48612169e-06],
       [-7.09820811e-10],
       [ 7.04226179e-09]]), 2.2559760301252223), (9.480126805945415e-05, array([[-1.30052480e-06],
       [-1.00685128e-07],
       [ 1.23445644e-08]]), 2.286271020305411), (9.671295433109741e-05, array([[-8.97271157e-07],
       [-1.23107071e-08],
       [ 5.22285488e-09]]), 2.2845104126314166), (9.902523387572186e-05, array([[-8.80074695e-07],
       [-1.04970632e-08],
       [ 6.86138714e-09]]), 2.301172648129269), (0.00010091817986229734, array([[-6.15703789e-07],
       [ 2.94905444e-08],
       [ 1.78696491e-10]]), 2.316894127322998), (0.00010208176415423974, array([[-4.44036821e-07],
       [-1.99796312e-08],
       [ 3.50232141e-09]]), 2.3249460018137817), (0.00010238800567753735, array([[-7.22290073e-09],
       [-9.05752795e-11],
       [-3.21714204e-09]]), 2.3227777662423614), (0.0001025327733832087, array([[ 2.24852563e-07],
       [ 6.41339327e-08],
       [-8.51165630e-10]]), 2.3260619713187087), (0.00010238622263850837, array([[ 3.69854490e-07],
       [-2.02512191e-08],
       [-2.43764159e-09]]), 2.331880144670572), (0.0001007742667352075, array([[5.27700526e-07],
       [1.02162876e-08],
       [3.11689246e-09]]), 2.3135901489966533), (9.887689985773853e-05, array([[ 1.04052623e-06],
       [-2.26812987e-08],
       [ 5.07989980e-10]]), 2.2977256258743273), (9.690661631001977e-05, array([[1.11249261e-06],
       [5.83670682e-08],
       [3.39006910e-09]]), 2.2890850098034177), (9.398794837103804e-05, array([[ 1.31070645e-06],
       [-2.37447289e-08],
       [-4.64902490e-09]]), 2.266656628304837), (9.101938341940616e-05, array([[1.48634896e-06],
       [2.78319019e-08],
       [1.07325641e-08]]), 2.2512984090346073), (8.799278658707807e-05, array([[1.65785707e-06],
       [4.14242541e-08],
       [1.40960684e-08]]), 2.2429284267254324), (8.370309562167705e-05, array([[ 1.60719979e-06],
       [-5.59485090e-08],
       [-8.97387424e-09]]), 2.209999481307733), (7.910015043135774e-05, array([[1.88682552e-06],
       [4.24282483e-08],
       [1.48341664e-09]]), 2.175129996463751), (7.475368097351574e-05, array([[1.87721215e-06],
       [2.70545350e-08],
       [4.98476532e-09]]), 2.153646803896508), (7.013216178586842e-05, array([[ 1.92818281e-06],
       [-8.75025884e-09],
       [-1.26590171e-08]]), 2.1307000380701626), (6.466513326005402e-05, array([[ 1.96041695e-06],
       [-9.28672006e-10],
       [-6.66573642e-09]]), 2.0868240433885017), (5.9156747962107006e-05, array([[1.90818280e-06],
       [1.84747095e-08],
       [6.77825063e-10]]), 2.0444821706742635), (5.4136204378460646e-05, array([[1.88020125e-06],
       [4.67825550e-08],
       [2.76666743e-09]]), 2.0225879298723863), (4.9189743873027554e-05, array([[ 1.78959817e-06],
       [-3.24559084e-08],
       [-1.15355890e-09]]), 2.0086455252233), (4.324733569890661e-05, array([[ 1.73350625e-06],
       [ 2.03034675e-08],
       [-4.32901921e-10]]), 1.9556890898001271), (3.812426226763371e-05, array([[ 1.52569512e-06],
       [-5.26510174e-09],
       [ 1.27512689e-09]]), 1.9378062410437027), (3.515518563191081e-05, array([[ 1.26166198e-06],
       [-3.08159021e-09],
       [ 1.64746589e-09]]), 1.9346181207242314), (3.211484324034861e-05, array([[ 9.61433722e-07],
       [ 1.00125743e-11],
       [-7.89325288e-09]]), 1.9350741844342225), (2.9184366742060674e-05, array([[ 6.73436479e-07],
       [-1.91993114e-08],
       [ 9.76927550e-10]]), 1.9516229458195042), (2.6613768012876007e-05, array([[ 4.55799938e-07],
       [ 2.94829103e-09],
       [-1.59016509e-09]]), 2.008374638875255), (2.3579335892979774e-05, array([[ 2.46305985e-07],
       [ 4.91955732e-08],
       [-1.49194913e-10]]), 2.0511729663117277), (2.074211467289855e-05, array([[ 1.05737743e-07],
       [-1.71021695e-09],
       [ 6.70214636e-10]]), 2.1398203964455544), (1.7819888644827588e-05, array([[1.65671851e-08],
       [3.44775884e-09],
       [5.76923793e-11]]), 2.269410159151208), (1.9766990431848803e-05, array([[9.27005286e-08],
       [1.30486044e-08],
       [3.45401404e-10]]), 2.252078732720705), (2.2647365125731992e-05, array([[ 2.77631694e-07],
       [-2.60204709e-10],
       [ 2.02267404e-09]]), 2.1365840762972472), (2.610442665724309e-05, array([[4.84036754e-07],
       [1.36981288e-08],
       [3.88559958e-09]]), 2.1086478391898718), (2.914350211622468e-05, array([[ 7.61378279e-07],
       [ 3.25887236e-08],
       [-1.22820187e-09]]), 2.065486811473857), (3.2119670730944976e-05, array([[ 1.07505687e-06],
       [-7.79507724e-10],
       [-7.04420566e-09]]), 2.0350821193855166), (3.542707417420272e-05, array([[ 1.37980114e-06],
       [ 2.41884872e-08],
       [-8.16288039e-09]]), 2.036897068558886), (3.8308900758714775e-05, array([[ 1.72505397e-06],
       [-2.77366728e-09],
       [-1.50822461e-08]]), 2.02346610679057), (4.26748977799045e-05, array([[ 2.05743295e-06],
       [ 2.86672417e-08],
       [-1.20155684e-08]]), 2.042653011761325), (4.7817207361362076e-05, array([[2.13231858e-06],
       [2.01565353e-08],
       [1.51952000e-08]]), 2.0510922746840095), (5.2426599623194944e-05, array([[ 2.21626914e-06],
       [-2.90658199e-08],
       [ 6.79563988e-09]]), 2.044693677225247), (5.756922717869575e-05, array([[ 2.27783513e-06],
       [ 1.74289347e-08],
       [-1.25601979e-08]]), 2.066053153544255), (6.26695825986135e-05, array([[ 2.29971450e-06],
       [-3.51394150e-08],
       [ 1.46801274e-08]]), 2.0906461016911817), (6.765351272582561e-05, array([[2.33398220e-06],
       [5.94183643e-09],
       [9.69257226e-09]]), 2.1163345192800493), (7.123940338236152e-05, array([[ 2.18073069e-06],
       [-5.97567344e-09],
       [-1.28370457e-08]]), 2.1058235800202363), (7.615855146308406e-05, array([[ 2.16435586e-06],
       [ 1.33448072e-08],
       [-4.03425145e-09]]), 2.1419387420000593), (8.02971703838877e-05, array([[ 1.91481976e-06],
       [ 7.97847647e-08],
       [-6.84769657e-09]]), 2.1620766496927852), (8.49108547874449e-05, array([[ 2.05315023e-06],
       [-2.55185090e-08],
       [-5.96698636e-09]]), 2.201338298781671), (8.829625953200051e-05, array([[ 1.68513761e-06],
       [-5.15654813e-08],
       [ 1.30945088e-08]]), 2.215685943318315), (9.224379451746827e-05, array([[ 1.63993696e-06],
       [-1.63680803e-08],
       [-2.51394460e-09]]), 2.2515940443973848), (9.449571563846053e-05, array([[ 1.19136607e-06],
       [-2.95804736e-08],
       [ 1.52024414e-08]]), 2.254141129551234), (9.751287585009534e-05, array([[ 1.11656255e-06],
       [ 1.99808475e-08],
       [-3.97982938e-10]]), 2.283413897566076), (9.880117881912717e-05, array([[ 7.01812552e-07],
       [-4.90326766e-09],
       [ 1.31539659e-09]]), 2.280896045797532), (0.00010110987941806609, array([[ 5.81590975e-07],
       [-1.30999282e-08],
       [ 3.31577885e-09]]), 2.3108521530856327), (0.00010235836129766048, array([[ 2.60198803e-07],
       [-3.72798311e-09],
       [ 2.55934893e-09]]), 2.3254950682213327), (0.00010236821053031828, array([[-9.46276229e-08],
       [ 1.64742077e-09],
       [ 7.31805241e-10]]), 2.321282352807804)]