[(0.00010257368197965719, array([[ 3.69843368e-09],
       [-5.54936399e-08],
       [ 3.06479279e-09]]), 2.3259415848768747), (0.00010217344405463597, array([[-1.79043066e-07],
       [-5.65779631e-08],
       [-4.39463187e-09]]), 2.321293905451326), (0.00010116454548598059, array([[-4.72866667e-07],
       [ 2.89171123e-09],
       [ 1.40620791e-09]]), 2.312101538422337), (9.958380317028213e-05, array([[-9.33940769e-07],
       [-3.20222018e-08],
       [-2.84481999e-09]]), 2.298963490024712), (9.78803182267495e-05, array([[-1.24534985e-06],
       [-5.95129376e-08],
       [-4.53099046e-09]]), 2.2920181256958734), (9.414515697287064e-05, array([[-1.31475204e-06],
       [ 1.31870338e-08],
       [-1.00451698e-09]]), 2.245778753531456), (9.11238970403303e-05, array([[-1.43876455e-06],
       [ 3.65872968e-08],
       [-3.56841613e-09]]), 2.2242582815631495), (8.772057070903944e-05, array([[-1.62679426e-06],
       [ 6.18997012e-08],
       [ 2.15731735e-09]]), 2.2012397409591067), (8.436568860271018e-05, array([[-1.83046531e-06],
       [-4.64037372e-08],
       [ 6.20725426e-10]]), 2.1872047088577267), (8.055879109500503e-05, array([[-2.05453650e-06],
       [ 8.69688781e-09],
       [ 2.62132567e-09]]), 2.1691210327996675), (7.604017352893814e-05, array([[-2.05222049e-06],
       [-3.50189145e-08],
       [ 1.64441473e-08]]), 2.138609394494441), (7.225482464655539e-05, array([[-2.22987934e-06],
       [-6.33313815e-08],
       [-1.80365629e-10]]), 2.135839244670269), (6.705897656147278e-05, array([[-2.33617730e-06],
       [ 3.84398342e-08],
       [ 4.98645280e-09]]), 2.0977362624137816), (6.232831157540631e-05, array([[-2.25915569e-06],
       [ 7.12284066e-09],
       [ 9.23393640e-10]]), 2.0792613612045883), (5.698455631987172e-05, array([[-2.28363623e-06],
       [ 1.14397979e-08],
       [ 1.47599027e-08]]), 2.045070397115908), (5.22629862816082e-05, array([[-2.24947153e-06],
       [-3.08902139e-08],
       [ 1.12400305e-08]]), 2.0383125812270975), (4.735367682368111e-05, array([[-2.11622105e-06],
       [-9.76479816e-09],
       [ 4.56254822e-09]]), 2.03120939240415), (4.220992900270363e-05, array([[-2.04007628e-06],
       [-1.46156039e-08],
       [-2.28867932e-09]]), 2.0203970739024264), (3.89833763745502e-05, array([[-1.79102041e-06],
       [-1.95514583e-10],
       [-3.18592623e-09]]), 2.0590917322058138), (3.586248856640732e-05, array([[-1.45832842e-06],
       [-3.00197414e-09],
       [-6.81782910e-10]]), 2.0619314333706322), (3.243146758717595e-05, array([[-1.04296752e-06],
       [ 1.73675363e-08],
       [-1.73247834e-09]]), 2.054837371931892), (2.9358264528698072e-05, array([[-7.38542972e-07],
       [ 3.56719751e-08],
       [-1.34894445e-10]]), 2.080707663408366), (2.625723851333002e-05, array([[-4.96167226e-07],
       [ 1.18308073e-08],
       [ 1.08274245e-09]]), 2.1209915843473914), (2.33388134915581e-05, array([[-2.62691782e-07],
       [ 5.19347552e-08],
       [ 4.31766696e-10]]), 2.2018162814479982), (2.000573613806702e-05, array([[-9.70682921e-08],
       [-3.95133391e-09],
       [ 5.42667764e-10]]), 2.2792793391739856), (1.79678599165487e-05, array([[-8.67632902e-09],
       [ 8.93363568e-09],
       [-9.43783657e-10]]), 2.2882546937046766), (2.0741408169626624e-05, array([[-1.14782480e-07],
       [ 4.11097251e-10],
       [ 6.50713374e-10]]), 2.1397475113933213), (2.382786937857651e-05, array([[-2.73406174e-07],
       [-1.21450992e-08],
       [ 2.42188177e-09]]), 2.0727929631255915), (2.65437371548821e-05, array([[-4.45567532e-07],
       [ 6.70148837e-09],
       [-4.16728216e-10]]), 2.003089847970578), (2.9301808366409177e-05, array([[-6.80402944e-07],
       [ 2.06277205e-09],
       [-1.89777326e-09]]), 1.959476526159232), (3.1976874651065625e-05, array([[-9.41789370e-07],
       [ 1.18731538e-08],
       [ 9.05637838e-10]]), 1.9267609115533253), (3.526856759667896e-05, array([[-1.27125750e-06],
       [-4.46381031e-08],
       [ 6.28490559e-09]]), 1.9408576213743067), (3.8076964229788265e-05, array([[-1.59562258e-06],
       [ 2.00196878e-08],
       [-8.04634476e-09]]), 1.9354021438238622), (4.330700361622379e-05, array([[-1.75750014e-06],
       [ 1.00998782e-08],
       [ 9.01406869e-09]]), 1.9583873345132958), (4.883297163667458e-05, array([[-1.81388114e-06],
       [ 1.92575825e-08],
       [-4.18203633e-10]]), 1.994076859081756), (5.397279182826133e-05, array([[-1.88080063e-06],
       [ 2.00069186e-08],
       [-8.86450029e-09]]), 2.0164826578937265), (5.9245881863897376e-05, array([[-1.87379244e-06],
       [-1.34251437e-08],
       [-6.40812572e-09]]), 2.0475626759300605), (6.431833197163851e-05, array([[-1.95243990e-06],
       [ 4.16049150e-08],
       [-1.03896725e-09]]), 2.0756323357331086), (6.937324766327761e-05, array([[-1.91007105e-06],
       [ 1.66605314e-08],
       [-1.07665286e-08]]), 2.1076433076241043), (7.41775996084034e-05, array([[-1.87603633e-06],
       [-2.23316509e-08],
       [-1.73133821e-09]]), 2.1370499517468726), (7.949650597813988e-05, array([[-1.89568288e-06],
       [ 3.49380155e-08],
       [ 2.21863733e-08]]), 2.186029151956747), (8.370668906101058e-05, array([[-1.69810490e-06],
       [ 4.63085514e-08],
       [ 1.41396908e-09]]), 2.2100943583132278), (8.744177393169871e-05, array([[-1.58077543e-06],
       [ 7.21877272e-08],
       [-2.11656252e-09]]), 2.2288831623785335), (9.133791090631486e-05, array([[-1.51159867e-06],
       [-1.91976388e-09],
       [-3.34036353e-09]]), 2.259176955313118), (9.430623670585084e-05, array([[-1.30921709e-06],
       [ 2.79663218e-08],
       [ 2.30130329e-10]]), 2.27433261630457), (9.67075525261738e-05, array([[-1.12119363e-06],
       [ 3.65205961e-08],
       [-1.38529493e-09]]), 2.28438281359693), (9.890107209797509e-05, array([[-9.06327749e-07],
       [-3.07235758e-08],
       [-1.80896006e-09]]), 2.298287346315667), (0.00010079065898749943, array([[-6.64298964e-07],
       [ 1.41456810e-08],
       [ 4.19130925e-11]]), 2.3139664846888017), (0.00010175460696603118, array([[-2.79946593e-07],
       [ 3.53246613e-08],
       [ 3.92040416e-09]]), 2.3174948884538984), (0.00010310980494953368, array([[-9.83163469e-08],
       [-2.67006214e-08],
       [ 1.70215048e-10]]), 2.339152528985209), (0.00010255683816578004, array([[ 1.32735398e-07],
       [-3.91085643e-08],
       [ 2.19109454e-09]]), 2.326607905791563), (0.00010288677965256761, array([[4.55766797e-07],
       [6.03350752e-08],
       [9.79890305e-10]]), 2.343280496517533), (0.00010062351713989365, array([[6.79447622e-07],
       [6.89090037e-08],
       [2.75126000e-10]]), 2.3101292180468924), (9.887650843512398e-05, array([[7.66064948e-07],
       [8.70417191e-08],
       [1.11016941e-08]]), 2.2977165298997035), (9.732956507283214e-05, array([[ 9.07651387e-07],
       [-6.36174763e-08],
       [-3.12427886e-09]]), 2.299075717453052), (9.400863055738469e-05, array([[1.26230540e-06],
       [2.70066617e-08],
       [3.86181061e-09]]), 2.267155409431385), (9.035268802153458e-05, array([[ 1.42792500e-06],
       [-6.19283040e-09],
       [ 9.18535705e-09]]), 2.234808182094452), (8.691440695843063e-05, array([[ 1.59142825e-06],
       [ 1.70107811e-08],
       [-5.21348046e-09]]), 2.215440624398575), (8.337393548145763e-05, array([[ 1.61009315e-06],
       [-1.89493001e-08],
       [-1.27867843e-08]]), 2.2013087186334346), (7.918182565589984e-05, array([[ 1.85757942e-06],
       [-4.65286466e-08],
       [ 9.51269768e-10]]), 2.177375936956919), (7.473760495999724e-05, array([[2.04318221e-06],
       [6.44325028e-08],
       [6.01328734e-10]]), 2.153183655397563), (7.00168566319371e-05, array([[ 2.02351606e-06],
       [-3.34289880e-08],
       [-4.26957062e-09]]), 2.1271969278049854), (6.464991570108567e-05, array([[ 1.90667726e-06],
       [-3.07067134e-08],
       [ 5.20844823e-09]]), 2.0863329538888618), (6.035038853341893e-05, array([[ 1.89182607e-06],
       [-4.50921256e-08],
       [ 2.44648351e-09]]), 2.0857348924737082), (5.399637264226821e-05, array([[ 1.94295240e-06],
       [-1.28805777e-08],
       [-6.97472546e-10]]), 2.0173636629500376), (4.860726170452113e-05, array([[ 1.78731451e-06],
       [-2.14960161e-08],
       [-3.80503741e-10]]), 1.9848600750629397), (4.3499866452546665e-05, array([[ 1.68897594e-06],
       [-1.39109671e-08],
       [-5.99629197e-09]]), 1.967108790730868), (3.823701243543265e-05, array([[1.53262437e-06],
       [1.64961517e-08],
       [3.97600591e-09]]), 1.943537184171355), (3.532095464173784e-05, array([[ 1.25055826e-06],
       [-1.98567875e-08],
       [ 7.45749829e-09]]), 1.9437405225691184), (3.208599434798538e-05, array([[ 9.69383843e-07],
       [-1.70877439e-08],
       [-7.94853919e-09]]), 1.933335899540729), (2.891325187023878e-05, array([[6.69980104e-07],
       [9.51967659e-09],
       [5.75895388e-09]]), 1.9334928966230633), (2.6491510225347884e-05, array([[ 4.55967385e-07],
       [ 7.05534140e-09],
       [-3.16866895e-09]]), 1.9991486082073056), (2.3512698812738017e-05, array([[2.63356037e-07],
       [1.44375276e-08],
       [3.19206495e-09]]), 2.045376188227467), (2.0592971303584874e-05, array([[ 1.10693889e-07],
       [-1.39986873e-09],
       [ 4.69517565e-10]]), 2.124434307385455), (1.8221613015901503e-05, array([[ 2.03384479e-08],
       [-1.13260075e-08],
       [ 1.76765853e-10]]), 2.320570825026547), (1.9785357623486073e-05, array([[ 1.04993872e-07],
       [-5.27094724e-09],
       [ 8.86753449e-10]]), 2.25417133057007), (2.2929405683482325e-05, array([[ 2.58317568e-07],
       [-6.64157989e-09],
       [-2.75426354e-09]]), 2.1631921766750994), (2.5977612716997103e-05, array([[5.01206541e-07],
       [2.43109246e-09],
       [1.11253920e-09]]), 2.098404138204213), (2.9440116113111214e-05, array([[7.84588750e-07],
       [2.93609545e-09],
       [1.57529664e-09]]), 2.08650872902599), (3.277608244129251e-05, array([[1.07523825e-06],
       [1.17557103e-08],
       [4.56531686e-10]]), 2.0766719521666017), (3.528253370539987e-05, array([[ 1.38075574e-06],
       [-3.15546051e-08],
       [-1.09156738e-10]]), 2.0285866431552817), (3.8706322185432486e-05, array([[ 1.78690004e-06],
       [-1.46383022e-08],
       [ 1.28687231e-08]]), 2.0444578024839717), (4.236987278923426e-05, array([[ 2.05289383e-06],
       [-1.20569841e-08],
       [-5.46720579e-09]]), 2.0280528545666088), (4.7587729657886476e-05, array([[2.15316382e-06],
       [1.40968432e-08],
       [2.03940241e-09]]), 2.041248957376622), (5.213612917777484e-05, array([[ 2.23824544e-06],
       [-5.84749501e-09],
       [-4.61565614e-09]]), 2.033365017967542), (5.733042721377554e-05, array([[ 2.25402318e-06],
       [-2.13717312e-08],
       [-2.15338594e-09]]), 2.057483064196725), (6.190007871329567e-05, array([[ 2.29673656e-06],
       [-4.81080918e-09],
       [-1.15159093e-08]]), 2.0649755892772133), (6.744139843805429e-05, array([[ 2.32000836e-06],
       [-2.91033849e-09],
       [ 1.12608540e-08]]), 2.109699168488108), (7.153651135202111e-05, array([[2.28987281e-06],
       [1.98926781e-08],
       [7.74726568e-09]]), 2.1146060366189117), (7.582490073887747e-05, array([[ 2.12607002e-06],
       [ 2.71511538e-08],
       [-2.35487665e-09]]), 2.132554905270695), (8.080227310381933e-05, array([[ 2.02739471e-06],
       [ 1.61612810e-08],
       [-1.14035692e-08]]), 2.1756770143287927), (8.41882236008369e-05, array([[ 1.96326565e-06],
       [ 2.38901120e-08],
       [-4.09848950e-09]]), 2.182603877711994), (8.830266782033725e-05, array([[ 1.85207523e-06],
       [-9.42903816e-09],
       [ 2.42378061e-09]]), 2.2158467514257443), (9.191605813634911e-05, array([[ 1.50958607e-06],
       [-8.99886891e-09],
       [ 7.92652749e-09]]), 2.2435942728385463), (9.48150666752061e-05, array([[ 1.32916797e-06],
       [ 6.57118631e-08],
       [-1.41128451e-08]]), 2.2617590654738233), (9.715346307460553e-05, array([[9.90954650e-07],
       [2.51271649e-08],
       [2.90167245e-09]]), 2.274997694891695), (9.930755310626106e-05, array([[ 8.40743032e-07],
       [ 8.72542406e-08],
       [-5.34657486e-09]]), 2.292586059246983), (0.00010203889472207605, array([[ 6.30005223e-07],
       [-1.99151731e-08],
       [ 6.02614892e-09]]), 2.3320846679286613), (0.00010271085253643688, array([[ 3.79630920e-07],
       [-4.42925904e-08],
       [-6.99216227e-12]]), 2.3335033699074255), (0.0001028729838951847, array([[-3.60818077e-08],
       [ 1.06713672e-08],
       [-1.67160872e-10]]), 2.3327284990084824)]