[(1.459237983491323, array([[ 0.01221928],
       [ 0.0024684 ],
       [-0.00176203]]), 2.3265912453643276), (1.4590353462805605, array([[ 0.00032894],
       [ 0.00106562],
       [-0.00030492]]), 2.325177419296793), (1.4608458060558942, array([[0.01321047],
       [0.0010521 ],
       [0.00102953]]), 2.327557242716078), (1.4596749492630918, array([[0.01611088],
       [0.00175559],
       [0.00050963]]), 2.3257723231468184), (1.45847049330094, array([[-0.01758001],
       [-0.012046  ],
       [-0.00050769]]), 2.3245189482767814), (1.45664736049174, array([[0.02500131],
       [0.00381285],
       [0.00053418]]), 2.3228634576804787), (1.454734648098425, array([[-0.00203269],
       [-0.00996402],
       [-0.00172256]]), 2.32164803416421), (1.451749138711363, array([[-0.01112721],
       [-0.00820932],
       [-0.00033195]]), 2.319301561340052), (1.4489606707450642, array([[-0.00832313],
       [ 0.00278433],
       [ 0.00028189]]), 2.317849421652609), (1.4453644865176802, array([[-0.01914487],
       [-0.00127012],
       [-0.00072737]]), 2.315683475535568), (1.4409629293030009, array([[0.02581304],
       [0.00088307],
       [0.00027517]]), 2.3128016099237154), (1.4361174111633137, array([[ 1.49322856e-02],
       [ 2.78425514e-03],
       [-9.04455128e-05]]), 2.309777976927251), (1.4311565414997829, array([[-0.02780387],
       [ 0.01133145],
       [ 0.00195667]]), 2.30713794799214), (1.4248382827707895, array([[ 0.02857838],
       [-0.01039048],
       [-0.00089275]]), 2.3028734218163276), (1.4200558085058477, array([[-0.00301881],
       [ 0.00480157],
       [ 0.00039215]]), 2.3016563836469066), (1.4116586935069926, array([[ 0.00478391],
       [-0.00924004],
       [-0.00156933]]), 2.295136494085205), (1.4064534838035, array([[-0.00257663],
       [ 0.00903186],
       [ 0.00085673]]), 2.2943611300525193), (1.3988802736334882, array([[-0.02597797],
       [-0.006635  ],
       [-0.00061689]]), 2.290283073985827), (1.3913995370418268, array([[ 0.01936435],
       [-0.00397289],
       [-0.00074182]]), 2.2869050932474524), (1.3823201416743796, array([[ 0.01927105],
       [ 0.000475  ],
       [-0.0008694 ]]), 2.2814394630342805), (1.3728744258184638, array([[-4.52077346e-03],
       [-3.78587361e-05],
       [ 1.44375924e-04]]), 2.2758963622372694), (1.3651140829015953, array([[0.0039405],
       [0.0020325],
       [0.0005334]]), 2.2736852120223148), (1.35489937883186, array([[0.02268988],
       [0.01386411],
       [0.00089325]]), 2.2679195499290943), (1.3446216363841, array([[-0.01349016],
       [ 0.00228834],
       [-0.0029542 ]]), 2.2625625209519025), (1.3347485011974765, array([[ 0.0015536 ],
       [-0.00451723],
       [ 0.00108188]]), 2.2584047756774632), (1.3232113774803695, array([[-0.02205085],
       [ 0.00079818],
       [-0.00051025]]), 2.251939550025181), (1.313511404872214, array([[-0.01138519],
       [ 0.00589382],
       [ 0.0011161 ]]), 2.2491129431764096), (1.300450721702959, array([[-0.00650652],
       [ 0.0039366 ],
       [ 0.00022137]]), 2.2410292164849355), (1.2887823198486892, array([[ 0.00214823],
       [-0.01050389],
       [-0.00297206]]), 2.23582239317556), (1.2762963424080134, array([[ 0.01984467],
       [ 0.00218467],
       [-0.00040045]]), 2.2296823930843064), (1.2633495200238787, array([[-0.01373661],
       [ 0.00136276],
       [ 0.00190049]]), 2.2232085584412444), (1.2504760264707027, array([[ 0.01314789],
       [-0.00154259],
       [ 0.00285812]]), 2.217331624129185), (1.236821897166347, array([[-0.02363644],
       [-0.00569658],
       [-0.00320132]]), 2.210530301734791), (1.2239611095798724, array([[ 0.01836824],
       [-0.01577567],
       [-0.00200723]]), 2.20560908351459), (1.2094272586576886, array([[ 0.02596511],
       [-0.00063891],
       [-0.00287465]]), 2.198123877992658), (1.196112252364124, array([[-0.01473922],
       [-0.00048611],
       [-0.0020533 ]]), 2.193300423204669), (1.1800506503092392, array([[-1.54211565e-02],
       [ 6.60545640e-03],
       [ 6.52167460e-06]]), 2.183863229076598), (1.1662480777756028, array([[-0.00192661],
       [ 0.01029879],
       [-0.00173755]]), 2.179023211044348), (1.1513300098450485, array([[ 0.00337008],
       [-0.00387144],
       [-0.00020401]]), 2.172537276453475), (1.1354487614676796, array([[ 0.01436896],
       [-0.00523553],
       [-0.00044267]]), 2.164635732185012), (1.1196463045008092, array([[-0.00120329],
       [-0.00703791],
       [-0.0004443 ]]), 2.1572702449530907), (1.1047444000745685, array([[ 0.01133494],
       [ 0.00024021],
       [-0.00180987]]), 2.152047426436802), (1.0869293422257276, array([[0.02023464],
       [0.00283346],
       [0.0010351 ]]), 2.141515022043701), (1.0716056063931874, array([[ 0.00853802],
       [-0.00233748],
       [-0.00092306]]), 2.1362485582459336), (1.0555202792948304, array([[-0.00240107],
       [ 0.00879094],
       [ 0.0018249 ]]), 2.1298624788275826), (1.0383198492783, array([[-0.00381182],
       [ 0.01384541],
       [ 0.00054605]]), 2.1215814036804668), (1.0216251053005616, array([[-0.0055134 ],
       [-0.00164476],
       [-0.00253157]]), 2.1146743764384106), (1.0051319857108794, array([[ 0.00984671],
       [-0.00105942],
       [ 0.00078761]]), 2.108545619492662), (0.987564691076261, array([[-8.06091365e-03],
       [ 7.50630004e-03],
       [ 2.19291286e-05]]), 2.1005014576769527), (0.9698430556286324, array([[-0.0209463 ],
       [-0.0018186 ],
       [-0.00223016]]), 2.0924317052727144), (0.9527136713405813, array([[0.00721454],
       [0.00447369],
       [0.00018599]]), 2.0859559774267544), (0.934895443919859, array([[0.01475392],
       [0.00409445],
       [0.00038182]]), 2.0782854563924285), (0.9174125054972184, array([[0.00603654],
       [0.00713045],
       [0.00151515]]), 2.0716629664312496), (0.9003818970874761, array([[ 0.00067345],
       [-0.00246641],
       [-0.00032806]]), 2.066394116322337), (0.882612980339432, array([[ 0.00760301],
       [-0.00291444],
       [ 0.00071557]]), 2.0597549868376324), (0.8636417010089473, array([[-0.00342209],
       [ 0.01288086],
       [ 0.00425486]]), 2.0505592292159194), (0.845656017810162, array([[-0.00780132],
       [ 0.00469113],
       [ 0.00150154]]), 2.0439429475248847), (0.827225997377005, array([[0.00111158],
       [0.00035611],
       [0.00019081]]), 2.0365129321811324), (0.8085818406357594, array([[-0.00012459],
       [ 0.00286383],
       [-0.00051453]]), 2.028785101657807), (0.7907311589568885, array([[3.22886078e-03],
       [4.14218362e-05],
       [8.73799502e-04]]), 2.023304221919076), (0.7725771420563043, array([[-0.00336865],
       [-0.00726958],
       [-0.00122497]]), 2.0173280351821816), (0.753393101448571, array([[ 0.01143601],
       [-0.00041057],
       [-0.00211459]]), 2.0088725194099872), (0.7358384893726988, array([[ 0.00558518],
       [-0.00033997],
       [-0.00162026]]), 2.0050057094251676), (0.7172142966915714, array([[ 0.00796416],
       [-0.00152418],
       [-0.00042638]]), 1.9985006309143685), (0.696997572817987, array([[ 0.00522917],
       [ 0.00418251],
       [-0.00181199]]), 1.987665833385171), (0.6791572752009352, array([[ 0.00325654],
       [-0.00026739],
       [ 0.00018864]]), 1.9837621467211928), (0.6613226568692263, array([[0.00050716],
       [0.00409407],
       [0.00022077]]), 1.9801922978784914), (0.6414602258587567, array([[ 0.00721038],
       [ 0.00802058],
       [-0.00203796]]), 1.9707190635607712), (0.623306874095296, array([[-0.00176203],
       [-0.0037365 ],
       [-0.00181734]]), 1.9666387912673324), (0.6049323788872666, array([[ 2.49771608e-03],
       [ 4.61801807e-03],
       [-5.60509241e-05]]), 1.9621226812855002), (0.5866012972595332, array([[0.0065246 ],
       [0.00012935],
       [0.0004152 ]]), 1.9579982945444094), (0.5673110784699276, array([[ 0.01097675],
       [-0.0022829 ],
       [-0.00055518]]), 1.9508352864358873), (0.548889193108346, array([[-0.00050556],
       [ 0.00215842],
       [ 0.0005917 ]]), 1.9468102455438259), (0.530464743356713, array([[-0.00235101],
       [ 0.00142557],
       [ 0.00187842]]), 1.9430196101757358), (0.5110762638729086, array([[ 4.76490584e-03],
       [ 6.15181919e-03],
       [-6.63695120e-05]]), 1.9358258119895817), (0.4932315794406969, array([[-0.0065882 ],
       [-0.00155643],
       [ 0.00178369]]), 1.9346823097630304), (0.47390457124365365, array([[ 0.00186596],
       [ 0.00128752],
       [-0.00023553]]), 1.9279289252312688), (0.45583122338115556, array([[ 0.00847163],
       [ 0.0029824 ],
       [-0.00051433]]), 1.9264549906163413), (0.43737532769631, array([[ 0.00149536],
       [ 0.00249691],
       [-0.0006783 ]]), 1.9236836440070677), (0.4185060797875927, array([[-0.00110849],
       [-0.00158538],
       [ 0.00021581]]), 1.9192856685648103), (0.4000413316868771, array([[ 0.00043977],
       [ 0.00050365],
       [-0.00089362]]), 1.9169372684532422), (0.38159612273177446, array([[ 7.38484537e-05],
       [ 4.27632839e-03],
       [-8.26343423e-04]]), 1.9149709487857824), (0.3630959043575814, array([[ 0.00265469],
       [ 0.00328643],
       [-0.00077499]]), 1.9130252812397086), (0.34494250256626585, array([[ 0.00190724],
       [-0.00097808],
       [-0.00066848]]), 1.9133054525084614), (0.32674194805445655, array([[0.00108679],
       [0.00156318],
       [0.00010591]]), 1.9138493784464083), (0.30788828799841167, array([[-0.00050503],
       [-0.00065262],
       [ 0.00041403]]), 1.9109150119263827), (0.2897982555831003, array([[-5.37889336e-04],
       [-2.25829903e-03],
       [-3.80709709e-06]]), 1.9131606927177152), (0.2712527093896529, array([[ 0.00292671],
       [-0.00013419],
       [-0.00017228]]), 1.9130144758654144), (0.2534612727042038, array([[-0.00099825],
       [-0.00076616],
       [-0.00056363]]), 1.9190735234058112), (0.23495128134672044, array([[0.00033122],
       [0.00225598],
       [0.00027953]]), 1.9207443896431848), (0.21727022819806482, array([[ 0.00330686],
       [-0.00562647],
       [-0.00013312]]), 1.9305965374859304), (0.19868147231294525, array([[0.00108019],
       [0.0006293 ],
       [0.00011557]]), 1.9340243580248255), (0.18111953871858508, array([[ 4.25449707e-04],
       [-1.49586092e-03],
       [ 6.75162675e-05]]), 1.9497694734283868), (0.16295857128290583, array([[ 0.00015094],
       [-0.0005874 ],
       [-0.00030761]]), 1.9625843222581936), (0.14467833898664403, array([[-0.00060463],
       [ 0.00274368],
       [ 0.00010153]]), 1.9777879037690154), (0.12649431968086502, array([[0.00047629],
       [0.00336326],
       [0.0002142 ]]), 1.9998429504286517), (0.10861598993331913, array([[ 5.97145107e-04],
       [ 2.09972841e-04],
       [-6.47884379e-05]]), 2.036419910848621), (0.09095836508744988, array([[ 1.03628438e-03],
       [ 1.99531718e-03],
       [-3.09871091e-05]]), 2.095432623669866), (0.07280492236681715, array([[ 3.80185637e-04],
       [-2.79164622e-03],
       [-6.15897581e-05]]), 2.1753481317045567), (0.05487288784024165, array([[ 4.57526066e-04],
       [ 1.34355364e-03],
       [-4.29920804e-05]]), 2.333031054522115)]