[(1.4595680889367457, array([[2.55610519e-02],
       [1.02426164e-03],
       [2.39516637e-05]]), 2.3271175614608497), (1.4602451543483288, array([[ 1.25712705e-02],
       [-1.69589808e-03],
       [-8.01166354e-05]]), 2.3271054180995834), (1.4605953365541253, array([[ 0.03308487],
       [ 0.00097639],
       [-0.00136879]]), 2.327158171095716), (1.4583126438058227, array([[ 0.00060774],
       [-0.01579692],
       [-0.00069178]]), 2.3236016944532256), (1.4579354404751959, array([[ 0.03238739],
       [-0.00682778],
       [-0.00046608]]), 2.3236661779002232), (1.4573875685797635, array([[-0.01260791],
       [ 0.00549527],
       [-0.00044524]]), 2.3240438410494284), (1.4545618273044998, array([[ 0.00435692],
       [-0.00256666],
       [-0.00017827]]), 2.321372225062527), (1.4525326066079167, array([[ 0.02758814],
       [-0.0066877 ],
       [ 0.00017125]]), 2.32055322270997), (1.4478142239494254, array([[-0.02250037],
       [ 0.00076962],
       [ 0.00019717]]), 2.316015492619283), (1.4455879406857477, array([[ 0.01549634],
       [-0.00149344],
       [ 0.00039327]]), 2.316041481512164), (1.4411921725940235, array([[ 0.00961931],
       [-0.00848696],
       [ 0.00101474]]), 2.313169554332111), (1.4371781770096979, array([[ 0.01629293],
       [-0.00523143],
       [-0.00022129]]), 2.311484058596903), (1.4311944159678576, array([[ 0.02017886],
       [ 0.00081869],
       [-0.0002419 ]]), 2.3071990046410957), (1.4263582499182532, array([[ 0.02852874],
       [-0.01038312],
       [-0.00012934]]), 2.3053300458334203), (1.419693380273961, array([[0.01782896],
       [0.00541336],
       [0.00059291]]), 2.3010689523300956), (1.4140539643537826, array([[ 0.01248646],
       [-0.00044729],
       [ 0.00045864]]), 2.2990308302721116), (1.4052564250728914, array([[ 0.04216572],
       [-0.00180313],
       [-0.00051337]]), 2.292408356602472), (1.3991576756721746, array([[ 0.0083985 ],
       [-0.00411316],
       [-0.00051549]]), 2.290737243799976), (1.391081355748661, array([[ 0.01386914],
       [-0.00146062],
       [ 0.00153077]]), 2.286382130287824), (1.3823732630399121, array([[ 0.03639001],
       [-0.00261634],
       [ 0.00111587]]), 2.281527136776421), (1.3737727877758468, array([[ 0.03278407],
       [-0.00376891],
       [ 0.00012032]]), 2.277385630791137), (1.3647253179723697, array([[ 5.13162044e-03],
       [ 4.01557439e-03],
       [-8.37706881e-05]]), 2.2730376990550067), (1.3541139089679024, array([[0.00918838],
       [0.00192769],
       [0.00154921]]), 2.266604778892823), (1.344160734990032, array([[ 0.0021999 ],
       [-0.00269097],
       [-0.00159586]]), 2.261786973249966), (1.3351536054280673, array([[ 0.01321134],
       [-0.01098261],
       [-0.00069768]]), 2.2590902151652714), (1.3238539699527023, array([[ 0.02078864],
       [-0.00660707],
       [ 0.00031406]]), 2.2530331616942023), (1.3122206041558935, array([[ 0.01494975],
       [-0.00073793],
       [ 0.00061948]]), 2.246902717526774), (1.3011888883556917, array([[ 0.0211311 ],
       [-0.00193404],
       [-0.00054399]]), 2.2423012777847613), (1.2887963131262636, array([[ 0.00803121],
       [ 0.00145649],
       [-0.00242268]]), 2.2358466691784757), (1.2759465412795867, array([[0.00466581],
       [0.00757935],
       [0.00067047]]), 2.2290712925183813), (1.2638201800789437, array([[0.00901144],
       [0.00341588],
       [0.0005432 ]]), 2.224036813366704), (1.250539204899988, array([[-0.01662289],
       [ 0.00426959],
       [ 0.00080584]]), 2.2174436514901674), (1.237607687186108, array([[0.00684287],
       [0.00836916],
       [0.00387057]]), 2.211934717886754), (1.2230798119489712, array([[ 0.005977  ],
       [ 0.01160937],
       [-0.00075506]]), 2.2040209627444267), (1.2089626452623747, array([[ 0.00935302],
       [-0.00915976],
       [-0.00137893]]), 2.197279447051513), (1.1958499099072277, array([[ 0.00264479],
       [-0.0130486 ],
       [-0.00067479]]), 2.1928193681694097), (1.1807708807322206, array([[ 0.00575059],
       [-0.0051731 ],
       [-0.00183015]]), 2.185196125030512), (1.1658065566848272, array([[0.02638808],
       [0.00554264],
       [0.00183241]]), 2.1781982710308987), (1.1502913711334575, array([[ 0.00876051],
       [-0.00546464],
       [-0.00013978]]), 2.17057738545923), (1.1356995733810442, array([[ 0.02107402],
       [-0.00236427],
       [-0.00106726]]), 2.165113883598049), (1.1196275337469404, array([[ 0.02370448],
       [-0.01062136],
       [-0.00083243]]), 2.1572340785417574), (1.1050008720382494, array([[-0.00089114],
       [-0.00060474],
       [-0.00052797]]), 2.152547035060621), (1.0884186396880462, array([[-0.00672183],
       [-0.00264288],
       [-0.00090925]]), 2.1444493000725893), (1.072350357041112, array([[ 0.01359897],
       [ 0.00600284],
       [-0.00111684]]), 2.1377332205959534), (1.055822670150264, array([[ 1.01189631e-02],
       [-4.12068766e-05],
       [-3.22242969e-04]]), 2.1304726527385554), (1.0388738315415498, array([[0.02748192],
       [0.00603769],
       [0.00084135]]), 2.122713346278402), (1.0221248341124887, array([[ 0.01272474],
       [-0.00679469],
       [-0.00165033]]), 2.115708771255322), (1.0059601551125281, array([[ 0.01073441],
       [ 0.00412472],
       [-0.00107106]]), 2.1102829365702886), (0.9882555956458393, array([[0.01592908],
       [0.00035877],
       [0.00184539]]), 2.1019709776675204), (0.9710390266246977, array([[ 1.20070059e-02],
       [-7.22807940e-03],
       [ 9.16771450e-05]]), 2.095012006916604), (0.9538611459344328, array([[ 0.01093094],
       [ 0.00189181],
       [-0.00012822]]), 2.088468360275866), (0.9351284656752945, array([[ 0.03325816],
       [-0.000231  ],
       [ 0.00115231]]), 2.078803466966225), (0.9177521046950419, array([[ 0.01210976],
       [-0.00516896],
       [ 0.00014008]]), 2.072429835290509), (0.899348585755255, array([[ 0.01892242],
       [-0.00285197],
       [ 0.00078678]]), 2.0640226465447484), (0.8817391415452468, array([[0.0265361 ],
       [0.00155114],
       [0.00037124]]), 2.057715708179706), (0.8637772861119811, array([[ 0.01326011],
       [-0.00076704],
       [ 0.00018814]]), 2.050881151239885), (0.8458340849595724, array([[ 0.00409933],
       [-0.00321323],
       [ 0.00097546]]), 2.044373334214695), (0.8273485603988567, array([[ 0.00613838],
       [ 0.00420377],
       [-0.00049305]]), 2.0368146649359056), (0.8086924381644617, array([[0.00748736],
       [0.0068768 ],
       [0.00101496]]), 2.0290625981426835), (0.7910331036199276, array([[ 0.01895351],
       [-0.00031103],
       [ 0.00014053]]), 2.0240768307945363), (0.7730310347939439, array([[ 0.00360594],
       [-0.01401926],
       [-0.00123616]]), 2.0185132249771693), (0.7543499960890551, array([[ 0.00589443],
       [-0.00942877],
       [ 0.00028415]]), 2.0114240152274343), (0.734933764179708, array([[ 0.01530855],
       [-0.00172873],
       [-0.00034189]]), 2.002540522833809), (0.7164618175167787, array([[ 0.00768987],
       [-0.00469349],
       [-0.00185989]]), 1.9964038655368372), (0.6976904336730377, array([[ 0.00329183],
       [-0.00554489],
       [-0.0019543 ]]), 1.9896417023158277), (0.6798879141662427, array([[ 0.00882481],
       [-0.00552262],
       [-0.00065493]]), 1.9858962826205218), (0.660984722705506, array([[ 0.01380911],
       [-0.00027506],
       [-0.00117166]]), 1.9791804247463098), (0.6417595872571579, array([[ 0.01857615],
       [-0.00686384],
       [-0.00159958]]), 1.9716387732963725), (0.6234220188192549, array([[ 0.00248941],
       [-0.00865443],
       [-0.00199067]]), 1.9670020923797678), (0.6049373655467969, array([[ 0.01577297],
       [ 0.00371354],
       [-0.00117007]]), 1.9621388557177337), (0.5865579279705204, array([[0.00191927],
       [0.00343637],
       [0.00026047]]), 1.9578535335383915), (0.5677019087469272, array([[-6.49173009e-05],
       [-8.37388600e-03],
       [ 9.95561351e-04]]), 1.9521792501346655), (0.549386316773326, array([[ 1.76296873e-03],
       [ 1.99248263e-03],
       [-7.25741766e-05]]), 1.94857345286588), (0.5306000873027041, array([[ 0.01577212],
       [ 0.00388537],
       [-0.00041676]]), 1.943515356489648), (0.511434750770359, array([[0.00877175],
       [0.00178075],
       [0.00079258]]), 1.9371836684161077), (0.4929189221416464, array([[-0.00082015],
       [ 0.0056147 ],
       [-0.00136551]]), 1.9334559232729818), (0.47413406319658485, array([[ 0.01042511],
       [-0.00274861],
       [-0.00133347]]), 1.9288625397203691), (0.45553897174142766, array([[ 0.00485816],
       [-0.00099969],
       [ 0.00032828]]), 1.9252198632249056), (0.43730766743674876, array([[ 0.00337416],
       [-0.00508272],
       [-0.00028758]]), 1.923386057640336), (0.4181968106542145, array([[ 0.00322118],
       [-0.00360446],
       [ 0.00070843]]), 1.917867347914072), (0.39990814618986475, array([[ 1.19949593e-02],
       [-2.22352387e-03],
       [-5.21957972e-06]]), 1.9162990637913293), (0.3821207150848376, array([[0.00601818],
       [0.00232703],
       [0.00011345]]), 1.9176035203876098), (0.3635885167418862, array([[ 0.00283936],
       [ 0.00118348],
       [-0.0003787 ]]), 1.9156206835389833), (0.34459690782400604, array([[5.74329208e-03],
       [3.57803422e-03],
       [3.56809344e-05]]), 1.9113885292537025), (0.32604485365667674, array([[ 6.28141812e-03],
       [-1.02630070e-03],
       [-6.97157529e-05]]), 1.9097662367259978), (0.30809844207794645, array([[0.00359638],
       [0.00712615],
       [0.00033239]]), 1.9122193375569914), (0.28956018726430105, array([[ 2.48618279e-03],
       [ 2.98600977e-03],
       [-3.86657779e-05]]), 1.911589037468129), (0.2712646821965121, array([[ 6.40571665e-03],
       [-1.12435754e-03],
       [-1.31018219e-05]]), 1.9130989142951358), (0.25319204155721414, array([[0.0027966 ],
       [0.00340976],
       [0.00046741]]), 1.9170350488082852), (0.23515675629380225, array([[ 2.46534559e-03],
       [-1.90989415e-03],
       [-3.92058478e-05]]), 1.9224241627840566), (0.21673364517666174, array([[ 0.00256997],
       [ 0.00537218],
       [-0.00015844]]), 1.9258286255092825), (0.19886821612704347, array([[ 4.84834391e-03],
       [-2.79579180e-04],
       [ 6.06914036e-05]]), 1.9358421776784247), (0.18070524462289955, array([[ 4.58528612e-03],
       [-1.35333079e-03],
       [ 8.43737334e-05]]), 1.9453095571404793), (0.16253472470348654, array([[ 3.26182422e-03],
       [ 8.29971578e-04],
       [-3.86457156e-05]]), 1.9574797447863714), (0.1445188449130438, array([[ 1.71038525e-03],
       [-3.78223254e-03],
       [ 9.91041475e-05]]), 1.9756075811879101), (0.12631492731387536, array([[0.00216744],
       [0.00152449],
       [0.00016401]]), 1.9970068028341184), (0.10865596333136394, array([[ 0.00058496],
       [-0.00193787],
       [ 0.00021219]]), 2.037169364255368), (0.09059505996411067, array([[ 1.90770714e-03],
       [-5.86700020e-04],
       [ 4.42104143e-05]]), 2.087063064618761), (0.0726847636460551, array([[1.56852095e-03],
       [1.14443162e-03],
       [2.09495480e-07]]), 2.171757893019859), (0.05445725525938716, array([[2.05394868e-03],
       [3.14631892e-04],
       [7.64496927e-05]]), 2.3153596004293786)]