[(1.4598454670916658, array([[ 0.02781773],
       [ 0.01010864],
       [-0.00029531]]), 2.327559809808408), (1.460108751596359, array([[ 0.01050517],
       [-0.00340622],
       [-0.00066153]]), 2.326888041187078), (1.4597835662810732, array([[ 0.02927788],
       [-0.00235718],
       [ 0.00038763]]), 2.325864782176344), (1.4592856150172169, array([[ 5.05952394e-02],
       [ 5.31153439e-03],
       [-4.52719921e-05]]), 2.3251519776281357), (1.458864496689382, array([[0.02300136],
       [0.00538015],
       [0.00035146]]), 2.3251469132211016), (1.4556113238612867, array([[ 4.01050395e-02],
       [-6.34991397e-03],
       [ 8.04866823e-05]]), 2.3212113271134163), (1.4553859270630456, array([[6.2044502e-03],
       [5.3323531e-03],
       [1.5833963e-05]]), 2.3226874268327498), (1.4514892988418304, array([[4.72799864e-02],
       [2.93023441e-04],
       [2.70910107e-05]]), 2.3188864434666976), (1.4486736225423777, array([[0.02427399],
       [0.00388727],
       [0.00106835]]), 2.3173902411351417), (1.445067981274677, array([[ 0.01320895],
       [-0.00441776],
       [-0.00057867]]), 2.3152084311450096), (1.4411523919281881, array([[ 0.04986561],
       [-0.00384191],
       [-0.00161411]]), 2.3131057048144603), (1.4358496574340702, array([[ 0.02971038],
       [ 0.00271814],
       [-0.00110125]]), 2.3093473354892744), (1.4310472719011733, array([[0.01608267],
       [0.00183364],
       [0.00019537]]), 2.3069617967255214), (1.4253627134492188, array([[ 0.03037208],
       [-0.00634017],
       [ 0.00014949]]), 2.3037210250043834), (1.4188225658588889, array([[ 0.04585075],
       [-0.00779117],
       [-0.0001842 ]]), 2.2996575179727854), (1.4131427121945768, array([[0.03888263],
       [0.00166162],
       [0.00026805]]), 2.2975492766249537), (1.4063181799671467, array([[ 0.03075133],
       [-0.00214639],
       [ 0.00041146]]), 2.29414040759959), (1.398432156063872, array([[ 0.06194116],
       [-0.00311648],
       [ 0.00020363]]), 2.289549404275708), (1.390525178702615, array([[ 0.04261314],
       [ 0.00014678],
       [-0.00078055]]), 2.2854679973695005), (1.3820419883382238, array([[-0.00291118],
       [-0.0065478 ],
       [ 0.00083125]]), 2.2809803870367973), (1.3738318899839672, array([[ 0.04185406],
       [-0.00667061],
       [-0.00114912]]), 2.2774836080699994), (1.3643213288998697, array([[ 0.00492338],
       [-0.0080724 ],
       [ 0.00131943]]), 2.2723648292989425), (1.3556526897729033, array([[0.0372061 ],
       [0.00485022],
       [0.00204251]]), 2.2691804912484717), (1.344393346649749, array([[ 0.03528803],
       [-0.00120829],
       [-0.00047806]]), 2.2621783833009204), (1.3341021052604431, array([[ 0.06269349],
       [ 0.0020868 ],
       [-0.00021292]]), 2.2573110687582463), (1.3232546926696542, array([[ 0.02311651],
       [-0.00981759],
       [-0.00117863]]), 2.2520132670363306), (1.3121688984376605, array([[ 0.04258696],
       [-0.00576923],
       [-0.00113944]]), 2.2468141823228294), (1.3009111270475686, array([[ 0.02061513],
       [-0.00519645],
       [-0.00276834]]), 2.2418226197346525), (1.2886483502344235, array([[0.03270406],
       [0.00608294],
       [0.00137131]]), 2.2355899782370807), (1.2766957642501993, array([[0.02088341],
       [0.00237802],
       [0.00192159]]), 2.23038018075269), (1.2638403781488372, array([[ 0.03734304],
       [-0.00052121],
       [-0.00156569]]), 2.2240723573876893), (1.2511439859277866, array([[ 0.02631662],
       [-0.00143704],
       [-0.00174286]]), 2.2185160431795916), (1.2373423214760593, array([[ 0.0336317 ],
       [-0.00669571],
       [-0.0014431 ]]), 2.211460438651847), (1.2229488119239837, array([[ 0.04154874],
       [-0.00824132],
       [-0.00104054]]), 2.2037848973639242), (1.2105164168663438, array([[0.03257065],
       [0.00564121],
       [0.00111014]]), 2.2001034138830704), (1.1952424053417057, array([[ 0.04456601],
       [ 0.00537049],
       [-0.00071519]]), 2.191705392438432), (1.1807467988972349, array([[0.02861378],
       [0.00601472],
       [0.00033471]]), 2.1851515579317184), (1.1659352712055973, array([[ 0.04748325],
       [-0.00258743],
       [-0.0008772 ]]), 2.178438761826726), (1.150374474881827, array([[0.02100941],
       [0.00594608],
       [0.00232738]]), 2.1707342006117947), (1.1352402577742282, array([[ 0.03694401],
       [-0.00294168],
       [-0.00114443]]), 2.1642382377665457), (1.1192919053633463, array([[0.02148283],
       [0.00334846],
       [0.00069732]]), 2.156587409033379), (1.104018695600724, array([[-0.00654693],
       [-0.00023525],
       [ 0.00208962]]), 2.150633750617142), (1.0886934078557446, array([[ 0.01947702],
       [-0.00362852],
       [-0.00100928]]), 2.14499066015539), (1.0713965139611008, array([[ 0.02672427],
       [-0.00362936],
       [ 0.00010287]]), 2.1358317319397635), (1.0552892058842642, array([[ 0.02998948],
       [-0.00137715],
       [-0.00101373]]), 2.12939621153109), (1.038986988890654, array([[0.01379277],
       [0.00017609],
       [0.00236679]]), 2.122944558777822), (1.0216547909757177, array([[0.03042643],
       [0.00990034],
       [0.00154353]]), 2.1147358231826945), (1.004512975544168, array([[0.02481807],
       [0.00115645],
       [0.00108147]]), 2.1072470724421293), (0.9879341446719011, array([[0.01591439],
       [0.00146661],
       [0.00075688]]), 2.1012872672782867), (0.97066340333828, array([[ 0.02660839],
       [-0.00538068],
       [ 0.00087223]]), 2.094201601491543), (0.9529631227972193, array([[ 0.02383017],
       [-0.00087188],
       [ 0.00185701]]), 2.0865021486140742), (0.9350967893998431, array([[ 0.02378406],
       [-0.00831516],
       [ 0.00016537]]), 2.07873305016934), (0.9177640928872022, array([[ 0.02981053],
       [-0.0053853 ],
       [ 0.00091309]]), 2.072456906530092), (0.8996779747391519, array([[0.01910502],
       [0.00931688],
       [0.0010426 ]]), 2.0647786007243107), (0.881819046241133, array([[0.02457125],
       [0.00278237],
       [0.00025279]]), 2.0579021818657828), (0.8641165651241892, array([[ 0.02380573],
       [-0.00031583],
       [-0.00092083]]), 2.0516867071885496), (0.846665344082674, array([[0.02312483],
       [0.0024528 ],
       [0.00053004]]), 2.0463824799979045), (0.827198019217544, array([[0.01908578],
       [0.00565696],
       [0.00036978]]), 2.0364440539256843), (0.8085531862070389, array([[0.01061279],
       [0.00155965],
       [0.00220772]]), 2.0287132058086015), (0.790346496381016, array([[ 0.02072536],
       [-0.00583751],
       [-0.0032066 ]]), 2.0223199564010663), (0.7721899642279916, array([[0.01748981],
       [0.00488137],
       [0.00252047]]), 2.016317049165203), (0.7536408006194097, array([[ 0.0230192 ],
       [-0.00285702],
       [-0.00080465]]), 2.0095329927491004), (0.7348602081400236, array([[ 0.02184439],
       [-0.00407861],
       [-0.00033085]]), 2.0023400980372537), (0.7172384783873575, array([[0.02769717],
       [0.00430183],
       [0.00060459]]), 1.9985680126362724), (0.6980687656394324, array([[ 0.03772873],
       [-0.00382914],
       [-0.00068654]]), 1.99072061213217), (0.6790660500628903, array([[0.01320355],
       [0.00299989],
       [0.00121871]]), 1.983495685649081), (0.6612866533209708, array([[ 0.02096637],
       [-0.00527249],
       [ 0.0015255 ]]), 1.980084492787873), (0.642238219738149, array([[ 0.02419125],
       [-0.00839507],
       [-0.00164095]]), 1.9731092466269142), (0.6235841495577715, array([[ 0.0080443 ],
       [-0.00705462],
       [-0.00082195]]), 1.9675136423287174), (0.6046118690190982, array([[0.02676868],
       [0.00174781],
       [0.00111021]]), 1.9610830945418287), (0.585984992535233, array([[ 0.01201387],
       [ 0.00092337],
       [-0.00023977]]), 1.955941150101093), (0.5679459148016516, array([[ 0.01915785],
       [-0.0012986 ],
       [ 0.00136373]]), 1.9530183235103244), (0.5486076265402415, array([[ 0.01914305],
       [-0.00250755],
       [ 0.00097445]]), 1.9458115800818874), (0.5301697383891986, array([[0.02368743],
       [0.00162811],
       [0.00060364]]), 1.9419390474349347), (0.5111907339983831, array([[ 0.02410013],
       [ 0.00079548],
       [-0.00040129]]), 1.9362593954667637), (0.49283891486462394, array([[0.0143064 ],
       [0.00533063],
       [0.00181465]]), 1.933142097739582), (0.47449147800209335, array([[ 0.01274999],
       [-0.00598099],
       [-0.00103178]]), 1.9303165673530578), (0.45553364324161344, array([[ 0.01378073],
       [-0.0034917 ],
       [-0.00105583]]), 1.9251973436726393), (0.43740764735738535, array([[ 0.01769332],
       [-0.00223929],
       [ 0.0004727 ]]), 1.923825793779708), (0.4185564505805946, array([[ 0.01526973],
       [-0.00027828],
       [ 0.00026746]]), 1.9195166710419354), (0.4005344633269627, array([[ 5.90767153e-03],
       [ 6.07687012e-03],
       [-9.98925654e-05]]), 1.9193002803329084), (0.3813234539590184, array([[ 0.01304953],
       [-0.00212964],
       [-0.00032821]]), 1.9136026099915338), (0.36320382827358183, array([[ 0.01941993],
       [ 0.00116776],
       [-0.00016854]]), 1.9135938945930444), (0.3448962693000802, array([[0.01512804],
       [0.00154226],
       [0.00055907]]), 1.913049008725448), (0.32584417640597757, array([[ 0.01273173],
       [ 0.00070437],
       [-0.00069114]]), 1.9085907952688914), (0.30783048893256093, array([[ 0.0100544 ],
       [-0.00473362],
       [-0.00015005]]), 1.9105562808316487), (0.29018197538174384, array([[ 0.01331013],
       [ 0.00369979],
       [-0.00011079]]), 1.9156938951150355), (0.2715113109464642, array([[ 0.00837928],
       [-0.00102676],
       [-0.00038069]]), 1.9148382678665137), (0.25335490145070705, array([[ 0.01052252],
       [ 0.00051598],
       [-0.00026972]]), 1.9182681370284005), (0.23474801821158267, array([[ 0.00733645],
       [-0.00030561],
       [ 0.00039157]]), 1.919082698231249), (0.21678011627485427, array([[ 7.63661723e-03],
       [-3.76187409e-04],
       [ 9.78205319e-06]]), 1.9262415534194142), (0.19902876730228575, array([[ 6.06123204e-03],
       [-2.39243258e-03],
       [ 6.85926087e-05]]), 1.937405030419615), (0.18057669302282853, array([[ 0.00823473],
       [-0.00173756],
       [-0.00012219]]), 1.9439256866461518), (0.16267206904348405, array([[ 5.56245289e-03],
       [-9.83884773e-04],
       [ 3.90143124e-05]]), 1.9591338452507283), (0.14467170093583648, array([[ 5.95079008e-03],
       [-4.63060736e-05],
       [-5.75009569e-05]]), 1.977697160008175), (0.12637729726264962, array([[ 4.76361453e-03],
       [-1.46044509e-03],
       [-2.15473873e-05]]), 1.9979928558259799), (0.10867491164390393, array([[3.95685393e-03],
       [2.45246677e-04],
       [8.44320222e-06]]), 2.0375246224540655), (0.09052656647420498, array([[ 4.48989298e-03],
       [-5.61572785e-06],
       [-3.30997158e-05]]), 2.0854851614416385), (0.07246513015657098, array([[ 3.11455495e-03],
       [-2.55199027e-03],
       [-6.51720051e-05]]), 2.1651954342536537), (0.054877188826120804, array([[ 2.74096698e-03],
       [ 1.41407166e-04],
       [-1.52421742e-05]]), 2.333213919576536)]