[(1.4596523856351231, array([[ 0.01435246],
       [ 0.00473613],
       [-0.0001101 ]]), 2.3272519630887385), (1.4599491085677891, array([[-0.02105454],
       [ 0.00103058],
       [ 0.00077119]]), 2.3266336276349153), (1.460130049023145, array([[ 0.00276648],
       [ 0.00361899],
       [-0.00039837]]), 2.3264168311417053), (1.4599088244645728, array([[-0.00407246],
       [-0.00411039],
       [ 0.00053637]]), 2.3261449680777666), (1.458786004581747, array([[0.0025661 ],
       [0.01344519],
       [0.00010998]]), 2.3250218120330244), (1.4568127334310466, array([[-0.03564702],
       [-0.0029687 ],
       [-0.00019275]]), 2.323127171993238), (1.4541474051293302, array([[-0.01142755],
       [ 0.00463332],
       [-0.0006734 ]]), 2.3207108381700414), (1.4522681004397784, array([[-0.00708615],
       [ 0.01326327],
       [ 0.00081572]]), 2.320130649999307), (1.4490158588915276, array([[-0.00507317],
       [ 0.00644441],
       [ 0.00108195]]), 2.3179377041132345), (1.4437440623080022, array([[-0.01622425],
       [ 0.0028926 ],
       [ 0.00053565]]), 2.3130873210010465), (1.4405977211550132, array([[-0.01821601],
       [-0.0105218 ],
       [-0.00054172]]), 2.3122154366256753), (1.4361468580933572, array([[ 0.00220576],
       [ 0.00288256],
       [-0.00053033]]), 2.3098253378672227), (1.4312449953308277, array([[-0.02224033],
       [-0.00224097],
       [ 0.00051754]]), 2.307280542589119), (1.4254229705298813, array([[-0.00926464],
       [ 0.00630679],
       [ 0.00023331]]), 2.303818414603758), (1.4194826758360934, array([[0.00492567],
       [0.00395747],
       [0.00274243]]), 2.300727438136374), (1.4130423390167883, array([[-0.00283708],
       [ 0.0152346 ],
       [ 0.00017419]]), 2.2973860855190376), (1.4063963960114385, array([[-0.00639149],
       [ 0.01019587],
       [ 0.00192201]]), 2.2942680021868527), (1.3997929572657477, array([[ 0.02703397],
       [-0.00531913],
       [-0.00138674]]), 2.291777343305558), (1.390865901236319, array([[-4.13640655e-02],
       [-5.05641157e-03],
       [ 9.95710032e-05]]), 2.2860280091252676), (1.381994317294383, array([[0.02833952],
       [0.00764577],
       [0.00059371]]), 2.2809017087354517), (1.3729102550546062, array([[-0.00874481],
       [-0.00374019],
       [ 0.0011459 ]]), 2.2759557585131884), (1.3647884592103279, array([[-0.00651029],
       [ 0.00648422],
       [ 0.0010685 ]]), 2.2731428648435754), (1.3547595519798776, array([[-0.0137341 ],
       [-0.00011796],
       [-0.00051007]]), 2.267685498562498), (1.3447941625206845, array([[-0.01971526],
       [ 0.00145586],
       [-0.00031047]]), 2.2628528265367294), (1.3346255271454817, array([[-0.01017564],
       [-0.00176717],
       [ 0.00070299]]), 2.258196702631447), (1.3235192186044897, array([[0.00014563],
       [0.00157729],
       [0.0002756 ]]), 2.2524634569491453), (1.3124886814817882, array([[ 0.02552767],
       [-0.01628189],
       [ 0.00062007]]), 2.2473617437531206), (1.3000531506590218, array([[0.01469975],
       [0.00549576],
       [0.00177638]]), 2.2403440937730768), (1.289252656738757, array([[-1.30094687e-02],
       [-6.09052221e-05],
       [ 9.02630043e-04]]), 2.236638349241184), (1.2762067356896294, array([[ 0.01480127],
       [-0.0058822 ],
       [-0.00187082]]), 2.2295258506610116), (1.2639099433531935, array([[ 0.01535318],
       [-0.00523731],
       [-0.00057795]]), 2.2241947763661614), (1.2512940232371572, array([[-0.01376199],
       [ 0.00730501],
       [-0.00209911]]), 2.218782087840844), (1.2379377397624802, array([[-0.01632097],
       [ 0.00585055],
       [-0.00043997]]), 2.2125246097886584), (1.2234258536863183, array([[0.00291004],
       [0.0004357 ],
       [0.00308084]]), 2.204644538765915), (1.2105232575892553, array([[-0.00087508],
       [-0.00250682],
       [-0.00045418]]), 2.2001158468394695), (1.1959922388661177, array([[0.01154916],
       [0.0013062 ],
       [0.00051761]]), 2.19308035551834), (1.1807622752247227, array([[-0.01403126],
       [ 0.00301688],
       [-0.0003414 ]]), 2.1851801992298805), (1.165724902896649, array([[0.01073649],
       [0.00716558],
       [0.00149705]]), 2.1780457087218146), (1.1502549270323226, array([[ 0.00767576],
       [ 0.00362579],
       [-0.00036521]]), 2.1705086161510865), (1.1355537536640472, array([[-1.85954400e-02],
       [-1.26221153e-03],
       [ 1.79575036e-05]]), 2.164835890807374), (1.1198055033299779, array([[-0.00949379],
       [-0.00499833],
       [-0.00159193]]), 2.1575769801209885), (1.1046517578734074, array([[-0.00680591],
       [-0.00848289],
       [-0.00100546]]), 2.1518669589815476), (1.0872517971852669, array([[ 0.01666545],
       [-0.00842818],
       [-0.00094328]]), 2.142150336698444), (1.0711989840386171, array([[ 0.00111772],
       [-0.00440123],
       [ 0.00024272]]), 2.1354379555265015), (1.054646574556349, array([[-0.01741782],
       [-0.0072776 ],
       [ 0.00173087]]), 2.128099489544886), (1.0383325678404727, array([[-0.00889519],
       [-0.00291345],
       [ 0.00020519]]), 2.1216073913036504), (1.0223000326833327, array([[-0.00176006],
       [ 0.00911678],
       [-0.00038554]]), 2.1160714169329107), (1.0057184614072445, array([[-0.00389644],
       [-0.0090924 ],
       [-0.00113248]]), 2.1097759163870893), (0.988256372901724, array([[-0.00056856],
       [ 0.00423992],
       [ 0.00124437]]), 2.101972630852505), (0.9698385151994985, array([[-0.03486334],
       [-0.0068164 ],
       [ 0.00048259]]), 2.092421909318802), (0.953541894546328, array([[0.01373064],
       [0.00575279],
       [0.00084524]]), 2.0877693629156386), (0.9354215830224495, array([[-0.0026275 ],
       [-0.00426194],
       [ 0.00198605]]), 2.07945507086864), (0.9181716508978159, array([[-0.00101643],
       [-0.00369377],
       [ 0.00017821]]), 2.0733772371689287), (0.899057600550276, array([[0.00523722],
       [0.0108939 ],
       [0.00239545]]), 2.063354829791157), (0.8820534404166812, array([[ 0.00198717],
       [ 0.00092621],
       [-0.0006651 ]]), 2.0584491878386446), (0.8647083580625775, array([[-0.00709904],
       [-0.00229821],
       [-0.00129744]]), 2.05309181126143), (0.8449967498501543, array([[ 0.00624273],
       [-0.00107078],
       [-0.00159471]]), 2.0423495028275047), (0.8282062315046235, array([[-0.01094669],
       [-0.0014264 ],
       [ 0.00021553]]), 2.038926129401469), (0.8085593507741413, array([[-0.00864181],
       [-0.0058228 ],
       [-0.00222051]]), 2.0287286731135383), (0.7895936347498647, array([[-0.01620023],
       [ 0.00014205],
       [ 0.00094754]]), 2.0203935518328704), (0.7722750532981044, array([[-0.00464291],
       [-0.00540948],
       [-0.00105945]]), 2.0165392309478136), (0.7540682236853801, array([[ 3.58610686e-03],
       [-2.30810114e-03],
       [ 6.50812017e-05]]), 2.0106726878826753), (0.735093168685541, array([[ 0.00747045],
       [ 0.00142841],
       [-0.00137652]]), 2.002974866713504), (0.7162869860598158, array([[-0.00078444],
       [-0.00085768],
       [-0.00217414]]), 1.99591670182767), (0.6986938261481799, array([[-0.00634223],
       [-0.00279629],
       [ 0.00010172]]), 1.992503131132936), (0.6791005600784383, array([[-0.00156651],
       [-0.00215969],
       [-0.00051377]]), 1.983596486546055), (0.6615380199739288, array([[-0.0211117 ],
       [ 0.00391515],
       [ 0.00107373]]), 1.9808371576254686), (0.6420391372554949, array([[-0.00262831],
       [ 0.00408026],
       [ 0.00087861]]), 1.9724976176778828), (0.6236194706340786, array([[-0.00336086],
       [-0.00441173],
       [-0.00252106]]), 1.9676250863087243), (0.6052036414117112, array([[-9.44244966e-05],
       [-5.98577713e-03],
       [ 2.60172699e-04]]), 1.9630025322744233), (0.5863073680847588, array([[-0.00950128],
       [ 0.00245835],
       [-0.00030403]]), 1.9570171974591934), (0.5670538997875326, array([[-0.00664323],
       [-0.00276806],
       [ 0.00043843]]), 1.9499509158188209), (0.549359056656467, array([[-0.00493414],
       [-0.0028192 ],
       [ 0.00141487]]), 1.9484767661840106), (0.5298653705679212, array([[ 0.00228747],
       [ 0.00119823],
       [-0.00043955]]), 1.9408241898447658), (0.5114441582501452, array([[-0.0043685 ],
       [ 0.00043565],
       [-0.00018653]]), 1.9372193015368042), (0.4936088526505689, array([[-7.34693126e-04],
       [ 5.61044815e-04],
       [ 1.02088002e-05]]), 1.9361621497317414), (0.4739998590944126, array([[-0.01136644],
       [-0.00297794],
       [-0.00014868]]), 1.9283165733251018), (0.4556990756374037, array([[-0.00210918],
       [ 0.00259665],
       [ 0.00036806]]), 1.9258965017121341), (0.436568324438019, array([[-7.0752383e-03],
       [-5.6355421e-03],
       [ 3.4117193e-05]]), 1.920134246337996), (0.41863897315423826, array([[-0.00229708],
       [-0.00141019],
       [-0.00053545]]), 1.9198951228747205), (0.4007540609336196, array([[ 0.00444074],
       [-0.00047392],
       [-0.00050621]]), 1.9203525586924683), (0.38183110453413754, array([[-4.66915907e-04],
       [ 3.69821030e-06],
       [ 2.32814571e-04]]), 1.916150162352727), (0.3633658474050221, array([[-0.0019326 ],
       [-0.00121659],
       [-0.00030263]]), 1.9144475167098738), (0.3447032576309009, array([[ 0.00232885],
       [-0.00311011],
       [ 0.00047678]]), 1.9119784236966644), (0.32606500451486076, array([[ 8.92551005e-04],
       [ 1.34677357e-05],
       [-3.17459998e-04]]), 1.9098842678133445), (0.308168484238084, array([[-0.00607218],
       [ 0.00022998],
       [-0.00040721]]), 1.9126540556690208), (0.28942335671338576, array([[-0.00086665],
       [ 0.00320388],
       [-0.00020955]]), 1.9106857234331727), (0.2710552533396401, array([[-0.00138452],
       [ 0.0028621 ],
       [-0.00019148]]), 1.9116219136201504), (0.2535147679603851, array([[-0.00049506],
       [ 0.00190711],
       [-0.00030194]]), 1.9194785609433802), (0.23496142291386757, array([[-5.22353445e-05],
       [ 6.13691969e-04],
       [ 3.75604646e-04]]), 1.9208272977170984), (0.2169966433871156, array([[-0.00288189],
       [ 0.00146205],
       [-0.00056048]]), 1.9281655468568515), (0.1985622618108162, array([[-1.60661985e-03],
       [ 1.89017362e-03],
       [ 7.77818489e-05]]), 1.9328639276527035), (0.1805624114494445, array([[-1.40118801e-03],
       [ 7.02072619e-04],
       [ 3.10204680e-05]]), 1.943771944117799), (0.16295370965305556, array([[-1.87195344e-03],
       [ 1.78660656e-03],
       [-4.57354677e-05]]), 1.9625257714348179), (0.14414598643329443, array([[-3.23752760e-04],
       [-3.77148378e-04],
       [-7.46622145e-05]]), 1.9705105155440057), (0.12660320740747388, array([[-1.78298124e-03],
       [ 1.53497902e-03],
       [ 8.43766363e-05]]), 2.0015644376305772), (0.10839147319084759, array([[-5.13059280e-04],
       [ 8.04630052e-04],
       [-1.66792327e-06]]), 2.032210490440368), (0.09062493178996958, array([[-6.23183330e-04],
       [ 2.35660174e-04],
       [ 8.52293889e-06]]), 2.087751230004904), (0.07266629292590687, array([[-5.81262955e-04],
       [-6.44819204e-04],
       [-2.99098055e-05]]), 2.17120600387199), (0.05441572067578628, array([[-1.63127408e-04],
       [-5.30036756e-04],
       [ 1.35895722e-05]]), 2.3135936741734175)]