[(1.4598305154926967, array([[-0.01900581],
       [ 0.00235221],
       [ 0.000381  ]]), 2.327535971161347), (1.459588348739286, array([[-0.01101926],
       [-0.00259497],
       [ 0.00055322]]), 2.326058706260212), (1.4597194488437053, array([[-0.03880278],
       [-0.00466529],
       [-0.00036224]]), 2.3257626242311926), (1.4591042732317263, array([[ 0.00752083],
       [-0.00030551],
       [ 0.00051047]]), 2.324863036788302), (1.4588628011505018, array([[-0.01310778],
       [-0.0102445 ],
       [-0.00157634]]), 2.3251442108611484), (1.4560737229076357, array([[-3.58389956e-02],
       [-5.34226926e-06],
       [-1.02837839e-04]]), 2.321948698337752), (1.4548201373320195, array([[-3.46130356e-02],
       [-5.37907550e-03],
       [-3.72277286e-05]]), 2.3217844686069973), (1.4527939971193478, array([[-4.20140633e-02],
       [ 2.95583658e-04],
       [-9.68363542e-05]]), 2.3209708178750814), (1.4495383003539375, array([[-3.05426190e-02],
       [-8.21410745e-03],
       [ 4.40733711e-05]]), 2.318773434624037), (1.444383101962304, array([[-0.05197595],
       [-0.00521282],
       [-0.00129035]]), 2.3141111551836917), (1.4404232461484483, array([[-0.01610155],
       [-0.00796163],
       [ 0.00064947]]), 2.31193539744641), (1.4370516383100655, array([[-0.03985375],
       [-0.00309563],
       [ 0.00040424]]), 2.311280540208109), (1.4307369395353786, array([[-3.52836654e-02],
       [ 2.62759660e-03],
       [-6.76090189e-05]]), 2.3064615163181355), (1.4251222960788417, array([[-0.03972089],
       [ 0.00606208],
       [-0.00088101]]), 2.3033324540492934), (1.419746751764269, array([[-0.06749402],
       [ 0.00843329],
       [ 0.00155082]]), 2.301155457966449), (1.4134203102541456, array([[-0.05826149],
       [ 0.0040808 ],
       [ 0.00058497]]), 2.298000607701038), (1.406255929547497, array([[-0.05538686],
       [ 0.00315029],
       [ 0.00180912]]), 2.294038857889757), (1.3972794491191243, array([[-4.97592444e-02],
       [ 4.87853367e-03],
       [-8.68932268e-05]]), 2.2876621625620452), (1.3906006101311892, array([[-0.05162566],
       [-0.00466562],
       [ 0.00051338]]), 2.2855919765096435), (1.3825459464299787, array([[-0.03349593],
       [-0.00028468],
       [-0.00017304]]), 2.2818121407265415), (1.3733557879449443, array([[-0.05094693],
       [ 0.01213412],
       [-0.00030253]]), 2.27669434513503), (1.3633194397541488, array([[-0.05004767],
       [ 0.00369234],
       [ 0.00132139]]), 2.2706961185565633), (1.3553885775625036, array([[-0.03275932],
       [ 0.01016375],
       [ 0.00057174]]), 2.2687384028877426), (1.3445594664121536, array([[-3.03841818e-02],
       [ 3.47793017e-03],
       [ 6.16503783e-06]]), 2.262457909033837), (1.334062684498398, array([[-0.06015346],
       [-0.0073656 ],
       [ 0.00141175]]), 2.257244368524319), (1.3236678059111524, array([[-0.05743821],
       [-0.00246314],
       [-0.00097865]]), 2.2527163338803753), (1.3119552428633199, array([[-0.04462986],
       [ 0.00189069],
       [ 0.00127208]]), 2.246448341938156), (1.30203152575649, array([[-0.05994887],
       [ 0.00275218],
       [ 0.00048926]]), 2.2437533705112114), (1.2882333365289789, array([[-0.00765673],
       [-0.00591934],
       [-0.00290451]]), 2.234869998670464), (1.2773671622635334, array([[-0.02365527],
       [-0.00545287],
       [-0.00147193]]), 2.2315531092328094), (1.2638035706763415, array([[-0.03022365],
       [-0.00129609],
       [ 0.00021348]]), 2.2240075845860456), (1.2501024380644608, array([[-0.0515651 ],
       [ 0.0015325 ],
       [ 0.00366991]]), 2.2166691808915435), (1.2363697182137903, array([[-0.03121868],
       [ 0.0002464 ],
       [ 0.00059246]]), 2.2097221374560667), (1.2226889937550576, array([[-0.03494857],
       [ 0.00653533],
       [ 0.00108172]]), 2.2033166984081243), (1.2098557228142537, array([[-0.03891091],
       [-0.00597049],
       [-0.00185106]]), 2.1989026079961924), (1.1954308295370628, array([[-0.0473717 ],
       [-0.00272309],
       [-0.00148272]]), 2.192050904213436), (1.1816280793412683, array([[-0.03979545],
       [ 0.01293787],
       [ 0.0030505 ]]), 2.1867825014473414), (1.1642957873706665, array([[-0.02243803],
       [-0.00180653],
       [-0.00125813]]), 2.1753755427753734), (1.1511089372622765, array([[-0.03327968],
       [ 0.00187959],
       [ 0.00153527]]), 2.172120116800928), (1.1356747922243011, array([[-0.03938255],
       [-0.00435545],
       [ 0.00010826]]), 2.165066640446978), (1.119468862373415, array([[-0.0294055 ],
       [ 0.00169457],
       [-0.0015547 ]]), 2.1569283596451236), (1.1031505695184372, array([[-0.04584473],
       [-0.01039171],
       [-0.00184775]]), 2.1489426368164453), (1.0888645291287664, array([[-0.04688052],
       [-0.00049462],
       [-0.0028505 ]]), 2.1453278106605156), (1.0711223431742878, array([[-0.04031107],
       [-0.00901571],
       [-0.00178484]]), 2.1352851717645005), (1.0556176902497976, array([[-0.02030707],
       [-0.00554192],
       [-0.00229319]]), 2.130059037758833), (1.0388308442614742, array([[-0.02939081],
       [-0.00094105],
       [-0.00056935]]), 2.122625511095374), (1.0220013560159302, array([[-2.77685811e-02],
       [ 6.94431743e-04],
       [-9.56388736e-05]]), 2.115453182423873), (1.0048239707174327, array([[-0.03977405],
       [ 0.00992307],
       [ 0.00272866]]), 2.1078994718479716), (0.9877112832216726, array([[-0.02424069],
       [ 0.00801315],
       [ 0.00299063]]), 2.100813251950182), (0.969978752102472, array([[-0.04793712],
       [-0.00495639],
       [-0.00017221]]), 2.092724469759203), (0.952515986065801, array([[-0.0135711 ],
       [ 0.00727614],
       [ 0.00266995]]), 2.085523147718331), (0.9357789102037587, array([[-0.01515894],
       [ 0.00314591],
       [-0.00056841]]), 2.0802494141173087), (0.917966063676347, array([[-0.02588044],
       [ 0.00236198],
       [ 0.00062654]]), 2.072912988610579), (0.8996936829863715, array([[-0.03880503],
       [ 0.00252874],
       [ 0.00166096]]), 2.064814651459824), (0.8822659325195252, array([[-0.03086466],
       [-0.0040303 ],
       [-0.0017753 ]]), 2.0589450809177703), (0.8639845089237437, array([[-0.02879093],
       [-0.00448691],
       [ 0.00013689]]), 2.0513731638982216), (0.8457405961257998, array([[-0.03446623],
       [ 0.00299138],
       [-0.00089119]]), 2.044147372548914), (0.8271939249250824, array([[-0.03201726],
       [ 0.00085913],
       [ 0.00019186]]), 2.036433974359069), (0.8085930347348697, array([[-0.03567687],
       [ 0.00292582],
       [ 0.00024045]]), 2.028813188389861), (0.7899834932395866, array([[-0.0271603 ],
       [-0.00917671],
       [-0.00288393]]), 2.021391112532573), (0.7714655166909428, array([[-0.02502808],
       [-0.00025947],
       [-0.00013014]]), 2.0144253955723754), (0.753994901626336, array([[-0.022238  ],
       [-0.00769973],
       [-0.00071669]]), 2.01047717949642), (0.735542418776884, array([[-0.02477591],
       [ 0.01137064],
       [ 0.00102174]]), 2.0041989790847805), (0.7169504536021124, array([[-0.02271259],
       [ 0.00963503],
       [ 0.00119262]]), 1.9977654384019232), (0.6976132489702898, array([[-2.76056060e-02],
       [ 4.51006091e-05],
       [ 7.40201275e-04]]), 1.9894215905069847), (0.6795689814307136, array([[-3.25703817e-02],
       [-1.73174386e-03],
       [-8.95015363e-05]]), 1.9849647065170253), (0.6608158518140744, array([[-2.30409875e-02],
       [-5.49104527e-04],
       [-7.09796541e-06]]), 1.978674776202327), (0.6411952039557293, array([[-0.02308761],
       [ 0.00549761],
       [ 0.00095517]]), 1.969904852958924), (0.6241315219036323, array([[-0.01587662],
       [ 0.0002719 ],
       [ 0.00028024]]), 1.9692406948182306), (0.6047413809636852, array([[-0.0236576 ],
       [-0.0039464 ],
       [-0.00100656]]), 1.9615031717816003), (0.5860846340171009, array([[-0.02521224],
       [-0.00097089],
       [ 0.00045888]]), 1.9562737403160735), (0.5675869329287881, array([[-0.01535536],
       [-0.00571416],
       [ 0.00194574]]), 1.951783878192137), (0.5493093330385324, array([[-0.01650909],
       [-0.00119617],
       [-0.00061078]]), 1.948300405545004), (0.5299861800893444, array([[-0.02323686],
       [-0.00338957],
       [ 0.00041765]]), 1.9412666985546485), (0.5112390298233499, array([[-0.02024167],
       [ 0.00096112],
       [ 0.00053035]]), 1.9364423276653238), (0.49250651181423255, array([[-0.01941723],
       [-0.00334721],
       [-0.00148886]]), 1.931838259282943), (0.4743826917734608, array([[-0.01743514],
       [-0.00481736],
       [ 0.00093774]]), 1.9298740054332666), (0.45547806754793885, array([[-0.02327008],
       [ 0.00053761],
       [-0.00020845]]), 1.9249624671066103), (0.43648103184419945, array([[-1.44043661e-02],
       [ 2.21727129e-03],
       [-5.68126023e-05]]), 1.919750312164438), (0.4183913618277866, array([[-0.01707825],
       [ 0.00186727],
       [-0.00074117]]), 1.9187595673996982), (0.4004969760415209, array([[-0.02070251],
       [-0.0039887 ],
       [ 0.0002504 ]]), 1.9191206469578928), (0.3813597452704814, array([[-0.0207452 ],
       [-0.00219579],
       [ 0.00032554]]), 1.913784731357567), (0.3633161624403621, array([[-0.01626909],
       [ 0.00140542],
       [ 0.00014252]]), 1.9141857440146945), (0.34458503040702143, array([[-1.53418354e-02],
       [-3.10850136e-03],
       [ 2.62865138e-05]]), 1.9113226483416397), (0.3261228415553942, array([[-0.00651563],
       [ 0.00117886],
       [ 0.00022683]]), 1.9102230409177325), (0.3081175478500275, array([[-0.00789921],
       [ 0.00562938],
       [ 0.00028706]]), 1.9123379179256097), (0.29015559197367413, array([[-0.01492645],
       [-0.00020797],
       [ 0.00038965]]), 1.915519719811056), (0.27130337139460226, array([[-0.0096956 ],
       [-0.00262442],
       [ 0.00016358]]), 1.913371770541153), (0.2534874510193824, array([[-1.09386255e-02],
       [-2.15443174e-03],
       [ 5.52972849e-05]]), 1.9192717316409809), (0.2346890271735324, array([[-0.00849644],
       [ 0.00557089],
       [-0.00027405]]), 1.9186004420599916), (0.2170525046601338, array([[-1.02260681e-02],
       [ 2.76902705e-04],
       [-8.05086081e-05]]), 1.9286619129773408), (0.19907302797314572, array([[-0.00923972],
       [-0.00045711],
       [ 0.00018945]]), 1.9378358769124924), (0.1808381263990278, array([[-9.54672367e-03],
       [ 1.36357035e-03],
       [ 8.02742594e-05]]), 1.9467400424017764), (0.16266992942063796, array([[-7.03532334e-03],
       [ 1.21996291e-03],
       [-8.48441017e-05]]), 1.9591080767979234), (0.14489004905306105, array([[-7.44965868e-03],
       [ 1.65564951e-03],
       [ 9.58991779e-05]]), 1.9806820316073532), (0.12663053705327953, array([[-5.69052988e-03],
       [ 9.62972434e-04],
       [-3.55638649e-05]]), 2.001996512364368), (0.10849550366902548, array([[-5.95993893e-03],
       [ 3.18370206e-04],
       [-2.02523209e-05]]), 2.0341609374898915), (0.0903744147047619, array([[-4.96989872e-03],
       [ 1.42657654e-03],
       [ 5.23054169e-05]]), 2.08197999969941), (0.07292143458015492, array([[-0.00432974],
       [-0.00043563],
       [-0.00010434]]), 2.1788294159002604), (0.05475318348456378, array([[-4.27482864e-03],
       [ 7.05679398e-04],
       [-2.19151973e-05]]), 2.327941583379807)]