[(0.00010262976507255976, array([[ 6.05957636e-09],
       [ 1.53682077e-09],
       [-2.95277361e-10]]), 2.3272133145786174), (0.00010245577070216822, array([[-1.40303449e-07],
       [ 3.17540516e-09],
       [ 1.61932764e-10]]), 2.324315085887371), (0.00010211937088526247, array([[-2.82786532e-07],
       [-5.58869369e-09],
       [-2.93562039e-10]]), 2.320065408950337), (0.0001016859916777357, array([[-4.05594771e-07],
       [ 2.07351056e-09],
       [ 5.29569492e-10]]), 2.3159321525283634), (0.00010105337970108089, array([[-5.55339322e-07],
       [-1.15218355e-09],
       [ 1.67215650e-10]]), 2.309560859955867), (0.00010028005918061483, array([[-6.78803523e-07],
       [ 4.82680865e-10],
       [-2.98120410e-10]]), 2.302244060685541), (9.944672387893861e-05, array([[-8.10787944e-07],
       [-4.08243026e-09],
       [-3.39117973e-11]]), 2.2957989163088603), (9.848723009960466e-05, array([[-9.43111543e-07],
       [ 1.75900341e-10],
       [-7.02764989e-11]]), 2.288670384557288), (9.72824051439391e-05, array([[-1.06498793e-06],
       [-6.63652547e-11],
       [-4.45291890e-10]]), 2.2780170716717394), (9.611408722191277e-05, array([[-1.17277279e-06],
       [ 2.96935547e-09],
       [ 7.87435556e-10]]), 2.270364240009794), (9.473115277971278e-05, array([[-1.32145712e-06],
       [ 3.15128565e-09],
       [ 5.26870192e-10]]), 2.259757347598104), (9.32924837489058e-05, array([[-1.41777518e-06],
       [-4.47262078e-09],
       [ 2.94956156e-11]]), 2.249884483334884), (9.170779285536708e-05, array([[-1.53553782e-06],
       [-1.33157797e-09],
       [-2.72142796e-10]]), 2.2385106911324066), (9.008185664198792e-05, array([[-1.62714809e-06],
       [-5.48129987e-09],
       [-9.33422162e-10]]), 2.2281093644252463), (8.827159284333743e-05, array([[-1.72736432e-06],
       [ 3.38883641e-09],
       [ 1.03216791e-09]]), 2.2150669631301527), (8.649249212204751e-05, array([[-1.81176419e-06],
       [ 4.45318851e-09],
       [-1.43448915e-09]]), 2.204686052155947), (8.454928401414883e-05, array([[-1.89038646e-06],
       [ 2.45796520e-10],
       [-3.58229162e-10]]), 2.191964472632243), (8.257831230880358e-05, array([[-1.97282109e-06],
       [-8.81901053e-09],
       [-6.55009170e-10]]), 2.1803020069243586), (8.054746956767725e-05, array([[-2.04741333e-06],
       [-2.80264458e-09],
       [-2.80364750e-10]]), 2.168816190054186), (7.84371663593253e-05, array([[-2.09191541e-06],
       [-2.77692726e-10],
       [ 2.72514662e-11]]), 2.15689897497528), (7.620867025137092e-05, array([[-2.14974130e-06],
       [ 3.44563321e-11],
       [-4.26896782e-10]]), 2.1433483194181084), (7.39532459554431e-05, array([[-2.19164326e-06],
       [ 2.49644119e-09],
       [-5.01386682e-10]]), 2.1305863432482925), (7.172883269729851e-05, array([[-2.22816190e-06],
       [ 4.09933473e-09],
       [ 5.34317716e-10]]), 2.120291019993247), (6.940698526722885e-05, array([[-2.27022624e-06],
       [ 7.96774487e-10],
       [ 9.30785672e-11]]), 2.1086682969042387), (6.697925477898336e-05, array([[-2.28426425e-06],
       [ 1.13051417e-09],
       [ 1.03787348e-10]]), 2.0952424087552934), (6.464124541881314e-05, array([[-2.29460127e-06],
       [ 2.55649081e-09],
       [-1.24305339e-09]]), 2.086053153127661), (6.231295454571891e-05, array([[-2.30366371e-06],
       [ 4.79701156e-09],
       [ 1.02509101e-12]]), 2.078749053432329), (5.984218109365431e-05, array([[-2.29245943e-06],
       [-8.24037986e-11],
       [-1.32678511e-09]]), 2.068171028918054), (5.7387655873763596e-05, array([[-2.28047609e-06],
       [-2.53712021e-09],
       [ 4.86530440e-10]]), 2.059536895023297), (5.491407769754098e-05, array([[-2.25757418e-06],
       [ 7.66214369e-10],
       [ 2.33918329e-10]]), 2.051650129636942), (5.24614547707916e-05, array([[-2.22954827e-06],
       [ 1.70840065e-09],
       [ 1.58825629e-09]]), 2.046053065406472), (4.9999005607674976e-05, array([[-2.19907852e-06],
       [ 1.80756485e-09],
       [ 3.69764123e-10]]), 2.0416914375222124), (4.7499124741524294e-05, array([[-2.15111360e-06],
       [ 1.43060389e-09],
       [-8.67160638e-11]]), 2.0374482992144647), (4.5018264798704734e-05, array([[-2.09730063e-06],
       [ 3.27442188e-09],
       [-9.36034108e-10]]), 2.0357723287630347), (4.249933905829011e-05, array([[-2.04374100e-06],
       [-2.17769223e-09],
       [ 7.71861048e-10]]), 2.03424981526637), (4.001369706683072e-05, array([[-1.97329044e-06],
       [-3.86444393e-10],
       [ 1.61452998e-09]]), 2.033843733395061), (3.859176730125936e-05, array([[-1.77236336e-06],
       [-4.08483528e-09],
       [-8.78089885e-10]]), 2.03840704349844), (3.7067267091942024e-05, array([[-1.58293944e-06],
       [-2.84463780e-09],
       [ 6.73692849e-10]]), 2.039841500273662), (3.557792816444591e-05, array([[-1.40349374e-06],
       [ 5.81381599e-10],
       [-4.21750288e-10]]), 2.0455704929855187), (3.403244885288061e-05, array([[-1.22370177e-06],
       [-1.46491469e-09],
       [ 5.50297658e-11]]), 2.0506191705630914), (3.246351642758734e-05, array([[-1.05964335e-06],
       [-1.06476797e-09],
       [ 4.82280536e-10]]), 2.056867966286816), (3.0919837966480195e-05, array([[-8.98280277e-07],
       [ 1.37338005e-09],
       [ 4.62539004e-12]]), 2.0676777327306497), (2.9397513375343873e-05, array([[-7.52740242e-07],
       [ 1.26141724e-10],
       [ 2.45742097e-12]]), 2.08348934608978), (2.7774022918036916e-05, array([[-6.12657677e-07],
       [ 1.32164164e-09],
       [-5.09657207e-10]]), 2.095931820745495), (2.6197461719780976e-05, array([[-4.87106900e-07],
       [-6.34192422e-10],
       [-1.23990364e-11]]), 2.116162970097175), (2.461608768266557e-05, array([[-3.70436544e-07],
       [ 7.71995691e-10],
       [ 1.42915081e-11]]), 2.141360291918804), (2.3014262953554835e-05, array([[-2.68427719e-07],
       [-1.57785895e-09],
       [ 2.46750316e-10]]), 2.1711977301241796), (2.131758081541072e-05, array([[-1.73429069e-07],
       [ 3.12423050e-09],
       [-4.12518251e-11]]), 2.1991872550629346), (1.9656238090885026e-05, array([[-9.57721491e-08],
       [ 1.99485663e-09],
       [ 4.62456845e-11]]), 2.2394605755690913), (1.800659821208706e-05, array([[-2.88241246e-08],
       [ 1.29352082e-09],
       [ 3.40086518e-11]]), 2.2931881185534575), (1.7910003903603623e-05, array([[-1.58232911e-08],
       [ 1.78038021e-09],
       [-2.66182087e-11]]), 2.280886576756109), (1.9345088255120882e-05, array([[-5.86670869e-08],
       [-1.57835764e-09],
       [ 4.20507350e-11]]), 2.2040108731862276), (2.073943086894008e-05, array([[-1.11784484e-07],
       [-1.89392011e-10],
       [-6.95260716e-11]]), 2.1395435269681222), (2.2135474835314498e-05, array([[-1.79300639e-07],
       [-2.35329675e-09],
       [ 1.29308467e-11]]), 2.0882916309180466), (2.3569351145791346e-05, array([[-2.57611432e-07],
       [ 4.13983603e-10],
       [ 8.28919391e-11]]), 2.0503043903856994), (2.4982593249084757e-05, array([[-3.45740334e-07],
       [-2.64690930e-09],
       [ 3.32711755e-10]]), 2.01802904785979), (2.63838097370245e-05, array([[-4.43007760e-07],
       [ 2.60685665e-09],
       [ 1.40204927e-10]]), 1.9910211258741572), (2.7791723491583018e-05, array([[-5.52446619e-07],
       [-1.61857110e-10],
       [ 1.40309298e-10]]), 1.969682233489553), (2.927036720060309e-05, array([[-6.74546640e-07],
       [-1.23961746e-09],
       [ 1.46343687e-10]]), 1.9573739860845134), (3.068242664667177e-05, array([[-8.06100210e-07],
       [-2.12130581e-09],
       [-7.86122074e-10]]), 1.9440192388971727), (3.21291802400895e-05, array([[-9.40012032e-07],
       [ 1.41844086e-09],
       [-5.68010995e-10]]), 1.935938057811192), (3.361834384347576e-05, array([[-1.08486314e-06],
       [ 6.87545283e-10],
       [-7.12018453e-10]]), 1.9329032278495095), (3.50866260056717e-05, array([[-1.24544964e-06],
       [-1.87755429e-09],
       [-2.95417565e-10]]), 1.9308452293886265), (3.658745832211262e-05, array([[-1.40733772e-06],
       [ 1.07066441e-09],
       [-6.87826397e-10]]), 1.9325399680534008), (3.8083501074522404e-05, array([[-1.57638645e-06],
       [-2.97259838e-09],
       [-3.29858862e-10]]), 1.9357344030669033), (4.0744447267734854e-05, array([[-1.65506956e-06],
       [-2.66323121e-09],
       [ 9.03028505e-11]]), 1.9502511371727387), (4.344647175674908e-05, array([[-1.71570284e-06],
       [ 2.79259265e-09],
       [ 5.50698746e-10]]), 1.9646942275598172), (4.6122375027509545e-05, array([[-1.77294336e-06],
       [ 1.22219994e-09],
       [-3.05259916e-10]]), 1.9783933928656083), (4.8824789602965015e-05, array([[-1.82270609e-06],
       [ 3.40301320e-09],
       [ 3.34235166e-11]]), 1.9937427486736925), (5.146834688185256e-05, array([[-1.87064527e-06],
       [ 4.86081296e-09],
       [ 6.10477981e-11]]), 2.007320791409862), (5.412887065303507e-05, array([[-1.90963891e-06],
       [ 6.69802667e-11],
       [ 1.06226380e-09]]), 2.022313933852586), (5.683472471235426e-05, array([[-1.92803652e-06],
       [-3.01401095e-10],
       [ 1.50238705e-09]]), 2.03969321766809), (5.9431872299956145e-05, array([[-1.95440255e-06],
       [-3.86045924e-09],
       [-4.43137068e-10]]), 2.0539905838786456), (6.206776287458589e-05, array([[-1.97673880e-06],
       [ 5.52108589e-10],
       [ 8.96962430e-10]]), 2.070569503000273), (6.465256950858449e-05, array([[-1.97674103e-06],
       [-1.95111039e-11],
       [ 1.61506767e-09]]), 2.086418595547912), (6.718216624792254e-05, array([[-1.96523613e-06],
       [-4.35147653e-09],
       [ 1.24668698e-10]]), 2.1015898773311545), (6.963539473907366e-05, array([[-1.96666409e-06],
       [-5.84184386e-09],
       [ 1.57789948e-09]]), 2.1156076533701267), (7.213129503059971e-05, array([[-1.94697132e-06],
       [-3.73531261e-09],
       [ 1.35255446e-09]]), 2.1321877320837017), (7.452289467043657e-05, array([[-1.93683139e-06],
       [ 1.46306090e-09],
       [-2.31964991e-10]]), 2.1469978713284172), (7.688404979146917e-05, array([[-1.87480665e-06],
       [ 1.21535613e-09],
       [-3.38521470e-10]]), 2.162343187029159), (7.91468427651229e-05, array([[-1.85882578e-06],
       [-2.48567473e-09],
       [-3.08394612e-10]]), 2.176413962362979), (8.137026042710024e-05, array([[-1.80977240e-06],
       [ 2.52380423e-09],
       [-7.77822640e-10]]), 2.1909706059101173), (8.349951803111344e-05, array([[-1.74782439e-06],
       [-5.48238812e-09],
       [ 8.85857255e-10]]), 2.2046244546589584), (8.545080209499913e-05, array([[-1.67293555e-06],
       [ 7.06375284e-09],
       [-2.07595558e-09]]), 2.2153365878157247), (8.742235544469796e-05, array([[-1.60978544e-06],
       [ 3.73938985e-10],
       [-6.17403565e-10]]), 2.2283881868448874), (8.930779539631133e-05, array([[-1.54631984e-06],
       [ 2.97934374e-09],
       [ 2.72389146e-10]]), 2.241069190667581), (9.103159527930362e-05, array([[-1.43881692e-06],
       [-4.64881737e-09],
       [-4.46454142e-10]]), 2.251600460528757), (9.268293600358344e-05, array([[-1.36983008e-06],
       [-4.50590052e-09],
       [ 6.47373818e-10]]), 2.2623131215988064), (9.42853799815895e-05, array([[-1.26183745e-06],
       [-3.53488965e-09],
       [ 1.11948946e-09]]), 2.273829625941326), (9.56656089248705e-05, array([[-1.18304060e-06],
       [ 2.80644275e-09],
       [-2.36912691e-10]]), 2.282048263290208), (9.691310534786429e-05, array([[-1.06540970e-06],
       [-3.12640661e-09],
       [ 2.15862245e-10]]), 2.2892382909706233), (9.81278963132235e-05, array([[-9.56774009e-07],
       [-1.05797712e-09],
       [-1.34967083e-10]]), 2.297815547200051), (9.91549280653239e-05, array([[-8.58927861e-07],
       [ 8.51493189e-11],
       [-2.28195487e-10]]), 2.3041865134851243), (0.00010012365281393932, array([[-7.23885648e-07],
       [ 3.17275687e-09],
       [-1.94572552e-10]]), 2.3114263060787295), (0.00010090818127792239, array([[-6.09439383e-07],
       [ 1.46008023e-09],
       [ 3.07901661e-10]]), 2.3166645783809594), (0.0001014794951440461, array([[-4.86529792e-07],
       [ 1.34588870e-09],
       [ 3.52916075e-10]]), 2.3192996688092307), (0.0001020563778933105, array([[-3.78712842e-07],
       [ 5.68927730e-09],
       [-1.99034034e-10]]), 2.3243678213097767), (0.000102324246991563, array([[-2.54044123e-07],
       [-4.48143917e-10],
       [ 2.02476526e-10]]), 2.3247200201492486), (0.00010257053439478967, array([[-1.09618890e-07],
       [-5.19169821e-09],
       [ 5.64634963e-11]]), 2.326918618906976), (0.00010269162150603824, array([[-1.00801240e-09],
       [ 1.49021877e-09],
       [ 1.53439352e-10]]), 2.3286159594690323)]