[(0.00010262079988375867, array([[-8.31920447e-09],
       [-3.08621666e-09],
       [ 8.72852457e-11]]), 2.3270100216379106), (0.00010244701440720521, array([[-1.41998665e-07],
       [ 2.00201948e-09],
       [-5.58851184e-11]]), 2.324116440283131), (0.00010203805771065776, array([[-2.73825449e-07],
       [-1.00039027e-08],
       [-3.50795062e-10]]), 2.3182180426567838), (0.00010165331049755731, array([[-4.04968089e-07],
       [-3.50382345e-09],
       [ 2.87281542e-11]]), 2.315187827821401), (0.00010107082891813873, array([[-5.63838690e-07],
       [-1.95625429e-10],
       [ 1.05179909e-10]]), 2.3099596593713128), (0.00010027463356224704, array([[-6.67437452e-07],
       [-2.90797753e-09],
       [-1.54078175e-10]]), 2.302119498556591), (9.94596164012705e-05, array([[-8.00745485e-07],
       [-5.17874979e-09],
       [-2.83765376e-10]]), 2.2960965494298278), (9.847627751823498e-05, array([[-9.27192106e-07],
       [ 2.40481892e-09],
       [ 6.32032348e-11]]), 2.2884158657877998), (9.73447933800269e-05, array([[-1.05891375e-06],
       [ 3.94535502e-09],
       [-5.16850955e-12]]), 2.279477988131085), (9.61009134794027e-05, array([[-1.18611771e-06],
       [-5.52521549e-09],
       [-7.62926925e-10]]), 2.2700530557207217), (9.47238770634731e-05, array([[-1.30181873e-06],
       [ 7.52385067e-10],
       [-6.70846289e-10]]), 2.2595837895578055), (9.334981773458578e-05, array([[-1.40892550e-06],
       [ 3.80029019e-09],
       [-1.82265290e-11]]), 2.2512671761260448), (9.166735195583918e-05, array([[-1.52885604e-06],
       [ 1.12436037e-09],
       [ 1.61662112e-09]]), 2.237523562523882), (9.009502103160091e-05, array([[-1.61598805e-06],
       [-1.08388899e-10],
       [-1.25865679e-10]]), 2.228434976050795), (8.833667146337473e-05, array([[-1.71702385e-06],
       [-9.76336302e-09],
       [-2.13319223e-09]]), 2.2167000309904616), (8.648317211777064e-05, array([[-1.80910552e-06],
       [ 7.23531396e-09],
       [ 1.91834182e-09]]), 2.204448486062854), (8.455336723643702e-05, array([[-1.89312464e-06],
       [ 8.65064590e-11],
       [-6.71377046e-10]]), 2.192070331342863), (8.253167847871486e-05, array([[-1.97899460e-06],
       [ 3.40565164e-09],
       [ 6.06997626e-10]]), 2.179070741347596), (8.047896301079699e-05, array([[-2.03217955e-06],
       [-5.54832036e-09],
       [ 5.83608223e-10]]), 2.1669715867353694), (7.837558203190427e-05, array([[-2.10308255e-06],
       [ 3.31903482e-10],
       [-7.93605712e-11]]), 2.1552055026221297), (7.61959450621461e-05, array([[-2.15409887e-06],
       [-1.69444706e-09],
       [-3.07558557e-10]]), 2.1429904268994577), (7.40403823250988e-05, array([[-2.20262600e-06],
       [-2.67520553e-09],
       [-1.21502202e-10]]), 2.133096734195845), (7.173558265114312e-05, array([[-2.23271940e-06],
       [ 3.15569160e-09],
       [ 2.10673371e-10]]), 2.1204905473797098), (6.942203783173277e-05, array([[-2.27386691e-06],
       [ 3.38031617e-09],
       [-1.00621023e-09]]), 2.109125612049599), (6.706930364225429e-05, array([[-2.27762552e-06],
       [ 2.38361904e-09],
       [-8.56381059e-10]]), 2.098059313747862), (6.469974540498081e-05, array([[-2.30430006e-06],
       [-2.94913366e-09],
       [-1.97710057e-10]]), 2.087941020228802), (6.231193611782691e-05, array([[-2.29906417e-06],
       [ 6.40711617e-10],
       [ 1.66473402e-09]]), 2.0787150788594344), (5.981624712104095e-05, array([[-2.29371488e-06],
       [ 9.10145613e-10],
       [-1.18450403e-09]]), 2.0672747398817344), (5.744145811594941e-05, array([[-2.28043852e-06],
       [-2.55487280e-09],
       [ 1.02543903e-09]]), 2.0614677580482725), (5.4942348129986125e-05, array([[-2.26637748e-06],
       [ 1.84987801e-09],
       [ 1.88439647e-10]]), 2.0527063439780155), (5.242250200939909e-05, array([[-2.22736344e-06],
       [ 3.40678342e-10],
       [-9.15760138e-10]]), 2.0445338658874843), (4.990323389115811e-05, array([[-2.19140340e-06],
       [ 2.83897082e-09],
       [-3.88517560e-10]]), 2.037780633873364), (4.748601130700889e-05, array([[-2.15386202e-06],
       [ 1.39745849e-09],
       [ 1.31531650e-10]]), 2.0368858058002033), (4.502417753526334e-05, array([[-2.10032391e-06],
       [ 4.21142960e-09],
       [ 9.12508981e-10]]), 2.036039708803716), (4.245283965500444e-05, array([[-2.04130472e-06],
       [ 2.73197868e-10],
       [-9.67157635e-10]]), 2.032024100593157), (4.0033448388269386e-05, array([[-1.97067342e-06],
       [ 4.00290944e-10],
       [ 2.88893177e-10]]), 2.034847667154724), (3.856740166546377e-05, array([[-1.77418982e-06],
       [ 2.22896299e-09],
       [ 2.63189413e-10]]), 2.037120056995922), (3.712827160476624e-05, array([[-1.58610617e-06],
       [-2.42911199e-09],
       [-5.47605528e-10]]), 2.043198627645749), (3.5535299647137294e-05, array([[-1.40208459e-06],
       [ 1.55698200e-09],
       [-5.31074802e-10]]), 2.04311954539905), (3.4039795656733076e-05, array([[-1.22647780e-06],
       [-1.53423851e-09],
       [ 8.95892371e-10]]), 2.051061850926393), (3.248270373449451e-05, array([[-1.05903571e-06],
       [-1.11481506e-10],
       [-1.55359584e-10]]), 2.0580836619747647), (3.0938175372751485e-05, array([[-8.99001541e-07],
       [-1.78771961e-09],
       [ 1.61316262e-10]]), 2.068903995515865), (2.935452100239634e-05, array([[-7.54912005e-07],
       [-8.45359616e-10],
       [-3.42405372e-10]]), 2.0804423485476535), (2.776974333955533e-05, array([[-6.14579177e-07],
       [ 2.20788358e-10],
       [-6.26304631e-11]]), 2.0956088677204536), (2.6196818549586427e-05, array([[-4.87496374e-07],
       [-3.54070281e-09],
       [ 1.16277079e-10]]), 2.116111016478014), (2.4584121845526104e-05, array([[-3.73350459e-07],
       [ 9.57637565e-10],
       [ 2.87371391e-11]]), 2.138579574884041), (2.2961869611504475e-05, array([[-2.69133542e-07],
       [ 3.42887946e-10],
       [-5.34632737e-11]]), 2.166254869013966), (2.135920453914233e-05, array([[-1.75836248e-07],
       [ 2.21771532e-09],
       [-2.25215529e-10]]), 2.203481286526047), (1.9655708577237833e-05, array([[-9.50127221e-08],
       [-2.78988486e-09],
       [-4.01470256e-11]]), 2.239400247395835), (1.801905367097639e-05, array([[-2.78228940e-08],
       [-1.46079853e-10],
       [ 2.72764546e-11]]), 2.294774354332127), (1.7908462355116716e-05, array([[-1.67084521e-08],
       [ 1.35325604e-09],
       [ 8.79225518e-12]]), 2.2806902564610314), (1.934845801179131e-05, array([[-5.79726152e-08],
       [ 2.56329941e-10],
       [ 1.93458416e-10]]), 2.20439479391296), (2.0750925268640775e-05, array([[-1.12042599e-07],
       [ 1.34397696e-09],
       [ 1.56961876e-10]]), 2.140729324622427), (2.214806900539847e-05, array([[-1.79601997e-07],
       [-1.78437689e-10],
       [-8.70995965e-11]]), 2.0894797825244784), (2.3557690178830504e-05, array([[-2.54893873e-07],
       [ 1.96460345e-09],
       [ 2.50912126e-10]]), 2.0492899996369656), (2.496127936615541e-05, array([[-3.45667247e-07],
       [ 1.64033708e-10],
       [-2.04044622e-10]]), 2.0163073677105254), (2.641664459724197e-05, array([[-4.45126306e-07],
       [ 2.45461274e-09],
       [ 1.42866240e-11]]), 1.9934989674372114), (2.7806880781696155e-05, array([[-5.55724072e-07],
       [-2.71545613e-09],
       [ 1.11269899e-10]]), 1.9707564757923999), (2.925498255007557e-05, array([[-6.73783176e-07],
       [-3.15900138e-09],
       [ 5.81084803e-11]]), 1.9563451805857237), (3.069042535485935e-05, array([[-8.07209032e-07],
       [-9.18581671e-10],
       [-8.14120253e-10]]), 1.9445260320130513), (3.214342413563765e-05, array([[-9.41872762e-07],
       [ 2.61298502e-10],
       [-2.42181893e-10]]), 1.936796321211537), (3.3598075202587266e-05, array([[-1.09046480e-06],
       [ 3.13729362e-09],
       [ 5.72257520e-10]]), 1.9317378723644238), (3.507448657601642e-05, array([[-1.24293325e-06],
       [ 1.11272541e-09],
       [ 3.56003148e-10]]), 1.9301771868178301), (3.657505164005573e-05, array([[-1.40323170e-06],
       [ 7.15598163e-10],
       [-1.45268206e-09]]), 1.9318846503558773), (3.8123301849643934e-05, array([[-1.57027892e-06],
       [-1.38144879e-09],
       [ 1.54594258e-10]]), 1.9377574242571223), (4.077986181912226e-05, array([[-1.65136327e-06],
       [ 4.40974065e-09],
       [ 3.25971383e-10]]), 1.9519462704669006), (4.34515918764002e-05, array([[-1.71566421e-06],
       [-2.65755250e-09],
       [ 2.61346611e-11]]), 1.9649257646470935), (4.6129585716455905e-05, array([[-1.77280377e-06],
       [-2.18359664e-10],
       [ 7.70224478e-10]]), 1.9787026913213137), (4.883378370154977e-05, array([[-1.82494067e-06],
       [ 1.56657655e-09],
       [-1.04273461e-09]]), 1.9941100194592918), (5.149618605122059e-05, array([[-1.87150682e-06],
       [-3.83797052e-09],
       [ 4.60479455e-11]]), 2.0084065489069176), (5.416427413601291e-05, array([[-1.90796951e-06],
       [-5.69487089e-09],
       [ 4.99095101e-10]]), 2.0236366467795177), (5.681996112341998e-05, array([[-1.93880791e-06],
       [-3.65144556e-09],
       [ 1.52566438e-09]]), 2.0391633797499846), (5.9437633683999114e-05, array([[-1.95355209e-06],
       [-9.43330763e-13],
       [ 1.95246106e-10]]), 2.054189699742178), (6.205147785991396e-05, array([[-1.98188286e-06],
       [-2.87164259e-09],
       [-9.80204087e-13]]), 2.0700262378143868), (6.465302134166747e-05, array([[-1.98123925e-06],
       [-5.30610797e-10],
       [-6.28001843e-10]]), 2.0864331767618305), (6.723170759176698e-05, array([[-1.98043509e-06],
       [-6.42307562e-10],
       [ 4.37979305e-11]]), 2.103139627697176), (6.966460274334214e-05, array([[-1.96737867e-06],
       [-1.35434650e-09],
       [ 4.00086777e-10]]), 2.116495027924427), (7.21153542360273e-05, array([[-1.94910823e-06],
       [ 5.71330907e-09],
       [-1.08138415e-09]]), 2.1317165251462336), (7.446413665760251e-05, array([[-1.92667649e-06],
       [-2.94267079e-09],
       [ 2.77838875e-10]]), 2.145305058280345), (7.686859136776756e-05, array([[-1.89316865e-06],
       [-1.56265015e-09],
       [-7.39763932e-10]]), 2.16190842302721), (7.911832315086238e-05, array([[-1.84350177e-06],
       [ 5.25627243e-09],
       [ 5.28422752e-10]]), 2.1756297177297212), (8.132467361853202e-05, array([[-1.79909331e-06],
       [ 4.07097403e-09],
       [-1.27052205e-09]]), 2.189743138318567), (8.346478051592026e-05, array([[-1.74735668e-06],
       [-1.82688076e-09],
       [-3.17497765e-10]]), 2.203707285586672), (8.545666442787289e-05, array([[-1.67955990e-06],
       [ 2.15468002e-09],
       [-2.97819016e-10]]), 2.215488570479278), (8.748405352063185e-05, array([[-1.61668310e-06],
       [-3.00451988e-09],
       [-7.08055050e-11]]), 2.2299608653990486), (8.930684835949409e-05, array([[-1.53925402e-06],
       [-1.62255650e-09],
       [ 3.55633184e-10]]), 2.2410454259444217), (9.108108045858384e-05, array([[-1.45714791e-06],
       [-5.25250126e-09],
       [ 1.65959385e-09]]), 2.2528244405338844), (9.27221415926896e-05, array([[-1.35351782e-06],
       [-1.48742347e-09],
       [ 2.40589850e-12]]), 2.2632700973108344), (9.427366090031699e-05, array([[-1.26489396e-06],
       [ 4.69346588e-09],
       [ 8.44461105e-11]]), 2.273547003182723), (9.567087512210659e-05, array([[-1.17480959e-06],
       [ 6.21802740e-09],
       [-3.83081501e-10]]), 2.282173885406576), (9.690285942578915e-05, array([[-1.06707273e-06],
       [ 5.55402752e-09],
       [-4.40256280e-10]]), 2.2889962663542778), (9.813534448999645e-05, array([[-9.59425842e-07],
       [ 2.68706918e-09],
       [-5.43760777e-10]]), 2.2979899577095004), (9.916098967026961e-05, array([[-8.39846315e-07],
       [-2.40365403e-09],
       [-2.09569137e-10]]), 2.3043273745460775), (0.00010014229321615015, array([[-7.39357898e-07],
       [-6.09966968e-09],
       [ 1.79230851e-10]]), 2.311856633127485), (0.00010085614176885388, array([[-6.04472005e-07],
       [ 6.01853162e-09],
       [-9.32014893e-10]]), 2.3154698478268205), (0.0001014830620283895, array([[-4.98282892e-07],
       [-2.31164190e-09],
       [ 1.61548329e-10]]), 2.319381189452042), (0.0001020624853177253, array([[-3.78998138e-07],
       [-6.31152989e-09],
       [-3.64023851e-10]]), 2.3245069199244233), (0.00010239085062844267, array([[-2.66729254e-07],
       [-4.04825565e-09],
       [ 1.65464057e-10]]), 2.3262331982338296), (0.00010259329179925357, array([[-1.28850817e-07],
       [ 1.09191982e-09],
       [-4.34143471e-10]]), 2.3274348941557843), (0.00010263214307040847, array([[ 1.21804051e-09],
       [-4.31829606e-09],
       [-7.85749973e-11]]), 2.3272672376120735)]