[(0.00010260720297817038, array([[-6.32399871e-09],
       [-9.88222360e-10],
       [ 1.57181026e-10]]), 2.326701700755565), (0.00010239398729445488, array([[-1.29131931e-07],
       [ 6.95820751e-10],
       [-1.04556656e-10]]), 2.322913465406441), (0.00010208582242154376, array([[-2.75292753e-07],
       [-5.15375121e-09],
       [ 3.48707630e-10]]), 2.3193032163367078), (0.00010167301504161071, array([[-4.12965161e-07],
       [ 3.60835732e-09],
       [ 6.27111582e-10]]), 2.3156366053410107), (0.00010102793857880434, array([[-5.50320805e-07],
       [-3.28035124e-09],
       [-5.00234194e-10]]), 2.3089794066643776), (0.00010027754531232977, array([[-6.81989694e-07],
       [-5.08892737e-10],
       [-3.36882735e-10]]), 2.3021863469349118), (9.944242680666613e-05, array([[-8.27579670e-07],
       [ 6.23782555e-09],
       [ 6.76441425e-10]]), 2.295699715314784), (9.840641663931348e-05, array([[-9.37237521e-07],
       [-1.30984638e-09],
       [-2.09006223e-10]]), 2.286792421565995), (9.735524818579142e-05, array([[-1.07302715e-06],
       [ 4.75775866e-09],
       [-1.58751395e-10]]), 2.2797228034805546), (9.612483181210466e-05, array([[-1.19028410e-06],
       [-7.64721976e-09],
       [-9.73266734e-10]]), 2.270618043942706), (9.475945733129252e-05, array([[-1.31303118e-06],
       [ 2.18898552e-09],
       [ 7.60742426e-10]]), 2.2604325364512525), (9.322003845843574e-05, array([[-1.41709068e-06],
       [-7.02064002e-10],
       [-5.39263420e-11]]), 2.2481373593612313), (9.175349681800846e-05, array([[-1.52743386e-06],
       [ 4.48262742e-09],
       [ 1.34466826e-09]]), 2.2396262867193726), (9.009199162945546e-05, array([[-1.63708133e-06],
       [ 3.15128988e-09],
       [ 4.95952826e-10]]), 2.2283600459867348), (8.836784027054917e-05, array([[-1.72402320e-06],
       [ 3.56557320e-09],
       [-9.01934125e-10]]), 2.217482173838782), (8.645346389603692e-05, array([[-1.81085317e-06],
       [-3.14236277e-09],
       [-1.88356039e-10]]), 2.2036912260916854), (8.454112901498622e-05, array([[-1.89440256e-06],
       [ 3.65741954e-09],
       [ 1.29865601e-09]]), 2.191753051936643), (8.261433448227748e-05, array([[-1.97747465e-06],
       [ 6.58583517e-09],
       [ 1.30634786e-09]]), 2.181253094624301), (8.055550406339098e-05, array([[-2.05150152e-06],
       [-3.56753911e-09],
       [ 3.95428706e-10]]), 2.1690325263894725), (7.841058073095673e-05, array([[-2.10277139e-06],
       [ 1.42142974e-09],
       [-9.09833928e-10]]), 2.1561679119188386), (7.623564676354272e-05, array([[-2.15251029e-06],
       [-1.65682039e-09],
       [-1.39042021e-10]]), 2.1441070265551896), (7.401950637614373e-05, array([[-2.20000973e-06],
       [-4.96773011e-11],
       [ 2.65068404e-10]]), 2.132495299990066), (7.176082588229727e-05, array([[-2.24002078e-06],
       [-2.40661500e-09],
       [-1.53407480e-09]]), 2.121236732620973), (6.936600482828672e-05, array([[-2.26721680e-06],
       [ 1.25542257e-09],
       [-2.71506167e-10]]), 2.107423261522601), (6.706774827419377e-05, array([[-2.28234635e-06],
       [ 1.64488751e-09],
       [-4.18103920e-10]]), 2.0980106587854803), (6.463430633089127e-05, array([[-2.29948882e-06],
       [ 5.18453339e-09],
       [-6.01232637e-10]]), 2.0858292201550603), (6.229004663260487e-05, array([[-2.30349313e-06],
       [ 3.16938909e-09],
       [-1.31220488e-09]]), 2.077984849535257), (5.982683069298809e-05, array([[-2.29345513e-06],
       [ 3.71657518e-09],
       [-2.90515342e-10]]), 2.0676405125939503), (5.735950479736782e-05, array([[-2.28130399e-06],
       [ 1.37283417e-09],
       [ 2.99033114e-10]]), 2.058526604925383), (5.4921991650448495e-05, array([[-2.25984416e-06],
       [-2.54908388e-09],
       [ 6.65455521e-10]]), 2.051945803591407), (5.2450962016496345e-05, array([[-2.22908652e-06],
       [-1.75963736e-09],
       [ 3.90487773e-10]]), 2.0456438367225904), (4.998223146336814e-05, array([[-2.19813226e-06],
       [-2.04842902e-09],
       [ 1.92931287e-10]]), 2.04100647136365), (4.7498689357851244e-05, array([[-2.15116921e-06],
       [-2.91267082e-09],
       [ 2.28406057e-10]]), 2.037429623676147), (4.495797189819666e-05, array([[-2.09716776e-06],
       [ 2.10450384e-09],
       [-3.76730283e-10]]), 2.0330458216658807), (4.253563058266398e-05, array([[-2.04730259e-06],
       [-1.17156355e-09],
       [ 8.72685851e-10]]), 2.035986925263587), (4.003436417424369e-05, array([[-1.96969678e-06],
       [-5.25250026e-10],
       [ 3.99887205e-11]]), 2.0348942153545027), (3.856300849171509e-05, array([[-1.77350063e-06],
       [ 7.55503517e-10],
       [-1.07879606e-09]]), 2.0368880107088803), (3.7063812064144784e-05, array([[-1.58458824e-06],
       [ 1.59441988e-09],
       [-2.64833524e-10]]), 2.039651367317058), (3.5573949396554747e-05, array([[-1.40354318e-06],
       [ 2.44846777e-09],
       [-2.43133393e-11]]), 2.045341731767075), (3.401877987669664e-05, array([[-1.22530514e-06],
       [-4.10242042e-09],
       [ 4.13843752e-11]]), 2.0497955488270834), (3.248171081336518e-05, array([[-1.05601167e-06],
       [-2.13355505e-09],
       [ 3.45165283e-10]]), 2.0580207511170165), (3.098050691126161e-05, array([[-9.02597413e-07],
       [ 6.32396782e-10],
       [-7.79635998e-10]]), 2.071734798822936), (2.934121288488157e-05, array([[-7.52740892e-07],
       [ 3.04464978e-09],
       [-2.20322029e-10]]), 2.079499162615411), (2.779451753456827e-05, array([[-6.14529617e-07],
       [-9.15043573e-10],
       [ 2.19620347e-10]]), 2.0974784212890603), (2.618455641725504e-05, array([[-4.88228965e-07],
       [ 3.22499761e-09],
       [-7.86358582e-11]]), 2.1151205132509583), (2.458460333884529e-05, array([[-3.71872022e-07],
       [ 1.03182585e-09],
       [-2.46806472e-11]]), 2.1386214601213633), (2.296461333284789e-05, array([[-2.67610203e-07],
       [ 1.10854997e-09],
       [-2.04862952e-10]]), 2.1665137155199323), (2.1352972543481408e-05, array([[-1.76541574e-07],
       [ 8.23557562e-10],
       [-9.75240512e-11]]), 2.2028383746708147), (1.972024356015e-05, array([[-9.67622303e-08],
       [-4.48681793e-10],
       [ 1.10145028e-10]]), 2.2467528012929026), (1.8035605066701623e-05, array([[-2.80902633e-08],
       [-2.00283482e-09],
       [ 6.27421968e-11]]), 2.2968822185480957), (1.7883827901907486e-05, array([[-1.50675044e-08],
       [-3.72169237e-09],
       [ 8.14470247e-11]]), 2.2775529934010628), (1.9362412006306115e-05, array([[-5.73321189e-08],
       [ 7.92569812e-10],
       [-2.68911821e-11]]), 2.2059845905181463), (2.0740861639813672e-05, array([[-1.11708588e-07],
       [ 1.71886342e-09],
       [-5.21058262e-11]]), 2.1396911296955308), (2.2129384663153433e-05, array([[-1.78414364e-07],
       [ 2.04311793e-10],
       [ 2.78516009e-10]]), 2.087717075565183), (2.3584801188757614e-05, array([[-2.58668461e-07],
       [ 1.39250126e-09],
       [ 1.23291489e-10]]), 2.0516483939066044), (2.4951731754841886e-05, array([[-3.44869405e-07],
       [-5.64455410e-11],
       [ 8.45446678e-11]]), 2.0155361364465705), (2.6376950190337202e-05, array([[-4.45495843e-07],
       [-8.78073946e-10],
       [ 1.95077271e-10]]), 1.9905034787828364), (2.7811125686721785e-05, array([[-5.53027272e-07],
       [-2.38970743e-10],
       [ 4.84314346e-10]]), 1.9710573248568481), (2.9232304527530296e-05, array([[-6.74446087e-07],
       [ 1.02211755e-09],
       [-7.64535615e-10]]), 1.9548286512206585), (3.0680278149741376e-05, array([[-8.03061477e-07],
       [-2.79909312e-09],
       [ 2.96803813e-11]]), 1.9438831114840607), (3.214629267673612e-05, array([[-9.44078323e-07],
       [ 1.13216240e-09],
       [-7.65505407e-11]]), 1.936969164646739), (3.363071424805724e-05, array([[-1.08809930e-06],
       [ 2.01023628e-09],
       [ 2.25838887e-10]]), 1.933614470350231), (3.506592827809067e-05, array([[-1.24494385e-06],
       [ 1.70042571e-09],
       [ 5.22243112e-10]]), 1.9297062168043855), (3.661129881651239e-05, array([[-1.40327433e-06],
       [ 1.23255783e-09],
       [-3.06479798e-10]]), 1.9337992167249012), (3.8120431233334924e-05, array([[-1.57643707e-06],
       [-3.72942329e-09],
       [ 5.20354801e-10]]), 1.9376115145957051), (4.0789495771106336e-05, array([[-1.65608143e-06],
       [-2.02492277e-09],
       [ 4.80665465e-10]]), 1.9524074038745753), (4.3489767887533477e-05, array([[-1.71782404e-06],
       [ 4.98834361e-10],
       [-8.03850048e-13]]), 1.96665212321367), (4.613967431441663e-05, array([[-1.77586791e-06],
       [ 3.63742238e-09],
       [-6.48488202e-11]]), 1.9791354360691045), (4.879428122820705e-05, array([[-1.82356439e-06],
       [ 3.78033615e-09],
       [-4.82427270e-10]]), 1.9924969501471215), (5.14985171228766e-05, array([[-1.87555110e-06],
       [-2.82685612e-09],
       [-1.45326261e-09]]), 2.008497463204439), (5.417003220350298e-05, array([[-1.91087664e-06],
       [ 2.54596874e-10],
       [ 4.83428515e-10]]), 2.023851774491897), (5.683845231651361e-05, array([[-1.94002015e-06],
       [-2.87420904e-09],
       [-1.97671002e-10]]), 2.0398269944913343), (5.9482420167648115e-05, array([[-1.96423368e-06],
       [-1.79840876e-09],
       [-8.04515054e-10]]), 2.0557375395146797), (6.204263780027516e-05, array([[-1.96708481e-06],
       [-1.24886601e-10],
       [-5.83082658e-10]]), 2.0697313350009923), (6.464962730683377e-05, array([[-1.98021141e-06],
       [ 1.92599984e-09],
       [-4.75382840e-10]]), 2.086323647048707), (6.71171801269069e-05, array([[-1.97458382e-06],
       [-3.88503047e-09],
       [ 5.01217680e-10]]), 2.0995569840542463), (6.969221124466782e-05, array([[-1.97107818e-06],
       [ 6.32995838e-10],
       [-3.51092131e-10]]), 2.117333807641574), (7.20633728262923e-05, array([[-1.94948273e-06],
       [ 1.77132654e-09],
       [-1.87552577e-09]]), 2.1301799642944377), (7.45623285266153e-05, array([[-1.93047885e-06],
       [ 1.80216685e-09],
       [-2.14140877e-09]]), 2.1481339571668485), (7.690626033536294e-05, array([[-1.88416088e-06],
       [-2.99745912e-09],
       [ 8.31652110e-10]]), 2.1629678525924216), (7.906871859608995e-05, array([[-1.85132149e-06],
       [ 2.81400201e-09],
       [ 4.04279073e-10]]), 2.1742656703232583), (8.140304191490718e-05, array([[-1.79714453e-06],
       [-1.48255789e-09],
       [ 2.62526430e-10]]), 2.19185327822585), (8.344975246655679e-05, array([[-1.74180906e-06],
       [-7.26115960e-09],
       [ 1.06945521e-09]]), 2.203310502396616), (8.550069750689952e-05, array([[-1.67858784e-06],
       [-2.32781883e-09],
       [ 1.31823540e-09]]), 2.216630140700391), (8.747241022356313e-05, array([[-1.60196981e-06],
       [-6.30433663e-09],
       [ 5.73166279e-10]]), 2.2296640787760866), (8.931786810379628e-05, array([[-1.53697301e-06],
       [-4.78992685e-09],
       [ 2.69285151e-10]]), 2.2413219528627617), (9.105174365959935e-05, array([[-1.43954304e-06],
       [ 4.42319935e-10],
       [-5.74499159e-10]]), 2.2520988160965527), (9.271200781346307e-05, array([[-1.35930662e-06],
       [ 4.67693068e-09],
       [-4.94891600e-11]]), 2.2630227402168095), (9.424237336182955e-05, array([[-1.26607107e-06],
       [-4.08732421e-09],
       [ 7.21131047e-10]]), 2.272792458501996), (9.56282240117478e-05, array([[-1.17048584e-06],
       [-1.58314549e-09],
       [-3.68495280e-10]]), 2.281156467617513), (9.696720428466451e-05, array([[-1.07484435e-06],
       [-2.92170715e-09],
       [ 7.20317471e-10]]), 2.29051619200557), (9.80853486031767e-05, array([[-9.60593774e-07],
       [ 5.16026161e-09],
       [-1.24590577e-09]]), 2.296819227159405), (9.915489888575514e-05, array([[-8.48186771e-07],
       [-2.13589753e-09],
       [ 3.23809754e-10]]), 2.304185835403156), (0.00010006643574945514, array([[-7.38390557e-07],
       [ 3.74049074e-09],
       [-1.03396098e-10]]), 2.310105409124929), (0.00010084061859214164, array([[-6.27128461e-07],
       [-8.53997815e-10],
       [-2.73177148e-10]]), 2.315113464497166), (0.00010154742003936766, array([[-5.04107902e-07],
       [-3.37613436e-10],
       [-7.75137132e-11]]), 2.3208520827919727), (0.0001019350696088521, array([[-3.78863371e-07],
       [ 8.88110966e-10],
       [ 1.62445955e-10]]), 2.321604984937628), (0.00010234619435949799, array([[-2.55124543e-07],
       [ 2.51626404e-09],
       [ 1.06047567e-10]]), 2.3252186457157995), (0.00010254853470597283, array([[-1.24934789e-07],
       [-2.59947642e-09],
       [ 4.49643950e-10]]), 2.3264195332210127), (0.00010266822652288618, array([[ 9.99742779e-09],
       [-8.74146586e-11],
       [ 2.61732050e-10]]), 2.3280854592165245)]