[(0.00010263753886381965, array([[-5.68239168e-09],
       [ 8.21736351e-09],
       [ 4.13622716e-10]]), 2.32738959161201), (0.0001024373919400797, array([[-1.42407965e-07],
       [-5.00742173e-10],
       [ 6.55357186e-10]]), 2.3238981446678624), (0.00010212880826935071, array([[-2.71296452e-07],
       [-2.90250804e-09],
       [-6.63107552e-10]]), 2.320279818304648), (0.00010162007907979864, array([[-4.04137145e-07],
       [-6.11403881e-09],
       [-4.86797572e-10]]), 2.314430971271235), (0.00010104906285905783, array([[-5.47997484e-07],
       [ 2.69198615e-10],
       [-4.18543018e-11]]), 2.309462199135174), (0.00010027509157887262, array([[-6.81964575e-07],
       [-1.01747953e-09],
       [ 2.18311959e-10]]), 2.3021300137683345), (9.935328971875629e-05, array([[-8.06747869e-07],
       [-2.65746291e-09],
       [ 1.02544328e-10]]), 2.2936419217360284), (9.841369650994038e-05, array([[-9.26589862e-07],
       [ 4.85115629e-10],
       [ 7.71910549e-10]]), 2.2869615929833484), (9.733718039313311e-05, array([[-1.06313092e-06],
       [-1.31037563e-10],
       [-1.11363674e-09]]), 2.2792997183392885), (9.603414856483488e-05, array([[-1.19144738e-06],
       [-7.79817629e-10],
       [ 3.46123385e-11]]), 2.2684759645897192), (9.474808739091248e-05, array([[-1.30824030e-06],
       [ 4.19386674e-09],
       [ 8.25136106e-10]]), 2.2601613130409843), (9.327337232650421e-05, array([[-1.41387083e-06],
       [ 1.45791497e-09],
       [ 7.48586945e-10]]), 2.249423583474703), (9.176116266774756e-05, array([[-1.54077208e-06],
       [ 2.73747602e-09],
       [ 2.59836509e-10]]), 2.2398134037141593), (9.006337192051954e-05, array([[-1.62753414e-06],
       [-2.85191536e-09],
       [ 9.89989458e-10]]), 2.2276521582514643), (8.829196426828534e-05, array([[-1.72990251e-06],
       [-1.56417973e-09],
       [ 1.76312901e-09]]), 2.2155781589627015), (8.651639232764479e-05, array([[-1.82212048e-06],
       [-2.30378547e-09],
       [ 4.34471948e-10]]), 2.2052952663042635), (8.452705190971973e-05, array([[-1.89167867e-06],
       [-5.47123682e-09],
       [-8.43633230e-10]]), 2.191388098939329), (8.256307071194889e-05, array([[-1.96828328e-06],
       [ 9.30853891e-10],
       [-8.31956945e-10]]), 2.179899585473957), (8.052324379464342e-05, array([[-2.04326413e-06],
       [ 3.03769227e-10],
       [-3.72731524e-10]]), 2.1681638883859353), (7.843397604665053e-05, array([[-2.10622717e-06],
       [ 2.28477503e-09],
       [-2.81154659e-11]]), 2.1568112463836253), (7.625443233396062e-05, array([[-2.15430185e-06],
       [-2.43182822e-09],
       [-7.35080286e-11]]), 2.1446353656621664), (7.39636855068282e-05, array([[-2.20393986e-06],
       [-4.64017913e-09],
       [ 1.89355049e-10]]), 2.1308871057817473), (7.17224561604933e-05, array([[-2.23995080e-06],
       [ 2.79511411e-09],
       [ 6.84302823e-11]]), 2.120102530745363), (6.942388951298256e-05, array([[-2.26279658e-06],
       [ 1.47917103e-09],
       [-1.10445986e-09]]), 2.1091818683692245), (6.711815819955117e-05, array([[-2.29955858e-06],
       [ 7.36122511e-10],
       [ 4.64166179e-10]]), 2.0995875800841652), (6.465266858942954e-05, array([[-2.29161196e-06],
       [-2.50183529e-09],
       [-5.76333569e-10]]), 2.0864217930096536), (6.224027401399414e-05, array([[-2.30887713e-06],
       [-4.23552375e-10],
       [-3.53759045e-11]]), 2.0763244438527115), (5.982472603739802e-05, array([[-2.29508152e-06],
       [-8.47465228e-10],
       [ 6.15139652e-10]]), 2.067567774808701), (5.7345800362559845e-05, array([[-2.27694793e-06],
       [ 4.72037571e-09],
       [ 1.09997429e-09]]), 2.05803477809115), (5.4921784596355975e-05, array([[-2.26421965e-06],
       [ 6.82484001e-09],
       [ 5.82770803e-10]]), 2.0519380678235755), (5.2455023526230956e-05, array([[-2.22848313e-06],
       [ 4.85665234e-10],
       [-4.61673613e-10]]), 2.045802239963198), (4.9960550836004884e-05, array([[-2.20309585e-06],
       [-2.72579021e-09],
       [-8.72367075e-10]]), 2.0401211507315757), (4.747216847985107e-05, array([[-2.14911268e-06],
       [ 2.95373679e-09],
       [ 5.99289803e-10]]), 2.036292025497882), (4.500455315374789e-05, array([[-2.09676954e-06],
       [ 1.57891680e-09],
       [-4.99526695e-12]]), 2.0351522740472476), (4.256403208686653e-05, array([[-2.03999495e-06],
       [-1.84222991e-09],
       [-6.08510800e-10]]), 2.0373463759269983), (4.012019413699308e-05, array([[-1.97474802e-06],
       [-2.17435103e-09],
       [ 3.67579687e-10]]), 2.0392568397724316), (3.854232505865534e-05, array([[-1.77269863e-06],
       [-2.74026805e-11],
       [ 8.20318206e-11]]), 2.0357955171906745), (3.7064559235231016e-05, array([[-1.58299142e-06],
       [ 5.49895950e-10],
       [ 4.05758645e-10]]), 2.03969248474246), (3.55644580085948e-05, array([[-1.40400878e-06],
       [-8.76637450e-10],
       [-6.39631709e-10]]), 2.0447960197442), (3.40263282034475e-05, array([[-1.22363763e-06],
       [-1.23207270e-09],
       [ 5.84230089e-10]]), 2.0502503719168907), (3.246919396306573e-05, array([[-1.06248336e-06],
       [-2.42201109e-10],
       [ 6.77243187e-11]]), 2.057227691360931), (3.091990487659963e-05, array([[-8.99312411e-07],
       [ 2.71390382e-09],
       [-4.30304456e-10]]), 2.067682207157851), (2.9338306980392213e-05, array([[-7.52772157e-07],
       [ 2.19596479e-09],
       [ 8.25000946e-11]]), 2.07929321250776), (2.7790114042195538e-05, array([[-6.13216932e-07],
       [ 1.43711410e-09],
       [-5.13669889e-10]]), 2.097146117257568), (2.6220279264780666e-05, array([[-4.85445101e-07],
       [-2.13006135e-10],
       [-3.48539857e-10]]), 2.11800611216618), (2.4577128317098245e-05, array([[-3.72324904e-07],
       [-1.40476548e-09],
       [ 1.58205966e-10]]), 2.1379712059072613), (2.29817428390712e-05, array([[-2.67068976e-07],
       [-3.55644600e-10],
       [ 2.45217383e-10]]), 2.1681297370760104), (2.1312778020079933e-05, array([[-1.75408037e-07],
       [-2.03805213e-09],
       [ 2.62805367e-11]]), 2.1986917839130133), (1.9680879417593412e-05, array([[-9.51686701e-08],
       [-1.19789816e-09],
       [ 5.69917117e-11]]), 2.242267993724997), (1.8045833029590377e-05, array([[-2.82847149e-08],
       [ 4.75017141e-10],
       [-2.74394153e-11]]), 2.298184776793537), (1.788245459604614e-05, array([[-1.71234297e-08],
       [ 1.00045503e-09],
       [ 6.37764048e-11]]), 2.2773780992513024), (1.9315813748561574e-05, array([[-5.83419787e-08],
       [-1.71818734e-10],
       [ 9.47917262e-11]]), 2.200675590869963), (2.0722003854394362e-05, array([[-1.12667922e-07],
       [ 1.85092473e-09],
       [ 1.29513778e-10]]), 2.1377457025050837), (2.2124116159249984e-05, array([[-1.79818946e-07],
       [ 3.73827962e-10],
       [-2.44405396e-10]]), 2.087220037544048), (2.354346429462231e-05, array([[-2.57354311e-07],
       [ 4.59887180e-09],
       [-1.29648452e-10]]), 2.0480524860258034), (2.4951443416559545e-05, array([[-3.44384353e-07],
       [ 6.62164503e-10],
       [-9.73678873e-11]]), 2.015512845228418), (2.6382107932864834e-05, array([[-4.44632564e-07],
       [ 3.83221397e-09],
       [ 1.03720081e-10]]), 1.9908927013567064), (2.7801464774177878e-05, array([[-5.55850785e-07],
       [-8.71328967e-10],
       [ 2.50399339e-10]]), 1.9703726272056645), (2.92314306106305e-05, array([[-6.71242289e-07],
       [-1.58589474e-10],
       [ 8.04809241e-10]]), 1.9547702104708742), (3.066671944622065e-05, array([[-8.04504918e-07],
       [-3.65350037e-09],
       [-3.24853864e-10]]), 1.943024040563683), (3.211825559096868e-05, array([[-9.44359181e-07],
       [-3.78418512e-11],
       [ 1.61018940e-11]]), 1.9352797950157148), (3.360264978095578e-05, array([[-1.08717147e-06],
       [-3.71573557e-09],
       [ 1.66586052e-10]]), 1.9320008899995496), (3.511336275846508e-05, array([[-1.24413020e-06],
       [ 9.99874582e-11],
       [ 7.01794670e-10]]), 1.9323165743840698), (3.656317692943751e-05, array([[-1.40839742e-06],
       [-2.44084434e-09],
       [-1.06655008e-09]]), 1.9312574312504467), (3.8127120289585167e-05, array([[-1.57560566e-06],
       [-5.04073216e-10],
       [-1.22105078e-10]]), 1.9379515105504443), (4.0738544129651054e-05, array([[-1.64954984e-06],
       [-1.97573881e-09],
       [ 2.57194613e-10]]), 1.9499685808360392), (4.3437006898473496e-05, array([[-1.71628200e-06],
       [-3.54299135e-10],
       [ 1.40710530e-09]]), 1.9642662169143774), (4.615556037179226e-05, array([[-1.77833679e-06],
       [ 4.66263733e-10],
       [-7.87628586e-10]]), 1.979816859584955), (4.8823142981517275e-05, array([[-1.82912799e-06],
       [ 6.45928878e-10],
       [-6.26723010e-10]]), 1.9936755094782361), (5.153081617314226e-05, array([[-1.87522358e-06],
       [ 4.51449499e-10],
       [-1.52363506e-09]]), 2.0097571608452025), (5.423778932215323e-05, array([[-1.91192811e-06],
       [ 9.26050881e-10],
       [ 6.13961025e-10]]), 2.02638325470774), (5.6848324261549254e-05, array([[-1.94089961e-06],
       [ 2.01649336e-09],
       [-3.93927837e-10]]), 2.0401812803515424), (5.951628433492247e-05, array([[-1.95940657e-06],
       [ 2.33247658e-09],
       [ 1.08760596e-09]]), 2.0569078994246177), (6.203569093328453e-05, array([[-1.97009269e-06],
       [-9.15010536e-10],
       [ 8.23100494e-10]]), 2.069499588756791), (6.467108861425544e-05, array([[-1.98656009e-06],
       [ 1.46375173e-10],
       [-4.12791293e-10]]), 2.087016230053987), (6.717382480931444e-05, array([[-1.97872297e-06],
       [-3.13283752e-09],
       [-1.50522770e-09]]), 2.1013289407773006), (6.967908644504064e-05, array([[-1.96466223e-06],
       [-3.29317080e-09],
       [ 7.59914855e-10]]), 2.1169350603285984), (7.210077140700903e-05, array([[-1.94004566e-06],
       [-2.66883547e-09],
       [-2.53255564e-10]]), 2.1312854594192334), (7.454224803323061e-05, array([[-1.92216457e-06],
       [-2.70547504e-09],
       [ 1.79840744e-09]]), 2.1475554399642784), (7.687376414123241e-05, array([[-1.88693992e-06],
       [-3.74162290e-09],
       [ 4.37886794e-10]]), 2.1620539058873103), (7.918484676844473e-05, array([[-1.83731100e-06],
       [ 2.05885465e-09],
       [-4.31927330e-10]]), 2.177459012810547), (8.132079340019782e-05, array([[-1.80127543e-06],
       [ 2.23706966e-09],
       [ 4.04999484e-11]]), 2.1896386597993867), (8.342929257288389e-05, array([[-1.74290955e-06],
       [-1.80062540e-09],
       [-8.45319064e-10]]), 2.2027703030877506), (8.546547997660594e-05, array([[-1.67625590e-06],
       [ 4.61537407e-09],
       [-9.25206657e-10]]), 2.2157171161122178), (8.748338036565479e-05, array([[-1.61397973e-06],
       [-5.66584609e-10],
       [ 3.95654500e-10]]), 2.229943706737615), (8.927996944955542e-05, array([[-1.52670643e-06],
       [ 2.51112612e-09],
       [-5.02540991e-10]]), 2.240370932786518), (9.101522085500111e-05, array([[-1.44567063e-06],
       [-5.42563778e-11],
       [ 1.14845856e-09]]), 2.25119545102423), (9.268333763087072e-05, array([[-1.34390939e-06],
       [-6.27354535e-09],
       [ 1.81407835e-09]]), 2.2623229249857206), (9.423251268778519e-05, array([[-1.27200874e-06],
       [-4.98941657e-09],
       [ 1.40380524e-09]]), 2.2725546539475867), (9.564816289474517e-05, array([[-1.17351224e-06],
       [-1.73841078e-09],
       [-4.86748867e-10]]), 2.281632098242013), (9.688766289528727e-05, array([[-1.05481030e-06],
       [ 2.12080458e-09],
       [-9.03146300e-10]]), 2.288637300666511), (9.813909769775335e-05, array([[-9.64388019e-07],
       [-1.76981624e-09],
       [-7.02711021e-10]]), 2.2980778448390495), (9.913864535305637e-05, array([[-8.40982477e-07],
       [-5.59270545e-09],
       [ 1.08418460e-09]]), 2.303808131827835), (0.00010007995302610405, array([[-7.45109028e-07],
       [ 1.41230550e-12],
       [ 5.27963337e-10]]), 2.310417465147205), (0.00010089475446776218, array([[-6.28387706e-07],
       [-2.72738294e-09],
       [ 2.73339281e-10]]), 2.3163563237369367), (0.00010150811675929137, array([[-5.01532715e-07],
       [-4.32781464e-09],
       [-2.50503909e-10]]), 2.3199538118227023), (0.0001019997224163854, array([[-3.73169765e-07],
       [-1.07724553e-10],
       [-2.98653131e-10]]), 2.323077474050899), (0.00010227584504072394, array([[-2.39081165e-07],
       [-4.46681525e-10],
       [ 3.41445243e-10]]), 2.323620368918596), (0.00010256387597160492, array([[-1.09376524e-07],
       [ 4.30409770e-09],
       [ 2.41774933e-10]]), 2.3267675656929843), (0.0001026564302815041, array([[-8.13599217e-09],
       [ 5.13630055e-09],
       [ 5.49607138e-10]]), 2.3278179698581796)]