[(0.00010267966504884574, array([[ 5.17910531e-09],
       [-7.53223524e-10],
       [-1.61852270e-10]]), 2.3283448370870024), (0.00010242949096226796, array([[-1.32631518e-07],
       [ 9.73993234e-10],
       [-2.95876473e-10]]), 2.3237189028174985), (0.00010213308150532145, array([[-2.89320729e-07],
       [-4.27844753e-09],
       [-4.46992827e-10]]), 2.320376902598), (0.00010164334336630231, array([[-4.13775256e-07],
       [-4.69337428e-09],
       [-3.29766541e-10]]), 2.3149608231046153), (0.00010106524511071345, array([[-5.47121271e-07],
       [ 1.13682963e-09],
       [-4.11129516e-10]]), 2.309832042233548), (0.00010030408410819627, array([[-6.86332428e-07],
       [ 2.95347799e-09],
       [-7.63698641e-10]]), 2.3027956284377415), (9.945848112720819e-05, array([[-8.26429682e-07],
       [ 4.27100797e-09],
       [ 5.66018290e-11]]), 2.296070340814196), (9.844603385748843e-05, array([[-9.43672720e-07],
       [-1.63457811e-09],
       [ 7.38969188e-10]]), 2.28771305618902), (9.726891507859225e-05, array([[-1.07156640e-06],
       [-3.00935631e-09],
       [-1.25333607e-09]]), 2.2777011810529517), (9.609308804699633e-05, array([[-1.18775382e-06],
       [ 1.16969023e-09],
       [-1.47885694e-09]]), 2.269868206835282), (9.472401586787564e-05, array([[-1.30895833e-06],
       [ 8.53569551e-10],
       [-2.32590253e-10]]), 2.2595871006572623), (9.32700732854801e-05, array([[-1.42463465e-06],
       [ 2.12511820e-09],
       [ 5.53700369e-10]]), 2.249344022282721), (9.169607944405273e-05, array([[-1.52441950e-06],
       [ 6.32811429e-09],
       [ 1.74937555e-09]]), 2.238224776537361), (9.001318232771217e-05, array([[-1.62531895e-06],
       [-4.31204453e-09],
       [-6.50945923e-10]]), 2.226410755088836), (8.83168078356049e-05, array([[-1.72061872e-06],
       [ 1.01038525e-09],
       [-1.39345488e-10]]), 2.216201577703015), (8.653724420667737e-05, array([[-1.79770499e-06],
       [ 9.57571041e-10],
       [ 2.22699482e-10]]), 2.2058267788753145), (8.451322290936948e-05, array([[-1.90222449e-06],
       [ 4.27591067e-09],
       [-1.01025222e-10]]), 2.1910295781332314), (8.25390523685356e-05, array([[-1.97989120e-06],
       [-2.39942884e-11],
       [-5.29430554e-10]]), 2.1792654329842436), (8.054232230284154e-05, array([[-2.03528776e-06],
       [ 2.96365297e-09],
       [ 6.95389597e-10]]), 2.1686775951191732), (7.839456493122236e-05, array([[-2.09579479e-06],
       [-2.38514822e-09],
       [-2.13260430e-09]]), 2.1557275025614655), (7.618044146547516e-05, array([[-2.14807484e-06],
       [ 5.25870331e-09],
       [ 8.03337145e-11]]), 2.1425543924199157), (7.399190149717104e-05, array([[-2.19862903e-06],
       [-8.00624995e-10],
       [-1.11860102e-10]]), 2.1317000059176237), (7.175311104630684e-05, array([[-2.23413015e-06],
       [ 3.41123812e-10],
       [-2.94821864e-10]]), 2.1210086834968465), (6.937026092236341e-05, array([[-2.26925905e-06],
       [ 1.69377714e-09],
       [ 6.54098634e-11]]), 2.1075525668167816), (6.705021869602534e-05, array([[-2.28475057e-06],
       [ 1.54008699e-10],
       [ 1.03765665e-09]]), 2.0974622992119483), (6.464541914971338e-05, array([[-2.29501925e-06],
       [-1.71488198e-09],
       [-6.43121649e-10]]), 2.0861878445997752), (6.22638877990876e-05, array([[-2.30466476e-06],
       [-8.55261316e-09],
       [-3.66047591e-10]]), 2.0771121955131626), (5.9843685381977175e-05, array([[-2.29804528e-06],
       [-1.94701357e-09],
       [ 2.21782617e-10]]), 2.0682230177572243), (5.740310876852838e-05, array([[-2.28722604e-06],
       [ 6.48446077e-09],
       [-1.44090154e-10]]), 2.0600914708535587), (5.492415587642678e-05, array([[-2.25990606e-06],
       [ 1.62758331e-09],
       [ 1.62523264e-10]]), 2.052026661445988), (5.248494242795034e-05, array([[-2.24156649e-06],
       [ 8.68265068e-10],
       [-1.31350751e-09]]), 2.046969109255024), (4.9990524793410965e-05, array([[-2.20121593e-06],
       [-1.13694188e-09],
       [ 7.90156113e-10]]), 2.0413451265175118), (4.751898660371578e-05, array([[-2.15372971e-06],
       [-1.99089981e-09],
       [-1.23146983e-10]]), 2.038300262646664), (4.5015252639805244e-05, array([[-2.10139020e-06],
       [ 1.85916411e-10],
       [ 4.60826651e-10]]), 2.0356361158333525), (4.248802514783313e-05, array([[-2.04543338e-06],
       [ 9.55778356e-10],
       [-6.43748578e-10]]), 2.033708269897264), (4.0048927224451645e-05, array([[-1.97573397e-06],
       [-1.07101798e-09],
       [-7.21012238e-10]]), 2.035634436093294), (3.854673944698669e-05, array([[-1.77308264e-06],
       [ 3.12552731e-09],
       [-4.02839820e-10]]), 2.0360286840264172), (3.7108225051164666e-05, array([[-1.58584022e-06],
       [-4.30711696e-09],
       [-6.44279490e-10]]), 2.0420954496889676), (3.5569858656876055e-05, array([[-1.39926399e-06],
       [ 1.98394074e-09],
       [-7.30949294e-11]]), 2.0451065326755895), (3.402563041497042e-05, array([[-1.22811467e-06],
       [ 7.43834933e-10],
       [-3.20853494e-10]]), 2.0502083267959454), (3.248273950307471e-05, array([[-1.05806782e-06],
       [ 1.12692715e-09],
       [-4.65066006e-10]]), 2.0580859282494908), (3.0939229910363056e-05, array([[-9.02134566e-07],
       [-7.82028924e-10],
       [ 3.80144326e-10]]), 2.068974514770854), (2.939811843121471e-05, array([[-7.52393963e-07],
       [ 8.72539688e-10],
       [ 4.56195748e-11]]), 2.0835322282017663), (2.781516123791185e-05, array([[-6.14788530e-07],
       [-1.89099237e-09],
       [ 1.84565856e-10]]), 2.099036272482009), (2.6207692558932764e-05, array([[-4.87238590e-07],
       [ 4.66027932e-11],
       [-5.03581855e-11]]), 2.116989390732793), (2.460514457701805e-05, array([[-3.70083297e-07],
       [-1.00332340e-10],
       [ 1.12703730e-10]]), 2.1404083481247307), (2.300106738177412e-05, array([[-2.67550708e-07],
       [-2.35300635e-09],
       [ 1.86369233e-10]]), 2.169952841441201), (2.1339091748184127e-05, array([[-1.74837977e-07],
       [ 1.11007972e-09],
       [ 7.51251327e-11]]), 2.2014063891011455), (1.9700174641895002e-05, array([[-9.55541990e-08],
       [ 4.17473361e-09],
       [ 5.23810908e-12]]), 2.244466323533599), (1.8021229030484735e-05, array([[-2.83002953e-08],
       [-4.11000214e-09],
       [ 3.14681371e-11]]), 2.295051392144565), (1.7884419053598086e-05, array([[-1.62457651e-08],
       [-8.10773351e-10],
       [ 1.51777321e-11]]), 2.277628278139312), (1.936693563146449e-05, array([[-5.99628221e-08],
       [ 8.86130651e-10],
       [-8.96015656e-11]]), 2.2064999729709833), (2.0732644134294193e-05, array([[-1.14016582e-07],
       [ 2.64647339e-10],
       [ 5.89206497e-11]]), 2.1388433865316454), (2.2144081102718796e-05, array([[-1.79139315e-07],
       [-8.67717220e-10],
       [-8.39782556e-11]]), 2.089103558212471), (2.35591189656333e-05, array([[-2.57161753e-07],
       [-4.76149091e-10],
       [ 9.52663572e-11]]), 2.0494142901970487), (2.4938730186434033e-05, array([[-3.46643323e-07],
       [-3.58292195e-09],
       [ 1.42480258e-10]]), 2.0144859034922415), (2.6383304189247448e-05, array([[-4.42454152e-07],
       [ 4.31163972e-10],
       [ 3.45139332e-10]]), 1.9909829753449395), (2.78063878337607e-05, array([[-5.51026235e-07],
       [ 1.12403497e-09],
       [-1.55351378e-10]]), 1.9707215391037562), (2.9233981746876915e-05, array([[-6.72576314e-07],
       [-2.31553255e-09],
       [-2.15473413e-10]]), 1.954940810576075), (3.068223399717327e-05, array([[-8.00851994e-07],
       [ 1.37243481e-09],
       [-2.08634929e-11]]), 1.9440070327462133), (3.2110320073598176e-05, array([[-9.44374146e-07],
       [-4.15118677e-09],
       [-3.08753073e-10]]), 1.9348016418237821), (3.361869156769945e-05, array([[-1.08750565e-06],
       [-2.63238761e-09],
       [ 4.74700411e-10]]), 1.9329232204249174), (3.506072858274068e-05, array([[-1.24339741e-06],
       [-1.15834784e-09],
       [ 1.27835708e-09]]), 1.9294200733901061), (3.6588560121518357e-05, array([[-1.40479280e-06],
       [-3.70022487e-09],
       [ 5.91554225e-10]]), 1.9325981648095023), (3.810717923800881e-05, array([[-1.57318443e-06],
       [-8.16488405e-10],
       [ 4.56140811e-10]]), 1.936937933056764), (4.0741879485106326e-05, array([[-1.64900586e-06],
       [-1.93474592e-09],
       [ 6.17231551e-10]]), 1.9501282291122024), (4.345699568699e-05, array([[-1.71437412e-06],
       [-7.22503793e-10],
       [ 4.88268624e-10]]), 1.96517013053098), (4.617073579264772e-05, array([[-1.77381987e-06],
       [-6.63246249e-10],
       [-4.87729185e-10]]), 1.9804678007460832), (4.882901263538759e-05, array([[-1.82257756e-06],
       [-1.80081681e-09],
       [ 7.39533017e-11]]), 1.9939151946860234), (5.149521543433687e-05, array([[-1.86693701e-06],
       [-4.07052790e-09],
       [-1.72312433e-10]]), 2.0083686938062733), (5.419575276507056e-05, array([[-1.90494299e-06],
       [ 1.35874451e-09],
       [-5.20827579e-10]]), 2.0248127228622783), (5.676931081780119e-05, array([[-1.94474613e-06],
       [ 2.43064477e-09],
       [-9.05187768e-10]]), 2.037345633902418), (5.949400825614161e-05, array([[-1.96387081e-06],
       [-2.15679778e-09],
       [-6.50696509e-10]]), 2.056138028742592), (6.207298652604388e-05, array([[-1.97216468e-06],
       [-6.06329158e-09],
       [ 1.37756705e-09]]), 2.07074376308155), (6.464618509704577e-05, array([[-1.97845090e-06],
       [-1.22776878e-09],
       [ 1.25483926e-09]]), 2.0862125626700654), (6.721704116474673e-05, array([[-1.97463189e-06],
       [-4.61690185e-09],
       [ 4.88984532e-10]]), 2.102680833105042), (6.966315727621371e-05, array([[-1.97878241e-06],
       [-6.88437991e-10],
       [-1.91550184e-10]]), 2.116451112881925), (7.210573018853163e-05, array([[-1.94461341e-06],
       [-2.31257901e-09],
       [-4.65320519e-10]]), 2.1314320400833413), (7.45240719260135e-05, array([[-1.92486819e-06],
       [ 4.86596569e-10],
       [-8.44718995e-10]]), 2.147031787955366), (7.681100866461322e-05, array([[-1.88410084e-06],
       [-1.83454332e-09],
       [ 6.21043048e-10]]), 2.1602889250143686), (7.907754645690124e-05, array([[-1.84307746e-06],
       [ 4.74881167e-09],
       [ 8.26104635e-11]]), 2.1745084226410545), (8.130985167265965e-05, array([[-1.80969474e-06],
       [-4.30707618e-10],
       [ 5.15704157e-10]]), 2.1893440435195792), (8.345834856051223e-05, array([[-1.74464180e-06],
       [-1.28987973e-09],
       [ 8.23209099e-10]]), 2.2035374636940652), (8.547992254253484e-05, array([[-1.68025726e-06],
       [-5.54866557e-10],
       [-2.17600144e-10]]), 2.2160915437821727), (8.746374438835075e-05, array([[-1.61585988e-06],
       [ 1.37760247e-09],
       [ 2.95100089e-10]]), 2.229443187395178), (8.931015175468184e-05, array([[-1.53281981e-06],
       [ 1.89092836e-09],
       [-5.22398909e-10]]), 2.2411283205802928), (9.105615339933186e-05, array([[-1.44386081e-06],
       [ 1.02842043e-09],
       [ 5.23939630e-10]]), 2.252207887809315), (9.268081330384151e-05, array([[-1.35772276e-06],
       [ 7.11588974e-09],
       [-8.68218053e-10]]), 2.2622613082695526), (9.432447217588554e-05, array([[-1.27174937e-06],
       [-8.36968787e-10],
       [ 4.05372975e-10]]), 2.2747723912942437), (9.567887181505126e-05, array([[-1.17342532e-06],
       [-3.99886295e-09],
       [ 1.61555024e-10]]), 2.282364641932892), (9.693867176809554e-05, array([[-1.07478279e-06],
       [ 3.15520472e-09],
       [-2.08558614e-10]]), 2.289842209583554), (9.811679395937795e-05, array([[-9.66947802e-07],
       [-2.95091662e-09],
       [-7.62201801e-10]]), 2.2975555685167683), (9.91786067493574e-05, array([[-8.49294181e-07],
       [ 4.12233128e-09],
       [-9.43416706e-11]]), 2.304736764546485), (0.00010001909820968698, array([[-7.22428360e-07],
       [-1.07500147e-09],
       [-1.37382070e-11]]), 2.309012588082048), (0.00010085429018895843, array([[-6.21266306e-07],
       [ 7.47159962e-10],
       [ 9.01457544e-11]]), 2.3154273389885525), (0.00010148717837959159, array([[-4.87635995e-07],
       [-1.20966490e-09],
       [-1.56535098e-10]]), 2.3194752680830617), (0.00010203658780335954, array([[-3.69518613e-07],
       [ 1.43175730e-09],
       [ 6.29617164e-12]]), 2.3239170954540063), (0.00010238288389889178, array([[-2.49124871e-07],
       [ 6.93589280e-09],
       [-6.04525222e-10]]), 2.326052200902048), (0.00010258627929706212, array([[-1.20726867e-07],
       [ 2.19654697e-09],
       [-6.34997990e-11]]), 2.3272758082934484), (0.00010270063652607881, array([[ 1.98758286e-08],
       [-2.75836049e-09],
       [ 8.12601158e-12]]), 2.3288203823735842)]