[(0.00010266086166298568, array([[-7.24536783e-09],
       [-4.28457341e-09],
       [ 2.31225585e-10]]), 2.3279184550339815), (0.00010245484270091532, array([[-1.37110881e-07],
       [ 4.42265972e-10],
       [ 2.72019509e-10]]), 2.324294033219502), (0.00010208252672030086, array([[-2.68897132e-07],
       [-1.93988102e-09],
       [ 9.47758644e-11]]), 2.319228340802462), (0.00010164957194316973, array([[-4.11061568e-07],
       [-3.27960583e-09],
       [-3.99816078e-10]]), 2.315102681006512), (0.00010102560163712547, array([[-5.46643631e-07],
       [ 3.30637729e-09],
       [-1.56843608e-11]]), 2.308925996189147), (0.00010035587886054263, array([[-6.73719247e-07],
       [ 2.46800196e-09],
       [-1.61444900e-10]]), 2.303984739831756), (9.939910388017058e-05, array([[-7.97428734e-07],
       [ 7.49001061e-10],
       [ 3.17410797e-10]]), 2.2946995744974665), (9.839226416019104e-05, array([[-9.45357057e-07],
       [-1.87000352e-11],
       [ 4.64339734e-10]]), 2.286463542788484), (9.733114194230275e-05, array([[-1.06772986e-06],
       [-2.19700132e-09],
       [ 5.69807233e-10]]), 2.2791583187299995), (9.612070355609936e-05, array([[-1.18430607e-06],
       [-2.93472573e-09],
       [-2.68253615e-10]]), 2.2705205281146013), (9.473273495028657e-05, array([[-1.31048929e-06],
       [-3.57343882e-09],
       [-1.17242581e-09]]), 2.2597950893702072), (9.323252480376146e-05, array([[-1.42060153e-06],
       [ 2.93072091e-09],
       [-2.96292657e-10]]), 2.248438485812935), (9.16992313870649e-05, array([[-1.53259985e-06],
       [ 5.09171716e-09],
       [-1.71932303e-10]]), 2.238301712835912), (8.998925934987982e-05, array([[-1.62147440e-06],
       [-5.11777224e-09],
       [-3.60712208e-10]]), 2.225819037589661), (8.829280864342264e-05, array([[-1.73247831e-06],
       [ 7.75604522e-09],
       [ 1.87680404e-09]]), 2.215599347517376), (8.644603051305917e-05, array([[-1.79875380e-06],
       [-1.05887297e-09],
       [ 9.24370581e-10]]), 2.203501749810342), (8.452196885573434e-05, array([[-1.90522019e-06],
       [-6.28258141e-09],
       [-2.62229719e-10]]), 2.191256319304784), (8.258097135021497e-05, array([[-1.97518551e-06],
       [-2.70212532e-09],
       [ 1.28937883e-09]]), 2.1803722131705707), (8.055058923014099e-05, array([[-2.03895742e-06],
       [-5.68760862e-10],
       [-1.48994909e-09]]), 2.168900189892979), (7.840866571827975e-05, array([[-2.09867639e-06],
       [ 7.70515833e-10],
       [-5.57769643e-10]]), 2.1561152520756575), (7.622013109812798e-05, array([[-2.15462165e-06],
       [ 2.94227052e-09],
       [ 7.82111808e-11]]), 2.14367065264548), (7.401594933513409e-05, array([[-2.20227957e-06],
       [-1.37134857e-09],
       [ 8.21544824e-10]]), 2.1323928219595265), (7.174381248350596e-05, array([[-2.23722758e-06],
       [ 3.64352146e-09],
       [ 1.00161943e-09]]), 2.1207338197012966), (6.943377677275305e-05, array([[-2.27220637e-06],
       [ 3.11698565e-09],
       [ 1.07147202e-09]]), 2.109482255299171), (6.705256557097655e-05, array([[-2.28585597e-06],
       [ 2.32306178e-09],
       [ 1.81368327e-09]]), 2.097535714061696), (6.468374205441889e-05, array([[-2.29037047e-06],
       [-9.16883883e-10],
       [ 9.95621080e-10]]), 2.0874245722599554), (6.230811207251594e-05, array([[-2.30203223e-06],
       [-3.70197406e-09],
       [ 1.72637762e-10]]), 2.0785875093896764), (5.9852568115202996e-05, array([[-2.29621352e-06],
       [ 4.89458705e-09],
       [-3.06354805e-10]]), 2.068530008765565), (5.736582763276944e-05, array([[-2.28568308e-06],
       [ 2.11183595e-09],
       [ 5.22195524e-10]]), 2.058753519800935), (5.495057921765667e-05, array([[-2.26061392e-06],
       [-5.56012261e-10],
       [ 3.33601670e-10]]), 2.0530138664348137), (5.247270516099793e-05, array([[-2.23540372e-06],
       [-4.57809448e-09],
       [-1.86094963e-09]]), 2.0464918427043806), (4.995365192789117e-05, array([[-2.18923168e-06],
       [-2.73892027e-09],
       [-1.17928432e-10]]), 2.039839436296402), (4.747194928313396e-05, array([[-2.15683157e-06],
       [ 8.23821155e-10],
       [ 1.34305126e-10]]), 2.036282623177715), (4.4950461845604514e-05, array([[-2.09772544e-06],
       [ 3.19318785e-09],
       [-4.22689802e-10]]), 2.0327062093480137), (4.249045460157625e-05, array([[-2.04142935e-06],
       [-5.20708014e-09],
       [-2.77592139e-10]]), 2.033824556784017), (4.009342003876474e-05, array([[-1.96653008e-06],
       [ 8.78249902e-11],
       [ 1.88001040e-11]]), 2.037895947480773), (3.857143052386969e-05, array([[-1.77225379e-06],
       [-7.19890618e-10],
       [-7.20522289e-11]]), 2.037332860241955), (3.7065833024454495e-05, array([[-1.58444974e-06],
       [-1.41066214e-09],
       [ 7.36585746e-12]]), 2.039762582387215), (3.5549785980898544e-05, array([[-1.40024556e-06],
       [-2.37107528e-09],
       [-7.17828853e-10]]), 2.0439524442895243), (3.4031964307244116e-05, array([[-1.22591020e-06],
       [-5.59925147e-11],
       [-6.21779625e-11]]), 2.05058997435169), (3.250053356174128e-05, array([[-1.05819296e-06],
       [-1.17868516e-09],
       [ 5.12562079e-10]]), 2.0592133486059128), (3.095612477551534e-05, array([[-9.01334893e-07],
       [ 3.87361348e-10],
       [-5.35220181e-11]]), 2.07010431165112), (2.9379570302137e-05, array([[-7.55287741e-07],
       [ 3.19143935e-09],
       [-1.98725870e-10]]), 2.082217667040423), (2.7804214235837332e-05, array([[-6.14317850e-07],
       [-6.98682363e-10],
       [ 2.06991373e-10]]), 2.0982101706941094), (2.6230215476585506e-05, array([[-4.87553775e-07],
       [-2.13221609e-10],
       [ 2.54331481e-10]]), 2.118808733569328), (2.456699913403468e-05, array([[-3.70986723e-07],
       [-1.12926021e-09],
       [-2.67718790e-10]]), 2.137090065464413), (2.29623451928971e-05, array([[-2.67350817e-07],
       [-2.30678056e-09],
       [ 1.28551530e-10]]), 2.1662997360271845), (2.136077180084809e-05, array([[-1.74792624e-07],
       [-4.45454567e-09],
       [-1.75107518e-11]]), 2.2036429700678384), (1.9682393836459215e-05, array([[-9.54513729e-08],
       [-5.74150536e-10],
       [-4.73532773e-11]]), 2.242440533421005), (1.8056754392463e-05, array([[-2.95138481e-08],
       [-2.71526851e-09],
       [ 2.32443636e-11]]), 2.2995756413690067), (1.7907610375268903e-05, array([[-1.68374964e-08],
       [-3.04058260e-09],
       [ 2.12929168e-11]]), 2.280581754564046), (1.9348977836258916e-05, array([[-5.81154296e-08],
       [-7.87442530e-10],
       [-1.27308990e-11]]), 2.2044540181854804), (2.0725526813930708e-05, array([[-1.12474058e-07],
       [ 8.67295539e-10],
       [ 2.47062473e-10]]), 2.138109141854957), (2.211791341821974e-05, array([[-1.77953881e-07],
       [ 2.25442856e-09],
       [ 1.14529148e-11]]), 2.0866348622867483), (2.3553501500489617e-05, array([[-2.57183734e-07],
       [ 2.43439737e-09],
       [ 8.02694649e-11]]), 2.04892562534685), (2.49524717966677e-05, array([[-3.44328905e-07],
       [ 5.41273415e-10],
       [ 3.35123737e-11]]), 2.015595915104704), (2.6383839255690478e-05, array([[-4.44711248e-07],
       [ 1.26091345e-09],
       [ 2.63066739e-10]]), 1.9910233534632795), (2.7779682064607853e-05, array([[-5.53979897e-07],
       [-3.20615527e-09],
       [ 2.17522734e-11]]), 1.9688288216892367), (2.9243073063007238e-05, array([[-6.75226611e-07],
       [-1.36211740e-09],
       [ 3.43144698e-10]]), 1.9555487669290246), (3.066095544779866e-05, array([[-8.03940486e-07],
       [-6.07228868e-10],
       [ 3.31847068e-10]]), 1.9426588372518858), (3.214857820343716e-05, array([[-9.42983763e-07],
       [-2.17986093e-10],
       [-3.96101587e-10]]), 1.9371068786528114), (3.361911574232726e-05, array([[-1.08955978e-06],
       [-1.84393257e-09],
       [-2.01625791e-10]]), 1.9329476085539423), (3.5049753055662746e-05, array([[-1.24484061e-06],
       [-4.87185204e-09],
       [ 4.12147326e-10]]), 1.9288160813136086), (3.6591895464837286e-05, array([[-1.39928157e-06],
       [ 3.22019730e-09],
       [-1.56733786e-09]]), 1.9327743367702401), (3.8073001788001184e-05, array([[-1.57434025e-06],
       [ 1.46098525e-09],
       [ 5.92241722e-11]]), 1.9352007381056118), (4.0704205845378905e-05, array([[-1.64298086e-06],
       [ 3.20279888e-09],
       [ 8.72961560e-10]]), 1.948324963547277), (4.3433629339560306e-05, array([[-1.71730402e-06],
       [-1.08226929e-09],
       [ 6.57948567e-10]]), 1.9641134802195048), (4.614809440321277e-05, array([[-1.77986447e-06],
       [ 2.30087511e-09],
       [ 9.18333529e-10]]), 1.97949661105265), (4.884219807327663e-05, array([[-1.83120889e-06],
       [ 8.05765689e-10],
       [ 5.75778430e-10]]), 1.9944536173068508), (5.149750765401297e-05, array([[-1.86698732e-06],
       [ 9.11689845e-10],
       [ 9.30378750e-10]]), 2.0084580928348625), (5.4200292431478294e-05, array([[-1.90850058e-06],
       [ 1.65637553e-10],
       [-2.96747094e-10]]), 2.0249823297748306), (5.6818518193887265e-05, array([[-1.93644598e-06],
       [-4.08935582e-09],
       [-4.60776718e-10]]), 2.03911159567614), (5.948263417449003e-05, array([[-1.96296435e-06],
       [-2.48778288e-09],
       [ 4.06461689e-10]]), 2.055744935681436), (6.207232779671029e-05, array([[-1.96337475e-06],
       [ 1.71004626e-09],
       [ 6.51728686e-10]]), 2.070721787988431), (6.458256555664204e-05, array([[-1.98218341e-06],
       [ 1.54315923e-09],
       [ 2.07209795e-10]]), 2.0841594812048205), (6.717996751303941e-05, array([[-1.97905940e-06],
       [-3.02778348e-09],
       [ 4.25911140e-10]]), 2.101521096593179), (6.965943905649517e-05, array([[-1.96472996e-06],
       [-1.81995907e-09],
       [ 3.84968338e-10]]), 2.1163381488623636), (7.21495929021629e-05, array([[-1.95770455e-06],
       [-1.74017965e-09],
       [ 5.02505181e-10]]), 2.132728613780803), (7.453580088969093e-05, array([[-1.91782078e-06],
       [ 8.98748580e-10],
       [-2.35630390e-10]]), 2.14736969834062), (7.682257939012125e-05, array([[-1.89066468e-06],
       [ 2.28787878e-09],
       [ 1.23079474e-09]]), 2.160614348552009), (7.912626846715867e-05, array([[-1.84081092e-06],
       [ 3.14438885e-09],
       [-7.87953906e-10]]), 2.1758482014584275), (8.134376702731677e-05, array([[-1.81371762e-06],
       [-3.53677530e-09],
       [ 7.39688843e-10]]), 2.19025724626408), (8.344987855430378e-05, array([[-1.73007636e-06],
       [ 1.59127765e-09],
       [-1.17081589e-09]]), 2.203313831471286), (8.543608701367545e-05, array([[-1.68133283e-06],
       [-6.28442173e-10],
       [-1.72219196e-10]]), 2.214955095105887), (8.747668014082822e-05, array([[-1.61709576e-06],
       [-2.71244443e-09],
       [ 1.07694730e-09]]), 2.229772918593361), (8.929971086813076e-05, array([[-1.54817359e-06],
       [ 2.75235005e-10],
       [-1.07120642e-10]]), 2.240866319384663), (9.105648098667209e-05, array([[-1.44135079e-06],
       [ 1.84727134e-09],
       [ 9.26001812e-10]]), 2.2522159904444914), (9.269182277869566e-05, array([[-1.37642924e-06],
       [-5.69411378e-09],
       [ 4.77811735e-10]]), 2.2625300403630577), (9.419921299211162e-05, array([[-1.27474925e-06],
       [ 5.00101343e-09],
       [-8.22243774e-10]]), 2.271751583157904), (9.562367919544972e-05, array([[-1.17294453e-06],
       [ 3.56036558e-10],
       [ 1.01465125e-09]]), 2.28104805362991), (9.696654285088255e-05, array([[-1.07067081e-06],
       [ 1.19359702e-09],
       [-1.73280514e-10]]), 2.290500567910818), (9.806524389981279e-05, array([[-9.60785112e-07],
       [-1.55395880e-09],
       [ 3.34495616e-10]]), 2.2963484446225615), (9.915769355724966e-05, array([[-8.41602167e-07],
       [-1.22730237e-09],
       [-7.12454909e-10]]), 2.3042507786641004), (0.00010009186086848872, array([[-7.18149503e-07],
       [ 6.32723782e-11],
       [-3.33937789e-13]]), 2.310692366225651), (0.00010081681905627744, array([[-6.13907723e-07],
       [ 3.24174904e-09],
       [-4.66593631e-10]]), 2.3145670713205146), (0.0001014281080351814, array([[-4.94648754e-07],
       [-1.30714966e-09],
       [ 4.67305078e-10]]), 2.3181252236230208), (0.00010197796048143369, array([[-3.67146243e-07],
       [ 1.13803974e-09],
       [-4.88673565e-10]]), 2.3225818387718955), (0.00010237360351306278, array([[-2.44607373e-07],
       [ 4.69869155e-09],
       [-5.62407002e-10]]), 2.3258413584148987), (0.0001025449845264513, array([[-1.23807944e-07],
       [ 4.60230466e-09],
       [ 1.46702451e-11]]), 2.3263389937280885), (0.00010263973632273997, array([[-1.94591264e-08],
       [ 1.54044258e-09],
       [ 1.03532085e-10]]), 2.3274394207785685)]