[(0.00010261317081441219, array([[-9.80903926e-09],
       [-1.56443887e-10],
       [ 5.73752607e-10]]), 2.3268370262914986), (0.00010245219481412078, array([[-1.39209701e-07],
       [ 5.26652458e-09],
       [-3.04227722e-11]]), 2.324233963169957), (0.00010211182532631123, array([[-2.67923042e-07],
       [ 6.39151719e-10],
       [-4.73319622e-10]]), 2.319893980257013), (0.00010162585276103937, array([[-4.16518655e-07],
       [ 8.93109327e-10],
       [ 2.22859411e-10]]), 2.314562468774512), (0.0001009628277645432, array([[-5.44523067e-07],
       [ 1.16486077e-10],
       [-1.69425927e-10]]), 2.3074913081107007), (0.00010032919197622819, array([[-6.84571166e-07],
       [-4.89972677e-09],
       [ 2.03584528e-10]]), 2.3033720584929815), (9.946560624694202e-05, array([[-8.10391324e-07],
       [ 1.93329213e-09],
       [-4.29264101e-10]]), 2.2962348293114077), (9.849846276917807e-05, array([[-9.40369074e-07],
       [ 5.51083981e-09],
       [ 2.90354166e-10]]), 2.2889314120850823), (9.731684361016722e-05, array([[-1.06153348e-06],
       [ 7.14486935e-09],
       [ 9.32747513e-11]]), 2.2788235013017815), (9.611819611234425e-05, array([[-1.19008422e-06],
       [ 1.12590548e-10],
       [-5.53871882e-15]]), 2.2704612983929233), (9.471977467096019e-05, array([[-1.31392415e-06],
       [ 7.21552939e-09],
       [ 7.28636972e-10]]), 2.2594859293359906), (9.333742181949348e-05, array([[-1.42261688e-06],
       [ 4.13196075e-09],
       [ 7.27632981e-10]]), 2.2509682305314787), (9.169444471504569e-05, array([[-1.52333687e-06],
       [ 5.34287001e-09],
       [-1.58864682e-10]]), 2.2381848741665213), (9.001929782201296e-05, array([[-1.63618872e-06],
       [ 9.27164062e-10],
       [ 5.41191670e-10]]), 2.22656201740322), (8.837349516028459e-05, array([[-1.73015063e-06],
       [ 6.07500600e-09],
       [ 1.87497208e-09]]), 2.217624076335719), (8.644315150545902e-05, array([[-1.81655397e-06],
       [-3.71595829e-09],
       [-1.65686539e-09]]), 2.2034283641586585), (8.454617556699235e-05, array([[-1.89538326e-06],
       [-2.49075605e-09],
       [ 1.08539967e-09]]), 2.1918838852468916), (8.253458325634756e-05, array([[-1.98168659e-06],
       [-1.58743934e-09],
       [ 8.97561426e-10]]), 2.1791474357280594), (8.052247977569579e-05, array([[-2.04852137e-06],
       [-6.85938810e-09],
       [ 3.53213364e-10]]), 2.168143316458946), (7.836647830506986e-05, array([[-2.11726777e-06],
       [-3.61430083e-09],
       [ 8.87654617e-11]]), 2.1549551644216436), (7.625604751232061e-05, array([[-2.14835469e-06],
       [-1.91684314e-09],
       [-1.13164140e-09]]), 2.1446807921183955), (7.402277519372772e-05, array([[-2.19514260e-06],
       [-1.41771136e-09],
       [ 4.08014896e-10]]), 2.1325894743297185), (7.172486151537767e-05, array([[-2.23202006e-06],
       [ 3.85815909e-09],
       [-4.16374063e-10]]), 2.120173632590596), (6.939524728544864e-05, array([[-2.26084753e-06],
       [-3.00195974e-09],
       [ 4.75379239e-10]]), 2.108311682797542), (6.711753240930043e-05, array([[-2.27864504e-06],
       [ 1.89042791e-10],
       [-1.04093095e-11]]), 2.0995680041381997), (6.465712209011192e-05, array([[-2.29603025e-06],
       [ 2.82815158e-09],
       [-2.44525530e-10]]), 2.086565512999588), (6.230381117844415e-05, array([[-2.30678801e-06],
       [-3.68240921e-09],
       [-5.51532253e-10]]), 2.0784440323302777), (5.984897852799901e-05, array([[-2.29564135e-06],
       [-4.90931020e-10],
       [-1.24563628e-09]]), 2.0684059511171746), (5.744388794010267e-05, array([[-2.28180494e-06],
       [-1.98484928e-09],
       [ 1.75446754e-10]]), 2.061554959945891), (5.494608940289016e-05, array([[-2.26970551e-06],
       [-6.40389988e-09],
       [ 1.37396817e-09]]), 2.0528461220342153), (5.249134526707694e-05, array([[-2.23046049e-06],
       [ 8.83278174e-10],
       [-2.05913963e-10]]), 2.0472188268558704), (5.003912041164962e-05, array([[-2.20270231e-06],
       [ 2.10972605e-09],
       [ 1.13901068e-09]]), 2.043329511135827), (4.75040755620555e-05, array([[-2.15137223e-06],
       [ 2.83244614e-09],
       [ 3.03905867e-10]]), 2.0376606618827435), (4.495170379006517e-05, array([[-2.10021363e-06],
       [-1.13413386e-09],
       [-8.23641217e-10]]), 2.032762371356438), (4.253191572449266e-05, array([[-2.04553188e-06],
       [ 2.14700529e-09],
       [ 1.88971279e-10]]), 2.035809111920693), (4.009963803320072e-05, array([[-1.97376307e-06],
       [ 1.91651555e-10],
       [ 6.98951859e-10]]), 2.0382119999814154), (3.856270083555434e-05, array([[-1.77350737e-06],
       [ 1.05352448e-09],
       [ 1.09412071e-10]]), 2.03687176039103), (3.705481861331416e-05, array([[-1.58388089e-06],
       [-7.90311803e-10],
       [ 2.81179097e-10]]), 2.0391564504895117), (3.554151956074035e-05, array([[-1.40131772e-06],
       [ 1.08634937e-09],
       [-1.00815338e-11]]), 2.0434771623933985), (3.401420377270679e-05, array([[-1.22818198e-06],
       [-5.15718582e-09],
       [-1.11448335e-10]]), 2.049519816492668), (3.249540820246717e-05, array([[-1.05726308e-06],
       [-4.65862882e-10],
       [ 1.28516882e-10]]), 2.0588886090685263), (3.090906600433094e-05, array([[-9.01470781e-07],
       [-1.29038421e-09],
       [-3.25692541e-10]]), 2.0669573878731518), (2.931648356653708e-05, array([[-7.51211652e-07],
       [-2.77065064e-09],
       [-3.51935108e-10]]), 2.077746522157391), (2.7794241156446448e-05, array([[-6.15076265e-07],
       [-2.31022629e-09],
       [-1.78032916e-10]]), 2.097457564760577), (2.6190521983376124e-05, array([[-4.89179088e-07],
       [ 5.57409387e-10],
       [ 7.16334350e-12]]), 2.1156023962003885), (2.458130744007007e-05, array([[-3.71013413e-07],
       [-5.77221726e-10],
       [-9.40030775e-11]]), 2.138334748973173), (2.2949421389475563e-05, array([[-2.68065256e-07],
       [-2.87360859e-09],
       [-2.26636159e-10]]), 2.1650804863510147), (2.1343414540476245e-05, array([[-1.74731535e-07],
       [-3.02955759e-09],
       [ 2.95274545e-10]]), 2.2018523416600884), (1.971064857935256e-05, array([[-9.53363019e-08],
       [-7.24813744e-10],
       [-3.41152468e-12]]), 2.2456596327466194), (1.8014937616040775e-05, array([[-2.98137507e-08],
       [ 1.63419999e-09],
       [ 7.80487975e-12]]), 2.2942501638013844), (1.791366013290546e-05, array([[-1.71031191e-08],
       [-1.31775264e-09],
       [ 6.98112764e-11]]), 2.2813522072708197), (1.9353291475131987e-05, array([[-5.83609683e-08],
       [ 2.96374782e-09],
       [-1.41600375e-11]]), 2.2049454766298084), (2.0734056549885426e-05, array([[-1.12682355e-07],
       [ 1.44858595e-09],
       [ 1.45532798e-10]]), 2.138989095671626), (2.215447816803339e-05, array([[-1.77934918e-07],
       [ 2.90886785e-09],
       [ 2.35426913e-10]]), 2.0900844318844434), (2.356626732619781e-05, array([[-2.56935277e-07],
       [ 2.01489450e-09],
       [-3.64912059e-11]]), 2.05003612806432), (2.4961078001785055e-05, array([[-3.45051884e-07],
       [ 2.12831994e-09],
       [ 7.36085992e-11]]), 2.0162911020192684), (2.6376633841271064e-05, array([[-4.45205701e-07],
       [-2.79779513e-09],
       [ 3.42278200e-11]]), 1.9904796058971497), (2.781750212970613e-05, array([[-5.55341200e-07],
       [ 2.10107412e-09],
       [ 3.72963830e-10]]), 1.9715092423661356), (2.924794767971182e-05, array([[-6.76038761e-07],
       [-8.49185842e-11],
       [ 3.41442407e-10]]), 1.9558747432949612), (3.0663493651092464e-05, array([[-7.99639459e-07],
       [-4.76868830e-10],
       [ 4.71388717e-10]]), 1.9428196562148778), (3.21345306856184e-05, array([[-9.39055975e-07],
       [-9.97833581e-10],
       [ 5.20130166e-10]]), 1.9362604479577268), (3.361955665204138e-05, array([[-1.09363726e-06],
       [-2.71205413e-09],
       [ 4.84857030e-11]]), 1.9329729588749929), (3.509852043024232e-05, array([[-1.24482836e-06],
       [-1.22484349e-10],
       [-8.91499283e-10]]), 1.9314997891326948), (3.661446908746144e-05, array([[-1.40727261e-06],
       [ 1.05776924e-09],
       [-5.18599109e-10]]), 1.9339666696062865), (3.808103989740231e-05, array([[-1.56837501e-06],
       [ 1.82100872e-10],
       [-2.27516355e-10]]), 1.9356093046623715), (4.074361501449664e-05, array([[-1.64665082e-06],
       [-1.13180225e-09],
       [ 9.02726702e-10]]), 1.9502113010003743), (4.340535737615186e-05, array([[-1.71110940e-06],
       [ 3.02215629e-09],
       [ 1.30711298e-09]]), 1.9628349928978797), (4.60968300559256e-05, array([[-1.77631351e-06],
       [-1.99019052e-09],
       [ 1.62681297e-10]]), 1.9772976556453878), (4.880974638073764e-05, array([[-1.82486996e-06],
       [-5.08471217e-10],
       [ 3.93193207e-10]]), 1.9931284640966076), (5.1477728055901186e-05, array([[-1.87376840e-06],
       [-3.29870098e-09],
       [ 1.68912933e-09]]), 2.00768666727059), (5.4183226311607535e-05, array([[-1.91549537e-06],
       [-3.69215543e-09],
       [ 1.42699391e-09]]), 2.0243447208316723), (5.680006157939726e-05, array([[-1.94122084e-06],
       [-4.93593710e-10],
       [-1.16905617e-09]]), 2.03844922189696), (5.946787294537789e-05, array([[-1.95707171e-06],
       [ 2.70689848e-09],
       [-1.86541986e-10]]), 2.0552347813748413), (6.205306048174747e-05, array([[-1.97042675e-06],
       [ 8.32982911e-09],
       [-1.58616864e-09]]), 2.070079033796576), (6.47005323561639e-05, array([[-1.97197679e-06],
       [ 5.97335048e-10],
       [ 2.33502382e-09]]), 2.0879664161194023), (6.719722518589969e-05, array([[-1.97220954e-06],
       [-3.45306673e-09],
       [ 3.11174102e-10]]), 2.102060950435575), (6.96965562748167e-05, array([[-1.96356679e-06],
       [-3.81404099e-09],
       [ 2.05568563e-10]]), 2.117465814921371), (7.213439760699108e-05, array([[-1.95359100e-06],
       [-4.70933829e-10],
       [ 7.82956911e-10]]), 2.1322794436676507), (7.4514461645738e-05, array([[-1.92238548e-06],
       [-1.38533214e-09],
       [ 1.05424480e-09]]), 2.146754916647755), (7.684697695582454e-05, array([[-1.89278512e-06],
       [-3.30523466e-09],
       [ 1.21850921e-09]]), 2.161300523514458), (7.91100848217753e-05, array([[-1.83997477e-06],
       [-2.12246793e-09],
       [-1.06324936e-10]]), 2.1754031766091253), (8.13854481957563e-05, array([[-1.80230412e-06],
       [-2.43393981e-09],
       [-1.58051199e-09]]), 2.191379550830781), (8.343832437557649e-05, array([[-1.73504190e-06],
       [-5.16317081e-09],
       [ 1.50326629e-09]]), 2.2030087683334822), (8.554603907508807e-05, array([[-1.66578843e-06],
       [ 3.20936606e-11],
       [-2.14338550e-10]]), 2.2178056338788563), (8.752517633295933e-05, array([[-1.61178799e-06],
       [-1.71665317e-09],
       [-6.53560421e-12]]), 2.231009082285156), (8.925911277557174e-05, array([[-1.54300152e-06],
       [ 6.20200225e-09],
       [-7.19992430e-10]]), 2.2398475602267403), (9.106745766552443e-05, array([[-1.45711376e-06],
       [ 4.26865259e-09],
       [-1.94734234e-09]]), 2.2524874906316867), (9.265155220744293e-05, array([[-1.37092458e-06],
       [ 5.34901782e-09],
       [ 9.97622846e-11]]), 2.2615470693255864), (9.421898872314783e-05, array([[-1.28034341e-06],
       [ 2.61552832e-09],
       [ 2.84107767e-10]]), 2.2722285037909176), (9.563048376635178e-05, array([[-1.17483310e-06],
       [-2.94369200e-09],
       [ 1.34452376e-10]]), 2.2812103727682502), (9.693596602067336e-05, array([[-1.06359930e-06],
       [-1.31176450e-09],
       [ 2.82326127e-10]]), 2.28977829562081), (9.819040071321202e-05, array([[-9.61275810e-07],
       [-3.49287750e-09],
       [ 3.59533125e-10]]), 2.2992791838157145), (9.921276906569932e-05, array([[-8.44187973e-07],
       [-4.96446764e-09],
       [ 9.04042549e-10]]), 2.305530636824145), (0.0001000135468022553, array([[-7.34123031e-07],
       [ 5.48529910e-09],
       [ 6.49065669e-11]]), 2.3088844298615605), (0.00010089075611111223, array([[-6.15243167e-07],
       [-6.14957792e-09],
       [ 6.54202266e-10]]), 2.3162645288883392), (0.00010150372316838129, array([[-5.10085222e-07],
       [-2.16263875e-10],
       [ 2.34978905e-10]]), 2.319853396916931), (0.00010197784983280552, array([[-3.82813081e-07],
       [ 2.28380189e-09],
       [ 1.16124545e-10]]), 2.3225793187127275), (0.00010228508936768925, array([[-2.44390740e-07],
       [-1.70446298e-09],
       [-1.08124252e-10]]), 2.3238303921789756), (0.00010260835072738438, array([[-1.24764561e-07],
       [ 1.27650030e-09],
       [ 2.36973323e-10]]), 2.327776521509635), (0.00010265481613354239, array([[ 5.77496430e-09],
       [ 1.36430910e-09],
       [-2.89698189e-10]]), 2.3277813677415757)]