[(0.00010265000321136214, array([[ 9.74567742e-09],
       [-3.28460054e-09],
       [-5.72987156e-11]]), 2.32767223082041), (0.00010241950200803986, array([[-1.29912221e-07],
       [ 2.43187672e-09],
       [ 6.72709114e-11]]), 2.3234922930634014), (0.00010214301595352218, array([[-2.83680578e-07],
       [-2.25695242e-10],
       [-5.94415202e-10]]), 2.320602604826948), (0.00010164209615550425, array([[-4.21889521e-07],
       [ 6.29352795e-09],
       [ 1.96618834e-10]]), 2.3149324174654455), (0.00010101693413000948, array([[-5.55422114e-07],
       [-1.74805118e-09],
       [-6.13121589e-10]]), 2.3087279015262303), (0.00010021220629674711, array([[-6.86109088e-07],
       [ 7.77814366e-09],
       [ 1.39205780e-09]]), 2.300686284392216), (9.944344313079476e-05, array([[-8.14952235e-07],
       [-2.86590592e-09],
       [ 2.87452435e-10]]), 2.2957231778859186), (9.848071899450652e-05, array([[-9.35538876e-07],
       [ 2.24958561e-09],
       [-1.05474781e-10]]), 2.2885190779016558), (9.73033044504889e-05, array([[-1.07071005e-06],
       [-1.70035447e-09],
       [ 5.22704779e-10]]), 2.2785064610637478), (9.61350144009361e-05, array([[-1.17742411e-06],
       [-5.37021233e-09],
       [ 2.15666836e-10]]), 2.270858572529325), (9.473811721318415e-05, array([[-1.31018295e-06],
       [-3.62445955e-09],
       [-7.96187366e-10]]), 2.259923480166398), (9.333000152223872e-05, array([[-1.40768901e-06],
       [ 6.07909827e-10],
       [ 8.13979002e-10]]), 2.250789279227104), (9.17170308742003e-05, array([[-1.52036349e-06],
       [-7.09841735e-10],
       [-1.45874337e-10]]), 2.2387361834627657), (9.008288488136762e-05, array([[-1.63549735e-06],
       [ 4.34832013e-09],
       [-6.73852631e-10]]), 2.228134797180256), (8.834501543374166e-05, array([[-1.72595951e-06],
       [-4.92185182e-09],
       [-1.10650986e-09]]), 2.216909412655681), (8.648812659649895e-05, array([[-1.81793998e-06],
       [ 3.40309535e-09],
       [-2.29139473e-10]]), 2.204574775291896), (8.459663484730324e-05, array([[-1.90056688e-06],
       [ 1.11864014e-10],
       [ 7.49505617e-10]]), 2.1931920565820566), (8.259013758927486e-05, array([[-1.97130954e-06],
       [ 2.09473320e-09],
       [ 1.09860857e-09]]), 2.1806142279182628), (8.049319043366981e-05, array([[-2.05276685e-06],
       [ 5.47317058e-09],
       [-6.22920204e-10]]), 2.1673546734447964), (7.843914795314317e-05, array([[-2.09854159e-06],
       [-4.73601130e-09],
       [-1.44905250e-09]]), 2.1569534656953424), (7.622494618473578e-05, array([[-2.14878888e-06],
       [-6.79515556e-10],
       [ 4.44881506e-10]]), 2.1438060756590906), (7.39438460357025e-05, array([[-2.19447426e-06],
       [ 1.29897015e-09],
       [-1.07201182e-09]]), 2.1303155324087113), (7.170874719367191e-05, array([[-2.23979270e-06],
       [-2.70536464e-09],
       [-1.92134182e-10]]), 2.1196972962231806), (6.941322353222709e-05, array([[-2.26905996e-06],
       [ 2.05854109e-09],
       [ 1.90000024e-09]]), 2.1088578229523565), (6.708242507973334e-05, array([[-2.28633702e-06],
       [ 2.20507460e-09],
       [ 1.74334402e-11]]), 2.0984697780380466), (6.468966518195278e-05, array([[-2.30377498e-06],
       [-3.83308538e-09],
       [-5.46060155e-10]]), 2.087615718930914), (6.224789673075369e-05, array([[-2.30400490e-06],
       [-4.09679322e-10],
       [-1.67760707e-10]]), 2.076578736324702), (5.9867511808372506e-05, array([[-2.30339233e-06],
       [ 3.56607191e-09],
       [ 1.48693704e-09]]), 2.0690464691069734), (5.742950457628737e-05, array([[-2.29157057e-06],
       [ 1.45133102e-09],
       [-9.69573071e-10]]), 2.061038767604504), (5.492622311251172e-05, array([[-2.25763255e-06],
       [-1.30395443e-09],
       [-1.44392468e-09]]), 2.0521038956518507), (5.2445660933629905e-05, array([[-2.23346674e-06],
       [ 6.74352794e-09],
       [-2.24689468e-10]]), 2.045437088798877), (4.9995103591192764e-05, array([[-2.20204113e-06],
       [ 3.62195649e-09],
       [ 1.64310454e-10]]), 2.0415321000805178), (4.744851414879826e-05, array([[-2.15308244e-06],
       [-9.89749888e-10],
       [ 3.50418672e-10]]), 2.035277386242214), (4.4990604166744345e-05, array([[-2.10060136e-06],
       [ 1.13939886e-09],
       [-1.20644830e-11]]), 2.0345214864795116), (4.243547411500208e-05, array([[-2.03747979e-06],
       [-3.55112534e-09],
       [-1.16767536e-09]]), 2.0311928912773287), (4.0038726300049236e-05, array([[-1.96633302e-06],
       [-3.51916799e-09],
       [-1.99937268e-10]]), 2.035115936487121), (3.856629778463322e-05, array([[-1.77473017e-06],
       [-2.08976445e-09],
       [ 1.00010284e-09]]), 2.037061750299506), (3.707497532841959e-05, array([[-1.58559957e-06],
       [-4.32406687e-10],
       [ 3.67455115e-10]]), 2.04026569072239), (3.551663463647207e-05, array([[-1.39779030e-06],
       [ 2.16624015e-10],
       [-8.42235994e-10]]), 2.0420463914230345), (3.403034170341816e-05, array([[-1.22600494e-06],
       [-3.83491515e-10],
       [ 2.96907646e-10]]), 2.050492204645898), (3.2512555692975775e-05, array([[-1.05814030e-06],
       [-1.75084626e-09],
       [ 8.51563552e-10]]), 2.05997506327345), (3.0897146029538545e-05, array([[-8.99074281e-07],
       [-2.85980374e-10],
       [-6.34241691e-10]]), 2.0661602728792223), (2.935019576372322e-05, array([[-7.53910429e-07],
       [ 3.20226408e-09],
       [ 8.72297755e-11]]), 2.0801358059982995), (2.778384883863987e-05, array([[-6.15137537e-07],
       [-2.24346295e-09],
       [-2.28569785e-10]]), 2.0966733215255804), (2.6210377110572243e-05, array([[-4.87919692e-07],
       [ 2.53946011e-09],
       [-1.85628402e-10]]), 2.1172062418472843), (2.461037205329599e-05, array([[-3.72568247e-07],
       [-1.68123424e-09],
       [ 1.72680497e-10]]), 2.1408630877353803), (2.2995930636351374e-05, array([[-2.67865106e-07],
       [-1.52181093e-09],
       [ 1.47872084e-10]]), 2.1694682336992717), (2.1333829742269325e-05, array([[-1.75879970e-07],
       [ 2.50653374e-10],
       [ 6.31587954e-11]]), 2.2008635443738704), (1.9697558734609802e-05, array([[-9.64159083e-08],
       [-7.97514646e-10],
       [ 3.08333598e-11]]), 2.244168289840302), (1.8036912778940056e-05, array([[-2.83947378e-08],
       [-2.08202481e-09],
       [ 1.96138791e-11]]), 2.2970487591757225), (1.7903222763832172e-05, array([[-1.63064147e-08],
       [ 1.57930011e-10],
       [-5.98679921e-11]]), 2.2800229805914705), (1.9307401545349905e-05, array([[-5.74347533e-08],
       [-2.08955387e-10],
       [-3.14269070e-11]]), 2.1997171777006117), (2.0770448948435166e-05, array([[-1.12306238e-07],
       [ 2.38436158e-09],
       [-1.30638848e-10]]), 2.1427434475263123), (2.2147048069169332e-05, array([[-1.77643186e-07],
       [-2.74945185e-09],
       [-1.89503008e-10]]), 2.0893834659738344), (2.354818659372171e-05, array([[-2.58465766e-07],
       [-1.41663012e-09],
       [ 3.40865821e-10]]), 2.0484632801336398), (2.498664262534992e-05, array([[-3.45528830e-07],
       [ 1.64839354e-09],
       [-1.31146455e-11]]), 2.018356145965553), (2.636656888571723e-05, array([[-4.42783710e-07],
       [-3.47032910e-10],
       [-1.02744811e-10]]), 1.9897200666441606), (2.7773059564403123e-05, array([[-5.54613612e-07],
       [-4.40774010e-10],
       [ 1.53078261e-10]]), 1.9683594653717527), (2.9251177035364933e-05, array([[-6.76605246e-07],
       [-4.48632930e-11],
       [ 2.86710798e-11]]), 1.9560906974271348), (3.0681778372449204e-05, array([[-8.01781064e-07],
       [ 3.85600718e-10],
       [ 4.62081613e-10]]), 1.9439781646504948), (3.2125235761367055e-05, array([[-9.44015297e-07],
       [ 1.69012585e-09],
       [ 4.39936775e-10]]), 1.9357003839452565), (3.358648043745784e-05, array([[-1.08568584e-06],
       [ 9.28607939e-10],
       [-4.26009405e-11]]), 1.9310712256358056), (3.512419038854322e-05, array([[-1.24591079e-06],
       [-2.82788827e-09],
       [ 6.10371520e-10]]), 1.9329124275697986), (3.652124544571896e-05, array([[-1.40034559e-06],
       [ 2.93678456e-09],
       [-2.20724362e-10]]), 1.9290426212603005), (3.8129087841628496e-05, array([[-1.57433773e-06],
       [-1.66413138e-09],
       [ 9.33760923e-10]]), 1.9380515186398437), (4.069874156075964e-05, array([[-1.64894732e-06],
       [-9.05143961e-10],
       [ 1.66464555e-09]]), 1.94806341312735), (4.3409040076658555e-05, array([[-1.71405330e-06],
       [-3.37950403e-09],
       [ 1.01213694e-09]]), 1.9630015284100806), (4.612653169343464e-05, array([[-1.77588043e-06],
       [ 4.12700118e-10],
       [ 1.32487116e-10]]), 1.9785716907177386), (4.877619519974269e-05, array([[-1.82438233e-06],
       [ 2.66716664e-09],
       [ 6.08509422e-13]]), 1.991758413670132), (5.152152643772899e-05, array([[-1.87762435e-06],
       [ 8.05274829e-10],
       [-9.66373261e-11]]), 2.0093948511894335), (5.418769175629526e-05, array([[-1.91704452e-06],
       [-2.62319389e-09],
       [ 8.60563644e-11]]), 2.0245115547394166), (5.682714586784899e-05, array([[-1.93893936e-06],
       [-1.51343293e-09],
       [-1.21740248e-09]]), 2.0394212269473924), (5.9445236116465366e-05, array([[-1.95884260e-06],
       [-2.14734331e-09],
       [ 1.72141941e-09]]), 2.0544524430160473), (6.201880896702136e-05, array([[-1.97436569e-06],
       [-6.52018094e-10],
       [ 1.34316572e-09]]), 2.068936409372255), (6.461440847246901e-05, array([[-1.98285785e-06],
       [ 3.07772721e-09],
       [ 4.85998573e-11]]), 2.08518709158787), (6.712691261617087e-05, array([[-1.98065603e-06],
       [ 7.53391763e-10],
       [-2.50285434e-11]]), 2.0998614353999048), (6.969056767159324e-05, array([[-1.95538366e-06],
       [-1.20641444e-09],
       [ 2.43810343e-10]]), 2.1172838739004285), (7.208294897963529e-05, array([[-1.94740985e-06],
       [-7.44556296e-10],
       [ 1.18464143e-10]]), 2.1307586317643836), (7.457454648954766e-05, array([[-1.92707136e-06],
       [-2.67309807e-09],
       [ 6.24493219e-10]]), 2.1484859555765152), (7.68586984970567e-05, array([[-1.89041102e-06],
       [ 1.25861327e-08],
       [-1.62726287e-09]]), 2.1616301887037084), (7.915493835129664e-05, array([[-1.83597860e-06],
       [-3.34528310e-09],
       [-3.10323605e-10]]), 2.17663657827748), (8.132430938223439e-05, array([[-1.79562211e-06],
       [-1.98537797e-09],
       [-1.98622417e-09]]), 2.1897333309145166), (8.3432074080187e-05, array([[-1.75561051e-06],
       [ 3.19536535e-09],
       [-2.04599794e-09]]), 2.202843742781366), (8.548675141265671e-05, array([[-1.67973416e-06],
       [-2.03351499e-09],
       [ 1.58439953e-09]]), 2.2162685842014964), (8.742695616093663e-05, array([[-1.60475851e-06],
       [ 1.41016408e-09],
       [-7.04116977e-10]]), 2.2285054586990385), (8.929804173569187e-05, array([[-1.53647957e-06],
       [-5.29121013e-09],
       [ 2.28220938e-10]]), 2.2408244345607535), (9.106877100402076e-05, array([[-1.44029185e-06],
       [-1.12194700e-09],
       [-3.51962656e-10]]), 2.2525199751064906), (9.274016756623924e-05, array([[-1.35580440e-06],
       [ 2.05430668e-09],
       [-2.89562294e-11]]), 2.2637100962820513), (9.424307032927655e-05, array([[-1.28143398e-06],
       [ 2.63144388e-09],
       [-3.36239785e-10]]), 2.2728092668897824), (9.56226960871718e-05, array([[-1.17027325e-06],
       [ 2.91182213e-09],
       [-4.97107886e-10]]), 2.2810246021454796), (9.693100339608272e-05, array([[-1.06492381e-06],
       [-5.35124365e-10],
       [ 2.64013225e-10]]), 2.2896610707089073), (9.809122909508934e-05, array([[-9.69191981e-07],
       [-6.85851267e-10],
       [-4.50666603e-10]]), 2.2969569279178), (9.917816604689716e-05, array([[-8.43254163e-07],
       [ 1.32673753e-10],
       [ 2.96962197e-10]]), 2.304726523394732), (0.0001000299114608774, array([[-7.38708406e-07],
       [ 4.82239767e-09],
       [-3.57247014e-10]]), 2.3092622197380384), (0.00010087206381177296, array([[-6.01788183e-07],
       [ 5.43540993e-09],
       [-1.11614126e-11]]), 2.3158353883843743), (0.00010146105709183873, array([[-4.82443952e-07],
       [ 1.86601337e-09],
       [-5.00544517e-10]]), 2.3188782697047383), (0.00010199645820210797, array([[-3.68455556e-07],
       [ 7.77306494e-10],
       [ 4.18377999e-12]]), 2.323003130489184), (0.0001023516068347868, array([[-2.60396119e-07],
       [ 7.33530155e-09],
       [-1.33479742e-10]]), 2.325341612559264), (0.00010256275349516588, array([[-1.24005047e-07],
       [-2.58148753e-09],
       [-1.57005291e-10]]), 2.3267421011544536), (0.0001026258337451179, array([[-7.53417237e-09],
       [ 7.04124788e-10],
       [-8.41189661e-11]]), 2.327124168534483)]