[(0.00010267411706924491, array([[-9.27433676e-09],
       [ 6.41609200e-11],
       [-4.21621074e-10]]), 2.3282190321415572), (0.00010243560545444612, array([[-1.42154286e-07],
       [ 2.08391383e-09],
       [ 7.56317287e-11]]), 2.3238576163942435), (0.00010211854862724316, array([[-2.85313392e-07],
       [ 7.78855179e-09],
       [-3.23233390e-10]]), 2.320046727946221), (0.00010167589591113265, array([[-4.17991310e-07],
       [-4.38394010e-09],
       [ 5.47285631e-10]]), 2.315702218098904), (0.0001010365413668034, array([[-5.42630958e-07],
       [ 3.94222846e-09],
       [ 3.30750203e-10]]), 2.3091760221809285), (0.00010034996607197972, array([[-6.86288178e-07],
       [-3.89242328e-09],
       [ 5.64565925e-10]]), 2.303848993179208), (9.94058183822551e-05, array([[-8.04954908e-07],
       [ 1.79312529e-10],
       [ 7.84411767e-11]]), 2.2948545835918632), (9.842450035635634e-05, array([[-9.45432914e-07],
       [ 3.26603813e-09],
       [ 2.52258899e-10]]), 2.287212655413539), (9.726923779984311e-05, array([[-1.05751010e-06],
       [ 3.87276145e-09],
       [ 1.05878101e-09]]), 2.27770873806717), (9.603422417252131e-05, array([[-1.19445675e-06],
       [-1.15236711e-08],
       [-1.83221506e-09]]), 2.268477750560876), (9.473633018964285e-05, array([[-1.31921094e-06],
       [ 3.63000026e-09],
       [ 7.51521495e-10]]), 2.2598808517441813), (9.334262179198761e-05, array([[-1.42090089e-06],
       [-5.33850690e-09],
       [-2.28533498e-10]]), 2.251093635461846), (9.168688464003159e-05, array([[-1.51577508e-06],
       [-6.28621403e-10],
       [-1.06430115e-09]]), 2.2380003390445005), (9.004990517051635e-05, array([[-1.62481601e-06],
       [ 2.30945052e-09],
       [ 1.45200522e-09]]), 2.227319067961044), (8.827090474845682e-05, array([[-1.72026066e-06],
       [-1.64590237e-09],
       [-1.92940288e-10]]), 2.215049696236145), (8.649946606488303e-05, array([[-1.81297062e-06],
       [-4.08175450e-09],
       [-3.26413473e-10]]), 2.204863817348286), (8.456324437723923e-05, array([[-1.89594571e-06],
       [-6.73258146e-10],
       [ 2.12977218e-09]]), 2.19232639905511), (8.255873165875605e-05, array([[-1.96337581e-06],
       [-2.28926539e-09],
       [-6.93372036e-10]]), 2.179785022144676), (8.055112715056707e-05, array([[-2.03052477e-06],
       [-2.87667247e-10],
       [-5.82242988e-10]]), 2.1689146739051437), (7.838212681515436e-05, array([[-2.10784998e-06],
       [ 3.07398841e-09],
       [-4.04475950e-10]]), 2.1553854738900724), (7.624937614487528e-05, array([[-2.14459650e-06],
       [-1.44346995e-09],
       [-1.47594431e-09]]), 2.1444931617063308), (7.406396271511963e-05, array([[-2.20910483e-06],
       [ 1.99928825e-09],
       [ 5.13708591e-10]]), 2.1337760831047103), (7.170618953433681e-05, array([[-2.23656031e-06],
       [ 3.87089333e-09],
       [-5.86173966e-10]]), 2.11962169228657), (6.944707764561779e-05, array([[-2.27541713e-06],
       [ 2.85128117e-09],
       [ 7.27308652e-10]]), 2.1098863519304114), (6.705567533473472e-05, array([[-2.27968821e-06],
       [ 7.71878650e-10],
       [-1.22418959e-09]]), 2.0976329935690425), (6.465753801504293e-05, array([[-2.29051266e-06],
       [ 3.61856000e-09],
       [-2.89943936e-10]]), 2.0865789354129123), (6.224864551766122e-05, array([[-2.30463761e-06],
       [-3.24304909e-09],
       [-4.04299088e-10]]), 2.076603715722431), (5.983420436365777e-05, array([[-2.29248894e-06],
       [-2.36848860e-09],
       [ 1.77468242e-10]]), 2.0678953497636043), (5.7440530149722935e-05, array([[-2.28733670e-06],
       [-5.06499429e-10],
       [-1.00203829e-09]]), 2.0614344550556396), (5.4900985717704014e-05, array([[-2.26640767e-06],
       [-4.76209836e-10],
       [-8.82987209e-10]]), 2.051160998921178), (5.24320725620065e-05, array([[-2.23139631e-06],
       [-2.08729905e-09],
       [-2.55317323e-10]]), 2.0449071277153457), (4.997247262354479e-05, array([[-2.19942768e-06],
       [ 2.13505276e-09],
       [ 1.25562476e-09]]), 2.040607972644219), (4.750053201976113e-05, array([[-2.15233608e-06],
       [ 2.39941073e-10],
       [-3.24447919e-11]]), 2.0375086636246666), (4.503601248725648e-05, array([[-2.09820765e-06],
       [ 2.81842556e-10],
       [-1.00197814e-09]]), 2.036574897529616), (4.2476435438705504e-05, array([[-2.04069265e-06],
       [-4.63044933e-09],
       [-3.01523165e-10]]), 2.033153523301805), (4.0067949734690754e-05, array([[-1.97143612e-06],
       [-2.34293836e-09],
       [ 2.46958620e-10]]), 2.036601325335711), (3.8553051300464116e-05, array([[-1.77742814e-06],
       [-2.80614996e-09],
       [-5.91013341e-10]]), 2.03636207447432), (3.708280727792515e-05, array([[-1.58503691e-06],
       [-3.86847327e-09],
       [ 5.60424063e-11]]), 2.0406966891984815), (3.5542252433833676e-05, array([[-1.40363825e-06],
       [ 4.15504244e-09],
       [-7.28962005e-11]]), 2.043519299292655), (3.4003664799814434e-05, array([[-1.22247943e-06],
       [-2.02906282e-10],
       [ 7.07662932e-10]]), 2.048884792549944), (3.2460725328514526e-05, array([[-1.05706861e-06],
       [ 1.90678757e-09],
       [-3.68943693e-11]]), 2.0566911240064543), (3.0892768309269255e-05, array([[-9.01953453e-07],
       [ 1.61175248e-09],
       [-1.76550030e-10]]), 2.0658675250734047), (2.9351348482873072e-05, array([[-7.53768336e-07],
       [-3.80550184e-10],
       [ 3.60507014e-10]]), 2.080217502638321), (2.77767406753624e-05, array([[-6.14395039e-07],
       [ 2.74431449e-09],
       [-2.88215031e-10]]), 2.096136912894959), (2.6216349984263217e-05, array([[-4.88986050e-07],
       [ 6.72636140e-10],
       [ 3.42427239e-11]]), 2.1176887150832453), (2.4595038428907213e-05, array([[-3.71348466e-07],
       [ 5.13591472e-10],
       [ 5.94727936e-11]]), 2.139529211498806), (2.2965374761778774e-05, array([[-2.66733331e-07],
       [-3.42891045e-09],
       [ 4.23643700e-11]]), 2.1665855497893904), (2.132989607209016e-05, array([[-1.74952024e-07],
       [ 3.77278906e-10],
       [-1.99957237e-10]]), 2.2004577348498655), (1.9663463283148767e-05, array([[-9.51770480e-08],
       [-1.18798308e-09],
       [ 7.26516392e-11]]), 2.2402837510490965), (1.8036377368960995e-05, array([[-2.91673665e-08],
       [-7.94211345e-10],
       [-1.52738374e-12]]), 2.2969805732925215), (1.7896646705218415e-05, array([[-1.70812179e-08],
       [-7.69298514e-10],
       [-1.14220196e-12]]), 2.279185502057082), (1.9319252099878265e-05, array([[-5.86728081e-08],
       [-1.86617024e-10],
       [-4.53775687e-11]]), 2.2010673266732783), (2.070829728332393e-05, array([[-1.12690724e-07],
       [-2.45349729e-09],
       [ 6.57578521e-11]]), 2.1363316904429404), (2.217208336942301e-05, array([[-1.78176553e-07],
       [ 1.21559325e-09],
       [-1.24527746e-10]]), 2.091745331187309), (2.358540841737598e-05, array([[-2.55133420e-07],
       [-1.90955171e-09],
       [ 6.62532455e-11]]), 2.0517012168924604), (2.4953211422412953e-05, array([[-3.45448162e-07],
       [ 1.79427681e-09],
       [ 1.65408647e-10]]), 2.015655660152929), (2.63841537693371e-05, array([[-4.45349791e-07],
       [-1.93239491e-09],
       [-2.79874882e-10]]), 1.9910470878413333), (2.784213145366631e-05, array([[-5.53632219e-07],
       [-2.30231877e-10],
       [-3.22856416e-10]]), 1.9732547959242628), (2.9234049891407925e-05, array([[-6.74119160e-07],
       [-4.84651341e-09],
       [ 3.58399893e-10]]), 1.9549453675510997), (3.067959734384167e-05, array([[-8.05245329e-07],
       [-1.00306331e-09],
       [-2.58795130e-10]]), 1.9438399760507972), (3.213256736526136e-05, array([[-9.39201193e-07],
       [-6.34395625e-10],
       [ 5.26778219e-10]]), 1.936142148437774), (3.363044345964239e-05, array([[-1.08781834e-06],
       [-1.30313404e-09],
       [ 7.88849794e-10]]), 1.933598901237024), (3.5090500564136397e-05, array([[-1.24395403e-06],
       [ 5.16724899e-09],
       [-8.43834487e-10]]), 1.931058449455051), (3.65767446085533e-05, array([[-1.40510982e-06],
       [ 4.79974244e-10],
       [ 2.49977093e-11]]), 1.931974072508611), (3.808865108118892e-05, array([[-1.57143954e-06],
       [ 1.97129859e-10],
       [ 9.51074581e-10]]), 1.9359961711501708), (4.071304404551021e-05, array([[-1.64993402e-06],
       [ 9.88906515e-10],
       [ 2.98951999e-10]]), 1.9487480079376782), (4.345076524420713e-05, array([[-1.71343122e-06],
       [-2.16991287e-09],
       [-6.39359555e-10]]), 1.9648883834874187), (4.6144128956919894e-05, array([[-1.77061238e-06],
       [-1.25355926e-09],
       [-4.89317510e-10]]), 1.9793265154593307), (4.884463991924632e-05, array([[-1.83793015e-06],
       [ 2.78713253e-09],
       [-2.04654788e-09]]), 1.9945533292100668), (5.149760982147781e-05, array([[-1.87629933e-06],
       [ 2.59336771e-09],
       [-2.64111786e-10]]), 2.008462077475691), (5.415559319281381e-05, array([[-1.91302314e-06],
       [ 1.02136181e-10],
       [ 1.41948953e-09]]), 2.0233123172271235), (5.68118526989484e-05, array([[-1.94179421e-06],
       [ 3.49259573e-10],
       [-3.50263737e-10]]), 2.038872383383162), (5.944695276959284e-05, array([[-1.95424576e-06],
       [-9.52562901e-10],
       [-1.27906522e-11]]), 2.054511771272472), (6.211486221545574e-05, array([[-1.97706174e-06],
       [ 2.54293821e-09],
       [-1.52153618e-09]]), 2.07214072861402), (6.46380543449951e-05, array([[-1.97294560e-06],
       [-4.08732417e-10],
       [ 8.06766567e-10]]), 2.0859501732182113), (6.719570464394532e-05, array([[-1.97815171e-06],
       [ 3.70599002e-09],
       [-3.36372201e-10]]), 2.102013384902074), (6.971151856486295e-05, array([[-1.96610770e-06],
       [ 2.24804217e-09],
       [-2.85891217e-10]]), 2.1179203874193426), (7.209975495981014e-05, array([[-1.94286267e-06],
       [ 1.79673058e-09],
       [ 1.70796705e-10]]), 2.1312554134281436), (7.448801380865143e-05, array([[-1.92208157e-06],
       [ 7.01608820e-09],
       [-5.11841276e-10]]), 2.145992956847653), (7.682887390365633e-05, array([[-1.88446712e-06],
       [ 1.25062955e-09],
       [-1.54385526e-09]]), 2.160791380049376), (7.915772657358441e-05, array([[-1.84355230e-06],
       [ 1.49424376e-09],
       [-9.80366360e-10]]), 2.1767132500145356), (8.129093860790456e-05, array([[-1.80665521e-06],
       [ 2.38479965e-09],
       [-1.58955365e-09]]), 2.1888347915062694), (8.34408811449386e-05, array([[-1.74689924e-06],
       [ 1.26167747e-09],
       [-1.60110287e-09]]), 2.2030762743070924), (8.549892412285474e-05, array([[-1.66958577e-06],
       [-2.31499345e-09],
       [-6.91137870e-10]]), 2.2165841652096727), (8.747758778925868e-05, array([[-1.61085611e-06],
       [-1.30158233e-09],
       [ 4.20177513e-10]]), 2.2297960544723927), (8.930299060489551e-05, array([[-1.53847316e-06],
       [-5.02300670e-09],
       [ 4.35462585e-10]]), 2.2409486203415327), (9.106703510809162e-05, array([[-1.45622495e-06],
       [-1.54551556e-10],
       [-6.78885009e-11]]), 2.2524770389801763), (9.269940098485936e-05, array([[-1.36667588e-06],
       [ 5.36384965e-09],
       [-9.24003608e-10]]), 2.2627150180513094), (9.424623256401222e-05, array([[-1.27683562e-06],
       [-1.43231095e-09],
       [ 6.33475603e-10]]), 2.272885528798336), (9.566912986296795e-05, array([[-1.17310622e-06],
       [ 4.68726461e-09],
       [ 2.14689034e-10]]), 2.2821322532502437), (9.698048659214442e-05, array([[-1.08156079e-06],
       [-1.69289840e-09],
       [ 4.50240597e-10]]), 2.2908299407680954), (9.808921441353508e-05, array([[-9.59572575e-07],
       [-1.60242308e-09],
       [ 6.60327857e-10]]), 2.2969097510519756), (9.913564609482276e-05, array([[-8.41380955e-07],
       [ 1.48953347e-09],
       [ 5.08552377e-10]]), 2.303738434330119), (0.00010009855802534894, array([[-7.23083285e-07],
       [-2.00217953e-09],
       [-5.08254462e-10]]), 2.31084697489311), (0.00010093982477443979, array([[-6.25997307e-07],
       [ 1.65639037e-11],
       [ 9.28193621e-10]]), 2.3173910543375134), (0.00010145373673651075, array([[-4.93480350e-07],
       [-2.99572568e-09],
       [ 1.48542016e-10]]), 2.3187109640075265), (0.00010199499128034913, array([[-3.67799484e-07],
       [-1.99315130e-09],
       [ 4.48025296e-10]]), 2.3229697208600846), (0.00010237229274972518, array([[-2.38876297e-07],
       [-3.62246318e-10],
       [ 3.10863805e-11]]), 2.3258115789846836), (0.00010254945887868541, array([[-1.19859064e-07],
       [-2.54775012e-09],
       [ 1.82605901e-10]]), 2.326440499034486), (0.00010267545581494799, array([[2.01925575e-09],
       [6.47527766e-10],
       [9.51390610e-11]]), 2.328249389288169)]