[(0.00010260350745060665, array([[ 2.14617604e-09],
       [-2.17691545e-09],
       [ 2.98296310e-10]]), 2.3266179016652657), (0.00010245419177994039, array([[-1.57141508e-07],
       [-6.18426782e-09],
       [ 8.49713676e-11]]), 2.3242792664042082), (0.00010203341080862738, array([[-2.72084634e-07],
       [ 2.32642357e-09],
       [-2.71103475e-10]]), 2.318112468987792), (0.00010169784610305361, array([[-4.13308199e-07],
       [ 4.37489147e-09],
       [ 5.15067995e-10]]), 2.316202140992758), (0.00010107151934753695, array([[-5.43141660e-07],
       [-4.53070825e-09],
       [ 9.89385223e-11]]), 2.3099754390386473), (0.00010034460119191542, array([[-6.65624631e-07],
       [-1.11218301e-09],
       [ 2.25541974e-10]]), 2.3037258254889887), (9.9434398332533e-05, array([[-8.16895165e-07],
       [ 4.59645610e-10],
       [-6.57435492e-10]]), 2.2955143722336286), (9.842072395321434e-05, array([[-9.55843916e-07],
       [ 3.84676170e-09],
       [ 4.42547052e-10]]), 2.2871248984320247), (9.734014662511659e-05, array([[-1.06590766e-06],
       [-7.71602660e-09],
       [-1.07445889e-09]]), 2.279369177221261), (9.607818001559816e-05, array([[-1.20246284e-06],
       [ 1.85087529e-09],
       [ 4.44658337e-10]]), 2.2695160559450884), (9.473133147869116e-05, array([[-1.30531048e-06],
       [ 2.02294393e-09],
       [-4.72481947e-10]]), 2.259761610359799), (9.326434022866602e-05, array([[-1.41517754e-06],
       [ 4.01861156e-09],
       [-1.31370880e-09]]), 2.2492057612455), (9.172550139907503e-05, array([[-1.53479460e-06],
       [-8.31078476e-09],
       [-1.02875841e-11]]), 2.2389429419060916), (9.004270515919512e-05, array([[-1.62827514e-06],
       [ 3.60814090e-09],
       [ 1.63704031e-09]]), 2.2271409809050393), (8.83404287573238e-05, array([[-1.71930913e-06],
       [ 3.68009990e-09],
       [ 1.20982269e-09]]), 2.2167943156570145), (8.64760074084429e-05, array([[-1.81915456e-06],
       [-1.92892573e-09],
       [-8.52123788e-10]]), 2.204265858249329), (8.460524846843422e-05, array([[-1.90259695e-06],
       [-4.01500734e-09],
       [-1.14085876e-09]]), 2.193415367183914), (8.255162373441584e-05, array([[-1.97788669e-06],
       [ 1.09696611e-10],
       [ 2.22685420e-10]]), 2.179597352752184), (8.055832698627028e-05, array([[-2.03845963e-06],
       [-1.60551163e-09],
       [ 5.35757956e-10]]), 2.1691085362365445), (7.842096170862517e-05, array([[-2.09862242e-06],
       [-5.06836919e-09],
       [-1.13213735e-09]]), 2.1564533725127326), (7.625642172755703e-05, array([[-2.15511652e-06],
       [ 2.06191072e-09],
       [-1.08471464e-09]]), 2.1446913168211026), (7.398642823021268e-05, array([[-2.19594981e-06],
       [ 8.91334960e-10],
       [-1.24381138e-09]]), 2.1315423215904006), (7.168809952876406e-05, array([[-2.23263170e-06],
       [-3.07561906e-09],
       [-9.37476433e-10]]), 2.1190869550696765), (6.938262697476202e-05, array([[-2.26990977e-06],
       [ 7.25010510e-09],
       [-1.14634883e-09]]), 2.107928262469754), (6.710547534704756e-05, array([[-2.28517984e-06],
       [ 2.51008720e-09],
       [ 6.89906009e-10]]), 2.0991908355919002), (6.468752125091857e-05, array([[-2.30260039e-06],
       [-6.62313014e-09],
       [-9.62712009e-10]]), 2.08754653161769), (6.2282303128411e-05, array([[-2.30117078e-06],
       [-5.63585996e-10],
       [ 9.70172623e-10]]), 2.077726527615993), (5.987166806261994e-05, array([[-2.29994518e-06],
       [ 3.15911554e-09],
       [-2.65938541e-10]]), 2.0691901110074897), (5.740686816194099e-05, array([[-2.28169401e-06],
       [-9.70852123e-10],
       [ 7.39097435e-10]]), 2.060226388534344), (5.493221344236877e-05, array([[-2.26081576e-06],
       [-1.96665681e-09],
       [-4.98295232e-10]]), 2.052327700940824), (5.244871557982201e-05, array([[-2.23755813e-06],
       [ 5.08716557e-10],
       [-9.83551195e-10]]), 2.045556223280229), (5.001546190598199e-05, array([[-2.19876089e-06],
       [ 1.83123131e-09],
       [ 1.53731017e-09]]), 2.0423634245535225), (4.7494989940705144e-05, array([[-2.15378130e-06],
       [-1.82850736e-09],
       [-5.31743168e-10]]), 2.037270939253783), (4.499993517445759e-05, array([[-2.09646751e-06],
       [-1.79985619e-09],
       [-1.87315634e-09]]), 2.03494344426458), (4.246084452636121e-05, array([[-2.03911354e-06],
       [-7.75913858e-10],
       [ 3.85097183e-10]]), 2.032407257330169), (4.004031167141969e-05, array([[-1.97002949e-06],
       [-1.70189970e-09],
       [ 6.46249743e-11]]), 2.0351965188342485), (3.853222354218413e-05, array([[-1.77674856e-06],
       [-1.26647153e-09],
       [ 1.26421829e-10]]), 2.0352619577357736), (3.7046207819107786e-05, array([[-1.58059318e-06],
       [-6.96906981e-10],
       [ 8.83402583e-10]]), 2.038682591563551), (3.553319797160163e-05, array([[-1.39694033e-06],
       [ 1.09664568e-09],
       [-1.15323384e-09]]), 2.0429987085295807), (3.400431672418047e-05, array([[-1.22657657e-06],
       [ 1.17366185e-09],
       [ 4.90554958e-10]]), 2.0489240741370116), (3.245009861745225e-05, array([[-1.05825770e-06],
       [ 1.33992789e-09],
       [ 2.87240321e-10]]), 2.056017822282664), (3.095164615371822e-05, array([[-8.99825198e-07],
       [ 9.60741295e-10],
       [-2.16835014e-10]]), 2.0698048163376823), (2.9341047372351416e-05, array([[-7.51698661e-07],
       [ 8.99269711e-10],
       [-8.99610599e-11]]), 2.0794874322493486), (2.7761141223960712e-05, array([[-6.13479136e-07],
       [-2.31674321e-09],
       [ 8.93206773e-12]]), 2.094959719851105), (2.6224102116566086e-05, array([[-4.89205451e-07],
       [ 1.94163980e-09],
       [ 5.07072846e-11]]), 2.1183149122123446), (2.4585170857339076e-05, array([[-3.70364931e-07],
       [ 1.26474169e-10],
       [ 1.73034285e-10]]), 2.1386708287124727), (2.2958828846603533e-05, array([[-2.68719192e-07],
       [-1.78879785e-09],
       [-2.41945662e-10]]), 2.1659679990036556), (2.133302895339577e-05, array([[-1.75104772e-07],
       [ 1.43725035e-09],
       [ 6.65759505e-11]]), 2.2007809325287475), (1.974620884810762e-05, array([[-9.46177346e-08],
       [-1.08920564e-09],
       [ 1.15238876e-11]]), 2.249711060062741), (1.805079286342447e-05, array([[-2.87983469e-08],
       [-5.39730372e-10],
       [-3.07829790e-11]]), 2.2988164248085803), (1.791779740227659e-05, array([[-1.55887984e-08],
       [ 2.37183969e-10],
       [ 4.72376996e-11]]), 2.281879099516283), (1.936422788300199e-05, array([[-5.89806804e-08],
       [-2.82638055e-09],
       [-2.45133809e-11]]), 2.206191475693819), (2.0724509995506418e-05, array([[-1.14063272e-07],
       [ 7.52708886e-10],
       [-1.20702788e-10]]), 2.138004243736415), (2.2140503935791237e-05, array([[-1.77291333e-07],
       [ 4.01605225e-09],
       [ 2.05062745e-10]]), 2.0887660832853325), (2.3588434046660517e-05, array([[-2.56061823e-07],
       [-3.05640706e-09],
       [ 4.08340561e-10]]), 2.051964417222728), (2.4950780192274616e-05, array([[-3.44635647e-07],
       [-1.44693042e-09],
       [ 3.04091613e-10]]), 2.0154592716918804), (2.6384588103179355e-05, array([[-4.45056528e-07],
       [ 1.52855500e-09],
       [ 3.78093603e-10]]), 1.9910798643002388), (2.7775981654873648e-05, array([[-5.54795633e-07],
       [-2.43469194e-09],
       [ 1.36286075e-10]]), 1.9685665626281064), (2.9246053739957716e-05, array([[-6.73012915e-07],
       [ 1.84693605e-09],
       [ 1.27377530e-10]]), 1.9557480913680996), (3.0668283141449385e-05, array([[-8.04250856e-07],
       [ 2.63064252e-10],
       [ 2.46084849e-10]]), 1.9431231153090878), (3.215931229208633e-05, array([[-9.43649656e-07],
       [ 1.10105023e-09],
       [ 1.52608712e-10]]), 1.937753659260862), (3.362346850579325e-05, array([[-1.08641103e-06],
       [ 2.04507489e-09],
       [-9.50901694e-10]]), 1.9331978728320593), (3.507093488844405e-05, array([[-1.24902556e-06],
       [ 1.60576991e-09],
       [ 1.34354981e-10]]), 1.9299817345961123), (3.658030903995974e-05, array([[-1.40572883e-06],
       [ 2.26987610e-09],
       [ 4.10874574e-10]]), 1.9321623448421432), (3.813867107081781e-05, array([[-1.57438228e-06],
       [-1.85534976e-09],
       [ 4.56859547e-10]]), 1.938538621608605), (4.069834852707892e-05, array([[-1.64800388e-06],
       [ 2.18922302e-09],
       [-1.05031672e-09]]), 1.9480446003949614), (4.3439734338416005e-05, array([[-1.71610121e-06],
       [-2.76440042e-09],
       [-4.01036681e-10]]), 1.964389554559401), (4.613095283994568e-05, array([[-1.77283719e-06],
       [-9.40535761e-10],
       [-9.33715497e-10]]), 1.9787613333161764), (4.886893144489831e-05, array([[-1.82904288e-06],
       [-2.87938656e-09],
       [-2.02358448e-10]]), 1.9955452649360927), (5.1504202632223196e-05, array([[-1.87485068e-06],
       [ 6.44673564e-09],
       [-6.26317156e-10]]), 2.0087192041736484), (5.41416243761866e-05, array([[-1.90735656e-06],
       [ 2.77169349e-09],
       [ 3.74768311e-10]]), 2.0227904269278465), (5.682919393705297e-05, array([[-1.93588096e-06],
       [-6.15126859e-09],
       [ 1.84212310e-09]]), 2.03949472836551), (5.949066250187333e-05, array([[-1.96545889e-06],
       [-1.89660986e-09],
       [ 6.29935315e-10]]), 2.056022398063344), (6.20685911006401e-05, array([[-1.97922275e-06],
       [ 6.38990031e-09],
       [-8.20859854e-10]]), 2.0705971324737718), (6.464009110972548e-05, array([[-1.97493831e-06],
       [-9.61984595e-09],
       [ 2.08625280e-09]]), 2.0860159021419116), (6.716333744129118e-05, array([[-1.96535652e-06],
       [-2.61685031e-09],
       [-1.34747468e-09]]), 2.10100087534404), (6.962647917533467e-05, array([[-1.96186832e-06],
       [-5.96064773e-09],
       [ 1.16157803e-09]]), 2.1153367877427973), (7.214877521221288e-05, array([[-1.94890208e-06],
       [-4.35536324e-09],
       [-7.04962935e-10]]), 2.1327044430172064), (7.454770692913652e-05, array([[-1.91310164e-06],
       [ 3.36011487e-09],
       [ 7.97486379e-10]]), 2.147712710262777), (7.686418490903611e-05, array([[-1.89935801e-06],
       [-5.64788690e-10],
       [-4.08322970e-10]]), 2.1617844925625334), (7.912503087322157e-05, array([[-1.84759301e-06],
       [-1.97008334e-09],
       [ 1.84758044e-09]]), 2.1758141695674467), (8.130888707805178e-05, array([[-1.80239628e-06],
       [-4.37099779e-09],
       [-4.34959497e-10]]), 2.189318070904752), (8.346969804724899e-05, array([[-1.74175571e-06],
       [ 1.93691526e-09],
       [ 1.00165835e-09]]), 2.2038371223818953), (8.553546135398243e-05, array([[-1.67178831e-06],
       [ 2.18887675e-10],
       [-3.64247556e-10]]), 2.2175314034210194), (8.737991558577512e-05, array([[-1.61407496e-06],
       [ 1.13492706e-09],
       [-1.94914073e-10]]), 2.2273063985563657), (8.93033909204116e-05, array([[-1.52959845e-06],
       [ 5.65162781e-10],
       [ 1.87825341e-11]]), 2.2409586657666343), (9.10248450981534e-05, array([[-1.44008931e-06],
       [ 6.00918004e-09],
       [-1.04322258e-09]]), 2.2514334996956546), (9.268779481145576e-05, array([[-1.35002057e-06],
       [-4.17660461e-09],
       [-3.54269691e-11]]), 2.2624317210441722), (9.422896530791014e-05, array([[-1.26547720e-06],
       [-1.01300683e-09],
       [ 8.67196813e-10]]), 2.2724691037015576), (9.565432906951598e-05, array([[-1.17749512e-06],
       [-1.55786750e-09],
       [ 6.24440941e-10]]), 2.281779188806585), (9.687399184823826e-05, array([[-1.07555365e-06],
       [ 9.79988664e-10],
       [-6.93590663e-10]]), 2.288314369270701), (9.814125782686189e-05, array([[-9.56223252e-07],
       [-3.54176752e-09],
       [ 6.07761844e-11]]), 2.298128427582959), (9.920548478601905e-05, array([[-8.58052275e-07],
       [ 4.85969334e-09],
       [-3.06729533e-10]]), 2.3053613629481293), (0.00010006533219346716, array([[-7.14133154e-07],
       [-7.37967525e-09],
       [ 1.80713127e-10]]), 2.3100799327437826), (0.00010086263257364106, array([[-6.25310084e-07],
       [-3.00701921e-09],
       [ 8.25328351e-10]]), 2.3156188646592044), (0.00010155022604675188, array([[-5.02774902e-07],
       [-1.07030175e-08],
       [ 2.16198573e-10]]), 2.320916213698297), (0.00010197502800836357, array([[-3.63279183e-07],
       [ 4.79630565e-09],
       [-4.38032118e-10]]), 2.3225150507260945), (0.00010240999887384073, array([[-2.48263845e-07],
       [ 4.49267947e-09],
       [-1.50473550e-10]]), 2.3266682301127477), (0.00010260909973548969, array([[-1.24019950e-07],
       [-1.38330382e-09],
       [ 3.82124157e-10]]), 2.3277935135328924), (0.00010264246257585983, array([[ 1.24008546e-08],
       [ 1.58994588e-09],
       [-2.58768628e-10]]), 2.3275012407832714)]