[(0.00010260326210159644, array([[ 5.41001658e-09],
       [ 4.37744790e-09],
       [-4.71742417e-10]]), 2.3266123381771013), (0.00010242277433066545, array([[-1.52025275e-07],
       [ 7.56575199e-09],
       [ 6.75895978e-11]]), 2.3235665290853698), (0.00010207234126057384, array([[-2.72791605e-07],
       [ 1.02720308e-09],
       [-4.14887137e-11]]), 2.3189969358047415), (0.00010160622548034741, array([[-4.04635554e-07],
       [-1.38585849e-08],
       [-2.32606853e-10]]), 2.314115450953559), (0.00010105782873858074, array([[-5.46840244e-07],
       [ 8.56487803e-10],
       [ 2.68992830e-10]]), 2.3096625420856927), (0.00010029749555984847, array([[-6.79233209e-07],
       [ 6.83505978e-09],
       [-5.83509316e-10]]), 2.302644367594597), (9.944842638025352e-05, array([[-7.92609746e-07],
       [ 2.97383725e-09],
       [ 2.10912815e-10]]), 2.295838219772276), (9.840578647543441e-05, array([[-9.30369422e-07],
       [ 7.08087154e-09],
       [ 4.09618880e-10]]), 2.286777777663369), (9.730208474339592e-05, array([[-1.07464740e-06],
       [ 1.04679020e-09],
       [ 3.23835707e-10]]), 2.2784778997470734), (9.604955773486526e-05, array([[-1.19126650e-06],
       [ 3.30461786e-09],
       [-2.85663664e-10]]), 2.2688399531538974), (9.471972053737262e-05, array([[-1.32346578e-06],
       [ 4.88365288e-09],
       [-1.82411941e-10]]), 2.25948463801029), (9.322425587036842e-05, array([[-1.42275454e-06],
       [-4.95146344e-09],
       [-7.79343931e-10]]), 2.2482390684087976), (9.172827055153055e-05, array([[-1.52381713e-06],
       [ 1.61948011e-09],
       [-1.51898556e-09]]), 2.239010534606603), (9.006839297681428e-05, array([[-1.64693693e-06],
       [-3.50410139e-09],
       [-6.31356153e-11]]), 2.227776350435847), (8.83261947268106e-05, array([[-1.72494422e-06],
       [-4.70211870e-09],
       [ 1.33599274e-09]]), 2.2164371301828845), (8.647767344661116e-05, array([[-1.81729026e-06],
       [-3.49390516e-10],
       [ 1.49698545e-09]]), 2.2043083254163833), (8.459833300530922e-05, array([[-1.90110789e-06],
       [ 2.16802152e-09],
       [ 5.91005635e-10]]), 2.1932360818161127), (8.260336334869115e-05, array([[-1.96847899e-06],
       [ 3.22477388e-09],
       [-9.87405586e-10]]), 2.180963425534346), (8.056697510464223e-05, array([[-2.04432282e-06],
       [-6.27676594e-09],
       [-1.07478830e-09]]), 2.1693413949376215), (7.837056591938907e-05, array([[-2.10280113e-06],
       [ 4.10558260e-09],
       [-7.41682344e-10]]), 2.155067567400288), (7.625537079193697e-05, array([[-2.15403072e-06],
       [ 5.63204102e-09],
       [ 6.58459173e-10]]), 2.144661759539921), (7.39819788465055e-05, array([[-2.20635653e-06],
       [ 3.84935536e-09],
       [ 2.72142387e-10]]), 2.1314141352472604), (7.174582880361746e-05, array([[-2.23570199e-06],
       [-1.89595752e-09],
       [ 1.97252015e-09]]), 2.120793421750641), (6.942720176013209e-05, array([[-2.26782762e-06],
       [ 8.59576533e-10],
       [-1.60080804e-09]]), 2.1092824984503156), (6.707257243002805e-05, array([[-2.28650661e-06],
       [ 1.31259338e-09],
       [ 2.02655708e-10]]), 2.0981615678381975), (6.468353713510331e-05, array([[-2.29640012e-06],
       [-2.76480659e-09],
       [ 3.98610079e-10]]), 2.0874179592595152), (6.227061928515068e-05, array([[-2.29787479e-06],
       [ 3.60822665e-09],
       [ 1.39867955e-10]]), 2.0773367566880228), (5.984485930122987e-05, array([[-2.29577778e-06],
       [ 3.33388224e-09],
       [-5.44455420e-10]]), 2.068263588901931), (5.738518433599348e-05, array([[-2.28644823e-06],
       [ 1.56530739e-09],
       [-3.81001150e-10]]), 2.059448196101072), (5.494330415689017e-05, array([[-2.25285049e-06],
       [-2.21991379e-09],
       [ 4.65006804e-10]]), 2.0527420621909744), (5.245389568047311e-05, array([[-2.23162649e-06],
       [-7.48198472e-10],
       [ 1.13166700e-09]]), 2.045758252767642), (4.994309375150998e-05, array([[-2.19908868e-06],
       [-9.51299356e-10],
       [-4.30052278e-10]]), 2.0394082969557026), (4.748330294906266e-05, array([[-2.15225095e-06],
       [-1.92781419e-09],
       [ 1.72933002e-10]]), 2.036769632306034), (4.499467442376006e-05, array([[-2.10495042e-06],
       [-1.57467489e-09],
       [-9.62399634e-11]]), 2.034705547696455), (4.251290120387259e-05, array([[-2.03826692e-06],
       [-4.08897265e-10],
       [-6.14592914e-11]]), 2.0348989734122864), (4.0082345766228705e-05, array([[-1.96896950e-06],
       [-7.83695462e-10],
       [-2.07413659e-10]]), 2.0373330567345946), (3.856863893952262e-05, array([[-1.77813606e-06],
       [-2.72167496e-09],
       [ 4.13695813e-10]]), 2.037185409487727), (3.703304616775984e-05, array([[-1.57978917e-06],
       [ 1.61300191e-09],
       [-6.20498174e-10]]), 2.0379582953114133), (3.556170903202708e-05, array([[-1.40015163e-06],
       [ 1.09707055e-09],
       [-1.15776527e-10]]), 2.04463796598326), (3.401442360838685e-05, array([[-1.22552171e-06],
       [-2.01975319e-09],
       [-4.90946458e-10]]), 2.0495330626525856), (3.2500863771723354e-05, array([[-1.05661106e-06],
       [ 1.59267930e-09],
       [-1.13323087e-10]]), 2.059234270502522), (3.094055366378549e-05, array([[-9.03474617e-07],
       [ 2.91521289e-09],
       [ 1.32659969e-10]]), 2.0690630370806464), (2.9376988538626144e-05, array([[-7.55384467e-07],
       [ 1.09133285e-09],
       [ 6.38242329e-11]]), 2.082034689769512), (2.7748818029039037e-05, array([[-6.11263956e-07],
       [ 1.35124877e-09],
       [ 2.06925246e-10]]), 2.094029765395252), (2.615436872355775e-05, array([[-4.87096730e-07],
       [-9.59493531e-11],
       [ 2.09283971e-11]]), 2.1126820296971642), (2.4613982782694726e-05, array([[-3.70874745e-07],
       [ 3.39483229e-09],
       [-2.24229049e-10]]), 2.141177186086791), (2.3029002428413535e-05, array([[-2.67494426e-07],
       [-3.41614020e-11],
       [-9.08838924e-11]]), 2.172588272781184), (2.1371153202402857e-05, array([[-1.75377700e-07],
       [-3.41449474e-09],
       [ 1.63958112e-10]]), 2.204713947407463), (1.967592817514382e-05, array([[-9.34075717e-08],
       [ 9.04709601e-10],
       [-8.21244497e-11]]), 2.241703892282255), (1.8004008855858296e-05, array([[-2.91656955e-08],
       [-5.72505846e-10],
       [-1.01176316e-11]]), 2.292858357158853), (1.7897313735170908e-05, array([[-1.77492802e-08],
       [-3.31735265e-09],
       [ 1.31301247e-11]]), 2.279270450093561), (1.934487024401018e-05, array([[-5.75126096e-08],
       [ 1.17669849e-09],
       [-2.17549242e-11]]), 2.2039860348990032), (2.0755671959900202e-05, array([[-1.14104646e-07],
       [-7.86159750e-10],
       [ 9.17853126e-11]]), 2.141219007903651), (2.217140483136391e-05, array([[-1.79074110e-07],
       [ 1.12637667e-09],
       [-2.06409421e-11]]), 2.091681316958537), (2.3559970108954433e-05, array([[-2.56885279e-07],
       [ 9.04484131e-11],
       [-2.69600868e-10]]), 2.0494883313905192), (2.4980847379326004e-05, array([[-3.45694153e-07],
       [ 3.10798572e-11],
       [ 1.29205953e-10]]), 2.0178880210315575), (2.6357539061987202e-05, array([[-4.44574430e-07],
       [-4.43666153e-09],
       [ 8.73749855e-10]]), 1.9890386423165674), (2.780803517052104e-05, array([[-5.56312791e-07],
       [ 2.51274674e-09],
       [-4.57540569e-10]]), 1.970838290767265), (2.921116432515195e-05, array([[-6.71648215e-07],
       [-1.64086035e-09],
       [ 5.15938772e-10]]), 1.9534149592805354), (3.064181324017163e-05, array([[-7.99706190e-07],
       [-1.66620675e-09],
       [ 2.01549786e-10]]), 1.9414459990259385), (3.215037229616219e-05, array([[-9.43885964e-07],
       [-3.33604625e-09],
       [ 1.62973317e-10]]), 1.937214981391807), (3.36197809655894e-05, array([[-1.08664567e-06],
       [-5.98540760e-10],
       [ 1.73887917e-10]]), 1.932985855892854), (3.511178673787126e-05, array([[-1.24237343e-06],
       [ 1.53082622e-09],
       [-2.99365740e-11]]), 1.932229844704091), (3.6585538853231834e-05, array([[-1.40332832e-06],
       [ 8.69669831e-11],
       [ 1.02250032e-09]]), 1.9324385822097352), (3.810498270513871e-05, array([[-1.57108230e-06],
       [-7.67335319e-10],
       [ 3.33959623e-10]]), 1.9368262861723091), (4.0734396977300194e-05, array([[-1.65003179e-06],
       [-1.13940766e-09],
       [ 6.88557340e-10]]), 1.9497700755394733), (4.341965643150614e-05, array([[-1.71365629e-06],
       [ 5.19843067e-10],
       [-6.15422231e-11]]), 1.9634816109172069), (4.6118899066535875e-05, array([[-1.77434979e-06],
       [ 3.16222465e-09],
       [-8.61704499e-10]]), 1.9782442934703566), (4.878853064186267e-05, array([[-1.82495586e-06],
       [-9.17785621e-10],
       [ 8.30929242e-11]]), 1.9922621270189942), (5.149209453826364e-05, array([[-1.87086576e-06],
       [ 2.40044755e-09],
       [-9.62028792e-10]]), 2.008246975508423), (5.418240337099627e-05, array([[-1.90757318e-06],
       [-4.79184765e-09],
       [ 1.49742504e-09]]), 2.0243139748684773), (5.6833312923725495e-05, array([[-1.93652018e-06],
       [ 2.09719929e-09],
       [-5.28956176e-10]]), 2.0396425511837277), (5.948131630497022e-05, array([[-1.96235660e-06],
       [ 3.24371955e-09],
       [ 1.12818557e-09]]), 2.0556993895547584), (6.20490255125645e-05, array([[-1.97253853e-06],
       [ 1.18841436e-09],
       [-4.56735062e-10]]), 2.0699444279440553), (6.467052677674023e-05, array([[-1.98602435e-06],
       [-5.23396371e-10],
       [-1.34041332e-09]]), 2.086998098860621), (6.717703729913679e-05, array([[-1.97135331e-06],
       [-2.70870965e-09],
       [ 8.96619946e-10]]), 2.1014294337573385), (6.965624699019453e-05, array([[-1.96998972e-06],
       [-3.22582930e-09],
       [ 1.14763604e-09]]), 2.1162411700210573), (7.216364777147914e-05, array([[-1.95079370e-06],
       [ 1.70711137e-09],
       [-3.78630500e-10]]), 2.133144073116718), (7.454770220534082e-05, array([[-1.93466355e-06],
       [-1.63102763e-09],
       [-1.62175731e-09]]), 2.1477125741706495), (7.687982932039772e-05, array([[-1.89309100e-06],
       [ 4.05095642e-09],
       [-1.39021648e-09]]), 2.1622244874173133), (7.91713648148599e-05, array([[-1.84561986e-06],
       [ 5.00817805e-09],
       [-1.22589050e-09]]), 2.1770882802456484), (8.132402693646902e-05, array([[-1.81313161e-06],
       [ 4.36910858e-09],
       [-1.60548511e-09]]), 2.1897257257972855), (8.341580150173584e-05, array([[-1.72607816e-06],
       [-3.64646214e-11],
       [-4.34561412e-11]]), 2.2024141004883364), (8.549664560472622e-05, array([[-1.68058447e-06],
       [-5.22553929e-09],
       [ 1.24749255e-10]]), 2.216525093972746), (8.744940189098273e-05, array([[-1.61267786e-06],
       [-1.06038413e-09],
       [-1.33890925e-09]]), 2.229077598392889), (8.923921589375517e-05, array([[-1.54357658e-06],
       [ 2.81708523e-09],
       [ 1.41558245e-09]]), 2.2393482724699263), (9.105718190337003e-05, array([[-1.46678688e-06],
       [-4.76829867e-09],
       [ 3.92596059e-10]]), 2.2522333271104595), (9.27247893705062e-05, array([[-1.38453571e-06],
       [ 2.26129354e-10],
       [ 6.66656551e-10]]), 2.2633347273577), (9.421270806671562e-05, array([[-1.26762891e-06],
       [ 6.59162257e-09],
       [-4.49219706e-10]]), 2.2720770365892293), (9.565793563304314e-05, array([[-1.17827330e-06],
       [-4.56492157e-09],
       [-4.48862403e-10]]), 2.281865221312164), (9.694236850065357e-05, array([[-1.07255824e-06],
       [ 5.70925108e-09],
       [-1.02784857e-09]]), 2.2899295321566253), (9.815431769481156e-05, array([[-9.49222837e-07],
       [ 4.15200307e-09],
       [-8.63970188e-10]]), 2.298434244468336), (9.920342592964711e-05, array([[-8.43040472e-07],
       [ 5.62802741e-10],
       [ 4.56433295e-10]]), 2.3053135187392932), (0.00010008527442143503, array([[-7.35298850e-07],
       [ 1.74628931e-09],
       [-1.65486138e-10]]), 2.310540313373447), (0.00010086885971614137, array([[-6.08556263e-07],
       [-2.49738752e-09],
       [ 5.92722232e-10]]), 2.3157618282947814), (0.00010149074171822134, array([[-5.10269246e-07],
       [-1.17761530e-10],
       [-1.73150190e-10]]), 2.3195567076890837), (0.00010198430592920357, array([[-3.74334823e-07],
       [-2.06483941e-09],
       [-3.32703525e-10]]), 2.3227263584473197), (0.00010232113981320601, array([[-2.36262271e-07],
       [-8.70476919e-09],
       [-1.22060432e-10]]), 2.324649427694918), (0.0001025771530218609, array([[-1.39779247e-07],
       [ 2.26127614e-09],
       [-4.91323275e-10]]), 2.327068769304988), (0.00010267072170065844, array([[ 7.34901041e-09],
       [ 1.79965523e-09],
       [-2.69151124e-10]]), 2.328142039399961)]