[(0.00010263704347778572, array([[ 7.24658797e-09],
       [ 1.06449058e-08],
       [-2.52241766e-10]]), 2.3273783583311656), (0.0001024193913059508, array([[-1.48003930e-07],
       [-4.41636479e-09],
       [-5.90252541e-10]]), 2.323489781672058), (0.00010212389542333521, array([[-2.76427710e-07],
       [ 2.54883840e-09],
       [-7.03791916e-10]]), 2.320168202614096), (0.00010168275762630915, array([[-4.21517109e-07],
       [ 4.39888483e-09],
       [ 6.56232115e-10]]), 2.3158584959355712), (0.00010098701265451746, array([[-5.45388926e-07],
       [-2.80859274e-09],
       [-6.55539496e-10]]), 2.3080440503886144), (0.00010029574617284796, array([[-6.78934656e-07],
       [ 4.67131130e-09],
       [ 6.55205697e-10]]), 2.302604204915549), (9.939408178396194e-05, array([[-8.17484100e-07],
       [-3.71820279e-09],
       [-8.24147089e-11]]), 2.294583635806038), (9.842399520755085e-05, array([[-9.43388620e-07],
       [ 4.60412001e-09],
       [ 7.55918284e-10]]), 2.2872009166418246), (9.729883013118126e-05, array([[-1.06013486e-06],
       [ 1.08850313e-09],
       [ 5.70708690e-10]]), 2.2784016879986515), (9.611938815186474e-05, array([[-1.18001519e-06],
       [ 1.94767003e-09],
       [-2.24137015e-10]]), 2.2704894562205453), (9.467570347693642e-05, array([[-1.30503419e-06],
       [-1.03329305e-09],
       [-1.09042069e-10]]), 2.258434636265123), (9.331328198450624e-05, array([[-1.42031364e-06],
       [-5.85403970e-09],
       [-2.10199294e-10]]), 2.250386063158657), (9.166979211010619e-05, array([[-1.51846332e-06],
       [ 4.73856423e-09],
       [ 2.30934916e-11]]), 2.2375831246531694), (9.008757272536134e-05, array([[-1.62881031e-06],
       [-2.50139117e-09],
       [-4.89912189e-10]]), 2.228250747600138), (8.834033982211437e-05, array([[-1.71826155e-06],
       [ 2.62918454e-11],
       [ 4.12121385e-10]]), 2.2167920839374107), (8.65136187736213e-05, array([[-1.82097996e-06],
       [-6.65322750e-09],
       [-1.48805586e-10]]), 2.2052245686550176), (8.451439040383944e-05, array([[-1.90740559e-06],
       [-1.88562795e-09],
       [-1.60073912e-09]]), 2.191059845762697), (8.256434016593239e-05, array([[-1.97320008e-06],
       [ 1.83292975e-09],
       [ 3.06860129e-11]]), 2.179933102664979), (8.055086044989214e-05, array([[-2.03983837e-06],
       [ 2.93883998e-09],
       [ 8.35204409e-10]]), 2.168907492739245), (7.841915753642146e-05, array([[-2.09768667e-06],
       [-4.09196477e-09],
       [-1.29908876e-09]]), 2.1564037606086126), (7.618637849379179e-05, array([[-2.15904490e-06],
       [ 3.06548533e-09],
       [ 1.53573294e-09]]), 2.1427213697418246), (7.398819167722066e-05, array([[-2.19212646e-06],
       [-3.12146372e-09],
       [ 2.02016416e-11]]), 2.1315931263395864), (7.173848722193096e-05, array([[-2.24531922e-06],
       [ 3.81260102e-10],
       [ 7.19332529e-10]]), 2.120576405954662), (6.938096797273584e-05, array([[-2.26324133e-06],
       [ 2.60266716e-09],
       [-5.48891956e-10]]), 2.1078778599783674), (6.705983324764801e-05, array([[-2.28207656e-06],
       [ 4.53415109e-09],
       [ 1.64901985e-09]]), 2.0977630612369587), (6.466748458396903e-05, array([[-2.29996358e-06],
       [ 8.01283416e-10],
       [-1.15090855e-10]]), 2.0868999235271826), (6.224692408884104e-05, array([[-2.29929351e-06],
       [-3.03444713e-09],
       [-5.25726296e-10]]), 2.0765462891639155), (5.983972744337208e-05, array([[-2.30070583e-06],
       [ 1.95027203e-09],
       [-1.49859396e-10]]), 2.068086229728986), (5.7419908873483304e-05, array([[-2.28586190e-06],
       [ 5.03965294e-09],
       [ 7.11616517e-10]]), 2.060694395567386), (5.4921860285979415e-05, array([[-2.25826979e-06],
       [ 7.40539715e-09],
       [-1.03201409e-09]]), 2.0519408956708647), (5.247987963414972e-05, array([[-2.23232938e-06],
       [ 2.51158784e-09],
       [ 2.94545082e-10]]), 2.046771654860735), (4.9945561593817955e-05, array([[-2.19957670e-06],
       [-7.70269334e-10],
       [-4.04765839e-10]]), 2.0395090704100562), (4.7529450329167957e-05, array([[-2.15265054e-06],
       [ 4.80991229e-12],
       [-1.82394132e-10]]), 2.0387490982776786), (4.498450249046044e-05, array([[-2.10498177e-06],
       [-1.36278045e-09],
       [ 2.09580105e-10]]), 2.034245562389736), (4.253629735455935e-05, array([[-2.04242893e-06],
       [-5.55619625e-10],
       [ 8.69436240e-10]]), 2.036018840597685), (4.009999119347911e-05, array([[-1.97565576e-06],
       [-2.89871102e-10],
       [ 1.05875773e-09]]), 2.038229950655103), (3.8556646255270647e-05, array([[-1.77772898e-06],
       [-2.76962437e-10],
       [ 5.50298166e-10]]), 2.0365519590458527), (3.706448962939803e-05, array([[-1.58487938e-06],
       [-8.30090374e-10],
       [ 2.09683005e-10]]), 2.039688654277526), (3.553488884233605e-05, array([[-1.40146111e-06],
       [ 8.49494650e-10],
       [ 4.39941828e-10]]), 2.0430959259747845), (3.401361393438053e-05, array([[-1.22298381e-06],
       [-1.00102913e-09],
       [-2.01139853e-10]]), 2.0494842758889167), (3.24545503966285e-05, array([[-1.05644905e-06],
       [-6.95653161e-10],
       [-6.18946186e-11]]), 2.0562998842090434), (3.0918542153328685e-05, array([[-8.99382337e-07],
       [-5.72956832e-10],
       [-6.74208201e-10]]), 2.0675910788483733), (2.937134017033196e-05, array([[-7.54238870e-07],
       [ 2.66095277e-09],
       [ 4.80473711e-11]]), 2.0816343730824003), (2.781334900726565e-05, array([[-6.13129960e-07],
       [-4.58724776e-10],
       [-1.88325182e-10]]), 2.098899514768187), (2.6179973524262528e-05, array([[-4.84256365e-07],
       [-2.89838597e-09],
       [ 2.82654583e-10]]), 2.1147503190485426), (2.458960215357794e-05, array([[-3.70477624e-07],
       [-1.36087864e-09],
       [ 1.58416775e-10]]), 2.139056308400795), (2.3005823785788398e-05, array([[-2.67945756e-07],
       [ 1.15041597e-09],
       [-1.73873074e-10]]), 2.1704015672431174), (2.1341836456200505e-05, array([[-1.75074910e-07],
       [ 1.15822027e-09],
       [ 8.93025005e-13]]), 2.201689541628665), (1.967725004993639e-05, array([[-9.46498222e-08],
       [-9.11623263e-10],
       [ 4.92816673e-11]]), 2.2418544951834867), (1.8023877363292572e-05, array([[-2.87135019e-08],
       [-5.86262224e-13],
       [-4.11003217e-11]]), 2.295388664363191), (1.791843863033678e-05, array([[-1.57760920e-08],
       [-1.59037417e-09],
       [ 1.06973190e-10]]), 2.2819607616132322), (1.9293805598238657e-05, array([[-5.82215031e-08],
       [ 2.21320020e-09],
       [-1.55390962e-10]]), 2.198168173898237), (2.0755141134745885e-05, array([[-1.13470826e-07],
       [-2.79669880e-09],
       [-9.45299198e-11]]), 2.141164246346786), (2.2153974482021416e-05, array([[-1.80195569e-07],
       [-1.99900847e-09],
       [-1.24617956e-10]]), 2.0900369134421584), (2.357793373604058e-05, array([[-2.57193151e-07],
       [-3.64667205e-10],
       [-2.17565591e-11]]), 2.0510509922908624), (2.4984208597018558e-05, array([[-3.45142169e-07],
       [ 1.47828518e-10],
       [ 1.42725744e-10]]), 2.0181595314737333), (2.6405666908444063e-05, array([[-4.44222469e-07],
       [ 3.19039139e-09],
       [-3.23406098e-10]]), 1.9926705499142014), (2.7808097429953884e-05, array([[-5.57630829e-07],
       [-4.59367784e-09],
       [ 8.58066130e-10]]), 1.9708427032787375), (2.9220013247207457e-05, array([[-6.73181515e-07],
       [ 2.12246033e-09],
       [-4.00735490e-10]]), 1.9540067062073039), (3.067443218543975e-05, array([[-8.01523488e-07],
       [ 9.17011971e-10],
       [-7.39169245e-12]]), 1.943512714865725), (3.2154858884707466e-05, array([[-9.42708694e-07],
       [-1.26684658e-09],
       [-1.06290233e-10]]), 1.9374853199889834), (3.359114499190698e-05, array([[-1.08977717e-06],
       [-4.47948567e-10],
       [-7.25088170e-10]]), 1.931339416489977), (3.506567597651637e-05, array([[-1.24386988e-06],
       [ 5.51814789e-09],
       [-3.38012974e-10]]), 1.9296923324459685), (3.657629891248362e-05, array([[-1.40765249e-06],
       [ 1.96886562e-10],
       [-5.44053759e-10]]), 1.9319505309589173), (3.810985699874365e-05, array([[-1.57315238e-06],
       [-4.73270557e-09],
       [ 1.48611947e-10]]), 1.9370740401223268), (4.072340646247204e-05, array([[-1.65059674e-06],
       [-1.79847450e-09],
       [ 4.74397878e-10]]), 1.9492440096463501), (4.343510339988616e-05, array([[-1.71277963e-06],
       [-9.20661338e-10],
       [ 1.54830476e-10]]), 1.9641801387465652), (4.6154645618108866e-05, array([[-1.77357087e-06],
       [-5.52789994e-10],
       [-8.61076108e-10]]), 1.9797776217390668), (4.87878382840367e-05, array([[-1.82266966e-06],
       [-1.96778837e-09],
       [ 1.08203515e-09]]), 1.9922338548358216), (5.14838217134135e-05, array([[-1.87045065e-06],
       [ 1.52968680e-09],
       [-2.18517355e-10]]), 2.0079243264565023), (5.418528368902463e-05, array([[-1.90294705e-06],
       [ 5.25523213e-10],
       [ 1.34585241e-09]]), 2.0244215867068993), (5.68210318343749e-05, array([[-1.93550397e-06],
       [ 2.76991400e-09],
       [-7.67111225e-10]]), 2.0392018055870746), (5.945237872205515e-05, array([[-1.95306385e-06],
       [-3.32585966e-09],
       [ 3.58113118e-10]]), 2.0546992944790423), (6.208340388827148e-05, array([[-1.97118609e-06],
       [ 2.63022563e-09],
       [-5.11158025e-10]]), 2.071091284428079), (6.46466645790342e-05, array([[-1.98884531e-06],
       [ 2.45178715e-09],
       [-8.20831242e-10]]), 2.0862280361484515), (6.721050095324204e-05, array([[-1.97689845e-06],
       [ 5.04882869e-09],
       [ 2.82565632e-10]]), 2.1024762424664623), (6.973031318542257e-05, array([[-1.98246124e-06],
       [ 9.14926203e-10],
       [ 1.67275250e-11]]), 2.118491390761064), (7.20961046214961e-05, array([[-1.94355774e-06],
       [-2.46692058e-09],
       [ 7.47934570e-10]]), 2.131147510103133), (7.452572896840496e-05, array([[-1.93199354e-06],
       [ 1.58221593e-09],
       [ 4.77709244e-10]]), 2.1470795271971506), (7.67733363311679e-05, array([[-1.89007399e-06],
       [ 2.71782434e-09],
       [ 8.57022019e-10]]), 2.159229400785534), (7.913181654212651e-05, array([[-1.84605600e-06],
       [ 3.23851701e-09],
       [ 1.78668072e-09]]), 2.176000764812851), (8.128498472329028e-05, array([[-1.79248805e-06],
       [-2.60560071e-09],
       [-5.61993421e-10]]), 2.1886744775769245), (8.343959937543879e-05, array([[-1.75195863e-06],
       [-3.48919023e-09],
       [ 1.19003313e-09]]), 2.2030424319514577), (8.551589672712518e-05, array([[-1.68422983e-06],
       [-2.02359998e-09],
       [ 1.10127710e-09]]), 2.217024184850319), (8.744634837815219e-05, array([[-1.60433118e-06],
       [ 5.73329853e-09],
       [-1.80953350e-09]]), 2.2289997646181607), (8.925340609781897e-05, array([[-1.53192167e-06],
       [ 1.35115272e-10],
       [ 3.77143455e-11]]), 2.2397043581732574), (9.099311298303562e-05, array([[-1.45737243e-06],
       [ 1.26405175e-09],
       [-4.87218058e-10]]), 2.2506486288517076), (9.271189749269884e-05, array([[-1.37391841e-06],
       [-9.28998997e-10],
       [-1.74678468e-09]]), 2.26302004737902), (9.422305635272825e-05, array([[-1.26674665e-06],
       [ 1.71387921e-09],
       [ 4.93451402e-10]]), 2.272326600618327), (9.56763756382593e-05, array([[-1.17419846e-06],
       [ 2.88775972e-10],
       [-5.29838914e-10]]), 2.282305097066383), (9.695063036531397e-05, array([[-1.06674371e-06],
       [ 5.42343464e-09],
       [-6.34485523e-12]]), 2.29012469025075), (9.81599764154422e-05, array([[-9.58700422e-07],
       [-1.26533492e-09],
       [ 1.61212034e-09]]), 2.2985667521112276), (9.919950427194893e-05, array([[-8.58516939e-07],
       [-2.93991487e-09],
       [-1.43271896e-10]]), 2.305222386296812), (0.00010010982217438506, array([[-7.22970083e-07],
       [-3.62959366e-09],
       [ 1.15428650e-09]]), 2.311107015849127), (0.0001008688981637829, array([[-5.99184171e-07],
       [ 1.31604218e-09],
       [-1.02524698e-11]]), 2.3157627109812804), (0.00010148111785285539, array([[-4.92608400e-07],
       [-5.62388132e-09],
       [-3.12692148e-11]]), 2.3193367555921185), (0.00010196987255853348, array([[-3.86367699e-07],
       [-2.13364185e-09],
       [-5.55023830e-10]]), 2.3223976336480368), (0.00010234115253761823, array([[-2.47712064e-07],
       [ 1.51007843e-09],
       [-1.58486619e-10]]), 2.32510409980311), (0.00010250953127276445, array([[-1.28921593e-07],
       [ 3.88870642e-09],
       [ 3.64149666e-10]]), 2.3255347000136064), (0.00010261732076689118, array([[-4.63159714e-10],
       [ 6.55059924e-09],
       [ 8.79478060e-11]]), 2.326931129835993)]