[(0.00010263211287152318, array([[-8.37534690e-09],
       [-1.81917684e-10],
       [-2.95974539e-11]]), 2.327266552827811), (0.00010249580581934598, array([[-1.41354893e-07],
       [-5.72171381e-09],
       [-6.73094667e-10]]), 2.3252233239122653), (0.00010214230384621419, array([[-2.77866491e-07],
       [-3.22291138e-09],
       [-4.72734510e-10]]), 2.3205864263534766), (0.00010161247505697016, array([[-4.13400418e-07],
       [ 9.86916697e-10],
       [-5.79446670e-10]]), 2.3142577871318424), (0.00010102771089534383, array([[-5.41506903e-07],
       [ 2.35414019e-09],
       [-3.82947814e-10]]), 2.308974202990731), (0.00010032095389881416, array([[-6.87791679e-07],
       [ 4.34288398e-09],
       [ 8.14847011e-10]]), 2.3031829275236455), (9.942055943714658e-05, array([[-8.23235166e-07],
       [-2.80829148e-09],
       [ 5.99659951e-11]]), 2.2951948914122227), (9.842260895608228e-05, array([[-9.49306288e-07],
       [ 1.61571716e-09],
       [ 7.13430914e-11]]), 2.2871687025905367), (9.73086482613943e-05, array([[-1.06507657e-06],
       [ 8.11042451e-09],
       [ 3.63154511e-10]]), 2.2786315946113023), (9.609458988164004e-05, array([[-1.19108883e-06],
       [-1.26504299e-09],
       [-4.74937708e-10]]), 2.269903682505582), (9.477096497132217e-05, array([[-1.30445531e-06],
       [ 2.16228025e-09],
       [-9.01575459e-10]]), 2.2607070446077295), (9.32663794594373e-05, array([[-1.41230645e-06],
       [ 2.00422735e-09],
       [ 5.86060538e-10]]), 2.249254940273497), (9.167705114250386e-05, array([[-1.52432287e-06],
       [-1.82192621e-09],
       [-3.11010123e-10]]), 2.237760311576151), (9.002519123012666e-05, array([[-1.61869682e-06],
       [-4.65450794e-09],
       [-2.15726946e-09]]), 2.2267077865769025), (8.829976792174391e-05, array([[-1.72416956e-06],
       [ 4.94807632e-09],
       [ 4.84753656e-10]]), 2.2157739820402176), (8.647567443069951e-05, array([[-1.81688506e-06],
       [-6.15828018e-09],
       [-1.46308692e-09]]), 2.2042573706758004), (8.453292275947415e-05, array([[-1.87430050e-06],
       [ 1.40011497e-09],
       [-3.19660332e-10]]), 2.19154030240546), (8.257694035064656e-05, array([[-1.97026752e-06],
       [ 4.88089817e-10],
       [ 6.37055571e-11]]), 2.1802657833319947), (8.048193781182057e-05, array([[-2.02814645e-06],
       [ 2.86596704e-10],
       [ 1.80657555e-10]]), 2.167051686043973), (7.844847531898458e-05, array([[-2.10051260e-06],
       [ 9.92837869e-10],
       [ 5.72349588e-10]]), 2.1572099536175395), (7.625747088203363e-05, array([[-2.15023302e-06],
       [ 2.69686761e-11],
       [ 9.22144886e-11]]), 2.1447208240081035), (7.393919631307837e-05, array([[-2.20491621e-06],
       [-2.81440608e-09],
       [ 2.65802501e-10]]), 2.13018157431945), (7.173307603963249e-05, array([[-2.23909498e-06],
       [-2.26054607e-09],
       [-1.54421414e-09]]), 2.1204164524073428), (6.940436465204223e-05, array([[-2.26161583e-06],
       [-6.42105912e-09],
       [-2.22600615e-09]]), 2.1085886794400723), (6.702368499343841e-05, array([[-2.28635479e-06],
       [ 5.39830980e-09],
       [ 5.77238664e-10]]), 2.0966322729731544), (6.467906490096104e-05, array([[-2.30651295e-06],
       [ 2.05683352e-10],
       [ 3.13963214e-10]]), 2.087273634717598), (6.223029605729952e-05, array([[-2.29825336e-06],
       [ 1.33441451e-09],
       [ 4.01089936e-10]]), 2.0759915809964187), (5.983244894002979e-05, array([[-2.29149193e-06],
       [ 1.73344308e-09],
       [-4.59089450e-10]]), 2.0678346815823225), (5.742455112083858e-05, array([[-2.28668396e-06],
       [-4.69452715e-09],
       [-7.64209134e-10]]), 2.0608609972443226), (5.503518602430248e-05, array([[-2.26362527e-06],
       [ 3.96302011e-09],
       [-9.68591412e-10]]), 2.0561748694617443), (5.243252712434891e-05, array([[-2.23462885e-06],
       [ 1.74345521e-09],
       [ 1.49196359e-10]]), 2.0449248561347764), (4.994709145215942e-05, array([[-2.19438722e-06],
       [ 3.06866543e-09],
       [-6.24353322e-10]]), 2.0395715416260023), (4.744472958408533e-05, array([[-2.15351337e-06],
       [-5.53643648e-10],
       [-6.12709031e-10]]), 2.035115049462756), (4.500511864307222e-05, array([[-2.10085840e-06],
       [ 1.65969302e-09],
       [ 3.68306138e-10]]), 2.0351778460572714), (4.2482693895342096e-05, array([[-2.04133867e-06],
       [ 7.88317105e-10],
       [ 3.21912503e-10]]), 2.033453087119477), (4.0089886657539594e-05, array([[-1.96988404e-06],
       [-1.16556736e-09],
       [-1.03169138e-09]]), 2.03771635034806), (3.8602050085923304e-05, array([[-1.77163844e-06],
       [-7.58625236e-10],
       [ 5.80470548e-10]]), 2.0389501774918157), (3.704064468323339e-05, array([[-1.58470554e-06],
       [-2.07314131e-09],
       [-8.35611002e-10]]), 2.0383764477251045), (3.555413065220744e-05, array([[-1.40451043e-06],
       [-3.78560355e-09],
       [-4.25716829e-12]]), 2.044202243305086), (3.406205173196508e-05, array([[-1.22392880e-06],
       [ 2.20981868e-09],
       [-7.54968837e-11]]), 2.0524028867927666), (3.24767525489494e-05, array([[-1.05770280e-06],
       [ 8.83061721e-10],
       [ 1.86820484e-10]]), 2.0577065986046743), (3.095322398429345e-05, array([[-8.98773594e-07],
       [-2.31106132e-10],
       [-7.69670509e-11]]), 2.069910329346837), (2.935163347746137e-05, array([[-7.54102172e-07],
       [ 1.41935826e-10],
       [-5.93304583e-11]]), 2.080237701053773), (2.7801604992539942e-05, array([[-6.14072612e-07],
       [ 2.26901028e-09],
       [ 2.23194876e-11]]), 2.0980132674197365), (2.6166339181132467e-05, array([[-4.85551776e-07],
       [-6.64725762e-10],
       [ 9.38933098e-11]]), 2.1136489721943303), (2.4598147981705514e-05, array([[-3.71277412e-07],
       [-1.77177946e-09],
       [-3.89496749e-10]]), 2.139799712358803), (2.297957674247283e-05, array([[-2.67242458e-07],
       [-1.50203727e-10],
       [ 2.36957921e-10]]), 2.1679253844957387), (2.1300777256867713e-05, array([[-1.75283599e-07],
       [ 6.89802904e-10],
       [ 1.65903011e-12]]), 2.1974537482402106), (1.969969301130675e-05, array([[-9.60632261e-08],
       [ 1.54965431e-09],
       [-6.25206993e-11]]), 2.2444114507390496), (1.8015622388283943e-05, array([[-2.86425235e-08],
       [-5.05698620e-11],
       [ 4.06297794e-11]]), 2.2943373713657147), (1.7898666817905638e-05, array([[-1.70966831e-08],
       [ 7.29520856e-10],
       [ 2.65033706e-11]]), 2.2794427687744223), (1.932150414845378e-05, array([[-5.96505775e-08],
       [-2.48228059e-09],
       [ 7.58598932e-12]]), 2.2013239054741565), (2.0737533903353248e-05, array([[-1.12749054e-07],
       [ 2.06183844e-09],
       [-5.24263071e-11]]), 2.1393478301590902), (2.212892286884684e-05, array([[-1.77496364e-07],
       [-1.02885654e-10],
       [-1.05707838e-10]]), 2.0876735092449286), (2.3622021891746203e-05, array([[-2.56620964e-07],
       [ 5.29332698e-10],
       [-9.85183303e-11]]), 2.054886233178407), (2.4987380337843478e-05, array([[-3.45720816e-07],
       [-6.83751392e-10],
       [ 3.71991604e-10]]), 2.0184157364662716), (2.6367490015534026e-05, array([[-4.44153967e-07],
       [-3.81418914e-10],
       [-3.01508027e-11]]), 1.9897895785510156), (2.7813612592640436e-05, array([[-5.54153743e-07],
       [-1.31175700e-09],
       [ 1.68610596e-10]]), 1.971233579287625), (2.922738375927141e-05, array([[-6.72798798e-07],
       [-4.82877499e-10],
       [ 3.08778350e-11]]), 1.954499588598537), (3.065860589861645e-05, array([[-7.99271233e-07],
       [-3.29457879e-10],
       [ 2.17623271e-10]]), 1.9425099712946543), (3.215475274157676e-05, array([[-9.40814641e-07],
       [ 3.01369609e-09],
       [-8.30520799e-11]]), 1.9374789243534654), (3.356081829975994e-05, array([[-1.08948132e-06],
       [ 3.49705463e-09],
       [-8.01501096e-10]]), 1.9295957683967238), (3.5099870410886356e-05, array([[-1.24780761e-06],
       [ 5.42058327e-10],
       [ 9.26259930e-10]]), 1.9315740796525607), (3.660692660402356e-05, array([[-1.40925441e-06],
       [-1.45673348e-09],
       [ 7.47290641e-10]]), 1.9335682776061163), (3.812215984327853e-05, array([[-1.57275864e-06],
       [-3.77878974e-09],
       [ 4.12180123e-10]]), 1.937699377571611), (4.078611743599058e-05, array([[-1.65456778e-06],
       [-3.84001749e-09],
       [ 1.12890257e-10]]), 1.9522456983577978), (4.343911485932854e-05, array([[-1.71112623e-06],
       [-1.75694778e-09],
       [-7.64583011e-10]]), 1.9643615410766475), (4.613370728338583e-05, array([[-1.78185069e-06],
       [-1.04669375e-09],
       [-4.41256935e-10]]), 1.9788794836217443), (4.880310156103855e-05, array([[-1.82530609e-06],
       [-4.14350571e-10],
       [-1.82399159e-09]]), 1.9928571252705924), (5.1495486404120825e-05, array([[-1.87099034e-06],
       [-1.13750291e-11],
       [-1.36330371e-09]]), 2.0083792619187957), (5.4169513384005164e-05, array([[-1.90171413e-06],
       [-7.89282285e-09],
       [ 1.36337680e-09]]), 2.0238323908268225), (5.679970632324488e-05, array([[-1.93439427e-06],
       [-4.12542517e-09],
       [ 1.65279828e-09]]), 2.0384364724102997), (5.9451486042024896e-05, array([[-1.96321359e-06],
       [ 2.51122785e-09],
       [-2.53349662e-10]]), 2.0546684430805318), (6.205909733989364e-05, array([[-1.96981299e-06],
       [-6.33942169e-10],
       [ 1.84776595e-09]]), 2.0702804223079783), (6.462609123636311e-05, array([[-1.98217242e-06],
       [ 1.26426903e-09],
       [ 9.07707262e-10]]), 2.0855641088668633), (6.717538503135303e-05, array([[-1.96988728e-06],
       [ 5.88793420e-10],
       [-1.84357160e-10]]), 2.101377747581633), (6.966368985939582e-05, array([[-1.96516919e-06],
       [ 4.16869188e-10],
       [-1.12608086e-09]]), 2.1164672934042055), (7.215770705385166e-05, array([[-1.94490003e-06],
       [ 3.95623861e-09],
       [ 9.27587711e-10]]), 2.132968466603072), (7.452834589100849e-05, array([[-1.92261291e-06],
       [-1.65792114e-09],
       [ 2.21125388e-10]]), 2.147154920501236), (7.689159210573279e-05, array([[-1.88582025e-06],
       [ 1.28733333e-09],
       [ 9.39340904e-10]]), 2.162555312585846), (7.908490495653788e-05, array([[-1.84738548e-06],
       [ 1.67108290e-09],
       [ 3.60478513e-10]]), 2.1747107698325747), (8.133573341742168e-05, array([[-1.79200696e-06],
       [-5.30144853e-09],
       [-5.81892638e-10]]), 2.1900409337802915), (8.34578665854141e-05, array([[-1.73743380e-06],
       [-2.91498509e-09],
       [ 3.17691235e-10]]), 2.203524738182434), (8.549853123790547e-05, array([[-1.67563134e-06],
       [-2.75130910e-09],
       [ 5.39879014e-10]]), 2.2165739795545165), (8.744641583738773e-05, array([[-1.59606968e-06],
       [-3.53397236e-09],
       [-8.12410353e-10]]), 2.229001484148169), (8.927696038020656e-05, array([[-1.52247098e-06],
       [-1.27947798e-09],
       [ 1.32701490e-09]]), 2.240295423895268), (9.098769609233301e-05, array([[-1.45408880e-06],
       [-1.14258002e-08],
       [ 1.27613867e-09]]), 2.250514645990447), (9.267535137387546e-05, array([[-1.37477585e-06],
       [-4.46565212e-10],
       [-2.29957346e-10]]), 2.262127987117199), (9.422984708887206e-05, array([[-1.27954063e-06],
       [-7.81627417e-09],
       [ 8.88413554e-10]]), 2.2724903691371448), (9.56734781815314e-05, array([[-1.16973231e-06],
       [ 6.45607963e-10],
       [-5.17153850e-10]]), 2.282235979897024), (9.695765005015174e-05, array([[-1.06901538e-06],
       [ 6.43058950e-10],
       [-3.98893220e-10]]), 2.290290506125326), (9.811419550926602e-05, array([[-9.63725571e-07],
       [ 2.47061387e-09],
       [-4.20983084e-10]]), 2.2974947218127206), (9.919089989086041e-05, array([[-8.65710531e-07],
       [ 2.94447125e-09],
       [-2.16276699e-10]]), 2.3050224355808173), (0.00010007076694028374, array([[-7.44091352e-07],
       [ 6.73517417e-10],
       [-3.53543551e-10]]), 2.310205397770334), (0.00010084846903875119, array([[-6.15785394e-07],
       [-9.00966533e-10],
       [ 2.97759472e-10]]), 2.31529369618259), (0.00010149071401314308, array([[-5.08455395e-07],
       [ 3.40762330e-09],
       [-6.75435200e-11]]), 2.319556074493395), (0.00010198247022878733, array([[-3.65933256e-07],
       [ 2.03280287e-09],
       [-2.74034898e-10]]), 2.3226845497621094), (0.00010232776572544948, array([[-2.61239011e-07],
       [ 9.81130013e-10],
       [-6.43756659e-10]]), 2.324799962795806), (0.0001025324950316784, array([[-1.23099791e-07],
       [ 2.17741514e-09],
       [-3.57913878e-10]]), 2.326055656626461), (0.00010263155384035586, array([[1.35442035e-08],
       [1.19538928e-09],
       [2.94350234e-10]]), 2.327253876341853)]