[(0.00010262830452036467, array([[-9.50752675e-09],
       [-6.94652097e-10],
       [-4.34064039e-12]]), 2.327180195370826), (0.00010246441819641413, array([[-1.29824347e-07],
       [ 2.94778640e-09],
       [-4.44845366e-10]]), 2.3245112632348564), (0.00010209040622570515, array([[-2.78772184e-07],
       [ 1.11201657e-09],
       [-1.91230974e-10]]), 2.3194073564756854), (0.00010164454585847464, array([[-4.22224765e-07],
       [-4.85938536e-09],
       [ 1.11208121e-10]]), 2.3149882102622663), (0.00010101973117787346, array([[-5.47454689e-07],
       [-1.42280841e-09],
       [ 2.25388612e-10]]), 2.3087918276639723), (0.00010030699874003447, array([[-6.79613138e-07],
       [-5.76807175e-09],
       [-4.38056762e-10]]), 2.30286254297582), (9.938686829069756e-05, array([[-8.18567797e-07],
       [-3.90009630e-09],
       [-1.65343419e-10]]), 2.294417107142516), (9.849096550023972e-05, array([[-9.51234594e-07],
       [ 5.68207329e-10],
       [-4.33762421e-10]]), 2.2887571887124993), (9.730165927552359e-05, array([[-1.06729515e-06],
       [ 4.80430057e-09],
       [ 4.82487143e-10]]), 2.278467936762757), (9.611097863115102e-05, array([[-1.19375906e-06],
       [ 1.16312676e-10],
       [ 3.01707446e-10]]), 2.2702908102607706), (9.468646303934964e-05, array([[-1.31199231e-06],
       [-1.27495783e-09],
       [-2.38799943e-10]]), 2.258691299458875), (9.328098742679051e-05, array([[-1.41277963e-06],
       [-1.28453700e-09],
       [-9.03795129e-10]]), 2.2496072327386596), (9.169367454719389e-05, array([[-1.52394486e-06],
       [-9.44488320e-09],
       [-2.71140272e-10]]), 2.2381660750119834), (9.008692543018014e-05, array([[-1.62924883e-06],
       [-7.87833346e-09],
       [-1.25058127e-09]]), 2.228234737223481), (8.83019337937793e-05, array([[-1.72460700e-06],
       [-2.73039290e-09],
       [-6.54234079e-10]]), 2.2158283319328325), (8.644805380263793e-05, array([[-1.82614934e-06],
       [ 3.34765691e-09],
       [-8.49641644e-11]]), 2.203553323284575), (8.457178710771943e-05, array([[-1.89804468e-06],
       [-7.42566366e-10],
       [ 8.07266816e-10]]), 2.1925478717964846), (8.254240357226852e-05, array([[-1.97355180e-06],
       [ 1.32621950e-09],
       [-1.07919283e-11]]), 2.179353914281817), (8.052206685264397e-05, array([[-2.04624241e-06],
       [ 8.06694917e-11],
       [ 4.52263155e-10]]), 2.1681321981183594), (7.839258478947228e-05, array([[-2.10061894e-06],
       [-4.40113892e-09],
       [ 1.11971314e-09]]), 2.155673051770988), (7.622634397621407e-05, array([[-2.15471581e-06],
       [ 4.84086586e-09],
       [ 1.08307283e-09]]), 2.143845388167838), (7.400724030311879e-05, array([[-2.19966607e-06],
       [ 1.36053556e-09],
       [-2.00669178e-10]]), 2.1321419155329733), (7.174572069696871e-05, array([[-2.23319886e-06],
       [-3.36024174e-09],
       [-1.76326880e-09]]), 2.120790226138111), (6.936812779954511e-05, array([[-2.26143558e-06],
       [ 1.88618380e-09],
       [ 8.78594022e-10]]), 2.107487759961347), (6.708836969142272e-05, array([[-2.28519426e-06],
       [-5.58920303e-09],
       [-6.13542461e-10]]), 2.098655737146673), (6.463986703895255e-05, array([[-2.29577974e-06],
       [ 1.26411300e-10],
       [ 1.68350497e-09]]), 2.086008671100191), (6.231470421181854e-05, array([[-2.30017823e-06],
       [-5.77435033e-10],
       [-3.25871336e-10]]), 2.0788074219814523), (5.9845522508678e-05, array([[-2.29428904e-06],
       [-6.25063619e-10],
       [ 3.80916780e-10]]), 2.068286509631178), (5.738323413632141e-05, array([[-2.28945193e-06],
       [ 4.26634103e-09],
       [ 6.62425594e-10]]), 2.0593782070395545), (5.493213805591154e-05, array([[-2.27023991e-06],
       [-5.36887387e-09],
       [-7.45459144e-10]]), 2.0523248844201567), (5.249549438457707e-05, array([[-2.23364893e-06],
       [-2.14643618e-09],
       [-4.65384120e-11]]), 2.0473806468934), (4.9996999800411576e-05, array([[-2.19838453e-06],
       [-8.24913207e-10],
       [-1.68772693e-10]]), 2.04160953110297), (4.750167432873666e-05, array([[-2.15167590e-06],
       [-1.31618939e-09],
       [-2.15216644e-10]]), 2.037557662327107), (4.5034771277770915e-05, array([[-2.10173363e-06],
       [ 4.41037104e-10],
       [-2.50446792e-10]]), 2.0365187687575235), (4.2515403215017116e-05, array([[-2.04102741e-06],
       [-1.45282642e-09],
       [ 2.03988828e-10]]), 2.035018733291412), (4.006462390112765e-05, array([[-1.96993331e-06],
       [ 1.48639093e-09],
       [ 7.68977156e-10]]), 2.0364322775784056), (3.8584881127399974e-05, array([[-1.77946700e-06],
       [ 3.07266675e-09],
       [-1.38644241e-10]]), 2.0380433175983494), (3.706172659968827e-05, array([[-1.58277402e-06],
       [-1.88714472e-09],
       [ 5.12774797e-11]]), 2.039536602531859), (3.5549409320250215e-05, array([[-1.39842550e-06],
       [-1.64525913e-10],
       [ 2.11126804e-10]]), 2.0439307880001385), (3.406449446048759e-05, array([[-1.22780209e-06],
       [ 1.25502499e-10],
       [ 5.48398371e-10]]), 2.0525500729667145), (3.2487673241144077e-05, array([[-1.06050836e-06],
       [-1.30364243e-09],
       [ 7.05726414e-11]]), 2.0583985267879634), (3.093266464900988e-05, array([[-8.99592853e-07],
       [ 1.54688151e-09],
       [ 1.92503827e-11]]), 2.0685354812699597), (2.9372537057169898e-05, array([[-7.51764027e-07],
       [-4.07954612e-09],
       [ 2.38587186e-10]]), 2.081719200018049), (2.7798669260300733e-05, array([[-6.13168465e-07],
       [-3.37560574e-09],
       [ 7.16844942e-11]]), 2.0977917260666703), (2.6207687014317592e-05, array([[-4.86290866e-07],
       [ 1.39843922e-09],
       [ 6.05997658e-11]]), 2.1169889428531685), (2.45722689332498e-05, array([[-3.71469386e-07],
       [ 1.60062867e-09],
       [-2.05059082e-10]]), 2.1375484867591013), (2.2976415086127394e-05, array([[-2.67481129e-07],
       [-2.24555873e-09],
       [ 5.88319837e-11]]), 2.1676271094176056), (2.1378570718382497e-05, array([[-1.74637202e-07],
       [-1.69407287e-09],
       [ 8.29346294e-12]]), 2.205479161187953), (1.9703236122809955e-05, array([[-9.56696416e-08],
       [-1.33711008e-09],
       [ 1.62748703e-10]]), 2.2448151220056256), (1.8015664646520847e-05, array([[-2.88744821e-08],
       [-2.37129221e-10],
       [ 3.94098800e-11]]), 2.2943427530644476), (1.7902155923939686e-05, array([[-1.75737511e-08],
       [ 4.64288113e-10],
       [ 1.05539892e-10]]), 2.279887115697001), (1.934497761596517e-05, array([[-5.97081539e-08],
       [-3.07487804e-10],
       [-7.43741248e-11]]), 2.2039982679244177), (2.0725742345276215e-05, array([[-1.13280066e-07],
       [ 1.56277649e-09],
       [-1.40947449e-10]]), 2.138131376731992), (2.2142565697693247e-05, array([[-1.78034543e-07],
       [ 7.65381894e-10],
       [-3.21586003e-10]]), 2.088960592784539), (2.3516183512958874e-05, array([[-2.55950039e-07],
       [ 7.56050895e-11],
       [ 2.79009840e-10]]), 2.045679323265755), (2.495887828985695e-05, array([[-3.44303260e-07],
       [ 7.98847981e-10],
       [ 1.01540883e-10]]), 2.0161134149984066), (2.637282666419557e-05, array([[-4.43169605e-07],
       [-7.91161994e-10],
       [-1.01715240e-10]]), 1.9901923020519963), (2.780789235061496e-05, array([[-5.56174124e-07],
       [ 5.94819871e-10],
       [-3.21135639e-10]]), 1.9708281686950704), (2.9257305718437753e-05, array([[-6.73018425e-07],
       [ 1.99704917e-09],
       [ 1.34064986e-10]]), 1.9565005359759131), (3.0699046363298155e-05, array([[-8.00575526e-07],
       [-8.13184711e-10],
       [ 3.24259855e-10]]), 1.9450722536811322), (3.207261074402445e-05, array([[-9.38174262e-07],
       [ 2.56307603e-10],
       [ 5.74607497e-10]]), 1.9325294728574163), (3.3602915546847396e-05, array([[-1.08738522e-06],
       [ 1.07537837e-09],
       [ 1.76950435e-10]]), 1.9320161703403107), (3.506929486077936e-05, array([[-1.24372034e-06],
       [-8.43595683e-10],
       [ 4.77501075e-10]]), 1.9298914825555793), (3.6608984394602195e-05, array([[-1.40568444e-06],
       [ 8.49335222e-11],
       [-6.73876118e-10]]), 1.9336769695656424), (3.8046009662306126e-05, array([[-1.57275376e-06],
       [-1.37937042e-09],
       [-7.73306034e-11]]), 1.9338287637638205), (4.07438414793271e-05, array([[-1.65378204e-06],
       [-8.91044902e-10],
       [ 4.70866816e-10]]), 1.9502221408404694), (4.345328481350399e-05, array([[-1.70896051e-06],
       [-2.18191714e-09],
       [ 2.60530483e-10]]), 1.9650023210076204), (4.609031633826681e-05, array([[-1.77197160e-06],
       [ 4.12523258e-09],
       [-1.34798918e-10]]), 1.977018253381921), (4.882631571928494e-05, array([[-1.82969196e-06],
       [ 2.23915865e-09],
       [ 6.63209169e-10]]), 1.993805067085533), (5.1500926300732954e-05, array([[-1.87287257e-06],
       [ 3.13641995e-09],
       [-7.04426500e-10]]), 2.008591423727639), (5.417882175461777e-05, array([[-1.91040770e-06],
       [ 5.22731181e-10],
       [-6.56151823e-10]]), 2.024180161755058), (5.6856483135845166e-05, array([[-1.93703251e-06],
       [ 5.15529687e-09],
       [ 6.45028345e-10]]), 2.0404740872693097), (5.953386459512107e-05, array([[-1.95738064e-06],
       [-3.10184051e-09],
       [ 3.75233194e-10]]), 2.057515480635046), (6.208472771160069e-05, array([[-1.97237769e-06],
       [ 4.99776744e-10],
       [ 1.49002829e-09]]), 2.071135446938307), (6.465874319079566e-05, array([[-1.98360098e-06],
       [ 1.47557955e-09],
       [-1.25659426e-09]]), 2.0866178279290266), (6.711178869911019e-05, array([[-1.97159599e-06],
       [-2.19140820e-09],
       [-1.97001862e-10]]), 2.099388329622353), (6.971272099058757e-05, array([[-1.95835343e-06],
       [-3.40543902e-12],
       [-2.75778772e-10]]), 2.1179569185695595), (7.213659201820719e-05, array([[-1.94226009e-06],
       [-2.55617335e-09],
       [ 1.90169428e-09]]), 2.1323443100570887), (7.454466713325753e-05, array([[-1.93231142e-06],
       [ 7.94642380e-10],
       [ 1.12476742e-09]]), 2.1476251340177814), (7.685232845658147e-05, array([[-1.88878649e-06],
       [ 4.83977969e-09],
       [-1.93738477e-09]]), 2.1614510330314975), (7.911631664621342e-05, array([[-1.84462562e-06],
       [ 3.70819737e-09],
       [-9.26509922e-10]]), 2.1755745420008994), (8.130900275959975e-05, array([[-1.80331790e-06],
       [-4.35637358e-09],
       [ 7.81184096e-10]]), 2.189321185738967), (8.350214273085902e-05, array([[-1.74835866e-06],
       [ 1.00527434e-10],
       [-6.99810033e-11]]), 2.204693754187647), (8.546033675366296e-05, array([[-1.66273849e-06],
       [ 3.61275404e-09],
       [-9.56884116e-10]]), 2.2155837765801647), (8.74459786857941e-05, array([[-1.61159773e-06],
       [ 2.98976272e-09],
       [-2.18411527e-10]]), 2.2289903411923175), (8.928738920951678e-05, array([[-1.52985458e-06],
       [ 3.43841713e-09],
       [-9.96543121e-10]]), 2.2405571225292804), (9.109258569420065e-05, array([[-1.46337406e-06],
       [ 6.46055958e-09],
       [-1.62470412e-09]]), 2.25310901418915), (9.268892215824518e-05, array([[-1.35504137e-06],
       [-7.71611183e-10],
       [ 6.94497599e-11]]), 2.2624592386385025), (9.425976794174767e-05, array([[-1.27439808e-06],
       [-3.74047199e-09],
       [ 2.10203521e-10]]), 2.273211954198533), (9.566184463188577e-05, array([[-1.16665864e-06],
       [-1.30475864e-10],
       [-3.71276557e-10]]), 2.281958468238832), (9.694548684775546e-05, array([[-1.06452169e-06],
       [-4.55148679e-09],
       [-2.41784223e-10]]), 2.2900031923655777), (9.810142603016032e-05, array([[-9.50604063e-07],
       [ 6.13203072e-10],
       [-7.76495170e-10]]), 2.2971957048285483), (9.916158326243365e-05, array([[-8.43362833e-07],
       [ 5.84391486e-10],
       [-2.88036192e-10]]), 2.304341168586228), (0.00010006610346493355, array([[-7.30578662e-07],
       [-7.81247143e-10],
       [ 2.58040408e-10]]), 2.3100977380985257), (0.0001008408156073793, array([[-6.09044846e-07],
       [-7.33577436e-09],
       [ 5.42037964e-10]]), 2.3151179876014045), (0.00010154716381692646, array([[-5.04573996e-07],
       [-5.57768184e-09],
       [ 4.60788303e-10]]), 2.320846226863914), (0.00010197260981147067, array([[-3.70678892e-07],
       [-2.20978368e-10],
       [-3.79468023e-10]]), 2.3224599754906268), (0.00010237924820922312, array([[-2.50037646e-07],
       [ 2.86354893e-09],
       [ 3.12378870e-10]]), 2.3259696011194126), (0.00010257357250243932, array([[-1.22113612e-07],
       [ 1.00128230e-08],
       [-1.77566005e-10]]), 2.326987541520063), (0.00010267027312776505, array([[-4.16917265e-10],
       [-1.71851312e-09],
       [-2.01518858e-11]]), 2.3281318676451166)]