[(0.00010260627245275625, array([[ 7.17644231e-09],
       [ 7.22098740e-09],
       [-2.82578031e-10]]), 2.3266806003357035), (0.00010245137293887824, array([[-1.42651034e-07],
       [-4.11690675e-09],
       [-2.69609777e-10]]), 2.324215318080355), (0.00010210800814163959, array([[-2.69458900e-07],
       [-3.49155227e-09],
       [ 1.96803324e-10]]), 2.3198072570619965), (0.00010160433875926147, array([[-4.12723956e-07],
       [ 3.51460911e-09],
       [-2.76677210e-10]]), 2.3140724802556916), (0.00010099770370928263, array([[-5.44911307e-07],
       [ 5.94975755e-09],
       [ 3.34012278e-10]]), 2.308288392950044), (0.00010025720558430689, array([[-6.88047909e-07],
       [-4.41170464e-09],
       [ 4.44711476e-10]]), 2.301719384525643), (9.941651164390526e-05, array([[-8.16306518e-07],
       [ 3.22794926e-09],
       [-1.88303172e-10]]), 2.2951014452032936), (9.841860192842467e-05, array([[-9.44996419e-07],
       [-3.41679267e-09],
       [-3.78149479e-10]]), 2.2870755863000207), (9.727663383938482e-05, array([[-1.07050411e-06],
       [-5.00054614e-09],
       [ 4.16868101e-10]]), 2.277881927703197), (9.609321248915529e-05, array([[-1.18343931e-06],
       [-7.97801252e-10],
       [ 3.03018372e-10]]), 2.269871146352639), (9.47397831702216e-05, array([[-1.31100927e-06],
       [ 6.42777096e-09],
       [ 5.89062917e-10]]), 2.259963220616564), (9.322848838295574e-05, array([[-1.42746530e-06],
       [ 5.06528284e-09],
       [-7.25844791e-10]]), 2.2483411416307018), (9.170551284233098e-05, array([[-1.52207143e-06],
       [-9.07471526e-10],
       [-6.46004610e-11]]), 2.238455037916924), (9.009875487219396e-05, array([[-1.61738319e-06],
       [-3.35509796e-09],
       [ 4.09416539e-10]]), 2.2285273298887467), (8.828959574431439e-05, array([[-1.72317484e-06],
       [-1.31981661e-09],
       [-3.14831544e-10]]), 2.2155187237692218), (8.646383215861636e-05, array([[-1.80375299e-06],
       [-5.62653752e-10],
       [-1.62918990e-09]]), 2.20395551219714), (8.460830951732613e-05, array([[-1.88274823e-06],
       [-5.14807272e-09],
       [-8.10437599e-10]]), 2.193494725755643), (8.26304246015825e-05, array([[-1.97532411e-06],
       [ 4.44904139e-09],
       [-2.44559462e-11]]), 2.1816779194776017), (8.052749954609543e-05, array([[-2.04273944e-06],
       [ 5.54276936e-09],
       [ 1.87778508e-10]]), 2.168278478486649), (7.845496581585861e-05, array([[-2.09990185e-06],
       [ 5.53281825e-09],
       [ 6.50512967e-11]]), 2.1573884320953387), (7.62408045554613e-05, array([[-2.16034782e-06],
       [ 7.34752301e-10],
       [ 2.47372886e-09]]), 2.144252088063337), (7.401283031946871e-05, array([[-2.21041661e-06],
       [-1.89389121e-09],
       [-4.36306560e-10]]), 2.1323029633996327), (7.173845077357584e-05, array([[-2.22954203e-06],
       [-4.46883051e-09],
       [ 2.21579407e-10]]), 2.12057532854803), (6.939955741854689e-05, array([[-2.26687113e-06],
       [ 1.99128355e-09],
       [ 1.11393639e-10]]), 2.1084426298626644), (6.701738254853849e-05, array([[-2.28284751e-06],
       [ 7.15540634e-09],
       [-1.22183602e-10]]), 2.096435120140135), (6.463672824387091e-05, array([[-2.29309795e-06],
       [-1.65151634e-09],
       [ 1.14199626e-11]]), 2.085907378290397), (6.225435656377429e-05, array([[-2.29854851e-06],
       [-4.68096157e-10],
       [ 1.27316092e-09]]), 2.076794235202501), (5.9833563475549905e-05, array([[-2.29981048e-06],
       [-1.80009946e-09],
       [-6.48316278e-10]]), 2.0678732004001743), (5.7397411995963705e-05, array([[-2.28356708e-06],
       [ 4.40017150e-09],
       [-7.71546154e-11]]), 2.059887024216022), (5.493156447943892e-05, array([[-2.26594453e-06],
       [ 6.08956968e-10],
       [-1.83017450e-09]]), 2.0523034549744894), (5.243293774879743e-05, array([[-2.23363019e-06],
       [-2.82828934e-09],
       [-1.01618781e-09]]), 2.0449408709291674), (4.999368976434176e-05, array([[-2.19784361e-06],
       [ 2.50323876e-09],
       [ 5.57223556e-10]]), 2.041474366968814), (4.747158935097513e-05, array([[-2.15647199e-06],
       [ 1.12855279e-09],
       [-1.01472572e-10]]), 2.036267184089757), (4.501828637047315e-05, array([[-2.09847717e-06],
       [ 1.63651405e-10],
       [-3.30593945e-10]]), 2.0357733042606334), (4.250421652631429e-05, array([[-2.04092060e-06],
       [-1.87020951e-09],
       [ 5.15745464e-10]]), 2.0344832774483), (4.001922539887395e-05, array([[-1.96676654e-06],
       [-1.94074424e-09],
       [ 8.79630370e-10]]), 2.0341247312609534), (3.857860007311514e-05, array([[-1.77681336e-06],
       [-3.44387875e-09],
       [-8.06925845e-10]]), 2.0377115539557353), (3.7068963434075064e-05, array([[-1.58487682e-06],
       [-2.90935709e-10],
       [ 1.36024699e-10]]), 2.0399348513446505), (3.5532420528501966e-05, array([[-1.40303097e-06],
       [ 2.76176083e-09],
       [ 1.33603921e-10]]), 2.04295400905587), (3.4012160018031404e-05, array([[-1.22631536e-06],
       [-3.02310477e-09],
       [-3.96666009e-12]]), 2.0493966704171274), (3.25044355224121e-05, array([[-1.06084399e-06],
       [-1.95808247e-09],
       [ 3.10709388e-10]]), 2.059460574377878), (3.09160157148089e-05, array([[-9.00884195e-07],
       [-5.89678182e-11],
       [-1.30892526e-10]]), 2.0674221303346028), (2.9378646908737694e-05, array([[-7.53037146e-07],
       [-1.07682874e-09],
       [-7.05062329e-10]]), 2.082152223399488), (2.7799383870929976e-05, array([[-6.15976259e-07],
       [ 1.96595020e-09],
       [-2.76405179e-10]]), 2.0978456532619383), (2.6199052070489577e-05, array([[-4.86209230e-07],
       [-3.65790374e-10],
       [-1.27111952e-10]]), 2.1162914345001393), (2.4610981473784894e-05, array([[-3.70663469e-07],
       [-2.47100265e-09],
       [ 7.43280535e-11]]), 2.1409161013926616), (2.2943890576844804e-05, array([[-2.67172572e-07],
       [-1.23167381e-09],
       [ 6.23991262e-11]]), 2.1645587017579615), (2.136368903363305e-05, array([[-1.76037658e-07],
       [-7.43986216e-10],
       [-2.28629268e-10]]), 2.203943920781537), (1.968142366862198e-05, array([[-9.44286424e-08],
       [-9.23913985e-10],
       [ 1.88414775e-11]]), 2.2423300009471343), (1.80393557913504e-05, array([[-2.79231033e-08],
       [ 1.31824961e-10],
       [ 2.85811138e-11]]), 2.297359883296275), (1.7894475889753607e-05, array([[-1.62182960e-08],
       [ 4.99534841e-10],
       [ 7.15647834e-11]]), 2.278909042940661), (1.936591346854601e-05, array([[-5.79191193e-08],
       [-1.90562637e-09],
       [ 2.93674657e-11]]), 2.206383516630398), (2.075758026824771e-05, array([[-1.12822123e-07],
       [ 1.23390756e-09],
       [-1.33597322e-10]]), 2.141415874866788), (2.2158396367888978e-05, array([[-1.79746354e-07],
       [-1.51274870e-09],
       [-1.55146575e-10]]), 2.090454080334615), (2.3573047283260775e-05, array([[-2.57702932e-07],
       [ 3.65795611e-10],
       [ 4.21075576e-10]]), 2.0506259184088584), (2.493991813063298e-05, array([[-3.43439234e-07],
       [-9.43108758e-10],
       [ 2.05268511e-10]]), 2.0145818625416805), (2.634693750017057e-05, array([[-4.41386672e-07],
       [ 3.35282494e-10],
       [ 1.94685267e-10]]), 1.9882386087446697), (2.7846236597441092e-05, array([[-5.55336665e-07],
       [-3.16386799e-10],
       [-1.40879865e-10]]), 1.9735457396925238), (2.924982587771278e-05, array([[-6.72936059e-07],
       [-5.02847458e-10],
       [ 1.06382629e-10]]), 1.9560003425360846), (3.065925778759617e-05, array([[-8.02335126e-07],
       [-9.37807282e-10],
       [-5.31279057e-10]]), 1.9425512745700697), (3.212104983211694e-05, array([[-9.38938236e-07],
       [ 3.34602105e-09],
       [ 2.28766745e-10]]), 1.935448161520593), (3.356996490031656e-05, array([[-1.08921333e-06],
       [-1.13040441e-09],
       [ 3.13821659e-10]]), 1.930121656698124), (3.5063953630115866e-05, array([[-1.23794101e-06],
       [-9.24395436e-10],
       [ 6.52216475e-10]]), 1.929597550339241), (3.656956148337152e-05, array([[-1.39974923e-06],
       [ 3.18898037e-09],
       [ 1.56663898e-10]]), 1.9315946617174287), (3.812153063606779e-05, array([[-1.57695423e-06],
       [ 1.31579649e-10],
       [ 4.22447137e-10]]), 1.9376673957944601), (4.074722672478167e-05, array([[-1.65189619e-06],
       [-7.49871870e-10],
       [ 8.26732967e-11]]), 1.9503841771236958), (4.340419345650702e-05, array([[-1.71031892e-06],
       [ 9.37654179e-10],
       [-1.23004161e-09]]), 1.9627823592520368), (4.6101862088954766e-05, array([[-1.77509167e-06],
       [-1.86004968e-09],
       [-1.10884027e-10]]), 1.97751350187819), (4.881849537014002e-05, array([[-1.82603613e-06],
       [ 1.88713281e-09],
       [-1.49011005e-09]]), 1.9934857259367724), (5.147623438566118e-05, array([[-1.86985635e-06],
       [ 3.53160622e-09],
       [-7.02548951e-10]]), 2.0076284125274335), (5.420541013216944e-05, array([[-1.91556937e-06],
       [-1.09859561e-09],
       [ 2.72510363e-10]]), 2.0251735326817477), (5.682532824272829e-05, array([[-1.93582272e-06],
       [ 6.72998715e-09],
       [ 1.38284400e-10]]), 2.0393559957414755), (5.945577769378753e-05, array([[-1.95706921e-06],
       [-5.82261487e-11],
       [-9.02291533e-10]]), 2.0548167643763047), (6.205430672211198e-05, array([[-1.97027997e-06],
       [-1.02323859e-09],
       [-1.01437057e-09]]), 2.070120608152935), (6.463036674903572e-05, array([[-1.98424507e-06],
       [-4.99153977e-10],
       [ 3.93910827e-10]]), 2.0857020849629944), (6.71655609270499e-05, array([[-1.96963313e-06],
       [ 3.11935160e-09],
       [-1.38799430e-09]]), 2.10107043033793), (6.971490029155638e-05, array([[-1.97174212e-06],
       [-2.96290096e-09],
       [ 3.22247267e-10]]), 2.11802312837315), (7.211543176808847e-05, array([[-1.95177936e-06],
       [-2.09693043e-09],
       [ 5.50597609e-10]]), 2.131718816979613), (7.455421611077326e-05, array([[-1.92436958e-06],
       [ 8.83765514e-10],
       [ 1.72807169e-09]]), 2.1479002391984148), (7.685533721110112e-05, array([[-1.88891871e-06],
       [-2.48839162e-09],
       [ 1.60425334e-09]]), 2.161535653441773), (7.91038189641312e-05, array([[-1.84727765e-06],
       [-1.02167184e-09],
       [-3.25090527e-10]]), 2.175230875357599), (8.131434736954312e-05, array([[-1.80189812e-06],
       [-1.25574925e-09],
       [ 3.96351927e-10]]), 2.189465094376158), (8.344660137875547e-05, array([[-1.74375290e-06],
       [-8.21532760e-09],
       [ 9.46806731e-10]]), 2.2032273047280624), (8.549912285354943e-05, array([[-1.67572619e-06],
       [-8.15247978e-11],
       [ 4.10447720e-10]]), 2.2165893173600124), (8.743294209248092e-05, array([[-1.61392072e-06],
       [-5.57741345e-10],
       [-5.30387666e-10]]), 2.228658039570061), (8.924645508997862e-05, array([[-1.54090126e-06],
       [-6.63899688e-09],
       [ 6.36445298e-10]]), 2.2395299311879544), (9.102763199378092e-05, array([[-1.44641197e-06],
       [ 2.61759599e-09],
       [-1.90511647e-09]]), 2.251502431536947), (9.266016517576315e-05, array([[-1.36863421e-06],
       [-9.31131497e-10],
       [ 8.90720364e-10]]), 2.261757304694543), (9.428618905933707e-05, array([[-1.27974172e-06],
       [-1.38164715e-09],
       [ 1.66924193e-10]]), 2.273849138032728), (9.566092124208406e-05, array([[-1.17298115e-06],
       [ 3.94239521e-09],
       [-1.10239807e-09]]), 2.2819364413044188), (9.692252971363884e-05, array([[-1.07359643e-06],
       [ 3.08246930e-09],
       [ 3.24417705e-10]]), 2.289460909149267), (9.815221640450227e-05, array([[-9.60515436e-07],
       [ 2.66189293e-09],
       [-9.31100387e-10]]), 2.298385039525366), (9.921320687885992e-05, array([[-8.47706783e-07],
       [-6.23855754e-09],
       [ 2.94263590e-10]]), 2.305540810833645), (0.00010008219220556405, array([[-7.21388137e-07],
       [-2.51612120e-09],
       [ 2.61123203e-10]]), 2.3104691582103563), (0.00010088186429629504, array([[-6.13666554e-07],
       [-3.50106591e-10],
       [ 7.38416431e-11]]), 2.3160603893214216), (0.00010150146512277426, array([[-4.87135897e-07],
       [-2.73637343e-09],
       [-4.36872857e-10]]), 2.319801789600388), (0.00010198519907527411, array([[-3.52091771e-07],
       [ 2.30520041e-11],
       [-5.88029660e-10]]), 2.3227467001450064), (0.0001023551577372726, array([[-2.35201692e-07],
       [-1.93037415e-09],
       [-7.48196732e-11]]), 2.325422286049087), (0.0001025260805079265, array([[-1.20263156e-07],
       [-7.42021268e-10],
       [ 1.47523210e-10]]), 2.3259101365232677), (0.00010258501054587245, array([[ 4.62147076e-09],
       [-1.38653974e-09],
       [-5.52900946e-11]]), 2.326198469320804)]