[(0.00010260171377601873, array([[-1.08452787e-08],
       [ 1.44538238e-10],
       [ 2.81809020e-10]]), 2.326577228636539), (0.00010249547108934692, array([[-1.34416751e-07],
       [-2.54882377e-10],
       [ 7.43448141e-11]]), 2.325215730216164), (0.00010208224220424458, array([[-2.68772320e-07],
       [ 4.17878731e-09],
       [-1.35781090e-10]]), 2.3192218768392125), (0.00010164945152539679, array([[-4.16709171e-07],
       [ 1.64074722e-09],
       [ 2.60915746e-10]]), 2.315099938451835), (0.00010101061146822752, array([[-5.40530182e-07],
       [ 3.88778759e-11],
       [-3.40282854e-10]]), 2.3085833979754775), (0.00010024109336121385, array([[-6.74492860e-07],
       [-1.06663889e-08],
       [-9.03654545e-10]]), 2.3013494777842283), (9.948517715582313e-05, array([[-8.17023911e-07],
       [ 3.39976763e-10],
       [-6.66333875e-10]]), 2.2966866377737474), (9.844630627036645e-05, array([[-9.46672237e-07],
       [-3.61868071e-09],
       [-3.73336996e-10]]), 2.2877193865862266), (9.732931387384951e-05, array([[-1.06448097e-06],
       [ 2.03720375e-09],
       [ 1.57133167e-10]]), 2.2791155116968214), (9.602744013919448e-05, array([[-1.18211958e-06],
       [-2.49946320e-09],
       [ 2.11419836e-10]]), 2.26831750114153), (9.473416426595117e-05, array([[-1.30315475e-06],
       [-5.80666910e-09],
       [-8.23874020e-10]]), 2.259829184876071), (9.331077351250136e-05, array([[-1.41553498e-06],
       [ 4.99682933e-09],
       [ 7.41767879e-10]]), 2.2503255676930647), (9.172236929702234e-05, array([[-1.53926097e-06],
       [ 3.56952661e-09],
       [ 1.06011718e-09]]), 2.238866489908803), (9.003604858263224e-05, array([[-1.62788600e-06],
       [ 1.60742988e-09],
       [-3.65962196e-10]]), 2.226976335313489), (8.829996168540815e-05, array([[-1.71620580e-06],
       [-6.23618423e-10],
       [-5.08044953e-10]]), 2.2157788443008553), (8.641930146391224e-05, array([[-1.80258957e-06],
       [ 1.27780651e-09],
       [ 1.01016239e-09]]), 2.2028204286875965), (8.4604163070238e-05, array([[-1.88909970e-06],
       [-3.72835411e-09],
       [ 2.53143395e-10]]), 2.193387227923925), (8.253903036275238e-05, array([[-1.96860700e-06],
       [ 3.63036580e-10],
       [-8.32176536e-10]]), 2.179264851969059), (8.04993752768048e-05, array([[-2.01966517e-06],
       [-1.95193363e-09],
       [-6.73372907e-10]]), 2.167521206149003), (7.845941102995745e-05, array([[-2.10668174e-06],
       [-3.94006757e-09],
       [-1.03178997e-09]]), 2.1575106685067027), (7.62034848877134e-05, array([[-2.15131768e-06],
       [-8.91817891e-10],
       [ 8.88459321e-10]]), 2.1432024824622307), (7.39972528600937e-05, array([[-2.19598297e-06],
       [-4.24409729e-09],
       [-5.50096923e-10]]), 2.1318541782005775), (7.170702922663649e-05, array([[-2.23051476e-06],
       [ 8.98121554e-10],
       [ 1.32277295e-09]]), 2.11964651343555), (6.93879828421565e-05, array([[-2.25987311e-06],
       [ 3.43297757e-09],
       [ 1.83580315e-09]]), 2.1080909802096715), (6.710917868946777e-05, array([[-2.28646722e-06],
       [ 2.65135445e-09],
       [-7.45689108e-10]]), 2.0993066834035634), (6.466166048548477e-05, array([[-2.29304004e-06],
       [-1.14649908e-09],
       [-1.74994999e-09]]), 2.0867119726464645), (6.22634096903408e-05, array([[-2.29942851e-06],
       [ 7.86879363e-10],
       [ 1.35653127e-10]]), 2.0770962458906146), (5.984235239529081e-05, array([[-2.29765835e-06],
       [-2.37490858e-09],
       [-1.01958048e-09]]), 2.0681769491748923), (5.741630769677619e-05, array([[-2.28116570e-06],
       [-1.49441418e-09],
       [ 2.81364938e-09]]), 2.060565155991717), (5.49873458364039e-05, array([[-2.26971603e-06],
       [ 3.53548069e-09],
       [ 6.46782928e-11]]), 2.054387507608112), (5.246999260400264e-05, array([[-2.23803552e-06],
       [ 3.56668536e-10],
       [ 6.53383482e-10]]), 2.046386050069015), (5.0009551807922884e-05, array([[-2.20043006e-06],
       [-2.06739015e-09],
       [-1.13083402e-09]]), 2.0421220878218107), (4.7476811612553075e-05, array([[-2.15064448e-06],
       [-5.82319621e-09],
       [-7.74412743e-11]]), 2.036491190069402), (4.5015791731202126e-05, array([[-2.10516291e-06],
       [ 1.97889072e-09],
       [-7.78109682e-10]]), 2.0356604941018923), (4.250227436918947e-05, array([[-2.04221654e-06],
       [ 1.68724324e-09],
       [-1.73285800e-09]]), 2.0343903152314775), (4.003440212632799e-05, array([[-1.96910358e-06],
       [-3.37023945e-09],
       [ 6.85477893e-10]]), 2.0348961444091636), (3.8606058371842295e-05, array([[-1.77321961e-06],
       [ 1.04224856e-10],
       [-2.07479800e-10]]), 2.039161894104477), (3.7068523721934443e-05, array([[-1.58385095e-06],
       [-2.26612100e-09],
       [ 8.58819266e-11]]), 2.0399106536321403), (3.556045375465173e-05, array([[-1.40194777e-06],
       [-9.44755508e-10],
       [ 2.34516000e-10]]), 2.044565793192656), (3.396902771309865e-05, array([[-1.22218591e-06],
       [-3.50604740e-09],
       [ 4.78055445e-11]]), 2.0467977410321736), (3.24809251646405e-05, array([[-1.06009760e-06],
       [ 1.74633453e-09],
       [-2.24550306e-11]]), 2.0579709729083575), (3.0906742559507025e-05, array([[-9.00573315e-07],
       [ 1.41844074e-09],
       [ 3.77859622e-10]]), 2.066802013995357), (2.934555272756279e-05, array([[-7.52009859e-07],
       [-1.07809068e-09],
       [ 5.88563791e-11]]), 2.079806740194323), (2.783508128827218e-05, array([[-6.15968487e-07],
       [ 4.02995646e-09],
       [ 1.78598505e-10]]), 2.10053951410978), (2.6142079597091272e-05, array([[-4.85652006e-07],
       [-9.51130237e-10],
       [ 8.39546365e-11]]), 2.111689345953931), (2.4580112962982256e-05, array([[-3.71057973e-07],
       [-3.90394144e-09],
       [ 2.98500184e-10]]), 2.1382308410801554), (2.2924020241770397e-05, array([[-2.67324178e-07],
       [ 1.76856188e-09],
       [ 2.63172834e-11]]), 2.1626841065776845), (2.1361623886495736e-05, array([[-1.75015155e-07],
       [-1.89772947e-09],
       [ 2.73100878e-12]]), 2.203730873846074), (1.9672360550855692e-05, array([[-9.69570557e-08],
       [-1.77999494e-09],
       [-9.32739874e-11]]), 2.2412974282424547), (1.802138565762112e-05, array([[-2.97849569e-08],
       [-1.15580392e-09],
       [ 6.26273827e-11]]), 2.295071339026478), (1.7890820378129473e-05, array([[-1.60992631e-08],
       [ 2.20405730e-11],
       [ 1.34584019e-10]]), 2.2784435038241124), (1.932073667565783e-05, array([[-5.94185567e-08],
       [ 3.02418795e-10],
       [-5.19308813e-12]]), 2.2012364663079533), (2.0726147912580185e-05, array([[-1.13533866e-07],
       [-2.05273142e-09],
       [ 6.21502328e-11]]), 2.138173216303456), (2.2159707306891383e-05, array([[-1.80481310e-07],
       [ 2.14000099e-09],
       [ 9.92421933e-11]]), 2.090577756152177), (2.3523740141024595e-05, array([[-2.57070204e-07],
       [-1.37880019e-09],
       [-6.83819342e-12]]), 2.046336676436142), (2.4989052291439514e-05, array([[-3.46754621e-07],
       [ 1.06950295e-09],
       [ 2.37040784e-10]]), 2.018550792538707), (2.6409471578868255e-05, array([[-4.43678492e-07],
       [-1.53676804e-09],
       [ 1.23571525e-10]]), 1.9929576645980571), (2.780025773329117e-05, array([[-5.55881603e-07],
       [ 4.48454266e-10],
       [ 4.11331938e-11]]), 1.9702870806223312), (2.9219766608164264e-05, array([[-6.73038527e-07],
       [-3.65796979e-09],
       [-1.81970261e-10]]), 1.9539902129107287), (3.0707301762655936e-05, array([[-8.04894338e-07],
       [ 1.60994492e-09],
       [-4.42305897e-11]]), 1.9455953105879773), (3.211832692748448e-05, array([[-9.40297050e-07],
       [-1.82566503e-09],
       [ 3.01541307e-10]]), 1.9352840933848245), (3.361655251018252e-05, array([[-1.09187857e-06],
       [-1.97000286e-09],
       [ 1.21829998e-10]]), 1.932800234260034), (3.511651609050682e-05, array([[-1.24242309e-06],
       [-7.87597952e-10],
       [-8.54034507e-10]]), 1.9324901047807648), (3.658335509221655e-05, array([[-1.41014281e-06],
       [ 2.50211204e-09],
       [-1.31284920e-09]]), 1.9323232365247311), (3.812895691139083e-05, array([[-1.56821422e-06],
       [ 2.15366936e-09],
       [-6.97236849e-10]]), 1.9380448636276124), (4.074329876334777e-05, array([[-1.65501574e-06],
       [-1.67622695e-09],
       [-2.76269839e-11]]), 1.9501961634981115), (4.340822310677045e-05, array([[-1.71714473e-06],
       [ 3.73657128e-09],
       [-6.28083302e-10]]), 1.9629645841897945), (4.61322687657171e-05, array([[-1.77489076e-06],
       [ 3.84275872e-09],
       [-2.19825261e-10]]), 1.978817779213642), (4.882825535171187e-05, array([[-1.83026593e-06],
       [-2.44959769e-09],
       [ 1.30425713e-11]]), 1.9938842712790936), (5.149219552391299e-05, array([[-1.87514969e-06],
       [ 2.56007150e-09],
       [-6.27462071e-10]]), 2.0082509140571796), (5.413375012640546e-05, array([[-1.90793035e-06],
       [ 3.40852881e-10],
       [-1.14705509e-10]]), 2.022496236325698), (5.6832942752678536e-05, array([[-1.94475551e-06],
       [-7.68980620e-11],
       [-1.19784801e-09]]), 2.03962926642907), (5.94718633981584e-05, array([[-1.95798856e-06],
       [-3.71255788e-10],
       [ 6.05556529e-10]]), 2.055372693106701), (6.20599146592646e-05, array([[-1.96266209e-06],
       [ 2.19123891e-09],
       [ 1.01193973e-10]]), 2.070307687936468), (6.467328498441951e-05, array([[-1.98323507e-06],
       [ 2.99400216e-09],
       [-4.37948542e-10]]), 2.0870871096429635), (6.720330299702275e-05, array([[-1.96849453e-06],
       [ 1.41740740e-11],
       [-7.09597715e-10]]), 2.1022510762836375), (6.96343115527632e-05, array([[-1.96042762e-06],
       [-1.39100524e-09],
       [ 7.95119920e-10]]), 2.1155747448577675), (7.21752498011443e-05, array([[-1.95137543e-06],
       [-3.53743906e-10],
       [-1.47327570e-09]]), 2.133487026966484), (7.453734220335744e-05, array([[-1.91319910e-06],
       [-6.23215190e-09],
       [ 2.84426116e-09]]), 2.1474141034482805), (7.684229327181123e-05, array([[-1.88216624e-06],
       [ 8.23925273e-09],
       [-5.52031123e-11]]), 2.161168796163417), (7.908075901835607e-05, array([[-1.84659053e-06],
       [-4.16695733e-09],
       [ 1.53567450e-09]]), 2.174596763039243), (8.132502788653055e-05, array([[-1.79356834e-06],
       [-2.77924022e-09],
       [-2.88468132e-10]]), 2.1897526773168123), (8.351117882662444e-05, array([[-1.73739240e-06],
       [ 1.81318948e-09],
       [ 5.10809925e-10]]), 2.204932332782695), (8.547315231018771e-05, array([[-1.67884061e-06],
       [ 5.23183084e-09],
       [-8.46036679e-10]]), 2.2159160235640023), (8.744512226402783e-05, array([[-1.61092580e-06],
       [ 2.98239777e-09],
       [-4.08128103e-10]]), 2.228968511076472), (8.93423175005158e-05, array([[-1.53207886e-06],
       [-2.07574757e-09],
       [-1.66853229e-10]]), 2.2419354803770775), (9.09972151732408e-05, array([[-1.46118508e-06],
       [ 1.88844030e-09],
       [-2.28277346e-10]]), 2.2507500935500553), (9.271492159589567e-05, array([[-1.37816882e-06],
       [ 5.68963249e-09],
       [-1.46112580e-09]]), 2.2630938632143645), (9.419881295876599e-05, array([[-1.27017666e-06],
       [-1.32542255e-09],
       [ 8.05589041e-11]]), 2.2717419357695934), (9.564001564061655e-05, array([[-1.14602715e-06],
       [ 1.29633209e-09],
       [ 1.64256559e-10]]), 2.2814377501649585), (9.698064613097577e-05, array([[-1.07331335e-06],
       [-2.18198924e-09],
       [ 4.63654066e-10]]), 2.290833709323446), (9.80968779783435e-05, array([[-9.60752825e-07],
       [-1.90906273e-09],
       [ 9.92914918e-11]]), 2.297089205203398), (9.920184918576294e-05, array([[-8.53607930e-07],
       [-6.77190678e-10],
       [ 1.93104660e-10]]), 2.3052768779785766), (0.00010006550514911473, array([[-7.41082492e-07],
       [ 7.37470725e-09],
       [-4.16194005e-10]]), 2.3100839255489025), (0.00010084807473159738, array([[-6.15008764e-07],
       [-1.98846381e-09],
       [-3.87247914e-10]]), 2.3152846436220877), (0.00010147218782547495, array([[-4.89594702e-07],
       [-6.35169342e-09],
       [ 5.84886281e-10]]), 2.3191326610652734), (0.00010196766477405211, array([[-3.77911663e-07],
       [ 4.14961852e-10],
       [-5.56427749e-10]]), 2.3223473506249577), (0.00010235450075490814, array([[-2.31868062e-07],
       [ 2.86584147e-09],
       [-6.26584310e-11]]), 2.325407359967533), (0.00010253271445152514, array([[-1.22227107e-07],
       [-1.26154591e-10],
       [-7.25058475e-11]]), 2.326060634392539), (0.00010256863758418046, array([[ 7.97362046e-09],
       [-3.53292640e-09],
       [-1.29840277e-10]]), 2.3258271991106296)]