[(0.00010260408906126837, array([[ 5.08466813e-09],
       [ 1.04785236e-08],
       [-2.11538330e-10]]), 2.3266310901596063), (0.00010242353127887589, array([[-1.37346103e-07],
       [-3.85049490e-10],
       [-7.66546960e-11]]), 2.323583701238121), (0.00010215283060887016, array([[-2.86747103e-07],
       [ 5.54054013e-10],
       [ 9.93496677e-12]]), 2.3208255854639828), (0.00010154896361505175, array([[-4.21181269e-07],
       [ 2.32228665e-09],
       [-2.38425171e-10]]), 2.312811292998624), (0.00010103800153214288, array([[-5.53799671e-07],
       [ 7.40977255e-09],
       [ 8.37304924e-10]]), 2.3092093940555465), (0.00010032178956022039, array([[-6.83066010e-07],
       [ 2.62335865e-09],
       [ 3.73332838e-10]]), 2.3032021127587257), (9.940171864614543e-05, array([[-8.17295837e-07],
       [-1.28721183e-09],
       [-9.14443594e-11]]), 2.29475993824458), (9.84173084893971e-05, array([[-9.44247139e-07],
       [ 2.75750251e-10],
       [ 1.27476657e-10]]), 2.2870455290469773), (9.734803466655315e-05, array([[-1.05077593e-06],
       [ 1.43202461e-09],
       [-1.84818922e-10]]), 2.2795538878380266), (9.605815316776723e-05, array([[-1.19353385e-06],
       [ 1.85142977e-09],
       [ 9.52789814e-10]]), 2.269042990648734), (9.477119663653265e-05, array([[-1.30354302e-06],
       [-8.39915090e-10],
       [-8.93898465e-11]]), 2.26071257084853), (9.327083399470097e-05, array([[-1.41304031e-06],
       [ 5.65153474e-09],
       [ 9.55668096e-11]]), 2.249362367896468), (9.172716942208096e-05, array([[-1.52157604e-06],
       [-6.37258377e-10],
       [ 3.42011109e-10]]), 2.2389836569556585), (9.010083743799684e-05, array([[-1.62280938e-06],
       [-4.58973711e-09],
       [-6.31584958e-10]]), 2.228578840642858), (8.830732294386969e-05, array([[-1.72164593e-06],
       [-3.43272363e-09],
       [ 3.25570014e-10]]), 2.2159635660204935), (8.649586094457008e-05, array([[-1.81148702e-06],
       [-3.89456905e-10],
       [-4.15033308e-10]]), 2.204771923147121), (8.451812642624926e-05, array([[-1.89794499e-06],
       [-3.10588307e-09],
       [ 2.14708297e-10]]), 2.1911567032167465), (8.262940583876462e-05, array([[-1.96277730e-06],
       [ 3.51992627e-09],
       [ 7.64193836e-10]]), 2.181651021245435), (8.049800073893447e-05, array([[-2.03123165e-06],
       [ 1.17287724e-09],
       [ 5.88642906e-10]]), 2.1674841954272135), (7.840800960131062e-05, array([[-2.10676084e-06],
       [-6.15301109e-09],
       [ 1.74142605e-10]]), 2.1560972098887214), (7.620376761791223e-05, array([[-2.14382049e-06],
       [ 3.63432337e-10],
       [ 7.46017062e-10]]), 2.143210434172903), (7.399826948093758e-05, array([[-2.20422801e-06],
       [ 5.52218655e-10],
       [-5.06184615e-10]]), 2.131883466955361), (7.172582252237696e-05, array([[-2.23543447e-06],
       [-2.76737256e-09],
       [-7.72832213e-10]]), 2.1202020397796457), (6.941320854194926e-05, array([[-2.26119490e-06],
       [ 7.69591224e-10],
       [ 9.90718506e-11]]), 2.1088573675295557), (6.708059920684459e-05, array([[-2.29512577e-06],
       [-7.43075766e-10],
       [ 6.98622231e-10]]), 2.0984126611542866), (6.461573919698181e-05, array([[-2.30511661e-06],
       [ 3.32510542e-09],
       [ 1.49617355e-09]]), 2.085230035718167), (6.222048552328904e-05, array([[-2.30521813e-06],
       [-5.13702792e-09],
       [ 7.72159894e-11]]), 2.0756643033310174), (5.983588045036583e-05, array([[-2.28994406e-06],
       [-2.77279685e-10],
       [ 8.58610914e-10]]), 2.067953276027457), (5.7436327008465205e-05, array([[-2.28954238e-06],
       [-3.43588811e-09],
       [-3.71986617e-10]]), 2.061283612084909), (5.491746614052014e-05, array([[-2.26745991e-06],
       [ 4.59717105e-10],
       [ 5.19521704e-10]]), 2.0517767255804404), (5.246510205028136e-05, array([[-2.23119006e-06],
       [ 1.77118285e-09],
       [ 4.71818593e-10]]), 2.0461953132227597), (4.997772922684316e-05, array([[-2.19738384e-06],
       [-4.66180054e-09],
       [-6.31733311e-11]]), 2.0408226241520704), (4.749627859297465e-05, array([[-2.14635800e-06],
       [ 1.69754479e-09],
       [ 3.22529140e-10]]), 2.03732621526969), (4.503114702726783e-05, array([[-2.10247216e-06],
       [-2.33241629e-09],
       [-3.06890885e-10]]), 2.0363548764147223), (4.247378941528226e-05, array([[-2.03655250e-06],
       [ 1.25246131e-09],
       [-4.29271124e-10]]), 2.0330268702107404), (4.004783151646518e-05, array([[-1.96763732e-06],
       [ 8.31621419e-10],
       [-5.51060901e-10]]), 2.0355787426936516), (3.857748712168629e-05, array([[-1.77399799e-06],
       [ 1.45095567e-09],
       [-6.47091788e-10]]), 2.0376527681526926), (3.705518863930605e-05, array([[-1.58484155e-06],
       [ 4.79442481e-09],
       [-2.50592705e-10]]), 2.0391768133172476), (3.558057650022069e-05, array([[-1.40282361e-06],
       [-3.18925902e-09],
       [-4.95267605e-10]]), 2.0457227603545287), (3.4003896477674585e-05, array([[-1.22641611e-06],
       [ 1.13211932e-09],
       [ 1.05209448e-10]]), 2.048898752258323), (3.2448563135616065e-05, array([[-1.05629593e-06],
       [-1.89646643e-09],
       [ 6.06169838e-10]]), 2.055920535120052), (3.0944453846847847e-05, array([[-9.00659254e-07],
       [ 2.55311157e-10],
       [-5.70768672e-11]]), 2.0693238509206267), (2.9359287296282855e-05, array([[-7.51901553e-07],
       [-8.74333455e-10],
       [ 2.05768654e-10]]), 2.080780149993854), (2.7804167845159914e-05, array([[-6.15250099e-07],
       [ 4.15008406e-09],
       [-4.17314504e-10]]), 2.0982066698797954), (2.619539189073218e-05, array([[-4.87962355e-07],
       [ 2.81382215e-09],
       [ 5.31402827e-11]]), 2.1159957746782316), (2.459224668117928e-05, array([[-3.70721335e-07],
       [-1.75680604e-09],
       [ 7.25083937e-11]]), 2.139286356589987), (2.2992533580612297e-05, array([[-2.68881836e-07],
       [ 1.11286712e-09],
       [ 9.08600097e-11]]), 2.169147750713365), (2.133362154257898e-05, array([[-1.73523309e-07],
       [ 4.10407027e-09],
       [-2.83803048e-10]]), 2.2008420658529504), (1.9725878576170486e-05, array([[-9.42028026e-08],
       [-1.45333605e-10],
       [ 4.04635670e-11]]), 2.247394805941108), (1.7984440572395887e-05, array([[-2.91799867e-08],
       [-1.64531538e-09],
       [-1.70386668e-10]]), 2.2903662842749055), (1.7898329704326304e-05, array([[-1.75924444e-08],
       [-2.58843305e-09],
       [-9.12441445e-11]]), 2.279399836464519), (1.9332033493593546e-05, array([[-5.90807919e-08],
       [-4.10805877e-10],
       [-1.71566094e-11]]), 2.202523527355924), (2.0735387154480425e-05, array([[-1.12058857e-07],
       [ 1.40833207e-09],
       [ 2.86205257e-11]]), 2.139126364937412), (2.2117921259657497e-05, array([[-1.78325543e-07],
       [ 4.87607293e-10],
       [ 9.63128208e-11]]), 2.0866356020589447), (2.3554919379577492e-05, array([[-2.56478229e-07],
       [ 2.19541936e-09],
       [-5.84446535e-11]]), 2.0490489670417875), (2.497793410033087e-05, array([[-3.46011138e-07],
       [-2.53666523e-10],
       [ 1.18609533e-10]]), 2.017652693914869), (2.641797516230358e-05, array([[-4.43910475e-07],
       [ 1.26517152e-09],
       [-5.66238333e-11]]), 1.9935993768615294), (2.7779511809446718e-05, array([[-5.53012414e-07],
       [ 8.83748118e-10],
       [-1.12217588e-10]]), 1.9688167551987883), (2.921878078742697e-05, array([[-6.74044454e-07],
       [ 6.73475760e-10],
       [-2.66415741e-10]]), 1.9539242889046204), (3.0660984517246354e-05, array([[-8.00928658e-07],
       [ 5.11369392e-10],
       [-3.76776628e-10]]), 1.9426606790737937), (3.2155940815402356e-05, array([[-9.41514913e-07],
       [-1.40823301e-09],
       [-5.36564184e-10]]), 1.9375505115311424), (3.359630861981041e-05, array([[-1.09010211e-06],
       [-2.64025510e-10],
       [ 4.17506788e-10]]), 1.9316363018180709), (3.507386112162279e-05, array([[-1.24533606e-06],
       [-1.71085374e-09],
       [-8.09630437e-11]]), 1.9301427675598497), (3.655509145014338e-05, array([[-1.40200535e-06],
       [ 4.73756475e-11],
       [-1.02012016e-10]]), 1.9308303583513344), (3.8080711761534214e-05, array([[-1.56626528e-06],
       [ 1.30455370e-09],
       [-9.34044784e-10]]), 1.9355926259466327), (4.079688450507483e-05, array([[-1.64996338e-06],
       [ 7.83295791e-10],
       [ 2.96107494e-10]]), 1.9527610689207506), (4.345112843515791e-05, array([[-1.71900417e-06],
       [ 3.14205519e-09],
       [ 2.07711704e-10]]), 1.9649048073565072), (4.620803782526492e-05, array([[-1.77722292e-06],
       [-2.53245592e-09],
       [ 3.89666067e-10]]), 1.9820678505012468), (4.878147814367401e-05, array([[-1.82108846e-06],
       [-4.83428096e-10],
       [ 5.09062779e-10]]), 1.9919741407882696), (5.152612551267136e-05, array([[-1.87081389e-06],
       [-3.33259352e-09],
       [ 9.57369940e-10]]), 2.009574220050343), (5.419344503286294e-05, array([[-1.90253076e-06],
       [-1.77536003e-09],
       [ 4.71114914e-10]]), 2.0247265034576842), (5.682881392937974e-05, array([[-1.93579097e-06],
       [-3.02847181e-09],
       [ 6.44566803e-10]]), 2.039481090592517), (5.942887175637948e-05, array([[-1.95321352e-06],
       [-3.21702293e-09],
       [ 1.02103293e-10]]), 2.053886883826561), (6.207339769389026e-05, array([[-1.97840707e-06],
       [-3.28858943e-09],
       [ 3.59690076e-10]]), 2.0707574795675954), (6.464378627705299e-05, array([[-1.98591351e-06],
       [-1.67922120e-09],
       [ 5.21687271e-10]]), 2.0861351497740532), (6.72241462784926e-05, array([[-1.97076271e-06],
       [ 2.25705545e-10],
       [-8.70121843e-11]]), 2.102903094993272), (6.964468918895513e-05, array([[-1.95755506e-06],
       [-1.33037538e-09],
       [-2.04648646e-09]]), 2.1158900300174737), (7.208919170171182e-05, array([[-1.95174382e-06],
       [-7.60451542e-09],
       [ 8.96606620e-10]]), 2.130943165473653), (7.453764386988895e-05, array([[-1.92171460e-06],
       [ 4.04649209e-09],
       [-4.88608309e-10]]), 2.1474227944338344), (7.682510918105252e-05, array([[-1.89489709e-06],
       [-1.33921340e-09],
       [ 6.47442839e-10]]), 2.1606854982403987), (7.916265438304776e-05, array([[-1.84309674e-06],
       [-8.55171934e-09],
       [ 9.28610514e-10]]), 2.176848757041035), (8.133282459711113e-05, array([[-1.79826604e-06],
       [ 2.89193652e-09],
       [ 1.14787242e-10]]), 2.189962611064292), (8.344437813798869e-05, array([[-1.73973997e-06],
       [-3.41669593e-10],
       [-8.77475805e-10]]), 2.2031686048567503), (8.551232365628248e-05, array([[-1.67780095e-06],
       [ 4.59912941e-10],
       [-9.20380950e-10]]), 2.216931551962451), (8.740815730818158e-05, array([[-1.62811447e-06],
       [-7.80098269e-11],
       [ 1.69045911e-10]]), 2.228026277588069), (8.925684385027723e-05, array([[-1.53512554e-06],
       [-3.89361919e-09],
       [ 6.80653857e-10]]), 2.2397906243394434), (9.104874737978898e-05, array([[-1.44481557e-06],
       [ 5.93141137e-09],
       [-6.79882603e-10]]), 2.2520247052894184), (9.270123883698272e-05, array([[-1.37496803e-06],
       [-7.18193026e-10],
       [ 1.42924183e-09]]), 2.262759878487907), (9.424600828232366e-05, array([[-1.27034599e-06],
       [-2.46306160e-09],
       [ 1.76682586e-10]]), 2.2728801199178914), (9.559243978431148e-05, array([[-1.17263305e-06],
       [ 5.76280568e-09],
       [-5.61442728e-10]]), 2.2803028553843188), (9.696755973484155e-05, array([[-1.06232699e-06],
       [ 8.41199577e-09],
       [-7.58645541e-10]]), 2.2905245882916327), (9.806622909088124e-05, array([[-9.70177351e-07],
       [-4.17837669e-09],
       [ 7.50781456e-10]]), 2.2963715143859944), (9.914600540430091e-05, array([[-8.47437879e-07],
       [ 2.00167023e-09],
       [ 1.32389704e-10]]), 2.303979166502027), (0.00010008996502289986, array([[-7.34658547e-07],
       [ 4.98129742e-09],
       [-1.03175095e-09]]), 2.3106485992710586), (0.00010082156448342086, array([[-6.13866029e-07],
       [ 4.15966797e-09],
       [ 3.05199800e-11]]), 2.3146760175212417), (0.00010145497726764658, array([[-4.93379371e-07],
       [-3.41624257e-10],
       [-5.22381210e-10]]), 2.318739316173138), (0.00010193949159094943, array([[-3.69326104e-07],
       [-2.29901795e-10],
       [-5.34927679e-10]]), 2.3217056970450494), (0.0001023686214626541, array([[-2.51750926e-07],
       [ 2.28653756e-09],
       [-3.69867005e-10]]), 2.3257281704592874), (0.00010254489758356214, array([[-1.27556178e-07],
       [-3.47210671e-09],
       [ 1.99732701e-10]]), 2.326337021338759), (0.00010270067837194674, array([[-6.12459271e-09],
       [ 8.52805626e-10],
       [-4.36559524e-10]]), 2.328821331262641)]