[(0.00010265756305793962, array([[-2.52409155e-09],
       [ 4.06509741e-09],
       [-2.92213709e-10]]), 2.3278436564842893), (0.0001024121586639271, array([[-1.59693439e-07],
       [ 3.69467767e-09],
       [-1.55938958e-10]]), 2.323325701710029), (0.00010216149481191304, array([[-2.80984699e-07],
       [ 9.20911203e-09],
       [ 7.94708741e-10]]), 2.32102242880136), (0.00010162714027596449, array([[-4.15237089e-07],
       [-1.08766548e-08],
       [-1.19244219e-09]]), 2.31459179235353), (0.00010103647115014054, array([[-5.53668171e-07],
       [-2.45578453e-09],
       [-8.49355674e-11]]), 2.309174417388919), (0.00010023295919537912, array([[-6.84463472e-07],
       [-3.66760152e-09],
       [ 2.88870255e-10]]), 2.3011627324319153), (9.938716120013695e-05, array([[-8.10032004e-07],
       [-4.49125641e-09],
       [-1.83935718e-10]]), 2.2944238691669177), (9.846936406848832e-05, array([[-9.52736316e-07],
       [-1.91203519e-09],
       [-2.54648766e-11]]), 2.2882552093486423), (9.734627829648991e-05, array([[-1.06176998e-06],
       [ 5.42932448e-09],
       [ 8.17086046e-10]]), 2.279512759732874), (9.605759131602435e-05, array([[-1.19251251e-06],
       [ 2.69157321e-09],
       [ 7.70173048e-10]]), 2.26902971883664), (9.471620816996109e-05, array([[-1.30999952e-06],
       [ 4.24567101e-09],
       [ 1.12967690e-10]]), 2.2594008524990534), (9.326578177132764e-05, array([[-1.41991566e-06],
       [-2.22750461e-09],
       [-7.57790846e-10]]), 2.2492405261519117), (9.174890738093909e-05, array([[-1.50820076e-06],
       [-1.72668445e-09],
       [-4.39933316e-10]]), 2.239514262390511), (9.004815385514304e-05, array([[-1.62848659e-06],
       [ 3.30658016e-09],
       [-3.12772732e-10]]), 2.227275750445966), (8.83033702561081e-05, array([[-1.71993303e-06],
       [-3.89922460e-09],
       [ 3.94041848e-10]]), 2.2158643781867386), (8.650092722562744e-05, array([[-1.81848861e-06],
       [ 4.60859070e-09],
       [ 8.69575364e-11]]), 2.2049010622077434), (8.454141444217313e-05, array([[-1.88833090e-06],
       [-1.35854880e-10],
       [-1.27136601e-09]]), 2.1917604517184444), (8.259236392479388e-05, array([[-1.97032129e-06],
       [ 1.48571182e-09],
       [-4.80195576e-10]]), 2.180673009499824), (8.057096414735585e-05, array([[-2.03491131e-06],
       [ 4.85105939e-09],
       [ 2.60683429e-09]]), 2.16944880365532), (7.838214470265223e-05, array([[-2.08976533e-06],
       [-5.85121253e-09],
       [-1.29085006e-09]]), 2.155385965768191), (7.619695705674633e-05, array([[-2.15391443e-06],
       [-6.98093921e-09],
       [ 1.53387554e-10]]), 2.143018888974947), (7.406241775194966e-05, array([[-2.19456354e-06],
       [-3.72417852e-09],
       [ 1.14716603e-09]]), 2.1337315728551838), (7.17181710570709e-05, array([[-2.24374343e-06],
       [ 2.12637591e-09],
       [ 6.40051585e-10]]), 2.119975863881222), (6.942524352737198e-05, array([[-2.26612898e-06],
       [-5.05105390e-09],
       [ 3.06567567e-11]]), 2.1092230049667227), (6.702498552801186e-05, array([[-2.29006194e-06],
       [ 2.21957223e-09],
       [-4.23516519e-10]]), 2.0966729562444346), (6.47170102843858e-05, array([[-2.28820113e-06],
       [ 4.86546101e-09],
       [-3.99344846e-10]]), 2.0884981792978734), (6.226406831362483e-05, array([[-2.29853627e-06],
       [ 1.26903895e-09],
       [-1.21403057e-10]]), 2.0771182174459386), (5.981252916758154e-05, array([[-2.29363486e-06],
       [-6.84716840e-10],
       [ 1.61602423e-09]]), 2.067146245841392), (5.737641739018765e-05, array([[-2.28569473e-06],
       [ 1.07959248e-09],
       [-2.45887797e-10]]), 2.059133566620762), (5.493791432837286e-05, array([[-2.26033350e-06],
       [-8.52636401e-10],
       [-3.11226268e-11]]), 2.0525406922902145), (5.241485515800017e-05, array([[-2.23295415e-06],
       [ 1.72250776e-09],
       [ 9.42189313e-11]]), 2.0442356304722855), (4.9970617710751166e-05, array([[-2.19630120e-06],
       [-8.23180447e-10],
       [-3.88446363e-10]]), 2.0405322279464584), (4.7462794870937246e-05, array([[-2.15287179e-06],
       [-3.37714983e-09],
       [ 1.97587815e-10]]), 2.0358899498040057), (4.5006994607031096e-05, array([[-2.10242857e-06],
       [ 8.03592993e-10],
       [ 4.35686812e-11]]), 2.035262679080808), (4.249431993351598e-05, array([[-2.04058094e-06],
       [-1.64633664e-09],
       [-2.05599100e-11]]), 2.0340095726209353), (4.011222839784707e-05, array([[-1.97195697e-06],
       [ 1.84639292e-09],
       [-1.04146471e-09]]), 2.038851951700807), (3.8610095720636635e-05, array([[-1.77533370e-06],
       [-3.40973603e-10],
       [-4.99792551e-10]]), 2.0393751458106038), (3.7066167956501504e-05, array([[-1.58456530e-06],
       [ 1.21364718e-09],
       [ 4.85121440e-10]]), 2.0397810139669583), (3.555251936082729e-05, array([[-1.39786172e-06],
       [ 5.73921607e-10],
       [ 2.39762328e-10]]), 2.044109601314029), (3.3986539309698885e-05, array([[-1.22233738e-06],
       [-7.48249786e-10],
       [ 2.05943239e-10]]), 2.0478528991799414), (3.247443170617113e-05, array([[-1.06046857e-06],
       [ 1.99521020e-09],
       [ 1.88419672e-10]]), 2.0575595514671265), (3.0932686519614636e-05, array([[-9.00747822e-07],
       [-1.42544943e-09],
       [ 2.13790871e-10]]), 2.068536943805517), (2.9330062015812636e-05, array([[-7.51015779e-07],
       [-3.28838359e-10],
       [-5.06282489e-10]]), 2.078708867306821), (2.779519700216192e-05, array([[-6.15356650e-07],
       [ 2.25799705e-09],
       [-1.49256036e-10]]), 2.0975296964592043), (2.61738408708234e-05, array([[-4.85122037e-07],
       [-7.46279581e-10],
       [-2.38104414e-10]]), 2.114254939219186), (2.457656507995925e-05, array([[-3.70164537e-07],
       [-2.22488590e-09],
       [-9.83823242e-11]]), 2.1379222097523924), (2.29715738721708e-05, array([[-2.67868732e-07],
       [ 3.56454071e-09],
       [-2.84453010e-10]]), 2.1671703825272073), (2.1331560287124018e-05, array([[-1.75178981e-07],
       [-2.40314349e-09],
       [ 1.75048480e-10]]), 2.2006294203954178), (1.971581257494336e-05, array([[-9.53056401e-08],
       [ 3.33981864e-11],
       [ 1.42161010e-10]]), 2.246247973429335), (1.8021124142083097e-05, array([[-2.85908280e-08],
       [ 1.63212038e-10],
       [-1.57376805e-11]]), 2.29503803432797), (1.7908746445248726e-05, array([[-1.66741616e-08],
       [ 1.35647661e-10],
       [-2.26080521e-11]]), 2.280726436094055), (1.934366038102091e-05, array([[-5.90787629e-08],
       [ 6.69249172e-10],
       [ 5.39353023e-11]]), 2.203848193647092), (2.0691555458638177e-05, array([[-1.12072467e-07],
       [-4.97525647e-10],
       [-1.61498958e-10]]), 2.134604552274955), (2.2132966230252002e-05, array([[-1.79775826e-07],
       [ 4.66238873e-09],
       [-5.01585301e-11]]), 2.0880549656106036), (2.3555691990600533e-05, array([[-2.56429904e-07],
       [-1.96856475e-09],
       [-2.38651549e-10]]), 2.049116176688876), (2.4946154821227773e-05, array([[-3.43597629e-07],
       [-1.30259803e-09],
       [ 5.80900116e-10]]), 2.015085646222475), (2.640899208129009e-05, array([[-4.44629735e-07],
       [-8.09530788e-10],
       [ 8.25241118e-12]]), 1.9929214799144408), (2.7809803212585413e-05, array([[-5.55599744e-07],
       [ 1.60120196e-09],
       [ 3.20200854e-11]]), 1.9709635971752435), (2.9223867014993353e-05, array([[-6.72537803e-07],
       [-1.57351075e-09],
       [ 3.17348698e-10]]), 1.954264416155417), (3.0640710812535586e-05, array([[-8.03225686e-07],
       [-1.00366548e-09],
       [ 1.12124924e-10]]), 1.9413761499048559), (3.212820644795969e-05, array([[-9.40899946e-07],
       [-6.33690990e-10],
       [-1.33758402e-10]]), 1.9358793821390958), (3.3597981175245134e-05, array([[-1.09125111e-06],
       [-1.73116503e-09],
       [-8.53310702e-11]]), 1.931732466216103), (3.5075049517408185e-05, array([[-1.24460286e-06],
       [-2.81186408e-09],
       [-2.30866329e-11]]), 1.9302081659350736), (3.654519997956389e-05, array([[-1.40505434e-06],
       [-2.07513506e-09],
       [ 1.09170030e-09]]), 1.930307893465433), (3.8063230284194963e-05, array([[-1.57543862e-06],
       [-3.43558224e-09],
       [ 2.86368139e-10]]), 1.9347040653850447), (4.0787632281048354e-05, array([[-1.64851074e-06],
       [ 1.19924324e-09],
       [-3.51778804e-10]]), 1.9523182070919858), (4.344586585987121e-05, array([[-1.71873242e-06],
       [-9.02392769e-10],
       [-1.21850150e-10]]), 1.9646668282785797), (4.610838208091751e-05, array([[-1.77916313e-06],
       [ 8.14747108e-10],
       [-1.12192579e-09]]), 1.9777931732744036), (4.882104727239843e-05, array([[-1.82837084e-06],
       [ 3.94441402e-09],
       [-1.01648887e-09]]), 1.9935899319490136), (5.1476491429980714e-05, array([[-1.86917560e-06],
       [ 4.64836781e-10],
       [-6.28576484e-10]]), 2.007638437531891), (5.420010198944619e-05, array([[-1.90815825e-06],
       [ 1.11651337e-09],
       [ 3.21910714e-11]]), 2.024975214651783), (5.683171064003058e-05, array([[-1.94091658e-06],
       [ 4.86739557e-10],
       [-3.40482434e-10]]), 2.039585048183549), (5.9411185798778236e-05, array([[-1.95114773e-06],
       [ 1.72724477e-10],
       [-2.09399584e-11]]), 2.053275649669298), (6.203698858004007e-05, array([[-1.97972629e-06],
       [-1.96244821e-09],
       [-4.79929574e-10]]), 2.0695428780211893), (6.46483240785124e-05, array([[-1.97698723e-06],
       [ 1.36018801e-09],
       [-1.68542148e-09]]), 2.0862815902546057), (6.71367855559077e-05, array([[-1.97721496e-06],
       [ 2.90110981e-09],
       [-1.39095015e-09]]), 2.1001702803117204), (6.969780479482047e-05, array([[-1.96146984e-06],
       [-2.05396820e-10],
       [-2.63421239e-10]]), 2.11750374647163), (7.216926342051474e-05, array([[-1.94860915e-06],
       [-8.13706545e-10],
       [ 1.95381873e-10]]), 2.1333100706629473), (7.45116573766961e-05, array([[-1.91913905e-06],
       [-2.49129442e-09],
       [-1.69642002e-09]]), 2.1466741259096844), (7.68797719470141e-05, array([[-1.89260481e-06],
       [ 4.40062467e-11],
       [-6.34305993e-10]]), 2.162222873806356), (7.908598449167745e-05, array([[-1.84702618e-06],
       [ 2.40762518e-09],
       [-5.30672021e-10]]), 2.174740455354682), (8.135372472452711e-05, array([[-1.80717158e-06],
       [-3.09125005e-09],
       [ 2.32243825e-09]]), 2.190525366604066), (8.340272221592306e-05, array([[-1.73584261e-06],
       [-3.17760910e-09],
       [-1.24555873e-09]]), 2.2020687701914405), (8.54807047103572e-05, array([[-1.68416100e-06],
       [-1.82216661e-09],
       [ 4.42291059e-10]]), 2.216111821707625), (8.741616998872074e-05, array([[-1.60589681e-06],
       [ 2.25444403e-10],
       [ 8.73592664e-11]]), 2.228230520113537), (8.930322273204943e-05, array([[-1.52869449e-06],
       [-2.92076473e-09],
       [ 1.29684371e-09]]), 2.24095444528672), (9.105873740924556e-05, array([[-1.44704172e-06],
       [ 5.02038203e-09],
       [-1.06999992e-09]]), 2.2522718014196808), (9.272604487208919e-05, array([[-1.36412381e-06],
       [-9.57215268e-09],
       [ 2.66689284e-10]]), 2.263365373103593), (9.421891167330251e-05, array([[-1.27475326e-06],
       [-2.72357907e-09],
       [-5.18935666e-10]]), 2.2722266456213793), (9.563117251162196e-05, array([[-1.17577529e-06],
       [ 5.66081579e-09],
       [-6.24106662e-10]]), 2.281226802391867), (9.69615202262365e-05, array([[-1.06120932e-06],
       [ 1.36569162e-09],
       [-1.02590492e-10]]), 2.2903819257042803), (9.813405833724986e-05, array([[-9.64941871e-07],
       [-3.63854914e-10],
       [-2.31769206e-10]]), 2.297959840465697), (9.918810564726248e-05, array([[-8.52078871e-07],
       [ 2.48985261e-09],
       [-2.38207114e-10]]), 2.3049575022634388), (0.00010009632791183137, array([[-7.28319938e-07],
       [-4.74489612e-09],
       [-4.76234925e-10]]), 2.3107954911237387), (0.00010091730550588675, array([[-6.12217621e-07],
       [ 1.18483489e-08],
       [-1.04811801e-09]]), 2.3168740537224277), (0.00010146407489471408, array([[-4.92427724e-07],
       [ 8.45098967e-09],
       [-7.61206071e-10]]), 2.3189472411673906), (0.00010201965812017217, array([[-3.66108060e-07],
       [ 2.57598770e-09],
       [-7.24360722e-10]]), 2.323531516310027), (0.00010235596510477824, array([[-2.36050428e-07],
       [-1.33527984e-09],
       [ 6.61350996e-10]]), 2.3254406287533747), (0.00010261252540418366, array([[-1.24231267e-07],
       [ 1.44930664e-09],
       [ 3.47141202e-10]]), 2.3278712283689633), (0.00010265528824569024, array([[-5.01796713e-09],
       [-5.14094427e-09],
       [ 6.92612167e-10]]), 2.3277920732681414)]