[(0.00010265333617962622, array([[-3.64083529e-09],
       [ 5.36980906e-09],
       [ 4.02293943e-10]]), 2.3277478085839935), (0.00010241992840658332, array([[-1.44228496e-07],
       [ 1.04149321e-09],
       [-2.41949940e-10]]), 2.3235019663552077), (0.00010212219644889469, array([[-2.76290064e-07],
       [-1.82094931e-09],
       [-4.25222485e-11]]), 2.320129603357207), (0.00010156606614659287, array([[-3.99761302e-07],
       [ 7.88944697e-09],
       [ 4.41896085e-11]]), 2.31320080882113), (0.00010105880765800613, array([[-5.39339568e-07],
       [-1.78026860e-09],
       [ 3.64928411e-10]]), 2.3096849151522507), (0.00010028398995928665, array([[-6.69629745e-07],
       [-5.78963006e-09],
       [-6.25171109e-10]]), 2.3023343040691713), (9.942294557156912e-05, array([[-8.14379791e-07],
       [-5.55955762e-09],
       [-5.86033565e-10]]), 2.2952499770360393), (9.84376466251454e-05, array([[-9.40566216e-07],
       [ 1.06412617e-09],
       [-3.65705547e-10]]), 2.2875181516287797), (9.736237856391591e-05, array([[-1.07423786e-06],
       [ 5.88407072e-09],
       [ 2.44772657e-10]]), 2.2798897722460887), (9.60472784032488e-05, array([[-1.18101920e-06],
       [-2.56413295e-09],
       [ 8.29952634e-11]]), 2.26878611179575), (9.476083974930734e-05, array([[-1.30508525e-06],
       [ 8.82230905e-10],
       [-4.18576974e-10]]), 2.2604655132405638), (9.324644925294972e-05, array([[-1.41387103e-06],
       [ 2.75755665e-09],
       [ 9.22823943e-10]]), 2.2487742942393885), (9.169131919868957e-05, array([[-1.53356095e-06],
       [-4.64167562e-10],
       [-7.62129593e-10]]), 2.238108582920591), (9.005935841981274e-05, array([[-1.63331997e-06],
       [ 3.18361020e-09],
       [ 1.25639457e-10]]), 2.2275528872235095), (8.839534698777153e-05, array([[-1.72515430e-06],
       [-1.45345609e-09],
       [-1.46517638e-09]]), 2.2181724210476608), (8.644064369007724e-05, array([[-1.80691227e-06],
       [-4.87932359e-09],
       [-4.31105468e-10]]), 2.2033644401641257), (8.454405839229607e-05, array([[-1.88328479e-06],
       [ 9.16678248e-10],
       [ 3.87519502e-10]]), 2.1918289968847873), (8.253619807593877e-05, array([[-1.97590214e-06],
       [ 3.84026693e-09],
       [-5.80621235e-11]]), 2.1791900715521284), (8.051326610432223e-05, array([[-2.03691470e-06],
       [ 7.94679008e-09],
       [-4.83384247e-11]]), 2.1678952297126823), (7.84183006023181e-05, array([[-2.09701249e-06],
       [ 5.09968574e-09],
       [ 2.26720774e-10]]), 2.1563801962656495), (7.620735595767438e-05, array([[-2.15068864e-06],
       [-4.00683461e-10],
       [-9.62425978e-10]]), 2.143311355261978), (7.399068378204935e-05, array([[-2.19948217e-06],
       [-1.67129363e-09],
       [ 5.17159419e-10]]), 2.131664923654841), (7.179308230341882e-05, array([[-2.24002188e-06],
       [ 3.08317900e-09],
       [ 8.28876882e-10]]), 2.122190226459772), (6.937404649038065e-05, array([[-2.26896218e-06],
       [ 2.43158596e-09],
       [-2.29354995e-10]]), 2.107667576959248), (6.709730327649788e-05, array([[-2.27521431e-06],
       [ 2.54904412e-09],
       [-1.04781434e-09]]), 2.098935197202976), (6.465274704979597e-05, array([[-2.29259226e-06],
       [-5.72769373e-10],
       [ 3.12517827e-10]]), 2.0864243250229793), (6.2256096596013e-05, array([[-2.29848466e-06],
       [ 1.65319808e-09],
       [-9.80909379e-10]]), 2.0768522823677418), (5.9826331432401665e-05, array([[-2.30648367e-06],
       [-5.04720740e-09],
       [-1.88479401e-10]]), 2.067623257937421), (5.7398279434703676e-05, array([[-2.28855242e-06],
       [-2.03363150e-09],
       [-9.67109158e-10]]), 2.0599181549890417), (5.492562609800218e-05, array([[-2.26005661e-06],
       [ 7.45031586e-10],
       [ 9.20479544e-10]]), 2.052081590535436), (5.243716289443228e-05, array([[-2.23439482e-06],
       [-4.82068419e-10],
       [-6.48089154e-10]]), 2.045105656145585), (4.9989854508873435e-05, array([[-2.19088513e-06],
       [-2.65558271e-09],
       [-1.66924209e-10]]), 2.0413177556891453), (4.748119442495561e-05, array([[-2.14550764e-06],
       [-1.49084415e-09],
       [-2.70685301e-11]]), 2.036679188347769), (4.5042959544171706e-05, array([[-2.10016695e-06],
       [ 2.57444967e-09],
       [-2.59070683e-10]]), 2.0368890506027655), (4.250937825953809e-05, array([[-2.04129230e-06],
       [-5.01403897e-10],
       [-3.98850281e-10]]), 2.0347303461107695), (4.010092723606456e-05, array([[-1.97050159e-06],
       [ 5.83675774e-10],
       [-5.68102433e-10]]), 2.0382775284718546), (3.858683629151079e-05, array([[-1.77623927e-06],
       [-1.40577425e-09],
       [ 3.23308581e-10]]), 2.038146588854718), (3.707164876306892e-05, array([[-1.58545131e-06],
       [ 1.93498397e-09],
       [ 1.86016463e-10]]), 2.0400826271574712), (3.553907919081258e-05, array([[-1.39858854e-06],
       [-5.29262803e-09],
       [ 1.24907086e-10]]), 2.043336852123134), (3.401270062787089e-05, array([[-1.22519132e-06],
       [ 2.42962607e-09],
       [-1.94408231e-10]]), 2.0494292447671376), (3.2456457226789926e-05, array([[-1.05516932e-06],
       [ 2.38493233e-09],
       [-4.17908457e-10]]), 2.056420699767794), (3.0911166775486714e-05, array([[-8.99327716e-07],
       [ 1.59239924e-09],
       [ 1.90205672e-11]]), 2.067097871071837), (2.9389011398358097e-05, array([[-7.54817784e-07],
       [ 4.40491447e-09],
       [-4.83908075e-10]]), 2.082886785653991), (2.7786188773106353e-05, array([[-6.16657309e-07],
       [ 3.42745876e-09],
       [ 5.44509559e-10]]), 2.096849901746647), (2.6162170795674537e-05, array([[-4.86365081e-07],
       [ 3.22512542e-10],
       [ 3.16420595e-10]]), 2.1133122608348285), (2.456413805298227e-05, array([[-3.69346566e-07],
       [-2.87930908e-10],
       [ 3.05639252e-10]]), 2.136841179230477), (2.2971470467302805e-05, array([[-2.67568993e-07],
       [ 1.07970785e-09],
       [ 8.75619362e-11]]), 2.167160627167449), (2.1338086172474712e-05, array([[-1.74669453e-07],
       [-5.39057399e-10],
       [ 7.18474274e-11]]), 2.2013026508156757), (1.9704846904900938e-05, array([[-9.61842345e-08],
       [-1.26759840e-09],
       [ 3.33246245e-11]]), 2.2449986404882525), (1.801024857710064e-05, array([[-2.95983076e-08],
       [-4.39148744e-10],
       [ 7.57930314e-11]]), 2.2936530022354797), (1.793910494383574e-05, array([[-1.58076070e-08],
       [ 1.95128668e-09],
       [-3.20582147e-11]]), 2.2845926715393556), (1.9332974629752986e-05, array([[-5.78738981e-08],
       [-1.31091046e-09],
       [ 2.54374141e-10]]), 2.2026307522132726), (2.0741552729171328e-05, array([[-1.14638514e-07],
       [ 9.23287602e-10],
       [ 2.16050155e-10]]), 2.1397624246009253), (2.215563296337023e-05, array([[-1.78297036e-07],
       [-1.59379161e-09],
       [ 4.66886754e-11]]), 2.090193376890381), (2.355901346210131e-05, array([[-2.55423218e-07],
       [ 5.70369835e-10],
       [-2.21611825e-10]]), 2.0494051124155512), (2.500388040522976e-05, array([[-3.45980648e-07],
       [ 1.89844123e-09],
       [ 3.68286441e-10]]), 2.0197485690887764), (2.6353415612425107e-05, array([[-4.44007555e-07],
       [-3.34517380e-10],
       [ 7.13143648e-11]]), 1.9887274713647056), (2.778690151124006e-05, array([[-5.53845062e-07],
       [ 1.19552490e-09],
       [-9.32950265e-11]]), 1.969340485378298), (2.9249236015413065e-05, array([[-6.76637689e-07],
       [-2.08738781e-09],
       [ 2.44361550e-10]]), 1.9559608971436533), (3.065930272526261e-05, array([[-8.00100507e-07],
       [-2.19857715e-09],
       [-2.47327956e-10]]), 1.9425541217923286), (3.210729788138579e-05, array([[-9.41372873e-07],
       [ 1.52112008e-10],
       [ 1.14579146e-10]]), 1.934619540167959), (3.358667270316993e-05, array([[-1.08747835e-06],
       [ 8.34203713e-10],
       [-8.67493982e-10]]), 1.9310822800475642), (3.513144699114194e-05, array([[-1.24472321e-06],
       [-3.08569928e-09],
       [ 3.81180435e-10]]), 1.933311764243181), (3.6553140751648164e-05, array([[-1.40237232e-06],
       [-6.47454582e-10],
       [ 7.12602614e-10]]), 1.9307273229676127), (3.8126036083918995e-05, array([[-1.57684889e-06],
       [-1.83529158e-09],
       [-4.59475626e-10]]), 1.9378964017986542), (4.079025796347465e-05, array([[-1.65364653e-06],
       [ 3.14802269e-09],
       [-3.48272629e-10]]), 1.9524438865521607), (4.340874447395704e-05, array([[-1.71856177e-06],
       [-1.27881884e-10],
       [-7.98833904e-10]]), 1.962988160951278), (4.609875739235526e-05, array([[-1.77280520e-06],
       [ 5.23358460e-09],
       [-9.40266085e-10]]), 1.977380327659914), (4.881484054893829e-05, array([[-1.81584345e-06],
       [ 2.44295141e-09],
       [-1.11635488e-10]]), 1.9933364826255795), (5.148849249737111e-05, array([[-1.87358324e-06],
       [ 3.68303705e-09],
       [-1.07030045e-09]]), 2.008106492046002), (5.4143250985205926e-05, array([[-1.90859468e-06],
       [ 1.20885876e-09],
       [-1.50718090e-09]]), 2.022851198823602), (5.685904485382051e-05, array([[-1.93709972e-06],
       [-2.47431289e-09],
       [ 8.71977485e-11]]), 2.040566022592412), (5.948981209178036e-05, array([[-1.96633583e-06],
       [-5.06877996e-10],
       [ 6.65250222e-11]]), 2.0559930075317014), (6.205506214922574e-05, array([[-1.97126050e-06],
       [ 1.75484304e-09],
       [-2.78054480e-10]]), 2.0701458090667595), (6.464940129473198e-05, array([[-1.98022213e-06],
       [ 2.86098201e-09],
       [ 5.79465007e-10]]), 2.0863163533578986), (6.718356575531182e-05, array([[-1.98199120e-06],
       [ 8.73780716e-10],
       [ 6.94264132e-10]]), 2.1016336566661598), (6.969409293075811e-05, array([[-1.96674473e-06],
       [ 1.42834770e-09],
       [-1.10176106e-09]]), 2.117390975544603), (7.21717198329432e-05, array([[-1.94754185e-06],
       [ 8.72622426e-11],
       [-2.81443751e-10]]), 2.133382681759735), (7.457700194446488e-05, array([[-1.92095800e-06],
       [-5.49216716e-09],
       [ 7.08337694e-10]]), 2.148556697011127), (7.689682844074424e-05, array([[-1.89390193e-06],
       [-5.08225914e-09],
       [ 3.51524198e-10]]), 2.1627025830973206), (7.909931563442888e-05, array([[-1.84058347e-06],
       [-7.42492382e-10],
       [ 1.60897210e-10]]), 2.175107040858346), (8.136380665273338e-05, array([[-1.80290519e-06],
       [ 5.57070130e-09],
       [ 4.18891800e-11]]), 2.1907968319801734), (8.348950919096596e-05, array([[-1.75444144e-06],
       [ 3.03419149e-09],
       [-5.23010725e-10]]), 2.2043601928491636), (8.551382850366042e-05, array([[-1.66487103e-06],
       [-2.98464562e-09],
       [ 2.31598573e-09]]), 2.2169705655629524), (8.744137700228297e-05, array([[-1.61061709e-06],
       [ 2.84901502e-09],
       [ 4.98336412e-10]]), 2.2288730446824765), (8.92835166482088e-05, array([[-1.52748827e-06],
       [ 4.50165551e-09],
       [ 8.99024583e-11]]), 2.2404599453702456), (9.101615514441644e-05, array([[-1.44981904e-06],
       [-2.91105568e-09],
       [ 1.31588531e-09]]), 2.2512185599950367), (9.272130180975471e-05, array([[-1.35782893e-06],
       [ 8.61505620e-10],
       [ 6.75289974e-11]]), 2.263249598910214), (9.423515327326219e-05, array([[-1.27417656e-06],
       [-1.12605989e-10],
       [-9.37520765e-10]]), 2.2726183355224885), (9.56778002411597e-05, array([[-1.16198414e-06],
       [ 1.01965816e-09],
       [-1.39731458e-10]]), 2.2823390801519583), (9.698985345065596e-05, array([[-1.07823586e-06],
       [-9.91468930e-11],
       [ 2.00066725e-10]]), 2.2910512005357377), (9.810189680525163e-05, array([[-9.48481361e-07],
       [-3.12177936e-09],
       [ 8.13267318e-10]]), 2.2972067287510485), (9.921779451042458e-05, array([[-8.44648168e-07],
       [ 1.01513966e-09],
       [ 1.15519312e-10]]), 2.3056474193400134), (0.00010008241073804031, array([[-7.21881823e-07],
       [-3.02895282e-09],
       [ 3.93371780e-10]]), 2.3104742031892416), (0.00010092185938134731, array([[-6.03665518e-07],
       [ 1.21868845e-08],
       [-9.95742050e-10]]), 2.316978602251994), (0.00010150672934008277, array([[-4.88023985e-07],
       [ 2.86291276e-09],
       [-3.31182491e-10]]), 2.3199221025507315), (0.00010207181219431268, array([[-3.78935397e-07],
       [-1.02424168e-09],
       [-5.17368083e-10]]), 2.3247193426290167), (0.00010233685478942021, array([[-2.53180261e-07],
       [-5.78067298e-09],
       [ 2.47524716e-10]]), 2.3250064586127643), (0.00010257036554521629, array([[-1.14467328e-07],
       [-3.06649597e-10],
       [-2.08276663e-10]]), 2.326914788379833), (0.00010258910059234435, array([[ 1.52732010e-09],
       [ 6.01090811e-09],
       [-2.54861208e-10]]), 2.3262912144479118)]