[(0.00010260163611124617, array([[ 1.29977199e-08],
       [ 3.34481222e-09],
       [-1.65896690e-10]]), 2.3265754675247146), (0.00010246605257211758, array([[-1.45006992e-07],
       [-6.94199726e-09],
       [-2.40058430e-10]]), 2.3245483407374454), (0.00010210841188677706, array([[-2.74776796e-07],
       [ 1.15991078e-10],
       [-1.20007792e-10]]), 2.319816429808747), (0.00010162865583561064, array([[-4.20694177e-07],
       [-6.36361144e-09],
       [-6.66602759e-11]]), 2.314626309726628), (0.00010103908946681694, array([[-5.47721523e-07],
       [ 2.09839194e-09],
       [ 4.58581881e-10]]), 2.309234258650366), (0.00010025771767008044, array([[-6.93031043e-07],
       [ 6.87062344e-09],
       [ 1.62857151e-10]]), 2.301731141064683), (9.942741437657875e-05, array([[-8.10289168e-07],
       [-4.26973239e-09],
       [ 1.95250779e-11]]), 2.295353142603472), (9.83738392786748e-05, array([[-9.40523021e-07],
       [-4.23031035e-09],
       [-7.54775421e-11]]), 2.286035380877315), (9.73035614431394e-05, array([[-1.06426683e-06],
       [-2.59837598e-09],
       [-5.58259458e-10]]), 2.2785124789417424), (9.606553210440722e-05, array([[-1.18817012e-06],
       [ 4.35080790e-10],
       [-4.83582964e-10]]), 2.2692172926096736), (9.473689504186192e-05, array([[-1.31343063e-06],
       [ 3.71829901e-10],
       [-2.17644923e-10]]), 2.2598943259700817), (9.326344631062278e-05, array([[-1.42912264e-06],
       [-1.50413215e-09],
       [ 7.81935711e-10]]), 2.249184203106472), (9.175917738897852e-05, array([[-1.53304065e-06],
       [ 2.68918292e-10],
       [ 1.30935485e-10]]), 2.239764944716172), (9.00769995231157e-05, array([[-1.63423881e-06],
       [-1.64587906e-09],
       [-1.07139021e-09]]), 2.227989227114064), (8.835860729643323e-05, array([[-1.72457829e-06],
       [-4.26766784e-09],
       [-7.76834095e-10]]), 2.217250483718814), (8.640092280020375e-05, array([[-1.81984755e-06],
       [-2.52988775e-09],
       [ 1.50515260e-09]]), 2.202351958158638), (8.455790479104335e-05, array([[-1.90659369e-06],
       [-7.93271431e-09],
       [-1.67293563e-09]]), 2.1921879687493258), (8.26125799205859e-05, array([[-1.96857998e-06],
       [-2.52037126e-09],
       [-5.57546022e-10]]), 2.1812067692118475), (8.055087581576111e-05, array([[-2.02712155e-06],
       [-6.76262249e-10],
       [-1.93319338e-09]]), 2.1689079064796832), (7.838221520625198e-05, array([[-2.11048489e-06],
       [ 2.64288473e-09],
       [ 8.63319535e-12]]), 2.1553879045065356), (7.620284976220936e-05, array([[-2.14322178e-06],
       [ 2.82866224e-09],
       [ 2.79434664e-10]]), 2.1431846197285385), (7.401399228902418e-05, array([[-2.20517274e-06],
       [-2.46950307e-10],
       [-4.48483455e-11]]), 2.1323364396376823), (7.170429814967958e-05, array([[-2.23204345e-06],
       [-3.16316109e-09],
       [ 2.26548623e-10]]), 2.119565783306132), (6.939138553997355e-05, array([[-2.26538974e-06],
       [-2.74439927e-09],
       [-1.30835726e-09]]), 2.10819435829162), (6.709842593908358e-05, array([[-2.28457264e-06],
       [ 2.48570629e-11],
       [ 3.89587181e-10]]), 2.098970316289745), (6.469914434467248e-05, array([[-2.29225357e-06],
       [-2.20178296e-10],
       [ 6.53857623e-10]]), 2.0879216232672606), (6.232740371311559e-05, array([[-2.29695939e-06],
       [-1.67206973e-09],
       [-2.38519712e-10]]), 2.0792310750804393), (5.982523602660289e-05, array([[-2.29989449e-06],
       [ 1.62360305e-09],
       [ 1.84534513e-09]]), 2.0675854002508105), (5.736620670583455e-05, array([[-2.28703261e-06],
       [ 5.85964248e-10],
       [-1.26403272e-09]]), 2.05876712403257), (5.4886929534798826e-05, array([[-2.26342213e-06],
       [ 1.61396337e-09],
       [-7.46270506e-11]]), 2.050635844522001), (5.247855148336761e-05, array([[-2.23108954e-06],
       [-2.65483773e-09],
       [ 8.20073222e-10]]), 2.0467198555541595), (5.00165150924965e-05, array([[-2.20329689e-06],
       [ 6.42678946e-10],
       [ 6.55615144e-10]]), 2.0424064310466044), (4.7473615223969586e-05, array([[-2.15163577e-06],
       [ 1.23524062e-09],
       [-8.36020768e-10]]), 2.0363540827749307), (4.495824174737134e-05, array([[-2.09802596e-06],
       [-7.21026905e-10],
       [-3.08060433e-10]]), 2.033058024523659), (4.249515067093319e-05, array([[-2.04268181e-06],
       [ 3.06498035e-09],
       [-3.55742967e-10]]), 2.0340493362378513), (4.0136940170779435e-05, array([[-1.97769858e-06],
       [-2.01745382e-10],
       [-2.83072020e-10]]), 2.0401080187029548), (3.85782430137019e-05, array([[-1.77601930e-06],
       [-3.94615439e-09],
       [ 8.48739285e-11]]), 2.037692694171024), (3.705071430615868e-05, array([[-1.58638178e-06],
       [ 1.78026129e-09],
       [-1.76977005e-10]]), 2.0389305871679766), (3.552586251935016e-05, array([[-1.39779430e-06],
       [-5.72016804e-11],
       [ 5.30981440e-10]]), 2.0425769530915194), (3.400155258961992e-05, array([[-1.22332099e-06],
       [-2.86985794e-09],
       [ 3.35878035e-10]]), 2.0487575216992373), (3.248841491456896e-05, array([[-1.06098799e-06],
       [ 3.84079309e-10],
       [-6.24178608e-10]]), 2.0584455187493087), (3.0902761923309116e-05, array([[-8.99537645e-07],
       [-1.27650505e-09],
       [-1.15169980e-10]]), 2.06653582007683), (2.9389422156938668e-05, array([[-7.53397093e-07],
       [ 2.21453455e-09],
       [-1.65083212e-10]]), 2.0829158973382174), (2.782547608166642e-05, array([[-6.17670237e-07],
       [-1.14092442e-09],
       [-3.38858970e-10]]), 2.0998146692347954), (2.6202916104884993e-05, array([[-4.86926019e-07],
       [-2.02024999e-09],
       [ 1.08852763e-10]]), 2.116603561170663), (2.4570177328095543e-05, array([[-3.71241101e-07],
       [-3.34086975e-09],
       [-2.04895107e-10]]), 2.1373665374468693), (2.2948493320637126e-05, array([[-2.65195905e-07],
       [-5.37237354e-10],
       [ 2.76165237e-10]]), 2.164992931039794), (2.1369756678187117e-05, array([[-1.74687726e-07],
       [ 3.42407493e-10],
       [ 1.97319375e-10]]), 2.2045698776706937), (1.9673419156539494e-05, array([[-9.66712099e-08],
       [ 1.02778918e-11],
       [ 5.48630132e-11]]), 2.241418036554329), (1.8034140697707534e-05, array([[-2.95863875e-08],
       [-1.45404576e-09],
       [ 8.50742625e-11]]), 2.2966957272664628), (1.7904832283201416e-05, array([[-1.67557653e-08],
       [-7.12475006e-10],
       [-3.89462803e-11]]), 2.280227957158986), (1.9331297482866416e-05, array([[-5.90174827e-08],
       [-1.45543281e-09],
       [ 3.17299872e-11]]), 2.2024396727038296), (2.072130229260877e-05, array([[-1.12471464e-07],
       [-2.68425893e-09],
       [-2.00637874e-11]]), 2.1376733272317887), (2.2168711747742678e-05, array([[-1.80340123e-07],
       [ 2.12958444e-09],
       [ 8.14948924e-11]]), 2.0914272476860494), (2.3569726036996925e-05, array([[-2.58101359e-07],
       [-2.48522176e-10],
       [ 1.40521419e-10]]), 2.0503370022756053), (2.4995291050527057e-05, array([[-3.45946844e-07],
       [ 4.04592207e-09],
       [-2.78681788e-11]]), 2.0190547433069774), (2.639751972241647e-05, array([[-4.43814278e-07],
       [-7.54214771e-10],
       [-1.27978514e-10]]), 1.9920557327343078), (2.7822737720851386e-05, array([[-5.53983326e-07],
       [ 1.65401443e-09],
       [ 2.98088296e-10]]), 1.971880304307067), (2.9225819370133356e-05, array([[-6.77180283e-07],
       [ 7.35650878e-10],
       [ 2.00832719e-10]]), 1.9543949744479199), (3.066416610804679e-05, array([[-8.07590760e-07],
       [-2.05722446e-09],
       [ 2.76618355e-10]]), 1.9428622626642171), (3.2172967901094576e-05, array([[-9.37369631e-07],
       [ 7.45599855e-10],
       [-5.43972277e-13]]), 1.9385764755600674), (3.358220782755561e-05, array([[-1.08923608e-06],
       [ 3.26022184e-11],
       [-5.21238996e-11]]), 1.9308255698262922), (3.508304506290397e-05, array([[-1.24442233e-06],
       [ 1.86440522e-09],
       [-2.00397715e-10]]), 1.9306481672299944), (3.656116786218596e-05, array([[-1.40422134e-06],
       [ 2.78629320e-09],
       [-2.11747831e-10]]), 1.9311513128442992), (3.813515737289992e-05, array([[-1.57510501e-06],
       [-1.24933470e-09],
       [-9.33804608e-10]]), 1.93836002495258), (4.0732511893489045e-05, array([[-1.65248446e-06],
       [-2.13817282e-09],
       [-2.79027066e-10]]), 1.949679845162259), (4.34365945211257e-05, array([[-1.72072070e-06],
       [-9.62155427e-10],
       [ 4.79060153e-11]]), 1.9642475687857253), (4.6137269380076096e-05, array([[-1.77597079e-06],
       [-1.66460628e-09],
       [-4.46402678e-10]]), 1.9790322777602196), (4.88150754396751e-05, array([[-1.82351245e-06],
       [-3.44834100e-11],
       [ 1.72538596e-10]]), 1.9933460743044598), (5.15000568919461e-05, array([[-1.86647885e-06],
       [ 3.22177538e-09],
       [-8.75551785e-10]]), 2.008557515851443), (5.416613373745692e-05, array([[-1.89858916e-06],
       [-1.10558871e-09],
       [ 3.79322255e-10]]), 2.0237061235276244), (5.6827250012646257e-05, array([[-1.93806422e-06],
       [-2.74258298e-09],
       [-3.46740164e-10]]), 2.0394249645116673), (5.9494442158943495e-05, array([[-1.96049164e-06],
       [-5.57258721e-09],
       [ 1.09061762e-09]]), 2.05615302460651), (6.20959114742449e-05, array([[-1.97602501e-06],
       [ 2.91682176e-09],
       [ 4.46356643e-10]]), 2.071508535266087), (6.464831570288676e-05, array([[-1.97718464e-06],
       [-1.64226122e-09],
       [ 1.39185787e-09]]), 2.08628131996278), (6.717260606028341e-05, array([[-1.98289306e-06],
       [ 2.85635977e-09],
       [-6.92111396e-10]]), 2.101290815918135), (6.96941223089855e-05, array([[-1.97658358e-06],
       [ 1.66251798e-09],
       [ 1.51189582e-10]]), 2.117391868090742), (7.214492653971987e-05, array([[-1.95270490e-06],
       [-1.20309888e-11],
       [-1.71105413e-09]]), 2.1325906769705703), (7.459862566259907e-05, array([[-1.92211984e-06],
       [ 1.17209001e-09],
       [ 8.30742911e-10]]), 2.1491796743794866), (7.687993208157247e-05, array([[-1.88452575e-06],
       [-5.34521941e-10],
       [ 2.78078669e-10]]), 2.1622273775476675), (7.906313709047993e-05, array([[-1.85247437e-06],
       [-1.67788659e-09],
       [-6.31535293e-11]]), 2.1741121876786416), (8.136884406947833e-05, array([[-1.79850509e-06],
       [ 4.12864610e-09],
       [ 3.73463125e-10]]), 2.19093246915228), (8.342242989040014e-05, array([[-1.74601708e-06],
       [ 2.88226086e-09],
       [-2.05798832e-10]]), 2.202589108776873), (8.54811633891963e-05, array([[-1.68162021e-06],
       [ 1.16873881e-10],
       [ 2.53848299e-11]]), 2.216123713088272), (8.740579732871593e-05, array([[-1.61115061e-06],
       [-3.70765634e-09],
       [ 1.10280774e-10]]), 2.2279661219180955), (8.928255902565567e-05, array([[-1.53401219e-06],
       [-3.06861922e-10],
       [-1.02253733e-09]]), 2.240435915011075), (9.103590966308307e-05, array([[-1.44402157e-06],
       [ 3.73597748e-09],
       [-1.00520434e-09]]), 2.251707173681206), (9.273153953169282e-05, array([[-1.37575424e-06],
       [ 5.09443371e-09],
       [ 6.70700763e-10]]), 2.2634994931590855), (9.421274809641213e-05, array([[-1.28419919e-06],
       [-1.37792296e-09],
       [ 4.04965827e-10]]), 2.2720780019638176), (9.559554133309031e-05, array([[-1.16798670e-06],
       [-3.49496385e-09],
       [ 8.96790405e-10]]), 2.2803768410525627), (9.689719833684237e-05, array([[-1.05896579e-06],
       [-7.67301724e-09],
       [-3.43301647e-10]]), 2.2888625426278626), (9.816876734426441e-05, array([[-9.68783830e-07],
       [ 1.72898365e-09],
       [ 9.63822603e-10]]), 2.298772605224164), (9.917622721535488e-05, array([[-8.63335497e-07],
       [-9.08915800e-09],
       [ 8.15738432e-10]]), 2.3046814683522974), (0.00010013938604621886, array([[-7.42897757e-07],
       [ 4.15229639e-09],
       [ 2.76875374e-10]]), 2.3117895190254063), (0.00010084656239096953, array([[-6.21213353e-07],
       [ 4.37148208e-10],
       [ 5.69540873e-10]]), 2.3152499230878494), (0.00010151809230985045, array([[-4.85169686e-07],
       [-2.30599502e-09],
       [ 4.43570441e-10]]), 2.320181801635571), (0.0001019606693256842, array([[-3.77096942e-07],
       [ 5.60447687e-09],
       [-1.75582708e-10]]), 2.322188026970546), (0.00010239849260183875, array([[-2.60834084e-07],
       [ 2.61285415e-09],
       [ 4.58167822e-10]]), 2.3264068173814865), (0.0001025588045444764, array([[-1.25644350e-07],
       [ 1.24250962e-09],
       [ 2.30260433e-10]]), 2.3266525151253004), (0.00010255723830863698, array([[-3.69065650e-09],
       [-7.47864638e-09],
       [ 4.93844664e-10]]), 2.3255687112752286)]