[(0.00010265245720109498, array([[ 3.73005117e-09],
       [-6.18323604e-09],
       [ 2.31949998e-10]]), 2.3277278770315855), (0.00010243812107282806, array([[-1.35016536e-07],
       [ 1.88362477e-09],
       [-3.38171876e-10]]), 2.323914685798098), (0.00010215208502158148, array([[-2.85552535e-07],
       [-3.63391824e-09],
       [-6.90040704e-11]]), 2.3208086463537745), (0.0001015942025275168, array([[-4.21777361e-07],
       [-2.09435924e-09],
       [-3.13702142e-11]]), 2.313841624219224), (0.00010096353174193416, array([[-5.51916004e-07],
       [ 2.80868485e-09],
       [ 2.85485239e-10]]), 2.307507397415514), (0.00010026461306214838, array([[-6.74381614e-07],
       [ 2.24285481e-09],
       [-3.12930556e-11]]), 2.3018894464702067), (9.946858065727143e-05, array([[-8.14041325e-07],
       [ 8.32817469e-10],
       [ 1.02722875e-10]]), 2.2963034957062827), (9.842628375494261e-05, array([[-9.52194193e-07],
       [ 1.34887000e-09],
       [-5.86005258e-10]]), 2.287254098466858), (9.732357275325951e-05, array([[-1.06743280e-06],
       [-3.78365932e-09],
       [-1.60399610e-09]]), 2.2789810745322057), (9.608279859080543e-05, array([[-1.18755946e-06],
       [-3.44392275e-09],
       [-7.80295494e-11]]), 2.269625153875407), (9.479644266143505e-05, array([[-1.30883392e-06],
       [-4.30957414e-09],
       [ 4.18949119e-10]]), 2.2613148003010046), (9.328437317439045e-05, array([[-1.41380771e-06],
       [ 2.85749364e-09],
       [ 1.26027925e-09]]), 2.249688884986338), (9.17440348385479e-05, array([[-1.53129118e-06],
       [-4.24353645e-09],
       [-1.53522492e-09]]), 2.239395327697001), (9.009328888106888e-05, array([[-1.62811526e-06],
       [ 5.76054555e-09],
       [-2.93275627e-10]]), 2.228392132564161), (8.831855908597643e-05, array([[-1.72233233e-06],
       [ 2.19434755e-09],
       [ 2.90969692e-10]]), 2.21624552317536), (8.65117175038509e-05, array([[-1.81347502e-06],
       [-2.87267228e-09],
       [-4.20110309e-10]]), 2.205176105455018), (8.451084359329678e-05, array([[-1.88794847e-06],
       [-3.62601732e-09],
       [-1.17379585e-09]]), 2.19096789368065), (8.256895655426937e-05, array([[-1.97371238e-06],
       [-5.64719504e-09],
       [ 2.46486391e-10]]), 2.18005498842983), (8.047643534420852e-05, array([[-2.04098838e-06],
       [ 7.43403666e-10],
       [ 1.15223209e-09]]), 2.166903526940946), (7.840995229682634e-05, array([[-2.11179318e-06],
       [ 5.94518227e-10],
       [ 1.41724842e-09]]), 2.1561506309665224), (7.618336217419698e-05, array([[-2.15872424e-06],
       [-5.16079474e-10],
       [-1.61778398e-10]]), 2.142636536565848), (7.401665578639677e-05, array([[-2.20830267e-06],
       [ 4.99789298e-09],
       [ 3.39924823e-10]]), 2.1324131747566617), (7.174248965340122e-05, array([[-2.23296365e-06],
       [ 2.72999892e-09],
       [ 2.21443440e-10]]), 2.1206947170882104), (6.939973330313747e-05, array([[-2.26954270e-06],
       [-1.72555486e-10],
       [ 1.44334533e-09]]), 2.108447973449605), (6.710495901945395e-05, array([[-2.28694036e-06],
       [ 5.40947693e-09],
       [ 1.16220406e-09]]), 2.0991746838524628), (6.470378809664078e-05, array([[-2.29283222e-06],
       [-3.50793315e-09],
       [ 1.39037554e-10]]), 2.088071482902128), (6.227485085688651e-05, array([[-2.30282144e-06],
       [-4.96999456e-10],
       [-6.71773520e-10]]), 2.0774779211666536), (5.988509993278507e-05, array([[-2.30634692e-06],
       [ 4.20607375e-09],
       [ 1.16100403e-09]]), 2.069654322107955), (5.7402801535283184e-05, array([[-2.28629600e-06],
       [-6.38139486e-10],
       [-1.37407519e-10]]), 2.060080444820273), (5.497660162784417e-05, array([[-2.26681544e-06],
       [ 1.75744673e-10],
       [-6.22124849e-10]]), 2.053986092200467), (5.243647575114186e-05, array([[-2.23777680e-06],
       [-1.44462656e-09],
       [ 7.71885723e-10]]), 2.0450788568194533), (4.996416765533162e-05, array([[-2.19275169e-06],
       [ 2.10556092e-09],
       [-4.86804686e-10]]), 2.0402688422498514), (4.7496703119518806e-05, array([[-2.15777977e-06],
       [-7.68443498e-10],
       [ 6.38039446e-10]]), 2.0373444250975568), (4.497943523944654e-05, array([[-2.10442455e-06],
       [-8.13860364e-10],
       [-1.49025054e-09]]), 2.0340164160767205), (4.252436464809738e-05, array([[-2.04444052e-06],
       [ 3.61672821e-10],
       [ 7.25950696e-10]]), 2.035447676281868), (4.005078528954468e-05, array([[-1.96856638e-06],
       [ 5.82927478e-10],
       [ 8.13238826e-11]]), 2.0357288791046306), (3.8574851565921043e-05, array([[-1.77158027e-06],
       [-6.76177567e-09],
       [-8.10969095e-10]]), 2.0375135587872992), (3.701863344351168e-05, array([[-1.58374679e-06],
       [-7.70732320e-10],
       [-1.87875909e-11]]), 2.0371651515120477), (3.556650740016002e-05, array([[-1.40220316e-06],
       [ 1.78443232e-09],
       [-1.65608947e-10]]), 2.044913850521051), (3.402335244072536e-05, array([[-1.22720415e-06],
       [ 6.69571743e-10],
       [ 2.40377769e-10]]), 2.0500710678617686), (3.2454540029764584e-05, array([[-1.05996562e-06],
       [-1.35274485e-09],
       [ 8.15871109e-10]]), 2.056299227371072), (3.088682620432007e-05, array([[-8.98866214e-07],
       [-2.06090668e-10],
       [-6.77844495e-10]]), 2.065470163415096), (2.935714778896364e-05, array([[-7.50521215e-07],
       [ 9.57420396e-10],
       [-1.27415443e-10]]), 2.0806285167366956), (2.7768792230194453e-05, array([[-6.14361200e-07],
       [-2.87000947e-09],
       [ 4.68486071e-10]]), 2.0955370934448885), (2.6210196351715782e-05, array([[-4.88289860e-07],
       [ 4.55435112e-09],
       [-1.30451572e-10]]), 2.1171916406159648), (2.4588118111428545e-05, array([[-3.73895881e-07],
       [-5.51145634e-10],
       [ 2.64959567e-10]]), 2.138927211162793), (2.2959849510069553e-05, array([[-2.67325896e-07],
       [-2.43513143e-09],
       [ 2.47983168e-10]]), 2.1660642898214464), (2.131871849022434e-05, array([[-1.75229567e-07],
       [ 7.02894603e-10],
       [-1.91439949e-10]]), 2.199304621098611), (1.970875017791434e-05, array([[-9.54033662e-08],
       [ 8.77549853e-10],
       [ 1.42384068e-12]]), 2.2454433454205383), (1.803462722161574e-05, array([[-2.86744180e-08],
       [-1.92303557e-09],
       [-6.06223449e-11]]), 2.2967576873786704), (1.79075371555373e-05, array([[-1.66415482e-08],
       [-1.62047299e-10],
       [ 8.13942627e-12]]), 2.2805724298367114), (1.931253472095918e-05, array([[-5.82344872e-08],
       [-1.65798331e-09],
       [-2.02823386e-10]]), 2.200302007023054), (2.0750366167610186e-05, array([[-1.12494996e-07],
       [-6.19909489e-10],
       [ 1.20586828e-10]]), 2.140671646039129), (2.2142714296894493e-05, array([[-1.77482896e-07],
       [ 3.58561102e-09],
       [-4.94533574e-11]]), 2.088974611840856), (2.3577636903894108e-05, array([[-2.56385850e-07],
       [-1.06400077e-09],
       [ 4.34228642e-11]]), 2.051025170780149), (2.5009303307243603e-05, array([[-3.48191744e-07],
       [ 1.16278093e-09],
       [ 4.36969470e-10]]), 2.020186617039945), (2.637273073118228e-05, array([[-4.45969098e-07],
       [ 2.26472187e-09],
       [-2.03420969e-10]]), 1.990185062587414), (2.7834792769917246e-05, array([[-5.52638406e-07],
       [ 1.23337843e-09],
       [-5.62078790e-12]]), 1.9727346815455304), (2.9249122778346274e-05, array([[-6.73771964e-07],
       [ 8.38313354e-10],
       [ 6.96248256e-10]]), 1.955953324731347), (3.065964752879061e-05, array([[-8.03029414e-07],
       [ 4.05248266e-09],
       [ 5.83928183e-10]]), 1.9425759683268222), (3.2167746910503084e-05, array([[-9.45965559e-07],
       [-1.39019379e-09],
       [-7.39792190e-10]]), 1.9382618856978293), (3.358592071225573e-05, array([[-1.08674537e-06],
       [ 3.92152550e-09],
       [-5.74178332e-11]]), 1.9310390439597864), (3.5071659286710095e-05, array([[-1.24040757e-06],
       [-8.46486521e-10],
       [-1.24124443e-09]]), 1.9300215988149156), (3.659357604728256e-05, array([[-1.40682416e-06],
       [-1.88165172e-09],
       [ 2.61585213e-10]]), 1.9328631046949345), (3.808750868697089e-05, array([[-1.56850912e-06],
       [ 3.17764705e-09],
       [-7.60058401e-10]]), 1.93593810475062), (4.071583213466764e-05, array([[-1.64937287e-06],
       [ 1.20038278e-09],
       [ 1.20532442e-10]]), 1.9488814610684597), (4.345395122918833e-05, array([[-1.71954091e-06],
       [ 5.34139660e-09],
       [-3.10211274e-10]]), 1.9650324570116555), (4.6136676905026186e-05, array([[-1.77087235e-06],
       [ 2.23235805e-09],
       [ 1.31483114e-09]]), 1.9790068638754514), (4.8819839036165376e-05, array([[-1.83354718e-06],
       [ 1.76904176e-10],
       [ 7.35901713e-10]]), 1.9935405940563589), (5.1491115270354756e-05, array([[-1.87903945e-06],
       [-5.57448093e-10],
       [-5.18330147e-10]]), 2.008208783008509), (5.4185839761938715e-05, array([[-1.90625503e-06],
       [ 1.15026390e-09],
       [-2.66498814e-10]]), 2.024442362200436), (5.684188015187446e-05, array([[-1.93647635e-06],
       [-2.19094711e-11],
       [ 2.34020953e-10]]), 2.0399500131664876), (5.94126471213827e-05, array([[-1.96296195e-06],
       [-9.27183004e-10],
       [-5.95929370e-10]]), 2.053326153595111), (6.204888374266593e-05, array([[-1.96974988e-06],
       [-4.99973858e-09],
       [ 1.16813874e-09]]), 2.069939698525516), (6.467614963738399e-05, array([[-1.97735155e-06],
       [-1.58160509e-09],
       [-8.97162097e-10]]), 2.087179555546666), (6.717706119324924e-05, array([[-1.97624141e-06],
       [-5.18794643e-09],
       [ 1.40341700e-10]]), 2.1014301812120233), (6.966857627755101e-05, array([[-1.97127496e-06],
       [ 1.16489392e-09],
       [-7.98058055e-11]]), 2.1166157487075097), (7.210145797392032e-05, array([[-1.94848945e-06],
       [-1.41532008e-09],
       [ 1.67967167e-09]]), 2.1313057542100715), (7.45783245559818e-05, array([[-1.92261585e-06],
       [-1.50030119e-10],
       [-2.62844973e-10]]), 2.1485948013295917), (7.691906501518594e-05, array([[-1.89669664e-06],
       [ 9.36114699e-10],
       [ 1.90005983e-09]]), 2.1633279807627313), (7.914816144460608e-05, array([[-1.83469033e-06],
       [-4.70536062e-09],
       [-1.58995574e-10]]), 2.17645022397922), (8.134251749282571e-05, array([[-1.80077102e-06],
       [-1.27629574e-09],
       [ 2.91504067e-10]]), 2.190223601375559), (8.343511265054512e-05, array([[-1.74268026e-06],
       [-1.80333587e-09],
       [ 6.82872613e-10]]), 2.202923969669816), (8.553637884567232e-05, array([[-1.67436250e-06],
       [-8.69716655e-09],
       [-2.85612481e-10]]), 2.2175551896566055), (8.746003805221248e-05, array([[-1.60292094e-06],
       [ 5.97044604e-09],
       [-3.09604070e-09]]), 2.229348713211487), (8.928283497687771e-05, array([[-1.53806952e-06],
       [ 4.76349445e-09],
       [-3.49738043e-10]]), 2.2404428396673057), (9.108082111044059e-05, array([[-1.44614384e-06],
       [ 9.21578231e-10],
       [ 3.75543615e-10]]), 2.2528180257457326), (9.266610672517556e-05, array([[-1.36619926e-06],
       [-2.57783136e-09],
       [-1.94540785e-10]]), 2.2619023329573276), (9.426622016044212e-05, array([[-1.26965677e-06],
       [-2.03715276e-09],
       [-3.80511596e-10]]), 2.273367558874712), (9.566676483361318e-05, array([[-1.17347873e-06],
       [-1.89339509e-09],
       [-7.33719290e-10]]), 2.282075836830672), (9.695845302689096e-05, array([[-1.06511190e-06],
       [-1.12465075e-09],
       [ 1.10182527e-09]]), 2.2903094736848897), (9.814198164795969e-05, array([[-9.67158702e-07],
       [-8.73240818e-09],
       [ 4.48702180e-10]]), 2.298145376966717), (9.91274031573464e-05, array([[-8.56963898e-07],
       [ 1.86856166e-10],
       [-3.93617771e-10]]), 2.3035468829293455), (0.00010006422807052793, array([[-7.37633550e-07],
       [ 3.05859347e-09],
       [ 6.63060874e-12]]), 2.31005444327416), (0.00010095452608404892, array([[-6.20483569e-07],
       [ 5.98765962e-09],
       [-4.76471588e-10]]), 2.317728569123688), (0.00010156133492567611, array([[-4.90445471e-07],
       [ 5.93917799e-09],
       [-8.15256703e-10]]), 2.3211701055724454), (0.00010197864556864794, array([[-3.90473662e-07],
       [ 5.06849188e-09],
       [-2.77463144e-10]]), 2.322597441860193), (0.00010240974651405455, array([[-2.45861848e-07],
       [ 2.10092406e-09],
       [-2.69391996e-10]]), 2.326662496712655), (0.00010256911070467625, array([[-1.15402801e-07],
       [-2.86941556e-10],
       [ 3.49342401e-10]]), 2.326886321024821), (0.0001026769976227872, array([[ 1.54275510e-08],
       [-5.85955943e-09],
       [ 4.10573915e-10]]), 2.3282843510337154)]