[(0.00010256851613787919, array([[-8.56817110e-10],
       [ 1.64123987e-09],
       [-5.10663891e-10]]), 2.3258244452170667), (0.00010250455007341329, array([[-1.28718074e-07],
       [-2.75738715e-09],
       [ 2.47070068e-11]]), 2.325421696356337), (0.00010209069898087065, array([[-2.81962577e-07],
       [ 2.80046659e-09],
       [-2.90638542e-10]]), 2.319414007624501), (0.00010163185404804164, array([[-4.05860975e-07],
       [-5.90653685e-09],
       [ 8.73278033e-11]]), 2.3146991500744214), (0.00010101551076330548, array([[-5.53897906e-07],
       [ 4.87447052e-09],
       [-7.54509305e-13]]), 2.308695370679279), (0.00010033188240739161, array([[-6.84764489e-07],
       [-3.40451247e-09],
       [ 4.32006075e-10]]), 2.3034338257996354), (9.938928334280089e-05, array([[-7.97413432e-07],
       [ 2.55258862e-09],
       [-9.43160668e-11]]), 2.294472860351726), (9.837916089928268e-05, array([[-9.59862902e-07],
       [ 4.64660270e-09],
       [-1.33464515e-10]]), 2.2861590460009134), (9.733335471089557e-05, array([[-1.08654862e-06],
       [-3.68968710e-09],
       [-2.82945120e-10]]), 2.2792101341083577), (9.60794570697343e-05, array([[-1.19057069e-06],
       [-1.42128235e-09],
       [-4.70458931e-10]]), 2.2695462219501668), (9.475698431244875e-05, array([[-1.30498576e-06],
       [-9.72067876e-10],
       [ 7.07621766e-10]]), 2.260373544004323), (9.328631868529448e-05, array([[-1.41296696e-06],
       [-5.14661053e-10],
       [-3.11659766e-10]]), 2.2497358038228747), (9.179203786730676e-05, array([[-1.52680194e-06],
       [-1.95507665e-09],
       [-1.87265993e-09]]), 2.2405670415692667), (9.000819670716307e-05, array([[-1.62390774e-06],
       [-6.67458122e-10],
       [ 9.09251670e-10]]), 2.226287439381911), (8.828957705843063e-05, array([[-1.73585233e-06],
       [-3.23527902e-09],
       [-9.05915706e-10]]), 2.2155182548699703), (8.64997548075298e-05, array([[-1.80775506e-06],
       [-2.48382297e-09],
       [ 1.48277047e-09]]), 2.204871177373074), (8.461546263846152e-05, array([[-1.90433869e-06],
       [ 5.76960035e-09],
       [ 8.13409814e-10]]), 2.193680172475624), (8.262220009165927e-05, array([[-1.98322273e-06],
       [-1.07662922e-09],
       [-1.40233596e-09]]), 2.18146076905408), (8.053147827378874e-05, array([[-2.03788478e-06],
       [-4.17562106e-09],
       [-9.24286478e-10]]), 2.1683856094627476), (7.841071099553528e-05, array([[-2.09061365e-06],
       [-1.80716914e-09],
       [-7.08422983e-10]]), 2.15617149399031), (7.625110695090745e-05, array([[-2.15228673e-06],
       [-1.41974456e-09],
       [ 3.04615517e-10]]), 2.1445418401596883), (7.395211932321918e-05, array([[-2.19490675e-06],
       [-2.41544024e-09],
       [-5.85168840e-10]]), 2.1305538850755763), (7.173522857991528e-05, array([[-2.23511943e-06],
       [-4.11452875e-09],
       [ 1.66707720e-10]]), 2.1204800810997413), (6.941222982913564e-05, array([[-2.26182658e-06],
       [-5.07220050e-10],
       [ 8.13479800e-10]]), 2.108827633048597), (6.701829989301258e-05, array([[-2.29076353e-06],
       [-1.61254433e-09],
       [-7.51545475e-10]]), 2.0964638164738267), (6.471408267024331e-05, array([[-2.29178517e-06],
       [-3.07101602e-09],
       [ 1.83215483e-10]]), 2.0884037015588777), (6.233706323403847e-05, array([[-2.30580566e-06],
       [ 9.21530605e-10],
       [-1.20536372e-09]]), 2.0795533149761627), (5.98451925521931e-05, array([[-2.29826591e-06],
       [-1.98873256e-09],
       [-6.82696108e-10]]), 2.068275106195835), (5.7391444152727265e-05, array([[-2.27905102e-06],
       [ 1.05601705e-09],
       [-1.16427810e-09]]), 2.059672849353118), (5.4923986455800375e-05, array([[-2.26757946e-06],
       [ 1.35804182e-09],
       [-2.87041014e-10]]), 2.0520203317056973), (5.248379249623437e-05, array([[-2.23564684e-06],
       [-1.75040556e-09],
       [-1.68935435e-09]]), 2.0469242606833866), (4.9973562095527876e-05, array([[-2.19865807e-06],
       [-2.32294973e-09],
       [-1.55745534e-09]]), 2.0406524608413794), (4.7501607358037966e-05, array([[-2.14688021e-06],
       [-3.05619298e-10],
       [ 2.32880913e-10]]), 2.0375547896565704), (4.498395321274274e-05, array([[-2.10151100e-06],
       [ 2.21317320e-09],
       [-3.13757012e-10]]), 2.034220723485271), (4.247392896971025e-05, array([[-2.03861943e-06],
       [ 1.43959134e-09],
       [ 5.91107543e-10]]), 2.0330335500456664), (4.006233344890882e-05, array([[-1.97342098e-06],
       [ 4.71821918e-09],
       [-5.16104971e-11]]), 2.0363158568966546), (3.85638821100407e-05, array([[-1.76992446e-06],
       [ 3.97476262e-09],
       [-5.54117569e-10]]), 2.03693415500008), (3.7063289873450514e-05, array([[-1.57959473e-06],
       [-5.78315903e-09],
       [-9.77385702e-10]]), 2.0396226307434504), (3.5551722683295394e-05, array([[-1.40173282e-06],
       [-1.07627639e-09],
       [-6.43575517e-10]]), 2.0440637959471695), (3.402895291271558e-05, array([[-1.22010596e-06],
       [-4.17565183e-10],
       [ 5.42694692e-11]]), 2.0504085233083917), (3.2467663943192606e-05, array([[-1.05759484e-06],
       [ 4.36549201e-10],
       [ 6.92881960e-10]]), 2.05713075026486), (3.091357578395907e-05, array([[-9.02483431e-07],
       [ 3.07667349e-09],
       [ 4.98537769e-10]]), 2.067258966779442), (2.935216115291569e-05, array([[-7.51750147e-07],
       [ 7.52115336e-10],
       [-3.02612396e-10]]), 2.08027509898513), (2.779173064894995e-05, array([[-6.13692072e-07],
       [-2.78365896e-10],
       [-6.55235166e-11]]), 2.097268112459639), (2.6168104299922293e-05, array([[-4.86693996e-07],
       [ 3.04299942e-09],
       [-1.34153444e-10]]), 2.113791553909338), (2.4614737946969396e-05, array([[-3.71346087e-07],
       [-1.50914799e-10],
       [-2.67110771e-10]]), 2.1412428780364015), (2.2957438257942775e-05, array([[-2.66913045e-07],
       [-6.02216010e-10],
       [-4.47060238e-11]]), 2.165836808926013), (2.1330923939246987e-05, array([[-1.75049048e-07],
       [-2.84107641e-09],
       [ 1.47968789e-10]]), 2.200563772789666), (1.9686081590752842e-05, array([[-9.32799551e-08],
       [ 3.11280407e-09],
       [-7.96232272e-11]]), 2.2428606840273813), (1.8038979920603946e-05, array([[-2.80100856e-08],
       [ 1.49777442e-09],
       [-1.42666616e-10]]), 2.2973120151581776), (1.7905356564138477e-05, array([[-1.69264829e-08],
       [-6.51392317e-10],
       [-5.26418100e-11]]), 2.280294725729122), (1.9353148384408133e-05, array([[-5.87242581e-08],
       [-2.51893982e-10],
       [-7.21964993e-11]]), 2.2049291741189556), (2.0764567288798666e-05, array([[-1.13139430e-07],
       [ 1.43735243e-09],
       [ 2.14141881e-11]]), 2.1421366774137365), (2.2180834431082032e-05, array([[-1.79624240e-07],
       [ 1.53892072e-09],
       [ 1.56486361e-10]]), 2.0925709185740784), (2.353305075147852e-05, array([[-2.54973277e-07],
       [-3.34324162e-09],
       [ 1.34308821e-10]]), 2.0471466090207424), (2.496897915219496e-05, array([[-3.43483317e-07],
       [ 2.93868343e-09],
       [-7.45063594e-11]]), 2.0169293364443233), (2.6349031352459157e-05, array([[-4.44042780e-07],
       [-2.20590330e-09],
       [-2.37586584e-10]]), 1.9883966186826805), (2.7836779333294607e-05, array([[-5.55892078e-07],
       [-6.79582211e-10],
       [ 4.93653643e-11]]), 1.97287547520992), (2.9228910864851323e-05, array([[-6.75367627e-07],
       [ 9.42093204e-10],
       [-2.70763619e-11]]), 1.9546017095154231), (3.0687654450963094e-05, array([[-8.02271746e-07],
       [-1.43889877e-09],
       [ 2.49881772e-10]]), 1.9443504692863645), (3.2097345492266904e-05, array([[-9.41776549e-07],
       [-2.07687177e-09],
       [-3.02907925e-10]]), 1.9340198607264845), (3.361118858984929e-05, array([[-1.09006435e-06],
       [-3.01187944e-09],
       [ 3.97481456e-10]]), 1.9324918330200949), (3.505328491051834e-05, array([[-1.24229703e-06],
       [-1.06875567e-09],
       [ 1.67537551e-10]]), 1.9290104421249819), (3.660121949349254e-05, array([[-1.40886017e-06],
       [ 6.11018779e-09],
       [-5.18222712e-10]]), 1.9332668295222895), (3.810298776009234e-05, array([[-1.57305932e-06],
       [-1.98110279e-09],
       [ 3.26170184e-10]]), 1.9367248857324981), (4.074067636619256e-05, array([[-1.64708259e-06],
       [ 6.19943408e-10],
       [ 1.58069019e-10]]), 1.9500706412889022), (4.3432220818749686e-05, array([[-1.71186110e-06],
       [-3.46971303e-09],
       [ 5.67562179e-10]]), 1.9640497854568661), (4.6114511190888406e-05, array([[-1.77745080e-06],
       [ 1.17888614e-09],
       [ 6.78686061e-11]]), 1.97805607800694), (4.877443235791915e-05, array([[-1.82518706e-06],
       [ 2.45312156e-10],
       [ 8.53567517e-11]]), 1.9916864286573688), (5.151685298214044e-05, array([[-1.87339085e-06],
       [-7.18041896e-10],
       [-2.33723401e-10]]), 2.009212581403459), (5.414381992568315e-05, array([[-1.90742866e-06],
       [-2.09280580e-09],
       [-1.34514052e-09]]), 2.0228724550634007), (5.683701910088512e-05, array([[-1.93707755e-06],
       [ 2.50650285e-09],
       [ 1.19389322e-10]]), 2.039775559031557), (5.9442509925668766e-05, array([[-1.95986169e-06],
       [ 3.32839511e-09],
       [-6.22888448e-10]]), 2.054358224711805), (6.203089421881618e-05, array([[-1.96904747e-06],
       [-4.99930689e-09],
       [ 2.11345012e-09]]), 2.0693395712173666), (6.467013949965975e-05, array([[-1.97229355e-06],
       [-7.62689223e-10],
       [ 5.18016238e-10]]), 2.0869856009489602), (6.713679681575304e-05, array([[-1.98742068e-06],
       [ 3.70734597e-09],
       [-1.06694647e-09]]), 2.100170632541759), (6.970134845756924e-05, array([[-1.96396864e-06],
       [ 4.42653636e-09],
       [ 1.34407849e-10]]), 2.117611407238979), (7.213675261327613e-05, array([[-1.93800462e-06],
       [ 4.16140623e-09],
       [-6.13143734e-10]]), 2.1323490572176063), (7.460135380560085e-05, array([[-1.92426541e-06],
       [-4.00239007e-09],
       [ 1.34550677e-09]]), 2.14925827193321), (7.689934216381754e-05, array([[-1.89226217e-06],
       [ 2.87462501e-09],
       [-8.97977229e-10]]), 2.162773280881534), (7.907162377531364e-05, array([[-1.84679668e-06],
       [-2.49435252e-10],
       [-2.13886508e-10]]), 2.1743455581924986), (8.133474649545943e-05, array([[-1.80993620e-06],
       [-5.82324392e-09],
       [-6.39299230e-10]]), 2.1900143599804998), (8.345296794585635e-05, array([[-1.75223758e-06],
       [ 6.49595037e-09],
       [-1.91814948e-09]]), 2.203395400183626), (8.543544654957989e-05, array([[-1.67467939e-06],
       [ 5.62956758e-09],
       [ 7.59955751e-10]]), 2.214938490890253), (8.747180461644268e-05, array([[-1.61395252e-06],
       [-5.27379746e-10],
       [ 4.94045109e-11]]), 2.229648641903604), (8.930766952520195e-05, array([[-1.52986702e-06],
       [ 2.66744322e-09],
       [-5.56794384e-10]]), 2.2410660320870335), (9.105795089982723e-05, array([[-1.46086706e-06],
       [-1.95900681e-09],
       [ 1.67683178e-09]]), 2.252252347679877), (9.272214917033644e-05, array([[-1.35125281e-06],
       [-1.57171392e-09],
       [ 1.09700284e-10]]), 2.2632702822748696), (9.423469943316422e-05, array([[-1.26587434e-06],
       [ 9.50258411e-10],
       [ 5.09657483e-10]]), 2.2726073905057698), (9.566579707644151e-05, array([[-1.17655255e-06],
       [-5.25256305e-09],
       [ 7.10236451e-10]]), 2.2820527515380817), (9.691506447647703e-05, array([[-1.06376772e-06],
       [ 2.39143869e-09],
       [-9.62572164e-10]]), 2.2892845686357663), (9.810300639612818e-05, array([[-9.65562726e-07],
       [ 1.94566410e-09],
       [-4.64805871e-10]]), 2.2972327115272306), (9.909087242717042e-05, array([[-8.61484617e-07],
       [ 2.84890105e-09],
       [-5.39395884e-10]]), 2.302697972870696), (0.00010010793641838552, array([[-7.21095491e-07],
       [ 4.45539162e-10],
       [ 6.90193045e-10]]), 2.311063481819937), (0.00010086370653729697, array([[-6.17560281e-07],
       [ 6.45486790e-10],
       [ 5.62111641e-10]]), 2.3156435208716992), (0.00010149573389823967, array([[-5.03294887e-07],
       [-1.57302728e-10],
       [ 9.05872854e-10]]), 2.319670803265207), (0.00010201476909986542, array([[-3.73734299e-07],
       [-2.41679007e-09],
       [-2.16279249e-10]]), 2.3234201672526402), (0.00010246372511634117, array([[-2.56822905e-07],
       [-1.53587893e-10],
       [ 7.44542405e-11]]), 2.3278888447297157), (0.00010258034238590915, array([[-1.28162022e-07],
       [ 1.92105309e-09],
       [ 1.52195510e-10]]), 2.3271411233258585), (0.00010261733583345422, array([[ 3.56179304e-09],
       [-1.03118315e-09],
       [ 1.54668189e-11]]), 2.326931471482552)]