[(0.0001019619553325436, array([[-2.40390930e-07],
       [-2.46030984e-08],
       [-1.70204930e-08]]), 2.3120701860966206), (0.00010079781159315193, array([[-3.11059293e-07],
       [-1.89619887e-07],
       [-1.65788393e-08]]), 2.2900407038143493), (0.00010061820938174843, array([[-7.04392246e-07],
       [-1.41263410e-08],
       [-7.47218145e-09]]), 2.2996151031695256), (0.0001007556715396198, array([[-8.11617483e-07],
       [-1.35767810e-07],
       [ 1.87775294e-08]]), 2.3260169114693157), (9.69183018561622e-05, array([[-9.56787742e-07],
       [ 2.90620971e-08],
       [-4.77638505e-09]]), 2.269491033441287), (9.633620789582899e-05, array([[-1.47564846e-06],
       [-1.58105994e-07],
       [ 1.02143744e-08]]), 2.2980450173404723), (9.32666982147096e-05, array([[-1.38552760e-06],
       [ 5.03554414e-08],
       [ 1.44396215e-09]]), 2.2765622700081014), (8.800742947075732e-05, array([[-1.55361877e-06],
       [ 1.00383082e-07],
       [-1.75787442e-08]]), 2.2084381084712166), (8.361559978131235e-05, array([[-2.15143053e-06],
       [-6.12612098e-08],
       [ 1.25978345e-08]]), 2.1677584407196373), (7.985823632188756e-05, array([[-2.03771938e-06],
       [ 4.41518659e-08],
       [ 1.53940741e-08]]), 2.150257938252914), (7.702248498719477e-05, array([[-2.07705926e-06],
       [-2.43592761e-08],
       [ 3.29253399e-08]]), 2.1662366396130714), (7.266032398234923e-05, array([[-2.14802764e-06],
       [ 8.48811026e-08],
       [ 4.93792779e-08]]), 2.1478257299923604), (6.704210083091877e-05, array([[-2.45842513e-06],
       [ 8.93033901e-08],
       [ 5.43630418e-08]]), 2.09720835647556), (6.225118157896018e-05, array([[-2.02696655e-06],
       [-5.84200857e-08],
       [-1.25900285e-09]]), 2.0766883182751923), (5.879825356839515e-05, array([[-2.22973899e-06],
       [ 2.35283824e-08],
       [ 4.57052867e-08]]), 2.1101606389608265), (5.0594658685342364e-05, array([[-2.16823352e-06],
       [ 4.55150795e-08],
       [ 4.31842625e-08]]), 1.9732460136422731), (4.7384649693129433e-05, array([[-2.17988545e-06],
       [ 2.68171792e-08],
       [-3.43692184e-08]]), 2.0325379562571193), (4.218369795631939e-05, array([[-1.98323729e-06],
       [-3.30018945e-08],
       [-3.08686464e-08]]), 2.019141513170336), (3.729330374708818e-05, array([[-1.59501541e-06],
       [-5.94518763e-08],
       [-6.99512391e-09]]), 1.969822538573158), (3.5868659637126195e-05, array([[-1.38608602e-06],
       [ 2.39809478e-08],
       [-4.55587568e-09]]), 2.0622862421193124), (3.1705354184775234e-05, array([[-1.03496005e-06],
       [ 5.13571186e-08],
       [-1.84965075e-08]]), 2.008831283816916), (2.8984841577626735e-05, array([[-7.82372105e-07],
       [-1.31393557e-08],
       [ 5.55725002e-09]]), 2.0542420664645418), (2.685782403347217e-05, array([[-5.01418807e-07],
       [ 6.44322199e-08],
       [-4.48149485e-09]]), 2.1695053240255264), (2.253211917287867e-05, array([[-2.84458302e-07],
       [ 1.28281464e-08],
       [-3.65033896e-09]]), 2.1257116120455697), (1.9809270065705276e-05, array([[-8.51321708e-08],
       [ 1.19606876e-07],
       [ 1.46846574e-09]]), 2.2568957059753694), (1.8180926573029917e-05, array([[-3.76184560e-09],
       [ 4.24779003e-08],
       [ 1.02635134e-09]]), 2.3153892984394377), (2.0815429661123073e-05, array([[-1.56037615e-07],
       [-2.20176223e-08],
       [-1.61525633e-09]]), 2.147383796303383), (2.3514049748323305e-05, array([[-2.31599854e-07],
       [ 4.90147158e-08],
       [-3.16079319e-09]]), 2.0454937064885557), (2.5632585056103503e-05, array([[-4.28783143e-07],
       [-1.43163646e-08],
       [ 1.21872037e-08]]), 1.9343308970974977), (2.850889878714858e-05, array([[-7.02737099e-07],
       [ 4.66862659e-08],
       [ 1.86538249e-08]]), 1.906452914493372), (3.121520307126282e-05, array([[-9.25952291e-07],
       [-2.61327105e-08],
       [-2.62629049e-08]]), 1.8808665255816113), (3.4705218387489266e-05, array([[-1.28457531e-06],
       [ 9.38827588e-08],
       [ 1.37340452e-08]]), 1.9098560616099691), (3.8529503577584475e-05, array([[-1.69144463e-06],
       [ 4.02853575e-08],
       [ 1.50497182e-08]]), 1.9584041252476923), (4.41888500848987e-05, array([[-1.58186725e-06],
       [-7.22762771e-08],
       [-2.61921604e-08]]), 1.9982653406331017), (4.926598295436471e-05, array([[-1.86687293e-06],
       [-4.62794349e-08],
       [-5.24896131e-08]]), 2.0117587207294694), (5.4887795119469396e-05, array([[-2.06081129e-06],
       [ 1.17656028e-07],
       [ 6.65272575e-09]]), 2.05066818371399), (5.951919638751549e-05, array([[-1.94260014e-06],
       [ 1.52339504e-07],
       [-3.55956207e-08]]), 2.0570085411909687), (6.516567299467986e-05, array([[-2.29260027e-06],
       [-7.49063862e-08],
       [ 4.67790639e-08]]), 2.10297708135856), (6.978376337343306e-05, array([[-2.11022843e-06],
       [-8.76964902e-08],
       [-3.88199714e-08]]), 2.1201152722261263), (7.363771142035745e-05, array([[-1.76062978e-06],
       [-1.15063374e-07],
       [-2.39691750e-08]]), 2.1214958217628443), (7.938072388619003e-05, array([[-2.17449039e-06],
       [ 7.45239967e-08],
       [-4.63306201e-08]]), 2.182845326137453), (8.421797670130968e-05, array([[-1.62292508e-06],
       [-7.58405629e-08],
       [ 2.24241710e-08]]), 2.223593804318991), (8.703818903261834e-05, array([[-1.54673551e-06],
       [ 9.54848735e-08],
       [-4.12973473e-08]]), 2.2185958186330477), (9.086278038603535e-05, array([[-1.54039384e-06],
       [-5.14656654e-09],
       [-1.58872456e-08]]), 2.2474249466287675), (9.46993019893043e-05, array([[-9.11295245e-07],
       [ 1.65544605e-08],
       [ 1.86958176e-08]]), 2.283811959619727), (9.552795604205524e-05, array([[-8.70511311e-07],
       [-8.91349945e-08],
       [ 1.19035432e-08]]), 2.2565189098488694), (9.88540226304781e-05, array([[-7.29331614e-07],
       [ 1.76466147e-07],
       [-1.34813964e-08]]), 2.297193999261834), (9.840201181873182e-05, array([[-4.14979792e-07],
       [ 1.48292125e-07],
       [ 6.94016171e-09]]), 2.259127578506429), (0.0001022483793948284, array([[-3.39205690e-07],
       [-9.36686158e-08],
       [-4.70332885e-09]]), 2.3287407191235507), (0.0001027268397514988, array([[-4.67517470e-07],
       [-5.60900734e-08],
       [ 2.38978223e-09]]), 2.3304645675257234), (0.00010160367156074772, array([[ 1.92822368e-07],
       [ 1.89386810e-07],
       [-1.96857507e-08]]), 2.304984335891525), (0.00010285249262291288, array([[5.03003117e-07],
       [7.84535139e-08],
       [3.49717895e-09]]), 2.3424995980566736), (0.000100855472166575, array([[7.71014279e-07],
       [2.77007767e-07],
       [1.48956946e-08]]), 2.315454475001134), (9.924069209133946e-05, array([[ 9.05397073e-07],
       [-3.10238346e-07],
       [-4.15063993e-08]]), 2.306179518935715), (9.911201043532743e-05, array([[ 8.77068964e-07],
       [-9.24265007e-08],
       [-2.75486037e-08]]), 2.341179849404461), (9.537028919296412e-05, array([[ 1.52630646e-06],
       [-8.51429896e-08],
       [ 2.34163616e-08]]), 2.2999937958981302), (9.168123965428668e-05, array([[1.59279070e-06],
       [2.07232680e-07],
       [5.51531004e-08]]), 2.267668942789272), (8.743253816285673e-05, array([[ 1.18325097e-06],
       [-5.08496209e-08],
       [ 4.48551297e-09]]), 2.2286477434393017), (8.410282163081443e-05, array([[ 1.85653378e-06],
       [ 7.78331603e-08],
       [-2.89902452e-09]]), 2.220553383362343), (7.819953885756266e-05, array([[ 1.49422813e-06],
       [-8.20278154e-08],
       [-3.24160680e-08]]), 2.150364591611278), (7.363336277502293e-05, array([[ 1.92819714e-06],
       [ 9.93709624e-09],
       [-3.13180012e-08]]), 2.12137053768313), (6.931430895299874e-05, array([[ 1.77491393e-06],
       [-3.52240139e-08],
       [ 1.27026633e-08]]), 2.1058526782033473), (6.537090518569004e-05, array([[1.83123873e-06],
       [1.58566417e-08],
       [2.08432380e-08]]), 2.109600178676785), (5.892759711018224e-05, array([[ 2.10489990e-06],
       [-1.06130890e-07],
       [-2.29362223e-09]]), 2.0365626205418748), (5.4419619339509435e-05, array([[1.86440086e-06],
       [4.91736649e-08],
       [2.22666018e-08]]), 2.03317662344527), (4.9217462339171085e-05, array([[2.10924620e-06],
       [4.60570093e-08],
       [6.39504790e-08]]), 2.0097773988335588), (4.499279884647582e-05, array([[ 1.93172187e-06],
       [ 1.64611145e-08],
       [-1.41281198e-08]]), 2.0346207321587473), (3.7624778321369415e-05, array([[1.57474718e-06],
       [4.57731935e-08],
       [4.35398609e-09]]), 1.9124181272599559), (3.5902631334967536e-05, array([[ 1.19737972e-06],
       [-4.61633946e-08],
       [-6.00828136e-09]]), 1.97575065851059), (3.255295972604023e-05, array([[9.70992093e-07],
       [9.38643570e-08],
       [2.77212283e-08]]), 1.9614728155871768), (2.894420729243442e-05, array([[ 6.54980181e-07],
       [-3.02688684e-09],
       [ 8.37288032e-09]]), 1.9355629539516495), (2.687212041337985e-05, array([[ 5.04900511e-07],
       [-8.66905636e-09],
       [ 7.36070521e-09]]), 2.0278708788970894), (2.333185621525122e-05, array([[ 2.36578353e-07],
       [ 5.44726033e-08],
       [-5.00403107e-09]]), 2.0296446405364676), (2.036559117985303e-05, array([[ 9.84509639e-08],
       [-6.64786077e-08],
       [-1.17497854e-09]]), 2.1009770739171896), (1.8202696132309884e-05, array([[-2.50833929e-09],
       [ 1.20997565e-08],
       [ 1.14037515e-09]]), 2.3181617096466502), (2.055683677294769e-05, array([[ 1.05266770e-07],
       [-5.97817585e-08],
       [-1.95506143e-09]]), 2.342066945799417), (2.4547439028005757e-05, array([[ 2.67065612e-07],
       [-1.49796350e-08],
       [-1.01476158e-09]]), 2.315839703644973), (2.5368131960644396e-05, array([[ 4.42990902e-07],
       [-5.10118428e-08],
       [-9.03969832e-09]]), 2.049171864429897), (2.850815643515341e-05, array([[7.29384539e-07],
       [8.25132062e-08],
       [2.03328822e-08]]), 2.0204579704050616), (3.1243064755359826e-05, array([[ 1.00055189e-06],
       [-9.93260737e-09],
       [ 9.81516200e-11]]), 1.979540916563001), (3.5834183443957815e-05, array([[1.44630302e-06],
       [5.53840071e-08],
       [1.16090830e-09]]), 2.0603040164222555), (3.755087639304847e-05, array([[ 1.63975209e-06],
       [-8.11497107e-08],
       [ 1.98967917e-08]]), 1.9834274582867166), (4.238490200105996e-05, array([[2.16624953e-06],
       [6.18786180e-08],
       [4.80254310e-08]]), 2.0287722344924495), (4.799130012735868e-05, array([[ 2.08525029e-06],
       [-9.82739899e-08],
       [-8.48025901e-09]]), 2.058559886180337), (5.2410979443841564e-05, array([[ 2.02128767e-06],
       [ 4.47112077e-08],
       [-5.27424525e-08]]), 2.0440844734586374), (5.687641182126279e-05, array([[ 2.28308057e-06],
       [ 3.68828902e-08],
       [-6.29229515e-10]]), 2.0411892909531315), (6.233439355894523e-05, array([[2.31798258e-06],
       [2.18770439e-08],
       [2.66420563e-09]]), 2.0794642550910485), (6.511427350983632e-05, array([[ 2.13314019e-06],
       [ 1.43434839e-07],
       [-5.77846488e-08]]), 2.0369021381812877), (7.166288857757494e-05, array([[ 2.59202915e-06],
       [ 1.66783609e-07],
       [-3.22250221e-08]]), 2.1183417240182068), (7.795980647168336e-05, array([[ 2.04941620e-06],
       [ 1.60298892e-07],
       [-1.12268332e-08]]), 2.1925985538402393), (8.074925771251301e-05, array([[ 1.60152816e-06],
       [ 1.97018978e-07],
       [-3.36475741e-08]]), 2.17424952517731), (8.511120631205885e-05, array([[ 2.10764530e-06],
       [ 1.23215872e-07],
       [-1.10079551e-08]]), 2.2065324696030113), (8.882809783909602e-05, array([[ 1.66240686e-06],
       [-9.40884454e-09],
       [-4.33570249e-09]]), 2.2290317709603418), (9.391482992714827e-05, array([[ 1.44003443e-06],
       [-5.58925875e-08],
       [-1.75164194e-08]]), 2.292382624226461), (9.384483065501086e-05, array([[ 1.21489498e-06],
       [ 1.29168625e-09],
       [-1.50204277e-08]]), 2.238614641372504), (9.828241062008771e-05, array([[ 9.21555008e-07],
       [ 1.26402455e-08],
       [-1.01329559e-08]]), 2.301433737234862), (9.94269410483346e-05, array([[1.00239716e-06],
       [8.65639793e-09],
       [4.38330771e-10]]), 2.2953422154816163), (9.993813660806548e-05, array([[ 8.20819824e-07],
       [ 1.80056242e-08],
       [-4.00964070e-09]]), 2.284072135040544), (0.0001002536437415104, array([[ 5.85267052e-07],
       [ 1.24847144e-08],
       [-1.97437746e-08]]), 2.277677672214059), (0.0001022692601857484, array([[9.08993849e-08],
       [1.13974483e-08],
       [5.29644910e-09]]), 2.319038573342828)]