[(0.00010449570343678714, array([[ 2.12563183e-08],
       [-5.75520148e-09],
       [-1.44117017e-08]]), 2.3695249831510132), (0.0001025681358731867, array([[ 1.70851372e-07],
       [ 2.68634289e-08],
       [-7.47447783e-09]]), 2.3302609684823365), (0.000100058454201897, array([[-8.16596763e-07],
       [-1.33161056e-08],
       [ 2.16175109e-08]]), 2.2868219768201987), (9.922408458214531e-05, array([[-1.34473844e-06],
       [ 1.21986514e-07],
       [ 7.29929693e-09]]), 2.2906591285273334), (9.670457728523348e-05, array([[-1.19430261e-06],
       [-2.18301411e-08],
       [-2.38202248e-08]]), 2.2644863440476506), (9.459909950661221e-05, array([[-1.69095668e-06],
       [ 9.23638544e-08],
       [ 2.93342691e-08]]), 2.2566072924641047), (9.025845684497094e-05, array([[-1.54433212e-06],
       [ 2.86537922e-07],
       [ 2.87366838e-08]]), 2.203133608626107), (8.865695254440586e-05, array([[-1.55954183e-06],
       [ 9.40495962e-08],
       [-3.94974918e-08]]), 2.22473709046402), (8.263214645017385e-05, array([[-1.69270750e-06],
       [-3.32546128e-08],
       [-4.80095300e-08]]), 2.142262130638683), (8.092398710390423e-05, array([[-2.48240960e-06],
       [-1.72730681e-07],
       [-1.78213914e-08]]), 2.178954277976641), (7.63514122503924e-05, array([[-2.26481285e-06],
       [-7.10736994e-08],
       [-1.62173208e-08]]), 2.1473628996844205), (7.12835636200592e-05, array([[-2.19287728e-06],
       [-9.93372127e-09],
       [-5.59173270e-08]]), 2.1071289484740383), (6.689826380137118e-05, array([[-2.21194627e-06],
       [-6.23433505e-08],
       [ 3.11129114e-08]]), 2.0927088521849857), (6.275549274502564e-05, array([[-2.58853187e-06],
       [ 4.31597780e-08],
       [ 5.29542693e-09]]), 2.093512048857968), (5.756445071325821e-05, array([[-2.23780907e-06],
       [ 1.46416984e-07],
       [-2.30518888e-08]]), 2.0658817350284338), (5.2463489342229656e-05, array([[-2.26686259e-06],
       [-1.13034711e-07],
       [-1.69931817e-08]]), 2.046132415877133), (4.7204493551189614e-05, array([[-2.12183210e-06],
       [ 7.49690862e-08],
       [-1.04122696e-09]]), 2.0248102596524817), (4.2516105145299345e-05, array([[-1.91410084e-06],
       [-1.07487417e-07],
       [-2.61791022e-09]]), 2.035052331497375), (3.84732750497674e-05, array([[-1.76293762e-06],
       [-2.77983768e-08],
       [ 9.91988840e-09]]), 2.0321483138021375), (3.51779531225614e-05, array([[-1.29461776e-06],
       [-3.01274989e-08],
       [ 7.34060014e-09]]), 2.022573731065379), (3.213822901186924e-05, array([[-9.92239543e-07],
       [-8.41669311e-08],
       [-1.15066318e-08]]), 2.036257960383136), (2.9254558649734428e-05, array([[-7.12407803e-07],
       [ 4.36618134e-08],
       [-4.84038276e-09]]), 2.073357718833501), (2.5470025135496124e-05, array([[-4.57972183e-07],
       [-1.32640966e-09],
       [-1.36411689e-08]]), 2.0574025306613484), (2.2075419148286166e-05, array([[-3.10344615e-07],
       [ 5.99018688e-08],
       [ 4.32302788e-09]]), 2.0826258934742636), (1.946525064659165e-05, array([[-8.74038213e-08],
       [ 1.74662671e-08],
       [-3.07158511e-09]]), 2.21770112953745), (1.8419299950521328e-05, array([[ 2.80206036e-08],
       [ 1.57716684e-09],
       [-2.25068835e-09]]), 2.3457467813245634), (2.0874848651528436e-05, array([[-1.32199679e-07],
       [ 9.18409717e-08],
       [-2.52250990e-09]]), 2.1535136422525873), (2.4096668923771803e-05, array([[-3.00737575e-07],
       [ 6.30063602e-09],
       [ 5.96158628e-09]]), 2.096175910082364), (2.7322458067322578e-05, array([[-4.85570350e-07],
       [-8.01599719e-08],
       [-1.53393373e-08]]), 2.061855045388343), (2.9654845397552477e-05, array([[-6.26819930e-07],
       [-7.90127492e-08],
       [-1.17763040e-08]]), 1.9830848907604854), (3.055666502747737e-05, array([[-8.59777929e-07],
       [-1.05146856e-08],
       [-1.64970912e-08]]), 1.8411864325336715), (3.603708568739055e-05, array([[-1.29412134e-06],
       [ 2.50988869e-08],
       [ 3.56849753e-08]]), 1.983149789589895), (3.8167271899402376e-05, array([[-1.59778160e-06],
       [-4.07847158e-08],
       [-1.02310019e-08]]), 1.9399923642080321), (4.2860130565037365e-05, array([[-1.72472630e-06],
       [ 8.31510362e-08],
       [-5.18814135e-08]]), 1.9381792746037674), (4.9100755887219585e-05, array([[-1.94285252e-06],
       [ 7.51654756e-08],
       [-5.40137505e-09]]), 2.005011732781666), (5.483296794839748e-05, array([[-1.89317594e-06],
       [ 3.33232158e-08],
       [ 1.90322829e-08]]), 2.048619780511138), (5.8261887660165285e-05, array([[-1.81140225e-06],
       [-1.16257896e-08],
       [-4.38596380e-08]]), 2.013555421054155), (6.405574824311396e-05, array([[-1.98059960e-06],
       [-1.54160503e-07],
       [ 3.86221274e-08]]), 2.067158433176008), (6.903661156889678e-05, array([[-1.81821386e-06],
       [-4.16993913e-08],
       [ 2.35505573e-08]]), 2.0974158952522597), (7.425523949474104e-05, array([[-1.87855929e-06],
       [ 1.30805185e-07],
       [-3.15175375e-08]]), 2.1392867498668897), (7.923169662182105e-05, array([[-1.91453477e-06],
       [ 3.44287222e-08],
       [ 1.78479089e-08]]), 2.1787473102518673), (8.397263790272396e-05, array([[-1.71754203e-06],
       [-1.87487879e-07],
       [ 4.06783108e-08]]), 2.217116163156593), (8.698993039028255e-05, array([[-1.74112183e-06],
       [ 4.46320619e-08],
       [ 7.16972319e-09]]), 2.217365710064739), (9.041830908090033e-05, array([[-1.61011368e-06],
       [ 7.78896562e-08],
       [ 8.63235311e-09]]), 2.2364312713859773), (9.519437943013667e-05, array([[-1.16296966e-06],
       [-1.37501355e-07],
       [ 3.94460063e-09]]), 2.295751475081399), (9.625270426659146e-05, array([[-8.22975028e-07],
       [-1.18594331e-07],
       [-6.26615516e-10]]), 2.273638590215792), (0.00010021575089485822, array([[-1.07179207e-06],
       [ 1.39056983e-07],
       [-1.60244067e-08]]), 2.3288381743223927), (0.000101655849309583, array([[-9.99283655e-07],
       [-4.20016341e-07],
       [ 1.53387132e-08]]), 2.333829648877725), (0.00010348238661764493, array([[-4.29446461e-07],
       [ 5.65614724e-08],
       [-1.87265162e-09]]), 2.356845642492251), (0.00010190038300554266, array([[-2.81173622e-07],
       [-6.53028017e-08],
       [-6.37586103e-09]]), 2.3117155417822803), (0.00010237196238449317, array([[4.18780612e-07],
       [1.02486002e-07],
       [7.15720544e-09]]), 2.32241380755273), (0.00010278314326433127, array([[3.02417521e-07],
       [1.35617958e-07],
       [5.66029033e-09]]), 2.3409201434371494), (0.0001002897186690233, array([[1.30092444e-06],
       [7.01619986e-08],
       [1.28781316e-08]]), 2.3024658246134777), (9.885652750916687e-05, array([[ 9.47555102e-07],
       [-1.97732277e-07],
       [-2.77032735e-08]]), 2.2972522082465527), (9.526972043462572e-05, array([[ 1.19001817e-06],
       [-3.23495534e-09],
       [-2.40424519e-08]]), 2.250418983131035), (9.487144829100425e-05, array([[ 1.25608587e-06],
       [ 4.00834495e-08],
       [-5.00765580e-08]]), 2.287963519075476), (9.219698222734923e-05, array([[1.29501793e-06],
       [1.07170275e-07],
       [4.68323379e-08]]), 2.2804254611328094), (8.57258747667826e-05, array([[ 1.40082362e-06],
       [-1.54091821e-07],
       [-4.20503471e-08]]), 2.185145042884202), (8.410129889322607e-05, array([[ 1.82992219e-06],
       [ 2.80313078e-10],
       [-1.94056899e-08]]), 2.220513178764706), (7.914710851543979e-05, array([[1.93225715e-06],
       [2.06457698e-07],
       [1.42895596e-08]]), 2.1764212700796213), (7.451875855387829e-05, array([[1.93580080e-06],
       [1.81404426e-08],
       [5.85816439e-08]]), 2.1468787101835702), (6.666380475061239e-05, array([[ 1.90230969e-06],
       [-9.09464538e-08],
       [ 2.35382531e-08]]), 2.025327149528318), (6.472553432794515e-05, array([[ 2.02115012e-06],
       [-1.08758810e-07],
       [-1.14745144e-08]]), 2.088773260754445), (6.034649902470093e-05, array([[2.14575499e-06],
       [1.89951064e-08],
       [6.77630920e-08]]), 2.0856004694112418), (5.6856169727977074e-05, array([[2.02162284e-06],
       [2.17635714e-07],
       [1.79393263e-08]]), 2.1242088164632444), (4.99401153598758e-05, array([[1.89515006e-06],
       [7.13543980e-08],
       [7.64729294e-09]]), 2.0392866754029693), (4.399851185039555e-05, array([[ 1.65510492e-06],
       [-1.08159649e-07],
       [-1.90820226e-08]]), 1.9896580495116065), (3.815877886749733e-05, array([[1.55373094e-06],
       [8.48749772e-08],
       [3.40720588e-09]]), 1.9395606745371508), (3.5369493472629024e-05, array([[1.20403288e-06],
       [1.15682880e-08],
       [1.06398416e-08]]), 1.9464116534453448), (3.2212273567689616e-05, array([[9.69613222e-07],
       [1.20474934e-08],
       [5.71613218e-11]]), 1.9409448315305682), (2.920199132875407e-05, array([[ 6.11536354e-07],
       [-2.90477279e-08],
       [-9.88969842e-09]]), 1.9528015407880164), (2.4191623001784705e-05, array([[4.32964731e-07],
       [9.09066574e-08],
       [5.01654826e-09]]), 1.8255905021231622), (2.301048360797029e-05, array([[ 2.49668203e-07],
       [ 2.12102101e-08],
       [-2.89701685e-09]]), 2.0016883483338526), (2.0940482816696382e-05, array([[ 7.84997734e-08],
       [-3.14426653e-08],
       [-1.60928581e-09]]), 2.1602846647613716), (1.7534749689845642e-05, array([[ 3.16179490e-08],
       [ 3.97102639e-08],
       [-1.45150725e-09]]), 2.2330969557354496), (2.0792241812653418e-05, array([[1.24776995e-07],
       [2.73657601e-08],
       [7.93324393e-10]]), 2.368886945805202), (2.2402533421730265e-05, array([[ 2.64101750e-07],
       [-8.65228153e-09],
       [ 2.28803490e-10]]), 2.1134863111824678), (2.625600276830381e-05, array([[ 5.65077375e-07],
       [-1.35209814e-09],
       [ 2.64169409e-09]]), 2.120891764071183), (2.897583111643026e-05, array([[6.44201888e-07],
       [9.50888013e-08],
       [9.18733020e-09]]), 2.053603468238), (3.2337990858526846e-05, array([[ 1.03727387e-06],
       [-7.23347351e-08],
       [ 3.17720303e-09]]), 2.048914745244778), (3.5496893740676675e-05, array([[ 1.45297154e-06],
       [-7.68210666e-09],
       [ 8.12192737e-09]]), 2.040911378901861), (3.8307001923681196e-05, array([[ 1.73319797e-06],
       [ 1.21025529e-07],
       [-6.82460950e-09]]), 2.023365810821312), (4.302327859820741e-05, array([[ 2.10686025e-06],
       [-1.11158462e-07],
       [ 4.25526286e-09]]), 2.0593284149788436), (4.7222740894104676e-05, array([[2.11503349e-06],
       [8.11998654e-08],
       [1.81595229e-08]]), 2.0255929691863908), (5.316147865672494e-05, array([[ 2.34371475e-06],
       [ 1.43259222e-07],
       [-2.90763435e-09]]), 2.0733547485932893), (5.6468144052778016e-05, array([[ 2.19231006e-06],
       [ 7.27048153e-08],
       [-1.48501912e-08]]), 2.0265373153768365), (6.273939235085338e-05, array([[ 2.45823994e-06],
       [ 5.96599847e-08],
       [-9.70459625e-09]]), 2.0929749425790347), (6.448640801277171e-05, array([[ 2.13016514e-06],
       [ 9.10394431e-08],
       [-4.48748623e-08]]), 2.0172612744424336), (7.26471349771456e-05, array([[ 2.17522681e-06],
       [-1.63187078e-07],
       [ 3.42036271e-08]]), 2.147435865439373), (7.632644333580891e-05, array([[ 2.15834839e-06],
       [ 5.49230034e-08],
       [-3.31618627e-08]]), 2.1466606556886436), (7.92590879553227e-05, array([[ 1.98151103e-06],
       [-2.22964984e-08],
       [-1.93819408e-10]]), 2.134125306344986), (8.575272412580993e-05, array([[ 2.05550631e-06],
       [ 1.01631272e-08],
       [-2.29466159e-08]]), 2.2231640031836837), (8.799891934060956e-05, array([[ 1.56175323e-06],
       [ 6.65745267e-08],
       [-1.85730422e-08]]), 2.208224557230836), (9.159597288444361e-05, array([[ 1.77416378e-06],
       [ 4.51976231e-08],
       [-1.89247569e-08]]), 2.235781258958752), (9.571952872965211e-05, array([[ 1.82555438e-06],
       [-1.78374650e-07],
       [-1.97052624e-08]]), 2.2833344893252656), (9.781982152318395e-05, array([[ 1.32700292e-06],
       [-4.57035171e-08],
       [ 9.92808435e-10]]), 2.290601502378448), (9.88183845757219e-05, array([[1.28444769e-06],
       [4.89431514e-08],
       [4.08520105e-08]]), 2.2812932530237098), (9.930183652258286e-05, array([[ 3.20922837e-07],
       [-1.15697892e-07],
       [ 2.92868125e-09]]), 2.2695295855784257), (0.00010100815795404286, array([[3.27965238e-07],
       [1.44641333e-07],
       [3.90695217e-09]]), 2.294819594553404), (0.00010493004803858696, array([[ 2.12356717e-07],
       [ 1.35126674e-07],
       [-1.66563724e-08]]), 2.3793740999224413)]