[(0.00010311717871652126, array([[ 1.58560962e-08],
       [-4.99446723e-08],
       [-1.01763946e-09]]), 2.338265815002179), (0.00010317195140643832, array([[ 3.21505043e-07],
       [-1.03819597e-08],
       [ 7.06305439e-09]]), 2.343979144768969), (0.00010104285194408261, array([[-5.32028753e-07],
       [ 2.00703673e-07],
       [ 8.52256255e-10]]), 2.309320249542061), (9.902191451367213e-05, array([[-7.20825976e-07],
       [ 2.63084043e-07],
       [ 1.72608693e-08]]), 2.285991887556421), (9.726464329694656e-05, array([[-1.60342702e-06],
       [-7.33335086e-08],
       [ 2.51620909e-08]]), 2.277601150718577), (9.430687616228862e-05, array([[-1.67501810e-06],
       [-4.52785886e-08],
       [-4.78794928e-08]]), 2.2496364720940574), (9.086391643172453e-05, array([[-1.66518779e-06],
       [ 7.62633830e-09],
       [ 1.08646646e-08]]), 2.2179123718674605), (9.024434032087211e-05, array([[-1.76870651e-06],
       [-1.66388874e-07],
       [ 8.97296188e-09]]), 2.2645706326950688), (8.528824790212922e-05, array([[-2.35131632e-06],
       [-1.14057906e-07],
       [ 2.20379082e-09]]), 2.2111223236761397), (8.083702840362934e-05, array([[-2.31064542e-06],
       [-1.76198106e-08],
       [-1.25509739e-08]]), 2.1766128333845947), (7.58131074205918e-05, array([[-2.30142714e-06],
       [-4.23826992e-08],
       [-1.36421221e-08]]), 2.1322232213711514), (7.095750105808394e-05, array([[-2.43788553e-06],
       [-1.23337259e-08],
       [-1.90342388e-09]]), 2.097490599485011), (6.804724133291969e-05, array([[-2.48402682e-06],
       [-4.88274278e-08],
       [-5.29180068e-08]]), 2.1286511220527418), (6.200370950514296e-05, array([[-2.51535450e-06],
       [-3.42320892e-08],
       [ 3.33169705e-08]]), 2.0684326940161784), (5.773309801130612e-05, array([[-2.34031637e-06],
       [ 5.17248459e-08],
       [-1.45295505e-08]]), 2.071934174830814), (5.1027928843400114e-05, array([[-2.24727425e-06],
       [ 1.29579556e-08],
       [ 5.26092871e-08]]), 1.9901440150209302), (4.722632996401433e-05, array([[-2.07948552e-06],
       [-1.21338585e-07],
       [-2.10982306e-08]]), 2.0257469203259735), (4.207560138782905e-05, array([[-2.14082183e-06],
       [ 3.60002108e-08],
       [ 1.66950248e-09]]), 2.013967422717287), (3.672025874923667e-05, array([[-1.69169739e-06],
       [-1.12701677e-07],
       [-2.78459998e-09]]), 1.9395544518399561), (3.733218728999276e-05, array([[-1.45182802e-06],
       [-4.38627583e-08],
       [ 7.06853304e-09]]), 2.1464324849397123), (3.1835967464329856e-05, array([[-1.05083282e-06],
       [-4.17425382e-08],
       [-1.56119111e-08]]), 2.01710685899334), (2.9140643611191684e-05, array([[-7.51386422e-07],
       [ 2.67560719e-08],
       [-1.43517280e-08]]), 2.0652842207068782), (2.6699752023985568e-05, array([[-5.39171556e-07],
       [-2.46877700e-08],
       [-1.52975784e-08]]), 2.1567366773275216), (2.2752930084511322e-05, array([[-2.69323345e-07],
       [-5.19667091e-08],
       [ 1.32627700e-09]]), 2.146543222038512), (1.8755884600429067e-05, array([[-6.64607765e-08],
       [ 3.42781380e-08],
       [ 4.25220735e-09]]), 2.1368821403349787), (1.7286682549578797e-05, array([[8.31056830e-09],
       [2.23126991e-08],
       [1.15607549e-09]]), 2.2015049464084684), (2.1093116388717504e-05, array([[-1.03472233e-07],
       [ 4.76724144e-08],
       [-4.05999077e-09]]), 2.176030813876049), (2.4030847672072345e-05, array([[-2.38272590e-07],
       [ 4.71701431e-08],
       [ 1.36295723e-08]]), 2.090450101149173), (2.5711899958745715e-05, array([[-4.87817563e-07],
       [-5.63882582e-08],
       [ 6.15059167e-09]]), 1.9403162967926635), (2.9087685061545087e-05, array([[-7.07067388e-07],
       [-3.52920085e-08],
       [-7.26961340e-09]]), 1.9451576286926235), (3.3249492921031594e-05, array([[-9.96915860e-07],
       [-7.04378225e-08],
       [-1.21519927e-08]]), 2.0034422997332464), (3.425403749250666e-05, array([[-1.24801716e-06],
       [ 1.03787335e-07],
       [ 6.46058133e-09]]), 1.8850272143298794), (3.765694035172903e-05, array([[-1.60587747e-06],
       [ 6.36623700e-08],
       [-3.76647062e-08]]), 1.914052881074152), (4.459136037023151e-05, array([[-1.76100446e-06],
       [-4.78562334e-08],
       [-9.19270310e-09]]), 2.016467270551703), (4.795438676781601e-05, array([[-1.94390902e-06],
       [ 5.66565741e-08],
       [-6.73952970e-08]]), 1.958200161493799), (5.530732672931055e-05, array([[-1.67556388e-06],
       [-3.06900407e-08],
       [-2.47278574e-08]]), 2.066342344472151), (6.011460102618186e-05, array([[-1.85824407e-06],
       [-4.76181381e-08],
       [ 1.78637319e-08]]), 2.0775859767334004), (6.454283259147982e-05, array([[-2.04923106e-06],
       [ 6.01736572e-08],
       [-4.24509881e-08]]), 2.082877249145046), (6.98535020406822e-05, array([[-2.07896008e-06],
       [-9.51264204e-08],
       [ 3.35239809e-08]]), 2.122234017423464), (7.448823624587659e-05, array([[-1.67536746e-06],
       [-7.15897411e-10],
       [-3.17540484e-08]]), 2.1459993652440397), (7.939391047377266e-05, array([[-1.96259204e-06],
       [-6.16319703e-08],
       [-8.84337065e-09]]), 2.183207936600841), (8.468510815679435e-05, array([[-1.83300683e-06],
       [ 1.00568183e-07],
       [ 4.98731102e-09]]), 2.2359274016209323), (8.924691380716628e-05, array([[-1.35682737e-06],
       [ 7.15559704e-08],
       [ 4.33825015e-09]]), 2.2748960197721924), (9.0620307088843e-05, array([[-1.63710748e-06],
       [-2.58818523e-08],
       [ 2.47731519e-09]]), 2.2414275455511627), (9.451296634589793e-05, array([[-1.32351058e-06],
       [ 9.34101728e-08],
       [ 1.90101909e-08]]), 2.279318203467617), (9.592775758431156e-05, array([[-1.28067431e-06],
       [ 2.71778811e-07],
       [-4.09597764e-08]]), 2.2659628441448256), (0.00010010522109697847, array([[-7.69279893e-07],
       [ 1.49046299e-07],
       [-1.96071274e-08]]), 2.326269655797071), (0.00010299103406645062, array([[-1.06485390e-06],
       [-4.32930390e-08],
       [ 1.15386411e-08]]), 2.3644830130812693), (0.00010110656690079336, array([[5.48899186e-08],
       [1.25297202e-07],
       [1.29594016e-08]]), 2.3027355612501355), (0.00010275420610979088, array([[-7.73661108e-07],
       [-1.41804567e-07],
       [-1.37012750e-10]]), 2.331085401657253), (0.00010320232226606613, array([[ 2.27215027e-08],
       [ 4.07602735e-08],
       [-1.98363531e-08]]), 2.341251379963035), (0.00010320955699780183, array([[ 6.28822923e-08],
       [-1.33594860e-07],
       [ 1.13749752e-08]]), 2.350631857502483), (0.00010191033901390476, array([[5.73444790e-07],
       [1.94223981e-07],
       [3.08830308e-08]]), 2.3396722602111018), (9.981127061085645e-05, array([[ 9.50498989e-07],
       [-1.53813941e-07],
       [ 1.19471780e-09]]), 2.319438762376336), (9.759826206617725e-05, array([[6.82175378e-07],
       [2.85206802e-08],
       [1.65745635e-08]]), 2.3054227583782847), (9.588310041410149e-05, array([[ 1.43409415e-06],
       [-1.06832012e-07],
       [-4.21769915e-09]]), 2.312360987369013), (9.101533742977123e-05, array([[ 1.81325454e-06],
       [-2.27890628e-07],
       [-6.44412086e-09]]), 2.251198334416587), (8.887671425148552e-05, array([[ 1.49752547e-06],
       [-1.91678328e-08],
       [-1.88363189e-08]]), 2.265459665507222), (8.175786719135465e-05, array([[1.94234948e-06],
       [2.65528317e-08],
       [1.73791068e-08]]), 2.1586399253664803), (7.757237055848739e-05, array([[1.91649872e-06],
       [1.18622305e-08],
       [1.74518571e-08]]), 2.133118447669572), (7.455813625904287e-05, array([[1.99458535e-06],
       [2.73084191e-07],
       [6.06958815e-08]]), 2.1480131783163503), (7.210231547241013e-05, array([[ 1.97135797e-06],
       [ 1.70759856e-07],
       [-8.76818941e-09]]), 2.190555693849539), (6.407555258745148e-05, array([[ 1.76892069e-06],
       [-2.44629077e-08],
       [ 1.17816105e-08]]), 2.067797543927714), (5.9909973191816954e-05, array([[ 2.17651899e-06],
       [-7.97324068e-08],
       [-3.78906224e-08]]), 2.0705139524353307), (5.429612006469122e-05, array([[ 1.72285295e-06],
       [-7.13381752e-08],
       [-2.17146883e-08]]), 2.0285625551805455), (4.874765776819696e-05, array([[1.87669158e-06],
       [1.46672828e-08],
       [1.50530799e-08]]), 1.990593097901793), (4.326306658000823e-05, array([[1.81744671e-06],
       [1.01283755e-07],
       [3.74253880e-09]]), 1.956400456455349), (3.822037746209296e-05, array([[ 1.64369138e-06],
       [-4.83185953e-08],
       [-5.51230125e-11]]), 1.942691650297651), (3.5128060954597794e-05, array([[1.24447563e-06],
       [1.29625376e-08],
       [4.59969348e-08]]), 1.9331254279306849), (3.180262994648709e-05, array([[9.73651392e-07],
       [2.95995768e-08],
       [2.51674541e-08]]), 1.916261827778234), (2.961835910932876e-05, array([[ 6.16660674e-07],
       [-4.13886506e-08],
       [ 5.33471114e-09]]), 1.98064497222689), (2.6653277172511394e-05, array([[ 3.94607815e-07],
       [ 5.53062828e-08],
       [-6.33461849e-09]]), 2.01135614807668), (2.3558078521031986e-05, array([[ 2.69819850e-07],
       [ 5.83921313e-08],
       [-2.77246091e-09]]), 2.049323781632734), (2.08160100397973e-05, array([[1.39680472e-07],
       [8.83075860e-08],
       [2.92033411e-09]]), 2.1474436699538906), (1.812772949407976e-05, array([[ 1.40818510e-09],
       [-1.16516399e-08],
       [-8.72676739e-10]]), 2.308614509112026), (1.9243245718127552e-05, array([[ 1.30701630e-07],
       [-1.74672221e-08],
       [-1.26807655e-09]]), 2.1924078215006504), (2.2738073889843583e-05, array([[2.36979236e-07],
       [1.13026968e-08],
       [4.02477783e-09]]), 2.1451416678716075), (2.529339742506773e-05, array([[ 4.95648839e-07],
       [-4.38823196e-08],
       [ 9.49545600e-09]]), 2.043135002597007), (2.8554099425994372e-05, array([[ 6.95494513e-07],
       [ 1.04102343e-07],
       [-5.26165979e-09]]), 2.023714087026984), (3.2865175658100246e-05, array([[ 1.07291623e-06],
       [ 3.57834922e-08],
       [-4.80128109e-09]]), 2.082316842302704), (3.548389531040934e-05, array([[1.47080206e-06],
       [2.68676487e-08],
       [5.89454581e-09]]), 2.0401640277551865), (3.873527025393257e-05, array([[ 1.70514174e-06],
       [-9.52854385e-08],
       [ 1.27024607e-08]]), 2.0459868318820194), (4.246374726023651e-05, array([[ 2.05218742e-06],
       [-8.78452020e-08],
       [ 1.73082680e-08]]), 2.0325461979814943), (4.548046220530853e-05, array([[ 1.93710667e-06],
       [ 5.04431925e-08],
       [-3.20294999e-08]]), 1.9508589025996432), (5.198243149035506e-05, array([[ 2.23694864e-06],
       [-1.08742549e-09],
       [ 5.36332234e-09]]), 2.027370643128623), (5.7209337207809e-05, array([[ 2.28634520e-06],
       [-1.11622393e-07],
       [ 4.50975236e-09]]), 2.0531373677031226), (6.280195606798984e-05, array([[ 2.44341158e-06],
       [ 5.14238343e-08],
       [-2.30731885e-08]]), 2.0950620570277843), (6.618555539875981e-05, array([[2.10655251e-06],
       [1.81351891e-07],
       [2.04200028e-08]]), 2.0704139360179554), (7.197335024729485e-05, array([[2.00304303e-06],
       [5.47822168e-08],
       [2.52910848e-09]]), 2.1275189135193546), (7.559799836688836e-05, array([[ 2.26866702e-06],
       [-5.97710234e-08],
       [-2.22576439e-08]]), 2.126173337188341), (7.928220357699855e-05, array([[ 1.93891216e-06],
       [-7.46761736e-10],
       [-2.66194574e-09]]), 2.134747716146347), (8.520764210962456e-05, array([[ 2.07542486e-06],
       [ 4.53570455e-08],
       [-3.04679860e-08]]), 2.2090325953535572), (8.797547289249347e-05, array([[ 1.63892415e-06],
       [ 6.83098882e-08],
       [-8.75328234e-09]]), 2.2076361974771284), (9.304217904437698e-05, array([[ 1.44216205e-06],
       [ 8.36772737e-08],
       [-1.26135433e-08]]), 2.2710819444271944), (9.375036251089438e-05, array([[ 9.24296205e-07],
       [-3.06214882e-07],
       [ 2.88886137e-08]]), 2.2363611579458054), (9.810258879423187e-05, array([[1.43139506e-06],
       [6.09437173e-08],
       [9.51825223e-09]]), 2.2972229327368368), (0.00010025494970728895, array([[ 1.12008374e-06],
       [-1.44210720e-07],
       [-7.20714739e-09]]), 2.314457388991362), (0.00010072671191633541, array([[ 3.12691416e-07],
       [ 6.13651642e-08],
       [-3.83557999e-09]]), 2.3020949134225757), (0.00010105428174979415, array([[ 3.64239248e-07],
       [ 1.62036467e-07],
       [-1.15202967e-08]]), 2.2958674880345757), (0.00010222056140450376, array([[1.57586410e-07],
       [3.41645113e-07],
       [6.42211358e-10]]), 2.317934288908033)]