[(0.00010185085403076079, array([[-2.72745404e-07],
       [-3.49122189e-08],
       [-1.13857945e-08]]), 2.3095508738036115), (0.00010189087963022874, array([[-1.12951932e-07],
       [-2.78545718e-08],
       [ 4.70074733e-09]]), 2.314874281621057), (0.00010023237663718976, array([[-6.25414915e-07],
       [ 6.57638539e-09],
       [ 2.29524730e-08]]), 2.2907969497543905), (9.753333239395718e-05, array([[-7.53359892e-07],
       [-3.47967429e-08],
       [ 1.58768805e-08]]), 2.251626902125241), (9.741592208423407e-05, array([[-8.50207827e-07],
       [ 5.16135039e-08],
       [-2.78412366e-08]]), 2.2811435760884353), (9.509554013453397e-05, array([[-1.74143724e-06],
       [-6.15748701e-08],
       [-2.05622746e-08]]), 2.268449599072588), (9.051405836320959e-05, array([[-1.63586364e-06],
       [-1.61042620e-07],
       [-4.57273218e-09]]), 2.2093726283803963), (8.760746936081583e-05, array([[-1.49909440e-06],
       [-2.58382609e-07],
       [-3.07442059e-09]]), 2.198401601849277), (8.417585771645704e-05, array([[-1.78521850e-06],
       [ 1.18255078e-07],
       [-2.57515887e-09]]), 2.1822832886076684), (7.73731401078759e-05, array([[-1.87300797e-06],
       [ 8.96821621e-08],
       [ 6.59649003e-08]]), 2.0833443911021576), (7.600823527530179e-05, array([[-1.80051900e-06],
       [-4.11029908e-08],
       [ 1.06841027e-09]]), 2.1377111397154134), (7.085325095415072e-05, array([[-2.18435179e-06],
       [ 1.56894281e-08],
       [ 3.46964330e-08]]), 2.094408985705852), (6.729706079366284e-05, array([[-2.43213417e-06],
       [ 9.95763289e-08],
       [ 9.38323061e-09]]), 2.1051840039837146), (6.294532972081309e-05, array([[-2.44928917e-06],
       [ 2.09432948e-07],
       [ 4.85924789e-08]]), 2.099844976522874), (5.836928759812987e-05, array([[-2.12974016e-06],
       [ 7.32175013e-08],
       [ 2.42924775e-08]]), 2.094765843180804), (5.2245153711131204e-05, array([[-2.08385976e-06],
       [ 2.73005504e-08],
       [ 5.15855302e-09]]), 2.03761709183116), (4.711502920910384e-05, array([[-2.22586669e-06],
       [ 1.30948352e-07],
       [ 5.62158309e-09]]), 2.0209727369062227), (4.344844226247881e-05, array([[-2.12248278e-06],
       [ 3.14877072e-08],
       [-2.79072955e-08]]), 2.0796790633575344), (3.886234320110937e-05, array([[-1.83214658e-06],
       [ 5.96713252e-08],
       [ 2.62611774e-08]]), 2.0526987916775186), (3.559091105555796e-05, array([[-1.44713222e-06],
       [-1.28730572e-07],
       [ 1.80929128e-08]]), 2.046316950700811), (3.25212624450713e-05, array([[-1.09757917e-06],
       [ 3.86145976e-08],
       [ 2.75024984e-09]]), 2.060526717605649), (2.9292181793743125e-05, array([[-7.53867640e-07],
       [-1.90291327e-08],
       [-5.23243074e-09]]), 2.0760241831261665), (2.5514893879127936e-05, array([[-4.70034026e-07],
       [-3.53133875e-08],
       [ 5.39939890e-09]]), 2.0610269113286073), (2.2027127695395864e-05, array([[-3.44109395e-07],
       [-3.17669208e-08],
       [ 1.75077244e-09]]), 2.0780700103199163), (1.9354310136524543e-05, array([[-1.10033393e-07],
       [-1.93272459e-08],
       [ 4.30558994e-09]]), 2.2050615340370254), (1.757282217314175e-05, array([[-3.57525915e-08],
       [-2.77959893e-08],
       [ 1.20155912e-09]]), 2.237945587626389), (2.2235459529851108e-05, array([[-1.33861547e-07],
       [-3.40512895e-08],
       [ 9.40898549e-10]]), 2.29387844858859), (2.313165518530252e-05, array([[-2.43632503e-07],
       [ 5.60263515e-08],
       [-4.53228091e-09]]), 2.012229097438801), (2.707757005070239e-05, array([[-4.90969345e-07],
       [-9.60494500e-08],
       [ 5.31136439e-09]]), 2.043374878216731), (2.859725480686023e-05, array([[-7.12000550e-07],
       [ 6.96794725e-08],
       [-5.48014334e-09]]), 1.912361476326993), (3.1217484590448284e-05, array([[-1.00222678e-06],
       [ 5.70857001e-08],
       [-2.21657654e-08]]), 1.8810039981155433), (3.641887105467054e-05, array([[-1.20308745e-06],
       [ 2.74843456e-08],
       [ 7.55215021e-09]]), 2.0041597452050004), (3.751812133122071e-05, array([[-1.50518958e-06],
       [-2.62868610e-08],
       [ 5.96151332e-09]]), 1.9069968923594545), (4.229186473294049e-05, array([[-1.55324959e-06],
       [ 8.05745142e-09],
       [-2.55334275e-08]]), 1.9124817080374614), (4.8515307113374335e-05, array([[-1.74777069e-06],
       [ 4.48220216e-08],
       [ 1.36684722e-08]]), 1.9811051423577113), (5.430555350702569e-05, array([[-1.79331481e-06],
       [ 2.73784982e-09],
       [ 4.83767023e-08]]), 2.0289149989253903), (5.8795985620214e-05, array([[-1.92817455e-06],
       [-1.51063588e-07],
       [ 4.77691635e-09]]), 2.032014071915297), (6.395720866062397e-05, array([[-1.73904700e-06],
       [ 1.09709157e-07],
       [-7.27777745e-08]]), 2.0639784386472932), (6.956758278229106e-05, array([[-2.03308396e-06],
       [-1.11417895e-07],
       [ 3.16993062e-08]]), 2.1135474439709148), (7.389406673936605e-05, array([[-2.26596179e-06],
       [-1.13306099e-07],
       [ 5.67259670e-08]]), 2.1288813953727956), (7.91612063062883e-05, array([[-1.73857612e-06],
       [-1.84895284e-07],
       [ 3.25264198e-08]]), 2.176808937202773), (8.477237465736101e-05, array([[-1.33400119e-06],
       [-2.12037256e-07],
       [ 2.81863151e-08]]), 2.2382314851145653), (8.667507126272515e-05, array([[-1.18613203e-06],
       [-4.73268298e-08],
       [-7.51641131e-09]]), 2.209339978467825), (9.045217589802882e-05, array([[-1.09693670e-06],
       [ 3.02665020e-07],
       [ 5.40140332e-09]]), 2.2372689425353087), (9.401058911133957e-05, array([[-1.44483599e-06],
       [-2.21713840e-08],
       [-4.91185673e-09]]), 2.2672026428201413), (9.76896806334709e-05, array([[-1.27490597e-06],
       [-3.61730292e-08],
       [ 3.07377642e-08]]), 2.3075822071339833), (0.00010018119966152407, array([[-7.81365637e-07],
       [-2.35245849e-08],
       [-5.78439851e-09]]), 2.328035264296374), (0.00010075749032939319, array([[-1.07718978e-07],
       [-1.21765824e-07],
       [ 3.17014167e-09]]), 2.313204993852538), (0.00010317297516806088, array([[ 4.12415600e-08],
       [ 5.69558892e-08],
       [-4.02627893e-09]]), 2.3497986942093143), (0.00010076514353158846, array([[ 1.25477625e-07],
       [-2.00144166e-07],
       [ 9.13168793e-09]]), 2.2859614606082976), (0.00010448541583774316, array([[ 3.69905285e-07],
       [ 1.05383749e-07],
       [-2.30006107e-08]]), 2.3703596842080286), (0.00010234041441007963, array([[-3.16277467e-07],
       [-7.10737283e-08],
       [-1.21705358e-08]]), 2.330836847090265), (9.967902044195812e-05, array([[ 8.17538182e-07],
       [ 6.60825031e-08],
       [-2.57556963e-09]]), 2.288445326643889), (9.811351495884296e-05, array([[ 6.46481236e-07],
       [-3.49011119e-08],
       [ 3.23711519e-09]]), 2.2799859005479717), (9.893802835548833e-05, array([[ 1.35744982e-06],
       [-1.24459466e-07],
       [-2.10214766e-08]]), 2.3370701220597354), (9.340680732990099e-05, array([[ 1.04619748e-06],
       [-1.47708843e-07],
       [-3.21193089e-08]]), 2.2526415634406356), (9.05931680392008e-05, array([[1.29905826e-06],
       [1.07051328e-07],
       [1.60735429e-08]]), 2.2407562808492183), (8.819851201247837e-05, array([[1.70040931e-06],
       [3.21733467e-08],
       [2.81270499e-08]]), 2.2481723498085353), (8.307733495552122e-05, array([[1.73949118e-06],
       [1.41231211e-07],
       [5.16142665e-08]]), 2.193477622261112), (7.974136705980012e-05, array([[ 1.66055616e-06],
       [ 7.56905530e-08],
       [-2.76879094e-08]]), 2.192762447415494), (7.343957547279167e-05, array([[1.81309228e-06],
       [6.75498707e-08],
       [3.04176540e-09]]), 2.1157875429910837), (6.884847406121112e-05, array([[1.90952375e-06],
       [1.21209624e-08],
       [1.72524249e-08]]), 2.0917000498458065), (6.446832973071587e-05, array([[ 2.01582643e-06],
       [-6.02515906e-08],
       [-1.39996196e-08]]), 2.080472949435058), (5.907949892838487e-05, array([[2.02100995e-06],
       [1.13063187e-07],
       [2.65582244e-08]]), 2.041812411473709), (5.3938315211437577e-05, array([[ 2.01818177e-06],
       [-2.55220762e-08],
       [ 1.56254279e-08]]), 2.0151945737021744), (4.949539472564521e-05, array([[ 1.71581561e-06],
       [-2.18824685e-09],
       [ 5.89139105e-08]]), 2.021126668019569), (4.3624659879606044e-05, array([[ 1.78540222e-06],
       [-8.85065146e-09],
       [-3.91018430e-08]]), 1.9727520781111116), (3.806484272364335e-05, array([[ 1.60052436e-06],
       [ 9.33760722e-09],
       [-5.65427562e-08]]), 1.9347860235670684), (3.489278827883057e-05, array([[ 1.21372447e-06],
       [-5.70449598e-08],
       [-1.47983490e-08]]), 1.9201781834866842), (3.229639905058792e-05, array([[9.40926523e-07],
       [1.03868060e-07],
       [1.72384760e-08]]), 1.9460137975844038), (2.798116205548664e-05, array([[ 7.69718955e-07],
       [-1.21522218e-07],
       [-2.80114156e-09]]), 1.8711619957639658), (2.613947832234794e-05, array([[4.14336581e-07],
       [3.66660788e-09],
       [2.15443712e-09]]), 1.9725829619704396), (2.3644495484911722e-05, array([[ 2.48745211e-07],
       [-3.77067771e-08],
       [-3.79965591e-10]]), 2.056841217278308), (2.0506583070387775e-05, array([[1.22931245e-07],
       [2.81396226e-08],
       [8.17329359e-09]]), 2.115522231335197), (1.7976864730706882e-05, array([[1.54754206e-08],
       [2.51457749e-08],
       [8.79436047e-10]]), 2.289401480709868), (1.9731424066183256e-05, array([[ 9.92588709e-08],
       [ 2.37366230e-08],
       [-8.51556517e-10]]), 2.2480266107757028), (2.4552878323585793e-05, array([[2.24744500e-07],
       [1.14486565e-07],
       [2.69411431e-09]]), 2.3163528543915635), (2.682830950880096e-05, array([[5.04131758e-07],
       [1.17206024e-08],
       [7.42119905e-09]]), 2.1671212173186563), (2.899495255625188e-05, array([[ 7.54848108e-07],
       [ 1.00515735e-07],
       [-3.36052800e-10]]), 2.0549586616396183), (3.338496710033226e-05, array([[ 1.09124200e-06],
       [ 6.15043978e-08],
       [-9.72882898e-09]]), 2.115250500893321), (3.5390463832630045e-05, array([[1.41798397e-06],
       [8.39674469e-08],
       [9.96519587e-10]]), 2.03479213894879), (3.839880576701882e-05, array([[ 1.62353913e-06],
       [-1.38380873e-07],
       [-4.51285012e-08]]), 2.0282148657873313), (4.151702778281399e-05, array([[ 2.00000327e-06],
       [-3.35825694e-08],
       [ 2.66825389e-08]]), 1.9872310480349409), (4.781689365564082e-05, array([[ 2.25637257e-06],
       [-7.40336386e-08],
       [-1.54265636e-08]]), 2.051078818453148), (5.166282077018648e-05, array([[ 2.17093660e-06],
       [-3.27064837e-09],
       [-3.76844453e-09]]), 2.014905481866992), (5.674247746984321e-05, array([[ 2.29259656e-06],
       [-8.01474463e-08],
       [-4.42327693e-08]]), 2.036382634642471), (6.175870263651414e-05, array([[ 2.11075297e-06],
       [ 4.61577271e-08],
       [-2.61924317e-08]]), 2.0602593085627117), (6.535759628482239e-05, array([[ 2.02579314e-06],
       [-2.95590895e-08],
       [-1.66664203e-09]]), 2.044513751640546), (7.167076578820567e-05, array([[ 2.22407874e-06],
       [ 2.77238511e-08],
       [-8.56788104e-08]]), 2.1185745729066507), (7.67200321426766e-05, array([[ 2.42506772e-06],
       [-5.37390205e-08],
       [ 1.08162927e-08]]), 2.157730234844914), (7.97153883396561e-05, array([[ 2.63434029e-06],
       [ 9.45612830e-08],
       [-3.54274496e-08]]), 2.1464116223072613), (8.413995645519243e-05, array([[ 2.05901194e-06],
       [ 1.32559008e-07],
       [-1.76788002e-11]]), 2.1813525380976886), (8.752910483803298e-05, array([[2.00146085e-06],
       [1.31810226e-08],
       [4.97058008e-08]]), 2.196435140614057), (9.127433189980116e-05, array([[1.80325547e-06],
       [1.92748265e-08],
       [6.65440092e-09]]), 2.2279302709411466), (9.460414032638454e-05, array([[ 1.60833340e-06],
       [ 4.46327715e-08],
       [-4.91210388e-09]]), 2.2567275383302667), (9.438795318278684e-05, array([[ 9.51494136e-07],
       [ 7.28057412e-08],
       [-6.67416672e-09]]), 2.2102390292715475), (0.00010122789151988897, array([[ 1.04650381e-06],
       [-1.01674728e-07],
       [-2.80070616e-09]]), 2.336918448258814), (0.00010220620013970703, array([[ 6.25639479e-07],
       [ 8.04037150e-08],
       [-1.96789134e-11]]), 2.3359084098496345), (0.0001019750232440307, array([[-1.60621832e-07],
       [-9.76766862e-08],
       [-2.60551579e-08]]), 2.316785953090178), (0.00010104446337875276, array([[ 1.15541203e-07],
       [-1.73821902e-07],
       [ 5.09833901e-10]]), 2.2912653105386265)]