[(0.00010143915905725297, array([[ 1.68150944e-07],
       [-7.91368609e-08],
       [-8.96394409e-09]]), 2.3002153557576026), (0.00010396807850271834, array([[-1.20479456e-07],
       [-1.63181469e-07],
       [-1.71384436e-08]]), 2.3620664764984465), (0.00010400694199105115, array([[-4.73495228e-07],
       [-2.18714481e-07],
       [ 9.74463970e-09]]), 2.3770641130141508), (9.798699930469906e-05, array([[-6.48625675e-07],
       [-2.86555293e-08],
       [-1.34061437e-08]]), 2.262100128003594), (9.672060873380506e-05, array([[-1.28697480e-06],
       [ 3.44506489e-09],
       [ 7.94511434e-09]]), 2.2648617450615913), (9.36626540574054e-05, array([[-1.14825090e-06],
       [ 3.37395730e-07],
       [-4.52331413e-09]]), 2.2342689230642225), (8.924471990150951e-05, array([[-1.84976394e-06],
       [-6.75508421e-08],
       [ 1.99104765e-08]]), 2.178389135825272), (8.858275008821178e-05, array([[-1.74566607e-06],
       [-1.00047718e-07],
       [ 5.63868854e-10]]), 2.222875071166483), (8.605313101449572e-05, array([[-2.17512607e-06],
       [ 1.33366193e-07],
       [ 2.74397514e-08]]), 2.2309521380568644), (8.178167473392125e-05, array([[-2.20598307e-06],
       [ 2.05329931e-08],
       [ 3.84806570e-08]]), 2.2020483221219656), (7.65113178274092e-05, array([[-2.00680966e-06],
       [ 1.67209758e-07],
       [-5.92661725e-09]]), 2.151860200957807), (7.215861121565854e-05, array([[-2.12849709e-06],
       [ 8.66758312e-08],
       [ 3.21430594e-08]]), 2.1329951934587537), (6.690113377520085e-05, array([[-2.48019548e-06],
       [ 8.55805294e-08],
       [-1.36442469e-08]]), 2.0927986305932373), (6.296113664192244e-05, array([[-2.50525316e-06],
       [-1.89766459e-07],
       [-3.68572337e-09]]), 2.1003722925927555), (5.608270031477858e-05, array([[-2.33013037e-06],
       [-1.79510887e-08],
       [-2.52512537e-09]]), 2.0127044520671435), (5.2389298011231526e-05, array([[-2.20110690e-06],
       [-3.26467571e-08],
       [ 2.90338710e-08]]), 2.043238874306878), (4.8069392318067196e-05, array([[-2.17329214e-06],
       [ 6.31781831e-08],
       [ 3.16103986e-08]]), 2.061909606875335), (4.249819763839308e-05, array([[-2.03120492e-06],
       [-6.43587076e-08],
       [-2.21246497e-08]]), 2.034195180694018), (3.742350932443633e-05, array([[-1.71927073e-06],
       [ 7.41142168e-08],
       [-1.96297234e-08]]), 1.9766999630740203), (3.5669206457067534e-05, array([[-1.43814960e-06],
       [ 9.75927287e-08],
       [ 2.41114538e-09]]), 2.0508185833513735), (3.1852211000240025e-05, array([[-1.01896102e-06],
       [ 2.97205570e-08],
       [ 1.18231514e-08]]), 2.018136039203912), (3.0876425450937644e-05, array([[-8.31991268e-07],
       [-2.56452511e-08],
       [ 7.06538791e-09]]), 2.1883042504649057), (2.595941128793894e-05, array([[-5.05700570e-07],
       [-1.01725479e-07],
       [ 4.41009162e-09]]), 2.096933874001221), (2.3303414388077096e-05, array([[-2.64440663e-07],
       [-1.25692391e-07],
       [-7.42015813e-09]]), 2.198476680554348), (2.0695125802268204e-05, array([[-6.59444173e-08],
       [ 1.43024756e-08],
       [-2.78284924e-09]]), 2.3578223933965163), (1.850873551916308e-05, array([[-4.38463289e-08],
       [ 7.76184314e-08],
       [ 1.60512385e-09]]), 2.3571366385852017), (2.1663393295761067e-05, array([[-1.42924386e-07],
       [ 1.96640134e-08],
       [-3.52938922e-10]]), 2.2348623349893773), (2.405911575540742e-05, array([[-2.56392322e-07],
       [-4.08944257e-08],
       [-5.46141164e-09]]), 2.092909149555351), (2.5535554027874632e-05, array([[-4.53743526e-07],
       [ 1.08410106e-07],
       [ 1.25495297e-08]]), 1.9270085721946664), (3.0298061278098454e-05, array([[-6.78073695e-07],
       [-2.88726399e-08],
       [ 1.25086685e-08]]), 2.0260981547687074), (3.092354622958308e-05, array([[-9.70796299e-07],
       [-4.51339012e-08],
       [-1.05100998e-09]]), 1.863292794306504), (3.480674865274778e-05, array([[-1.25295055e-06],
       [-1.97232014e-08],
       [ 1.61682375e-08]]), 1.91544335371042), (3.677146221979179e-05, array([[-1.62474085e-06],
       [-2.30706759e-08],
       [-2.52090746e-08]]), 1.8690451891657787), (4.309128729726195e-05, array([[-1.69797449e-06],
       [-3.13349630e-08],
       [-8.58138931e-10]]), 1.9486324202586316), (4.860091541718024e-05, array([[-1.76652861e-06],
       [-8.55600692e-09],
       [-1.10907755e-08]]), 1.9846009266985596), (5.46320617715141e-05, array([[-1.89578491e-06],
       [-4.99953761e-08],
       [ 2.93823577e-08]]), 2.041113705545845), (6.038060157094524e-05, array([[-2.14747141e-06],
       [-1.33526099e-07],
       [ 1.16551059e-09]]), 2.086779067798966), (6.488236308167076e-05, array([[-1.88605791e-06],
       [ 1.00301273e-08],
       [ 5.53914932e-10]]), 2.093834319125007), (7.090589754331212e-05, array([[-2.15347751e-06],
       [-1.67583448e-07],
       [ 1.86204225e-08]]), 2.154207067739022), (7.528301493875712e-05, array([[-1.58159530e-06],
       [ 7.73103380e-08],
       [ 1.65535684e-08]]), 2.1688968676738343), (7.953331170400207e-05, array([[-1.58289515e-06],
       [-2.95692351e-08],
       [-1.48831183e-08]]), 2.1870412516547617), (8.476705193362848e-05, array([[-1.98838338e-06],
       [-8.28068208e-08],
       [ 4.04440816e-08]]), 2.2380909500889405), (8.632951218200729e-05, array([[-1.89268839e-06],
       [-1.67457966e-07],
       [ 6.96867248e-09]]), 2.2005317077524955), (9.025641531835944e-05, array([[-1.56966769e-06],
       [ 9.06640178e-08],
       [-2.48669213e-08]]), 2.2324269466328475), (9.476780334576615e-05, array([[-1.08305320e-06],
       [ 6.91672794e-08],
       [-1.00033274e-08]]), 2.285463969865329), (9.694446458660413e-05, array([[-1.34167119e-06],
       [-1.25353404e-07],
       [ 4.65467908e-08]]), 2.289979044967116), (9.869413010624988e-05, array([[-9.65353663e-07],
       [ 2.62124008e-07],
       [-8.87001547e-09]]), 2.2934783776066907), (0.00010133426699818526, array([[-6.96126244e-07],
       [-1.34087230e-08],
       [-1.93514012e-08]]), 2.3264467157952513), (0.0001030890319450286, array([[-5.20268018e-07],
       [-6.60770589e-08],
       [ 1.26891993e-08]]), 2.347886859491476), (0.00010352426455511206, array([[4.07172965e-08],
       [1.59319065e-07],
       [1.41954679e-08]]), 2.3485549736414213), (0.00010416753584052021, array([[3.44520317e-07],
       [6.47930457e-09],
       [7.01438056e-09]]), 2.36314824781959), (0.0001030388688093712, array([[1.00136936e-07],
       [1.52487664e-07],
       [3.31973231e-09]]), 2.346744377456106), (9.836081892219369e-05, array([[7.31202799e-07],
       [3.52084493e-08],
       [8.75005324e-09]]), 2.25818186604702), (9.80750072644059e-05, array([[ 9.99757534e-07],
       [-1.50336707e-07],
       [ 2.36804869e-09]]), 2.2790910493094247), (9.725606037157893e-05, array([[ 9.44430368e-07],
       [-2.39482797e-07],
       [-4.57362789e-08]]), 2.2973394220771977), (9.454017668521686e-05, array([[1.34782339e-06],
       [3.98571660e-08],
       [3.16753329e-08]]), 2.279974420536343), (9.129080210995535e-05, array([[1.38166823e-06],
       [1.11712831e-07],
       [1.20712955e-08]]), 2.2580117534153312), (8.838728316535219e-05, array([[1.74170015e-06],
       [1.14033823e-07],
       [5.12731797e-09]]), 2.25298410996921), (8.147275646349496e-05, array([[ 1.58648398e-06],
       [-9.80949776e-08],
       [-3.16826984e-08]]), 2.1511121922999146), (7.92011454412595e-05, array([[ 1.72519596e-06],
       [ 3.68351272e-08],
       [-4.23690524e-08]]), 2.1779072007336864), (7.349076573376012e-05, array([[1.84311682e-06],
       [8.54222551e-08],
       [2.33441081e-08]]), 2.1172623297907385), (7.14957835715811e-05, array([[ 1.94045591e-06],
       [-8.30943753e-08],
       [-3.44915688e-08]]), 2.1721285199071048), (6.309663421953332e-05, array([[ 2.04227776e-06],
       [-4.21849445e-08],
       [-2.05332543e-08]]), 2.0362066342102487), (5.945550279533546e-05, array([[ 1.85185142e-06],
       [-1.57539216e-08],
       [ 1.27122127e-08]]), 2.0548072637698067), (5.44275787314654e-05, array([[ 1.91728268e-06],
       [-3.99465509e-09],
       [-2.18234465e-08]]), 2.033473995052388), (4.825361364624902e-05, array([[ 1.77946222e-06],
       [-2.91698373e-08],
       [-1.59659120e-08]]), 1.9704189836113195), (4.210190228129546e-05, array([[ 1.74774379e-06],
       [-2.03507883e-08],
       [ 1.97548580e-08]]), 1.9038914102040814), (3.764689680650291e-05, array([[ 1.55862443e-06],
       [-2.91893647e-08],
       [-3.07611410e-08]]), 1.9135423808450676), (3.5991979773348893e-05, array([[ 1.22259608e-06],
       [-1.11452693e-07],
       [-1.10079297e-09]]), 1.9806675748870484), (3.217209969355851e-05, array([[ 1.01568760e-06],
       [ 5.16088205e-08],
       [-1.21920686e-09]]), 1.938524161868942), (3.0187716831104238e-05, array([[ 7.18322226e-07],
       [-5.60489038e-08],
       [ 1.15339176e-08]]), 2.018719178325565), (2.6474111937271095e-05, array([[ 4.05098710e-07],
       [ 4.38092846e-08],
       [-8.18850375e-09]]), 1.9978356682088672), (2.4072770853510827e-05, array([[ 2.14416747e-07],
       [-1.43716160e-07],
       [-1.58990373e-08]]), 2.0940970103250165), (2.1528848040707974e-05, array([[1.08792401e-07],
       [3.85453757e-08],
       [2.74964460e-09]]), 2.220982232331194), (1.774416199011009e-05, array([[ 6.77251111e-09],
       [-2.39222333e-08],
       [-2.00504802e-09]]), 2.2597661684978596), (1.9644723027024086e-05, array([[ 7.43059600e-08],
       [-6.01957292e-08],
       [ 7.55984977e-10]]), 2.2381486494811726), (2.225689014543347e-05, array([[ 2.49983951e-07],
       [ 2.65247655e-08],
       [-2.89739074e-09]]), 2.099746120956014), (2.5808830352041328e-05, array([[4.47206735e-07],
       [7.35655107e-08],
       [5.27514703e-09]]), 2.084770336786912), (2.9863360939106157e-05, array([[ 7.90257870e-07],
       [-9.52926199e-09],
       [ 2.00362625e-08]]), 2.116505350661604), (3.39536002012908e-05, array([[ 1.19252457e-06],
       [-3.49493179e-08],
       [-2.20067321e-09]]), 2.1512787362368604), (3.397370610573031e-05, array([[ 1.24612154e-06],
       [-9.26517300e-08],
       [ 1.94790026e-08]]), 1.9533349560442652), (3.830332482370321e-05, array([[ 1.69376572e-06],
       [-1.29144686e-08],
       [ 7.93582519e-10]]), 2.0231715873633327), (4.3013087754230846e-05, array([[ 2.06373984e-06],
       [ 6.66427678e-08],
       [-1.77602399e-08]]), 2.05884062568762), (4.7673463781418776e-05, array([[ 2.17226642e-06],
       [-4.64357106e-08],
       [-1.29400913e-08]]), 2.0449264744914335), (5.184661365471671e-05, array([[ 2.21903623e-06],
       [ 1.51236633e-08],
       [-4.60354373e-08]]), 2.0220736017072816), (5.8423102707554104e-05, array([[ 2.14417907e-06],
       [ 1.42484374e-07],
       [-2.18883931e-08]]), 2.0966971679871818), (6.261621229112119e-05, array([[2.42406184e-06],
       [8.55139922e-08],
       [9.58567143e-09]]), 2.088865677749004), (6.721982234654087e-05, array([[ 2.29909712e-06],
       [-1.31412928e-07],
       [-1.07511755e-08]]), 2.1027678339243376), (7.18716806510278e-05, array([[ 2.23124413e-06],
       [-2.41741957e-09],
       [-3.85052037e-08]]), 2.1245135790692444), (7.49037128179084e-05, array([[ 2.25466592e-06],
       [ 2.79917038e-09],
       [-1.26569504e-08]]), 2.106646743170966), (8.0924691362456e-05, array([[ 1.91180665e-06],
       [-3.20603911e-08],
       [-8.09992046e-11]]), 2.178973240798904), (8.545168383573766e-05, array([[1.53418836e-06],
       [9.31126152e-08],
       [2.04580051e-08]]), 2.215359447197628), (8.799809027155665e-05, array([[ 1.99990531e-06],
       [-1.33219271e-07],
       [-2.68309031e-09]]), 2.2082037527635086), (9.285625738952207e-05, array([[ 1.51308266e-06],
       [ 2.53910904e-07],
       [-2.77077535e-08]]), 2.266543751988498), (9.405127785276987e-05, array([[ 1.32036614e-06],
       [ 1.90370002e-07],
       [-1.84560056e-08]]), 2.2435393209350107), (9.606257102377147e-05, array([[ 1.26560224e-06],
       [-1.42251012e-07],
       [ 1.56171229e-08]]), 2.2494527804595927), (9.970332749400228e-05, array([[ 7.16441054e-07],
       [ 1.97365429e-08],
       [-8.39755333e-09]]), 2.3017227947274317), (0.00010010800096918948, array([[ 4.45052524e-07],
       [-1.69827232e-07],
       [-1.37305181e-08]]), 2.2879543612571625), (0.00010414511292660784, array([[ 2.73472625e-07],
       [-2.49775403e-08],
       [ 5.84948071e-09]]), 2.3660885483100818), (0.00010408580663311354, array([[-4.42517233e-08],
       [ 2.55516592e-07],
       [-6.24222722e-09]]), 2.3602302400670943)]