[(0.00010150672084974943, array([[-4.45496813e-07],
       [ 1.74395129e-08],
       [ 9.53416801e-09]]), 2.301747374299625), (0.00010079363312520708, array([[-5.54439807e-07],
       [-6.03766389e-08],
       [-7.69976320e-09]]), 2.289945772570089), (9.881907169122342e-05, array([[-5.62249075e-07],
       [ 7.68615413e-08],
       [ 3.12131864e-08]]), 2.2584960628761754), (0.00010005282019080194, array([[-3.73243521e-07],
       [ 1.10023480e-07],
       [ 6.19450775e-09]]), 2.3097910841921236), (9.581303918184893e-05, array([[-6.61343463e-07],
       [ 1.80534665e-07],
       [ 3.52173245e-08]]), 2.243609608768019), (9.53364011563009e-05, array([[-1.27670707e-06],
       [ 1.30067818e-07],
       [-2.41334752e-08]]), 2.274195200680049), (8.990938036307933e-05, array([[-1.65046249e-06],
       [-5.68127589e-08],
       [ 2.50612551e-08]]), 2.1946129430162653), (8.85536790283894e-05, array([[-1.65182816e-06],
       [ 1.42505254e-07],
       [ 1.97316189e-08]]), 2.222145568705708), (8.452388415160805e-05, array([[-1.85688727e-06],
       [-8.09991436e-08],
       [-6.14738516e-09]]), 2.191305973900428), (8.123669572657885e-05, array([[-2.28583642e-06],
       [ 1.16038064e-07],
       [ 1.17926048e-08]]), 2.1873742510343472), (7.831576272566646e-05, array([[-2.27501099e-06],
       [-2.29082829e-08],
       [-4.50080438e-08]]), 2.2026097275852274), (7.0517767994603e-05, array([[-2.12772996e-06],
       [ 1.75317581e-07],
       [-1.26124768e-08]]), 2.0844921715079745), (6.751755904157362e-05, array([[-2.27439087e-06],
       [-2.20349176e-09],
       [ 1.81594659e-08]]), 2.1120816214863787), (6.176568721131826e-05, array([[-2.24076949e-06],
       [-6.39733009e-08],
       [-7.64450401e-10]]), 2.060492312732847), (5.71200014974067e-05, array([[-2.24059137e-06],
       [ 8.97308553e-08],
       [-3.99481395e-08]]), 2.0499312741832667), (5.229443631553923e-05, array([[-2.18204638e-06],
       [ 5.05164737e-08],
       [ 7.46640419e-09]]), 2.0395391663191975), (4.8330763599087335e-05, array([[-2.07053053e-06],
       [-6.93414919e-08],
       [-5.33070351e-09]]), 2.073120981292776), (4.326261484773486e-05, array([[-2.17544476e-06],
       [ 1.59804128e-07],
       [-9.69214208e-09]]), 2.070784351286934), (3.8570475411105175e-05, array([[-1.76610135e-06],
       [ 3.53387731e-08],
       [ 1.15415664e-08]]), 2.0372824114358323), (3.577485425528906e-05, array([[-1.30002048e-06],
       [-5.51626027e-08],
       [ 2.02850527e-10]]), 2.0568928555150574), (3.2570764157039574e-05, array([[-1.09483384e-06],
       [-3.62479800e-08],
       [ 1.72058647e-08]]), 2.063663114916489), (2.9882766045355882e-05, array([[-7.86410762e-07],
       [-9.82492748e-08],
       [-4.25359381e-09]]), 2.117880648348004), (2.709356982564351e-05, array([[-4.63037549e-07],
       [-1.74420980e-08],
       [-3.25052743e-09]]), 2.1885482573098813), (2.3126521892808306e-05, array([[-2.69422275e-07],
       [ 1.48418499e-08],
       [-1.52039135e-10]]), 2.1817883953384065), (1.9807181003373306e-05, array([[-6.19722762e-08],
       [-4.48847661e-08],
       [ 1.70707103e-09]]), 2.2566576964075815), (1.7050838502824263e-05, array([[-1.39236077e-08],
       [ 4.03618445e-08],
       [-7.75573810e-10]]), 2.1714695805120923), (2.2046953058756133e-05, array([[-7.25659600e-08],
       [ 7.49712531e-09],
       [-2.61296861e-09]]), 2.274431540784245), (2.4249737979381968e-05, array([[-2.54519340e-07],
       [-7.58628790e-08],
       [ 2.43731433e-09]]), 2.1094914296657596), (2.679850031143162e-05, array([[-4.71003337e-07],
       [ 2.67519060e-08],
       [-1.17232435e-08]]), 2.0223152301970377), (2.8656942145896866e-05, array([[-7.14606646e-07],
       [-3.75856035e-08],
       [-8.52238753e-09]]), 1.9163529002790132), (3.1784201494836217e-05, array([[-9.62761882e-07],
       [ 4.45089312e-08],
       [-2.11393391e-09]]), 1.91515142469198), (3.4989347307856695e-05, array([[-1.27628165e-06],
       [-2.36022922e-08],
       [ 1.51291042e-08]]), 1.9254919044617187), (3.830855224225811e-05, array([[-1.55724900e-06],
       [-1.28086873e-07],
       [ 3.74438330e-08]]), 1.9471734587089757), (4.335690612127096e-05, array([[-1.78452346e-06],
       [ 1.74344356e-08],
       [-5.51600405e-10]]), 1.960643977219656), (4.959829033509691e-05, array([[-1.63262129e-06],
       [ 2.84551066e-08],
       [ 2.27420651e-08]]), 2.0253283732779637), (5.342411341624162e-05, array([[-1.73152378e-06],
       [ 2.49445727e-08],
       [-1.86021930e-08]]), 1.9959834310588622), (6.0287530261700665e-05, array([[-1.81007021e-06],
       [ 9.40829711e-08],
       [ 1.57224840e-08]]), 2.08356248408017), (6.49506221670008e-05, array([[-2.25646494e-06],
       [ 5.26954503e-08],
       [ 1.17358267e-08]]), 2.096037124458657), (7.028037071998609e-05, array([[-2.00662991e-06],
       [ 5.67584054e-08],
       [-2.78111044e-08]]), 2.135202805039348), (7.38924929714966e-05, array([[-2.02959118e-06],
       [ 2.59209564e-07],
       [-2.20511278e-08]]), 2.128836055262476), (7.91486355227968e-05, array([[-2.10145572e-06],
       [ 1.81082624e-07],
       [ 1.81913159e-08]]), 2.176463260385443), (8.428772350286954e-05, array([[-1.97860808e-06],
       [ 7.72908917e-08],
       [-2.22965331e-08]]), 2.2254353179945054), (8.59623585085539e-05, array([[-1.60505671e-06],
       [-1.90535183e-08],
       [ 7.53032059e-10]]), 2.191172992758848), (9.254448986653608e-05, array([[-1.45403749e-06],
       [ 7.71212651e-08],
       [-9.53222157e-09]]), 2.2890208104511376), (9.567469825703573e-05, array([[-1.19956168e-06],
       [-1.18401523e-07],
       [ 2.02092241e-08]]), 2.307335065015636), (9.396775669570095e-05, array([[-7.94433026e-07],
       [ 1.07701993e-07],
       [-1.40550589e-09]]), 2.219664574489361), (9.918087863078341e-05, array([[-1.40114158e-06],
       [ 1.56970348e-07],
       [-5.02304850e-08]]), 2.304789559083723), (0.0001003269164339896, array([[-7.30709439e-07],
       [ 9.06626989e-09],
       [-4.38518602e-09]]), 2.303319816266098), (0.0001010221466005486, array([[-2.34545288e-07],
       [ 1.84943098e-07],
       [-1.10250234e-08]]), 2.300812860940711), (0.00010368041149047243, array([[ 1.55000958e-07],
       [-1.01340991e-07],
       [-1.47266462e-08]]), 2.352097328308083), (0.00010295954481801365, array([[2.47381941e-07],
       [1.64055616e-07],
       [7.75974092e-09]]), 2.3357437225499447), (0.0001024145100276746, array([[ 7.84299608e-07],
       [ 3.08737658e-08],
       [-6.79944289e-09]]), 2.332524399331418), (0.00010229973211638233, array([[ 5.62245990e-07],
       [-1.07007668e-07],
       [-1.99268715e-08]]), 2.3486120032146065), (0.00010064548848573001, array([[ 1.06017795e-06],
       [-1.38996035e-07],
       [-3.22385861e-08]]), 2.33882452175408), (9.680782030866913e-05, array([[ 1.45630631e-06],
       [ 1.03553558e-07],
       [-1.39640430e-08]]), 2.286751294580127), (9.213088928183491e-05, array([[ 1.36818343e-06],
       [-1.46592931e-07],
       [-1.02463364e-08]]), 2.221870936451251), (9.043619635772075e-05, array([[ 1.36748635e-06],
       [-9.38874353e-08],
       [-4.73577542e-08]]), 2.2368737001998733), (8.87191719217637e-05, array([[1.79791537e-06],
       [5.34240770e-08],
       [1.43103617e-08]]), 2.2614439253147474), (8.150823223650456e-05, array([[ 1.95037883e-06],
       [-3.08144975e-07],
       [-5.24544573e-08]]), 2.152048853475561), (7.913386009043667e-05, array([[ 2.06702321e-06],
       [-6.71599444e-08],
       [-1.54012880e-08]]), 2.1760569591842174), (7.545096008417272e-05, array([[ 1.80456142e-06],
       [ 8.63219656e-08],
       [-1.51676023e-09]]), 2.1737353521597336), (6.949703835209825e-05, array([[ 2.57286313e-06],
       [-8.28714952e-08],
       [-1.90433957e-08]]), 2.111404218719189), (6.471087316207806e-05, array([[ 1.82525116e-06],
       [ 7.79344311e-08],
       [-5.01050919e-09]]), 2.088300126750182), (5.956722959844765e-05, array([[1.75027190e-06],
       [4.05660843e-08],
       [1.25185419e-08]]), 2.058668589228326), (5.363263888479834e-05, array([[ 1.99976650e-06],
       [-8.67051874e-08],
       [-3.82297836e-09]]), 2.003774171111958), (4.9825105714620094e-05, array([[ 1.92874656e-06],
       [-7.51913621e-08],
       [ 1.39335484e-09]]), 2.034590297843112), (4.284398199429325e-05, array([[1.73887570e-06],
       [7.47153821e-08],
       [1.07144663e-08]]), 1.9374490195924552), (3.81837923519318e-05, array([[1.69447292e-06],
       [7.01839455e-08],
       [2.14284661e-08]]), 1.940832077139176), (3.6108028304899264e-05, array([[1.31105031e-06],
       [3.87892549e-09],
       [8.92128435e-09]]), 1.9870538188503573), (3.306172866619449e-05, array([[ 9.45387014e-07],
       [-5.03166229e-09],
       [ 8.63288601e-09]]), 1.9921285978547838), (2.931475311965103e-05, array([[ 5.57142699e-07],
       [-1.29808120e-07],
       [ 3.64272730e-09]]), 1.9603421703473705), (2.6620724743050667e-05, array([[ 4.38679872e-07],
       [ 4.30112579e-09],
       [-1.17223163e-08]]), 2.008899619796616), (2.3814459239255605e-05, array([[2.53061101e-07],
       [7.56526082e-08],
       [1.69479276e-09]]), 2.071626411388326), (1.9695777851304493e-05, array([[ 8.5457671e-08],
       [-6.3482877e-08],
       [ 6.5329454e-09]]), 2.031877069176016), (1.8294009812294065e-05, array([[ 1.09508870e-08],
       [ 7.39717599e-08],
       [-2.41190237e-09]]), 2.3297907493761287), (2.0136644372123132e-05, array([[ 6.81993950e-08],
       [-7.91994154e-08],
       [-2.95221317e-09]]), 2.2941938832403768), (2.278155346061968e-05, array([[ 2.58163503e-07],
       [ 2.28724547e-08],
       [-5.36312379e-09]]), 2.1492435913425587), (2.6640688573153854e-05, array([[ 4.39061875e-07],
       [ 3.25352189e-09],
       [-2.84973291e-10]]), 2.15196568505075), (3.0003104056890858e-05, array([[ 8.48593142e-07],
       [-4.77288750e-08],
       [ 5.85968863e-09]]), 2.1264093617041833), (3.2334631278669596e-05, array([[9.16389531e-07],
       [3.00837538e-08],
       [1.36441916e-08]]), 2.0487018843797515), (3.5400541804935694e-05, array([[ 1.33089961e-06],
       [-2.66423704e-08],
       [-2.37905091e-08]]), 2.0353715769273673), (3.886219754754348e-05, array([[ 1.71718652e-06],
       [-2.00351008e-09],
       [ 4.70683900e-09]]), 2.052691098294307), (4.315037393750117e-05, array([[ 2.16347798e-06],
       [-9.42804769e-09],
       [-1.94388760e-08]]), 2.065411890068302), (4.688071771712144e-05, array([[ 2.07403410e-06],
       [-3.60208650e-08],
       [-4.58017507e-09]]), 2.0109220769535656), (5.416803998728936e-05, array([[ 2.41915521e-06],
       [-9.21643488e-08],
       [ 1.25469397e-08]]), 2.11261172125863), (5.704800404648646e-05, array([[ 2.30088529e-06],
       [-1.46439654e-07],
       [ 4.57601430e-09]]), 2.0473474187485006), (6.193851872113349e-05, array([[ 2.18265236e-06],
       [-1.19077309e-07],
       [ 3.58850397e-08]]), 2.0662579410849444), (6.658116727835143e-05, array([[ 2.30406383e-06],
       [ 6.34851357e-08],
       [-3.45983148e-08]]), 2.082789451246707), (7.042738898716386e-05, array([[ 2.07434923e-06],
       [-4.56245133e-08],
       [-1.94825474e-08]]), 2.0818205847741185), (7.503676402597589e-05, array([[2.11077008e-06],
       [3.48015574e-08],
       [7.34946077e-09]]), 2.1103887725524966), (8.070521253543525e-05, array([[ 1.93754860e-06],
       [ 3.46193012e-08],
       [-4.70849453e-09]]), 2.173063567460044), (8.251950197447063e-05, array([[1.93278656e-06],
       [6.93303812e-08],
       [3.32674110e-09]]), 2.1393417902519056), (8.865958870080836e-05, array([[ 1.69172314e-06],
       [ 5.70295777e-08],
       [-6.04316140e-09]]), 2.2248032415639254), (9.158372800605246e-05, array([[ 1.57091002e-06],
       [-9.78371237e-08],
       [ 5.09338140e-08]]), 2.235482371695884), (9.303989387794835e-05, array([[ 1.06293715e-06],
       [-1.49042574e-07],
       [-1.56852344e-09]]), 2.2194133359629866), (9.833436897938312e-05, array([[ 1.44896415e-06],
       [-1.50689053e-07],
       [ 1.15534384e-08]]), 2.3026504220949437), (9.919844206554504e-05, array([[ 7.98888641e-07],
       [-2.81453837e-08],
       [ 9.23287366e-09]]), 2.290067152647927), (9.999169294271642e-05, array([[ 7.41123299e-07],
       [-5.51418346e-08],
       [ 4.40075478e-09]]), 2.2852961575787156), (0.0001023812718207481, array([[-2.31974462e-07],
       [ 1.08770915e-08],
       [ 4.56926544e-10]]), 2.3260155758552497), (0.00010302540199534384, array([[3.48674207e-07],
       [9.41804651e-08],
       [3.44043148e-09]]), 2.3361847032765364)]