[(0.00010240987396850811, array([[-3.68007318e-07],
       [ 1.55879382e-07],
       [ 3.88915718e-09]]), 2.322227105122281), (0.00010313535015927201, array([[-7.43341704e-08],
       [-1.65071737e-09],
       [ 1.23169826e-08]]), 2.34314759550717), (0.00010153840611512459, array([[-1.91434053e-07],
       [-2.21879260e-08],
       [-3.11193955e-09]]), 2.3206460708140653), (0.00010057283952190047, array([[-9.49417720e-07],
       [-7.85628652e-08],
       [ 4.20543264e-09]]), 2.3217961032639334), (9.68487040944496e-05, array([[-9.67953677e-07],
       [ 1.86001900e-07],
       [ 1.94522718e-08]]), 2.2678612948560124), (9.519185939147735e-05, array([[-9.58883632e-07],
       [-1.07897052e-07],
       [-1.01849430e-08]]), 2.270747239734674), (9.099223866606174e-05, array([[-1.66490857e-06],
       [-2.01423724e-07],
       [-3.28449345e-08]]), 2.221044610519489), (8.814322589153494e-05, array([[-2.05404529e-06],
       [-1.45183797e-07],
       [-1.21083040e-08]]), 2.211845752489941), (8.565180774349448e-05, array([[-2.14697901e-06],
       [-6.29365713e-08],
       [ 1.36305610e-08]]), 2.220547716986568), (8.066875378341502e-05, array([[-2.16741903e-06],
       [ 1.37899530e-07],
       [ 2.91819837e-09]]), 2.1720818813552527), (7.732592818253406e-05, array([[-1.90499661e-06],
       [-1.33740158e-07],
       [ 9.66820464e-09]]), 2.1747708977312628), (7.203366671522343e-05, array([[-2.35408569e-06],
       [-1.59106667e-07],
       [ 1.85007913e-08]]), 2.12930185714882), (6.53248007839378e-05, array([[-2.14673243e-06],
       [ 2.31490364e-09],
       [ 2.68942841e-08]]), 2.0434878440741437), (6.110846495337672e-05, array([[-2.03358744e-06],
       [ 2.97364142e-07],
       [ 1.91885964e-10]]), 2.038567495388674), (5.7166223358832557e-05, array([[-2.13281368e-06],
       [-1.84318297e-07],
       [-9.72773925e-10]]), 2.051590091354204), (5.188837653774885e-05, array([[-2.15991737e-06],
       [ 1.35715958e-07],
       [ 1.55806909e-08]]), 2.023702398987521), (4.6509755374263625e-05, array([[-1.87316328e-06],
       [-8.00724104e-09],
       [ 3.66532923e-08]]), 1.9950098554412485), (4.194391894356578e-05, array([[-2.01509794e-06],
       [ 8.27206707e-08],
       [-1.47248469e-09]]), 2.007664383802988), (3.934358192523559e-05, array([[-1.74660216e-06],
       [ 1.07958243e-07],
       [-6.31014905e-09]]), 2.078117695072261), (3.608337791772898e-05, array([[-1.49502437e-06],
       [-3.57456447e-08],
       [-2.42826393e-08]]), 2.0746315753572544), (3.258827371755228e-05, array([[-9.74626431e-07],
       [-1.05130531e-07],
       [ 9.31310678e-09]]), 2.064772509648963), (2.9187103784480227e-05, array([[-7.17257416e-07],
       [ 9.08651455e-08],
       [-2.09273321e-09]]), 2.0685769915895116), (2.6943051347775372e-05, array([[-4.93358393e-07],
       [-8.51021474e-09],
       [ 1.25501400e-08]]), 2.1763897652930977), (2.3912785737632596e-05, array([[-2.25390440e-07],
       [-4.85529716e-08],
       [ 1.62416673e-09]]), 2.255965625285174), (1.9863413536221925e-05, array([[-6.90622249e-08],
       [ 6.33624987e-08],
       [ 7.64366391e-10]]), 2.263064341453119), (1.6897691780869636e-05, array([[ 1.49799702e-08],
       [-3.73217867e-09],
       [-2.20539078e-09]]), 2.1519659386223084), (1.971704082481146e-05, array([[-1.31640103e-07],
       [ 2.60907835e-08],
       [ 1.00087560e-09]]), 2.0340706229730547), (2.3880780817121428e-05, array([[-2.09347701e-07],
       [-1.20570061e-07],
       [-5.08652386e-09]]), 2.077395743833436), (2.6239260885217045e-05, array([[-4.78520938e-07],
       [-9.26743348e-08],
       [ 1.17569622e-08]]), 1.9801129279854488), (2.913077800563619e-05, array([[-6.89693550e-07],
       [ 2.02185291e-08],
       [ 1.58176673e-08]]), 1.9480393488695396), (3.353176310388265e-05, array([[-9.37994534e-07],
       [-4.61696758e-08],
       [-4.71008242e-09]]), 2.0204504395451934), (3.4504410065942005e-05, array([[-1.22974822e-06],
       [ 1.81428641e-08],
       [-1.88188436e-08]]), 1.8988054182788496), (3.780277574286025e-05, array([[-1.64094143e-06],
       [ 3.82249187e-09],
       [-2.31841028e-08]]), 1.921465502703792), (4.400530520556857e-05, array([[-1.61374359e-06],
       [-8.12062994e-08],
       [ 9.15037251e-11]]), 1.98996525203357), (4.9511397483510706e-05, array([[-1.70943094e-06],
       [ 2.05350997e-08],
       [-2.74660921e-08]]), 2.021780134889834), (5.4332028646191526e-05, array([[-1.70822467e-06],
       [-5.32311334e-08],
       [-2.31386240e-08]]), 2.0299041391418733), (5.8677276413017916e-05, array([[-2.12242064e-06],
       [ 2.58950852e-07],
       [-3.20878524e-08]]), 2.0279114316254225), (6.267444113241225e-05, array([[-2.03764610e-06],
       [-3.20749839e-10],
       [ 6.46778410e-09]]), 2.0225819397150953), (6.816353042310907e-05, array([[-2.07115680e-06],
       [-3.22497324e-08],
       [ 1.77098637e-08]]), 2.0708906323315457), (7.475515526028145e-05, array([[-1.95993035e-06],
       [ 5.20568502e-08],
       [-2.94936317e-08]]), 2.153689277965205), (8.100222190228949e-05, array([[-1.94934429e-06],
       [-5.03246259e-08],
       [ 3.77830674e-08]]), 2.227433976788441), (8.302842176006579e-05, array([[-1.30332376e-06],
       [ 6.81357177e-08],
       [-2.53162274e-08]]), 2.1921861749641787), (8.777791161150367e-05, array([[-1.68514270e-06],
       [ 2.12055821e-08],
       [ 4.25687751e-09]]), 2.237451282409396), (9.308187305059083e-05, array([[-1.23269315e-06],
       [ 6.89025640e-08],
       [-2.07907457e-08]]), 2.302312593606049), (9.622289559758102e-05, array([[-1.07402153e-06],
       [ 7.63291841e-08],
       [-3.38533839e-09]]), 2.3205556444314217), (9.63898259890526e-05, array([[-1.26246279e-06],
       [-1.47247005e-07],
       [-4.28618739e-09]]), 2.276877618585125), (9.755114210113492e-05, array([[-5.95800775e-07],
       [ 2.08881138e-07],
       [-1.90404803e-08]]), 2.2669173422870332), (0.0001007161848017369, array([[-1.01873683e-06],
       [ 9.40304195e-08],
       [-3.34339239e-08]]), 2.3122566955916755), (0.00010187304858088232, array([[-1.25254307e-07],
       [-1.18997761e-07],
       [ 1.12669839e-08]]), 2.320192435475916), (0.00010089162515763159, array([[ 3.40418863e-07],
       [ 2.69046901e-11],
       [-2.04858127e-09]]), 2.2888308270625717), (0.00010288756529977903, array([[ 2.73931432e-07],
       [ 1.07577568e-08],
       [-7.01083783e-09]]), 2.334110792760231), (0.00010196874599851643, array([[ 6.50310758e-07],
       [-1.37052251e-07],
       [-1.31166751e-08]]), 2.3223719758703796), (0.0001004607281969143, array([[ 3.45333248e-08],
       [-1.39942642e-08],
       [-7.10786172e-09]]), 2.306391886017157), (9.927899680435784e-05, array([[ 9.21767203e-07],
       [-1.84370594e-08],
       [-6.50717801e-10]]), 2.30706965324232), (9.791274083012584e-05, array([[1.28424982e-06],
       [6.33483811e-08],
       [2.87319461e-08]]), 2.3128512359360323), (9.404402892518051e-05, array([[ 1.24225556e-06],
       [-3.41809233e-08],
       [-1.87458030e-08]]), 2.268009092764048), (9.166884551174855e-05, array([[1.80355054e-06],
       [8.46542345e-08],
       [1.33537863e-08]]), 2.2673623826662603), (8.618097524602454e-05, array([[ 1.53405080e-06],
       [-1.95666367e-07],
       [-3.80174314e-08]]), 2.196745514258046), (8.271848444476159e-05, array([[ 1.69001555e-06],
       [-1.96264695e-08],
       [-2.66993023e-09]]), 2.1840029494696744), (7.992023691218473e-05, array([[2.02271489e-06],
       [1.03393483e-08],
       [8.36249654e-08]]), 2.1976810876363166), (7.63294992586552e-05, array([[ 2.13303757e-06],
       [ 8.96894179e-09],
       [-4.81436297e-08]]), 2.1990459865068557), (6.961562370038395e-05, array([[1.89720495e-06],
       [3.26184400e-09],
       [5.84089856e-08]]), 2.11500698526271), (6.396317149098322e-05, array([[ 1.96650951e-06],
       [-1.06698569e-07],
       [ 1.26846274e-08]]), 2.064170866577663), (5.7498293652409833e-05, array([[ 1.98287238e-06],
       [-4.27009346e-08],
       [-1.57278233e-08]]), 1.9871652899487433), (5.4673445717418814e-05, array([[1.94638160e-06],
       [4.35032888e-09],
       [3.55934367e-08]]), 2.042659855122425), (4.882212963740658e-05, array([[1.75845920e-06],
       [3.76268181e-08],
       [6.05370556e-09]]), 1.9936341299354026), (4.524963848884724e-05, array([[1.88250180e-06],
       [7.72151109e-08],
       [1.91772718e-08]]), 2.046235285478541), (3.877669612960074e-05, array([[ 1.47507973e-06],
       [-4.41133982e-08],
       [-7.15821865e-09]]), 1.970968598408485), (3.622934583403315e-05, array([[ 1.24539662e-06],
       [-6.92430398e-08],
       [-2.17496058e-09]]), 1.9937300199855568), (3.232438893247471e-05, array([[ 9.39852865e-07],
       [-6.98088049e-08],
       [-4.04880646e-09]]), 1.94770032295397), (2.9282754448871627e-05, array([[ 6.96373431e-07],
       [-1.01754483e-07],
       [ 8.61536985e-09]]), 1.9582023486859734), (2.675604552603408e-05, array([[ 3.70207093e-07],
       [-1.24004712e-08],
       [ 1.02897118e-08]]), 2.01911143304024), (2.4227953899376582e-05, array([[3.05373324e-07],
       [7.59756684e-09],
       [1.22260118e-09]]), 2.107596426506815), (2.0526725485330112e-05, array([[ 9.42631560e-08],
       [-1.00643196e-08],
       [ 4.28411041e-10]]), 2.1176001848614874), (1.7476990756924964e-05, array([[-1.11181560e-08],
       [-1.09118741e-07],
       [-1.53101053e-09]]), 2.2257412021858918), (2.012617457549412e-05, array([[ 1.09123981e-07],
       [-2.20003559e-08],
       [ 8.32447668e-10]]), 2.293001045797297), (2.308844150383092e-05, array([[ 2.19870692e-07],
       [-1.04005618e-07],
       [-2.13203457e-09]]), 2.1781958382238593), (2.6899073482738443e-05, array([[ 4.70142245e-07],
       [-6.49840730e-09],
       [-5.94113375e-09]]), 2.1728373474867313), (3.0007213402736586e-05, array([[7.74037398e-07],
       [3.68740687e-08],
       [3.04428482e-09]]), 2.1267006032857303), (3.246031462285575e-05, array([[1.01808866e-06],
       [1.22323222e-07],
       [4.50368900e-09]]), 2.0566651019544384), (3.528271904342692e-05, array([[ 1.41913682e-06],
       [-5.78453572e-08],
       [ 2.74240615e-09]]), 2.028597299256379), (3.845947323568659e-05, array([[1.82457901e-06],
       [8.75973476e-08],
       [3.84476028e-08]]), 2.031419305596429), (4.199947272153435e-05, array([[ 2.10799815e-06],
       [-1.66529301e-07],
       [ 1.63323416e-08]]), 2.010323490157912), (4.622745599763526e-05, array([[2.00368989e-06],
       [3.40328589e-10],
       [3.91958677e-08]]), 1.9829007821075686), (5.151935218306181e-05, array([[1.98468157e-06],
       [1.24252658e-07],
       [1.99052380e-09]]), 2.009310052922856), (5.807687344867193e-05, array([[1.88510011e-06],
       [5.19253535e-08],
       [4.18216074e-08]]), 2.084271639849685), (6.193130412880462e-05, array([[ 2.29890341e-06],
       [ 1.30452970e-07],
       [-1.22898351e-08]]), 2.066017263571194), (6.677053718273739e-05, array([[2.27506779e-06],
       [9.70737960e-09],
       [1.18371477e-08]]), 2.088713313133805), (7.169862464295516e-05, array([[ 2.34439655e-06],
       [ 4.68852177e-08],
       [-1.60536431e-08]]), 2.1193980754973305), (7.750890185166636e-05, array([[ 2.17107699e-06],
       [-4.76727014e-10],
       [-2.87476924e-08]]), 2.179916982880616), (8.008322867997463e-05, array([[ 2.11998340e-06],
       [-1.17238108e-07],
       [-1.62040918e-08]]), 2.1563160685886875), (8.46519864030182e-05, array([[ 1.89392763e-06],
       [-1.18497804e-07],
       [ 5.53770404e-09]]), 2.1946270615622514), (8.839772295800619e-05, array([[ 1.80754859e-06],
       [ 2.73334439e-08],
       [-2.97742550e-08]]), 2.2182320430959646), (9.013278353900908e-05, array([[1.59813248e-06],
       [5.61515251e-08],
       [1.33059369e-08]]), 2.2000660281051228), (9.506996024815303e-05, array([[9.24939915e-07],
       [1.75464247e-08],
       [1.12646098e-08]]), 2.2678394055459195), (9.655490810752338e-05, array([[ 1.54075079e-06],
       [-7.11099304e-08],
       [ 4.91827050e-09]]), 2.2609816101605493), (0.0001000170853831171, array([[ 1.00622805e-06],
       [ 1.30037176e-07],
       [-1.66088584e-10]]), 2.308966120537642), (0.00010104032640634708, array([[ 7.07719399e-07],
       [ 1.06166766e-07],
       [-6.91405229e-09]]), 2.3092625287303323), (0.00010105301352987919, array([[-9.51661268e-08],
       [-2.07166877e-07],
       [ 1.64120770e-08]]), 2.2958386751548043), (0.0001039093419467761, array([[-1.92018426e-07],
       [-1.89091933e-07],
       [ 8.12336402e-09]]), 2.356228759918454)]