[(0.00010349011732748852, array([[ 2.34241338e-07],
       [ 1.03966676e-07],
       [-2.21840762e-10]]), 2.346722501036195), (0.00010144872575359921, array([[ 2.66708412e-07],
       [-1.77459037e-08],
       [-1.67871184e-09]]), 2.304828920924955), (9.961785095055671e-05, array([[-8.58806440e-07],
       [ 1.48131456e-08],
       [ 3.62171669e-09]]), 2.276752051132657), (0.00010053434477560177, array([[-6.48662606e-07],
       [-1.34493433e-07],
       [-4.06390796e-10]]), 2.3209074244478898), (9.64594422880198e-05, array([[-1.11539359e-06],
       [ 2.16251594e-08],
       [-1.19093780e-08]]), 2.2587461312343393), (9.467122726399681e-05, array([[-9.65038633e-07],
       [ 8.21666490e-08],
       [ 7.23547893e-09]]), 2.258327858771311), (9.357486036841125e-05, array([[-1.62502960e-06],
       [-4.21573519e-09],
       [ 9.26646261e-09]]), 2.284084251010866), (8.765678793255124e-05, array([[-1.42679313e-06],
       [ 1.28458469e-07],
       [-9.01708700e-09]]), 2.199639190697524), (8.436656234078148e-05, array([[-1.84799367e-06],
       [-1.96945083e-08],
       [ 2.45193353e-08]]), 2.187227360768184), (7.794127538376198e-05, array([[-1.90870166e-06],
       [-4.57675680e-08],
       [ 7.61397866e-09]]), 2.098641966446189), (7.55646246029312e-05, array([[-2.25196089e-06],
       [ 4.93595165e-08],
       [ 2.25503112e-08]]), 2.1252347090682804), (7.229671509932161e-05, array([[-2.25523399e-06],
       [ 7.61498395e-08],
       [ 3.46480748e-10]]), 2.137077518701557), (6.670532594623522e-05, array([[-2.34796422e-06],
       [-3.90823508e-08],
       [-2.50630222e-08]]), 2.086673377803118), (6.361055201651512e-05, array([[-2.26309184e-06],
       [ 5.30241608e-08],
       [ 1.49486037e-08]]), 2.1220366737003546), (5.8648347540750666e-05, array([[-2.45304060e-06],
       [-1.16168148e-07],
       [ 1.54381245e-09]]), 2.1047807887122065), (5.30209800329911e-05, array([[-2.23221998e-06],
       [-3.63594142e-08],
       [ 9.49136976e-09]]), 2.067875151410328), (4.887630345318182e-05, array([[-2.26214583e-06],
       [ 6.94585745e-08],
       [ 1.35963845e-08]]), 2.0965216071764536), (4.274042618209187e-05, array([[-1.97092023e-06],
       [ 9.18921739e-09],
       [ 2.29384191e-08]]), 2.0457895579523484), (3.7749555526160765e-05, array([[-1.77376114e-06],
       [ 4.04579972e-08],
       [-9.19363287e-09]]), 1.9939216380730638), (3.4653145479877055e-05, array([[-1.41029292e-06],
       [ 9.18814742e-10],
       [-4.25794658e-09]]), 1.992399657313631), (3.36233885832971e-05, array([[-1.02260175e-06],
       [ 1.54612180e-07],
       [ 8.82201690e-09]]), 2.1303567359765982), (2.9107842792975594e-05, array([[-8.26388882e-07],
       [ 5.66894649e-08],
       [-1.15291608e-08]]), 2.0629595290085123), (2.5183388733776098e-05, array([[-5.06521880e-07],
       [-1.67783449e-07],
       [ 8.49437278e-09]]), 2.034248786008911), (2.1730944789998867e-05, array([[-2.97144780e-07],
       [-1.35133426e-07],
       [ 2.08318493e-09]]), 2.0501277011007444), (2.0666197002029583e-05, array([[-9.42336619e-08],
       [ 4.30976063e-08],
       [ 2.44535236e-09]]), 2.3545264978475635), (1.8715063065715386e-05, array([[-4.00256584e-09],
       [-2.07467889e-08],
       [ 2.04879803e-09]]), 2.3834129997674283), (2.08744398167985e-05, array([[-1.39413219e-07],
       [-1.22462213e-09],
       [ 8.76709349e-10]]), 2.1534714656034035), (2.4090901386981438e-05, array([[-2.26351874e-07],
       [ 7.18144834e-08],
       [ 5.56096712e-09]]), 2.095674190458016), (2.706869778508527e-05, array([[-4.61464277e-07],
       [ 8.77005873e-08],
       [ 2.48030710e-09]]), 2.042705343814606), (2.9962141897762097e-05, array([[-6.32662141e-07],
       [-6.01697118e-08],
       [-7.21443941e-09]]), 2.003634485215615), (3.116458865647306e-05, array([[-9.02907497e-07],
       [ 2.68064127e-08],
       [ 2.36911419e-08]]), 1.877816762994047), (3.365909396372091e-05, array([[-1.11945277e-06],
       [ 2.07397844e-08],
       [ 5.51498197e-09]]), 1.8522869937647584), (3.934378993544639e-05, array([[-1.50578587e-06],
       [-5.08804698e-08],
       [-5.59234168e-09]]), 1.9997932326665968), (4.436167210320704e-05, array([[-1.56254143e-06],
       [ 4.86473354e-08],
       [-1.96010796e-09]]), 2.006080530406547), (4.9120989805585575e-05, array([[-1.69160004e-06],
       [-7.39028954e-08],
       [ 8.18131833e-09]]), 2.005837977571403), (5.251980098152122e-05, array([[-1.99499173e-06],
       [ 6.80212664e-09],
       [ 2.64109586e-08]]), 1.9621973273543567), (5.939524875363893e-05, array([[-2.00392306e-06],
       [ 2.15261108e-08],
       [ 2.08320844e-08]]), 2.052724858664671), (6.576319487785002e-05, array([[-1.78660791e-06],
       [ 7.66788383e-08],
       [ 1.99391976e-08]]), 2.1222598535324875), (6.921409719884155e-05, array([[-1.66403185e-06],
       [-5.00182285e-08],
       [ 3.58850699e-08]]), 2.1028081237085114), (7.461574788488837e-05, array([[-1.94290236e-06],
       [-1.71935341e-07],
       [ 1.34748570e-08]]), 2.1496729640587198), (7.944328251344412e-05, array([[-1.81436340e-06],
       [ 1.08245879e-08],
       [ 4.18763758e-08]]), 2.1845655902069385), (8.368820422825365e-05, array([[-1.63152674e-06],
       [ 1.39902334e-07],
       [-1.54747419e-08]]), 2.2096063062226636), (8.807557426549976e-05, array([[-1.36636808e-06],
       [-2.24214918e-08],
       [-2.19591100e-08]]), 2.2450386774007076), (9.084468177151193e-05, array([[-1.32928846e-06],
       [ 3.33625589e-08],
       [ 3.38701761e-08]]), 2.246977290530126), (9.357045326004888e-05, array([[-1.26718194e-06],
       [-2.72278196e-07],
       [ 2.39424916e-08]]), 2.256588124023069), (9.607303825323157e-05, array([[-1.15735783e-06],
       [-1.35215574e-08],
       [ 4.32081210e-09]]), 2.2693945995202798), (9.95273812992785e-05, array([[-7.72816715e-07],
       [-2.06838029e-07],
       [ 3.47256059e-08]]), 2.312841672994864), (0.00010262806587953485, array([[-1.04038358e-06],
       [-1.44152086e-07],
       [ 2.00703757e-09]]), 2.3561499371001355), (0.00010238909272789948, array([[-8.56387196e-07],
       [-3.58930604e-09],
       [-1.57883968e-08]]), 2.331945511907414), (0.00010239191201164676, array([[1.39924985e-07],
       [1.89629341e-08],
       [3.60619076e-09]]), 2.322866385470334), (0.00010308150451921124, array([[ 6.59580044e-08],
       [-1.87468447e-07],
       [-1.48966947e-09]]), 2.338510504463947), (0.00010423089103869375, array([[ 5.63878197e-07],
       [ 1.76661205e-08],
       [-1.81365891e-08]]), 2.3738930786869075), (0.00010007128618475874, array([[3.81375096e-07],
       [2.47090977e-08],
       [5.45169266e-09]]), 2.297451020138212), (9.820327026175819e-05, array([[ 8.70757762e-07],
       [ 1.90674529e-07],
       [-1.83162825e-08]]), 2.2820716562691077), (9.676964438455203e-05, array([[ 6.40827379e-07],
       [-1.59968042e-07],
       [ 3.41989269e-09]]), 2.285849519872069), (9.44039899414543e-05, array([[1.40718791e-06],
       [1.30734283e-07],
       [2.95053531e-08]]), 2.276690078333042), (9.204645336280978e-05, array([[ 1.34089917e-06],
       [-5.03176056e-08],
       [-2.23400356e-08]]), 2.276702238885852), (8.772800958066846e-05, array([[1.71343331e-06],
       [1.10824276e-08],
       [1.55453965e-08]]), 2.2361792840121075), (8.394749451007926e-05, array([[ 1.83335086e-06],
       [-3.58365679e-08],
       [-4.62527065e-08]]), 2.216452306171491), (7.844407693730894e-05, array([[1.84323322e-06],
       [6.01138601e-08],
       [7.05893703e-08]]), 2.157089005024314), (7.522110818168134e-05, array([[ 2.11558051e-06],
       [-7.33684921e-09],
       [-7.28934349e-10]]), 2.1671133395882656), (7.031106706874169e-05, array([[ 2.31839061e-06],
       [-2.14668370e-08],
       [ 3.98666526e-08]]), 2.136135397302249), (6.482645693784451e-05, array([[ 1.95049763e-06],
       [-6.60406837e-08],
       [ 1.92877043e-08]]), 2.0920301585329213), (5.924653956290382e-05, array([[ 1.97696316e-06],
       [-1.10904514e-07],
       [ 2.92316778e-09]]), 2.0475854062852368), (5.4863964934107504e-05, array([[ 2.07135519e-06],
       [-1.12230960e-07],
       [-3.74564336e-08]]), 2.049777861870541), (4.93123827625159e-05, array([[1.80230456e-06],
       [4.22221173e-08],
       [7.63621994e-08]]), 2.013653440231457), (4.292174993213889e-05, array([[ 1.66638297e-06],
       [-6.36555469e-08],
       [ 3.21549034e-08]]), 1.9409657658872987), (3.833961821876732e-05, array([[1.65162421e-06],
       [8.60964542e-08],
       [3.27741446e-08]]), 1.948752501543723), (3.563112539485204e-05, array([[ 1.23494654e-06],
       [-1.12803360e-07],
       [ 1.92118456e-08]]), 1.960809468407616), (3.1496000043711946e-05, array([[ 1.00147899e-06],
       [-3.02701295e-08],
       [-1.58639635e-08]]), 1.897785897362037), (2.9305206688616917e-05, array([[ 6.42937634e-07],
       [-7.05511136e-09],
       [ 3.13775424e-09]]), 1.9597037794574284), (2.551342574654426e-05, array([[ 4.52490737e-07],
       [-2.72542757e-08],
       [-8.80564378e-09]]), 1.9253386891850781), (2.35290966691834e-05, array([[ 2.81840195e-07],
       [ 1.46496727e-08],
       [-3.28643481e-09]]), 2.0468026423056855), (2.05597181231304e-05, array([[ 9.44246987e-08],
       [-1.15440076e-07],
       [-4.14603292e-09]]), 2.1210038069323773), (1.780721751759798e-05, array([[ 1.79114924e-08],
       [-3.05812396e-08],
       [ 9.99886543e-10]]), 2.2677964574364604), (1.8519483177300667e-05, array([[6.79432643e-08],
       [6.28305974e-08],
       [3.57943275e-09]]), 2.1099486210798366), (2.2789948446187773e-05, array([[ 2.50252551e-07],
       [-5.64127372e-08],
       [-3.18595968e-09]]), 2.150035586013283), (2.5854380937301814e-05, array([[ 4.45954534e-07],
       [-7.90151649e-08],
       [-7.93319373e-10]]), 2.08844979485142), (2.7763198506501094e-05, array([[ 7.95548952e-07],
       [ 1.19616185e-07],
       [-1.02061652e-08]]), 1.9676605828228184), (3.321874162071933e-05, array([[ 9.56881467e-07],
       [-2.36786549e-08],
       [ 1.24223274e-08]]), 2.1047185591377464), (3.531914499942714e-05, array([[ 1.38255373e-06],
       [-7.21832871e-08],
       [-1.22612225e-08]]), 2.0306916275272227), (3.835957465963077e-05, array([[ 1.63762630e-06],
       [-1.42101104e-10],
       [-1.36255292e-08]]), 2.026142688967861), (4.347213642251095e-05, array([[ 2.05299888e-06],
       [-3.45748477e-08],
       [ 1.69774780e-08]]), 2.080813194893138), (4.6933199004628294e-05, array([[ 1.98535884e-06],
       [-1.98990242e-08],
       [-1.85962911e-08]]), 2.0131732323286022), (5.145816827929213e-05, array([[2.12587205e-06],
       [2.18844065e-08],
       [5.65567149e-08]]), 2.0069238149809525), (5.5897105399727476e-05, array([[ 2.14215755e-06],
       [-2.40709764e-08],
       [-1.20785493e-08]]), 2.006043793616181), (6.098292497173273e-05, array([[ 2.16485446e-06],
       [ 9.67198398e-11],
       [-4.45574128e-09]]), 2.034379503984434), (6.6055035969511e-05, array([[ 2.22544909e-06],
       [-4.61618852e-08],
       [ 1.89317264e-11]]), 2.066331032375163), (7.162238391249698e-05, array([[ 1.94218522e-06],
       [ 3.40767756e-08],
       [-1.04861458e-08]]), 2.1171444136145223), (7.700751407908666e-05, array([[ 2.41790038e-06],
       [-1.35537594e-07],
       [ 1.74154340e-08]]), 2.1658155868558486), (8.175485001721825e-05, array([[ 1.92361959e-06],
       [-2.42088696e-08],
       [-2.50808618e-08]]), 2.20132604145702), (8.46470785815512e-05, array([[ 1.94189856e-06],
       [-7.52878621e-10],
       [ 2.43786253e-08]]), 2.1944998248810768), (8.786864374626718e-05, array([[2.09119408e-06],
       [2.73352443e-07],
       [4.65068130e-09]]), 2.2049554515555583), (9.102666783207998e-05, array([[ 1.27915885e-06],
       [-4.83876933e-08],
       [-1.74781364e-08]]), 2.2218849977299864), (9.47228110473684e-05, array([[ 1.27090346e-06],
       [-7.39769195e-08],
       [-3.11965337e-08]]), 2.259558360354692), (9.769491281848848e-05, array([[ 1.08206816e-06],
       [-1.01350756e-07],
       [ 1.47205609e-08]]), 2.287676573032019), (9.923364938476877e-05, array([[4.47288848e-07],
       [5.34743627e-08],
       [1.00387148e-08]]), 2.290879938853115), (0.00010088810273291885, array([[ 6.52965576e-07],
       [-9.99101778e-08],
       [-1.02054104e-08]]), 2.3057834779638116), (0.00010176393885717398, array([[ 3.69459507e-07],
       [-1.20676385e-07],
       [ 1.60023080e-09]]), 2.311990295027752), (0.00010144854216135205, array([[ 1.06848389e-08],
       [ 7.87674561e-08],
       [-2.83078426e-09]]), 2.3004281252672674)]