[(0.00010331523171090454, array([[ 1.90890888e-07],
       [-6.67019036e-08],
       [ 7.37340720e-09]]), 2.342756827577284), (0.00010360646321667529, array([[-1.52381066e-07],
       [ 6.16928795e-08],
       [ 1.43555775e-08]]), 2.353850884204612), (0.00010072993398435203, array([[ 1.62622586e-07],
       [-1.15980922e-07],
       [ 2.66999238e-09]]), 2.3021685533364638), (9.966042041735577e-05, array([[-1.08583799e-06],
       [ 1.63955635e-07],
       [ 3.10820265e-08]]), 2.3007322541020123), (9.782254955361633e-05, array([[-1.25115401e-06],
       [ 1.54285424e-08],
       [-1.64194844e-08]]), 2.290665383404906), (9.617737209055937e-05, array([[-1.54224415e-06],
       [-2.21432155e-07],
       [-4.16000859e-08]]), 2.2942560802539123), (9.243906279504735e-05, array([[-9.44377678e-07],
       [-7.57890199e-09],
       [ 5.94197579e-11]]), 2.256360380096786), (8.943326149963306e-05, array([[-1.93167179e-06],
       [ 1.82062968e-07],
       [ 2.46057937e-08]]), 2.2442176080860112), (8.50849944461676e-05, array([[-1.62095161e-06],
       [ 1.41434072e-07],
       [ 1.63396538e-08]]), 2.2058529194511083), (8.110707029010838e-05, array([[-2.08544964e-06],
       [-6.92101801e-09],
       [-1.76664662e-08]]), 2.1838839645390804), (7.545366404360763e-05, array([[-2.20311581e-06],
       [-6.65475322e-08],
       [-6.21373840e-09]]), 2.122113973231224), (7.172968666619961e-05, array([[-2.38931132e-06],
       [-6.68002029e-08],
       [-2.63089513e-08]]), 2.1203162631559236), (6.676065332479704e-05, array([[-2.20033214e-06],
       [-9.49029691e-08],
       [-9.83819524e-09]]), 2.088404126679177), (6.389026590598622e-05, array([[-2.30955159e-06],
       [-3.52217398e-08],
       [-2.56359195e-08]]), 2.131367879180963), (5.579057869492241e-05, array([[-2.32225179e-06],
       [-1.90318944e-07],
       [ 4.24027648e-08]]), 2.002220747082727), (5.227480540257945e-05, array([[-2.23629687e-06],
       [-1.02570615e-07],
       [-1.45695949e-08]]), 2.0387735396355002), (4.699535362188289e-05, array([[-2.01261195e-06],
       [-1.59883330e-08],
       [ 2.79844309e-08]]), 2.0158393197544817), (4.2999740178174204e-05, array([[-2.08298451e-06],
       [ 2.53055794e-09],
       [-6.84289458e-09]]), 2.058201738007736), (3.8306442405430705e-05, array([[-1.74308473e-06],
       [-1.42364092e-07],
       [ 1.31632264e-09]]), 2.023336257213832), (3.500036447438544e-05, array([[-1.41041952e-06],
       [ 4.60361283e-09],
       [ 1.57907785e-08]]), 2.012363184320812), (3.229446294651715e-05, array([[-1.05430435e-06],
       [-1.55255706e-07],
       [ 5.57881631e-09]]), 2.0461568441390297), (2.8544433912104333e-05, array([[-7.42047800e-07],
       [-1.48707235e-07],
       [-2.06280876e-09]]), 2.0230290632646932), (2.5255500540247615e-05, array([[-4.48795259e-07],
       [ 7.00554452e-08],
       [ 3.02931840e-09]]), 2.040073790591191), (2.286522575253914e-05, array([[-2.33576722e-07],
       [-1.23176136e-07],
       [-7.36469453e-10]]), 2.1571373522966395), (1.916014588354624e-05, array([[-9.89063399e-08],
       [ 1.41235195e-07],
       [ 3.42096573e-09]]), 2.182940150091673), (1.777459850510601e-05, array([[ 6.50765405e-09],
       [-1.09433485e-07],
       [ 5.27145685e-10]]), 2.263642339540093), (1.977682558016194e-05, array([[-1.34897330e-07],
       [-6.66090303e-08],
       [ 4.28638211e-09]]), 2.0402382023598675), (2.2291863221508902e-05, array([[-2.35518967e-07],
       [ 7.90985138e-08],
       [ 5.65688040e-09]]), 1.9391753616899432), (2.608196765965965e-05, array([[-4.31383295e-07],
       [-5.23682359e-09],
       [-6.71879789e-09]]), 1.9682429919086213), (2.8350932937394372e-05, array([[-6.39827815e-07],
       [ 1.03250747e-08],
       [ 8.05010521e-09]]), 1.8958893898583873), (3.240228441841914e-05, array([[-9.80637898e-07],
       [ 3.14838549e-08],
       [-5.85809749e-09]]), 1.9523939016461338), (3.3893315757849245e-05, array([[-1.25357966e-06],
       [-4.63313509e-08],
       [ 2.67325128e-08]]), 1.8651764073475416), (3.914358844299129e-05, array([[-1.74586964e-06],
       [-6.75383106e-08],
       [ 5.37303959e-09]]), 1.9896172534221372), (4.475827552988109e-05, array([[-1.81953930e-06],
       [-1.01064328e-07],
       [ 5.45091576e-08]]), 2.0240153460891555), (4.921954242167187e-05, array([[-1.79633049e-06],
       [ 6.67232589e-08],
       [-3.34629566e-08]]), 2.0098623382554472), (5.392047185373736e-05, array([[-1.74126096e-06],
       [-1.08698889e-08],
       [ 1.43091986e-08]]), 2.01452792630184), (5.878162079377281e-05, array([[-1.92767910e-06],
       [ 1.33754808e-07],
       [ 3.37404046e-08]]), 2.0315176174522716), (6.479508584290911e-05, array([[-1.80605236e-06],
       [-1.13201357e-07],
       [ 8.94422154e-09]]), 2.0910177743951612), (7.066576771515301e-05, array([[-2.03244737e-06],
       [-7.75046776e-08],
       [ 5.30490215e-09]]), 2.146911632649447), (7.330808775394038e-05, array([[-1.76908038e-06],
       [ 6.69476062e-08],
       [-1.52957648e-08]]), 2.111999393674985), (7.937927198178146e-05, array([[-1.67611945e-06],
       [-4.56235974e-08],
       [ 7.23434793e-09]]), 2.182805401044847), (8.457028224641336e-05, array([[-1.86977584e-06],
       [-8.78587074e-08],
       [ 1.57648153e-08]]), 2.2328956714262733), (8.8002462790663e-05, array([[-1.36487328e-06],
       [ 1.91115377e-07],
       [-7.69065604e-08]]), 2.2431750723077046), (9.331739264504427e-05, array([[-1.61742374e-06],
       [-1.02049590e-07],
       [ 2.19626438e-08]]), 2.3081379998917213), (9.439225634238014e-05, array([[-1.53358375e-06],
       [-7.70924123e-08],
       [-7.73654313e-10]]), 2.276407105456453), (9.724554530900175e-05, array([[-1.54877772e-06],
       [ 1.37524961e-07],
       [-1.47428308e-08]]), 2.297091039943562), (0.00010095399546668291, array([[-1.09742958e-06],
       [-2.32111096e-07],
       [ 1.67464503e-08]]), 2.345993682568351), (0.00010064116965962285, array([[-5.40105640e-07],
       [-1.19650096e-07],
       [ 2.43694338e-08]]), 2.3105344871406164), (0.00010408800122294852, array([[-8.15668936e-07],
       [-1.68447742e-07],
       [-1.40993183e-08]]), 2.3706387157889974), (0.00010356869164241724, array([[ 1.64832918e-09],
       [ 2.21012023e-07],
       [-3.31130358e-09]]), 2.3495628480494495), (0.00010338293881047944, array([[-1.26991574e-07],
       [ 1.36093407e-07],
       [ 1.33140686e-08]]), 2.345348853009829), (0.00010056745049813584, array([[ 4.71349317e-07],
       [-3.14371566e-08],
       [ 2.04854912e-09]]), 2.2904570065517955), (0.0001008704723227014, array([[ 9.47424283e-07],
       [-8.92368562e-08],
       [-9.40028055e-09]]), 2.3157988507487506), (0.00010138942897035171, array([[ 1.34440436e-06],
       [-1.84973938e-08],
       [ 1.29946655e-08]]), 2.3561123930172374), (9.845178605914763e-05, array([[ 1.07836034e-06],
       [-8.67121728e-08],
       [ 1.38022683e-08]]), 2.3255843226987807), (9.262222186521886e-05, array([[1.07577554e-06],
       [3.83874662e-08],
       [2.93322724e-08]]), 2.2337201392068304), (9.000517973117317e-05, array([[1.35105696e-06],
       [6.21140303e-08],
       [1.74921009e-08]]), 2.2262128166697925), (8.563460932094486e-05, array([[ 1.54898395e-06],
       [-2.71448171e-07],
       [-2.86997232e-08]]), 2.1828186946596846), (8.332074016626391e-05, array([[1.66826768e-06],
       [9.27028977e-08],
       [3.51696816e-08]]), 2.199904211212138), (7.858718606263368e-05, array([[ 1.96378460e-06],
       [-1.82834188e-07],
       [-3.56055799e-08]]), 2.1610242813741567), (7.444949253822118e-05, array([[ 1.92424249e-06],
       [-2.97449093e-08],
       [-1.28002819e-08]]), 2.144883162522293), (6.768756124196622e-05, array([[ 2.10847876e-06],
       [ 1.09991183e-07],
       [-7.33833919e-09]]), 2.0564301119860033), (6.533277150615817e-05, array([[ 1.73617542e-06],
       [ 7.31109886e-08],
       [-6.22466115e-09]]), 2.1083695575476216), (5.97001785858867e-05, array([[2.06802279e-06],
       [1.74619989e-07],
       [1.36635871e-08]]), 2.063263362331852), (5.4079600040844894e-05, array([[ 1.79281402e-06],
       [-1.66955551e-07],
       [-1.88647193e-08]]), 2.0204731297796483), (4.855633971334582e-05, array([[1.90554102e-06],
       [1.65459839e-07],
       [8.01632160e-09]]), 1.9827806938412411), (4.310618008991543e-05, array([[ 1.70536734e-06],
       [ 7.48829614e-09],
       [-1.70337840e-08]]), 1.9493058876905203), (3.683449948905185e-05, array([[1.52262825e-06],
       [3.29150517e-08],
       [2.70668115e-09]]), 1.8722492908722725), (3.619140067385473e-05, array([[ 1.13416216e-06],
       [ 6.29713346e-09],
       [-7.63829859e-09]]), 1.991641867323142), (3.184962879819394e-05, array([[ 9.28876415e-07],
       [ 8.52301666e-09],
       [-1.96413241e-08]]), 1.9190937352533954), (2.909368855131766e-05, array([[ 6.58092844e-07],
       [ 1.06957828e-07],
       [-2.32573604e-08]]), 1.9455590952894044), (2.6547670241731502e-05, array([[ 4.17630727e-07],
       [ 4.42501420e-09],
       [-4.46694298e-09]]), 2.003386653438973), (2.3029411985834217e-05, array([[2.12823480e-07],
       [4.75451021e-09],
       [5.59446543e-09]]), 2.003334933171815), (2.1719899910612147e-05, array([[ 1.25136735e-07],
       [-1.25397130e-08],
       [-8.39094716e-09]]), 2.2406917313117476), (1.6719422660924316e-05, array([[-6.79300717e-09],
       [-1.28578475e-09],
       [ 2.27213917e-09]]), 2.129262892608366), (2.0753959541475393e-05, array([[ 8.17023681e-08],
       [-1.85057990e-08],
       [ 4.69067673e-09]]), 2.3645253972398033), (2.2902720785572696e-05, array([[ 2.80337027e-07],
       [-2.70001642e-08],
       [ 9.52074972e-09]]), 2.1606746861134023), (2.6654060626954485e-05, array([[ 5.57724937e-07],
       [-5.36827258e-08],
       [-1.52118638e-08]]), 2.153045844853624), (2.8576334425965025e-05, array([[ 7.33799723e-07],
       [-4.62559344e-08],
       [ 3.62675345e-09]]), 2.0252899477114465), (3.347256414722506e-05, array([[1.06222639e-06],
       [1.11707757e-08],
       [2.57804292e-08]]), 2.1208005946453956), (3.604406081758341e-05, array([[ 1.48218634e-06],
       [-1.58196504e-08],
       [ 6.97507640e-10]]), 2.0723710193306157), (3.816278149698397e-05, array([[ 1.83282659e-06],
       [-1.89682006e-08],
       [-2.54542304e-08]]), 2.015748125647656), (4.3317641024941867e-05, array([[ 2.06184436e-06],
       [-8.09023333e-08],
       [-2.04516916e-08]]), 2.073418203796139), (4.882780454432213e-05, array([[2.24553047e-06],
       [1.45816702e-08],
       [1.03468178e-08]]), 2.094441273698571), (5.1534756410755265e-05, array([[ 2.19151273e-06],
       [-6.84455230e-08],
       [ 2.12616156e-08]]), 2.009910834342855), (5.697982042000096e-05, array([[ 2.40695571e-06],
       [ 7.08197571e-08],
       [-3.64681719e-08]]), 2.0449004344232953), (6.318417930197343e-05, array([[ 2.28839035e-06],
       [-2.50032167e-08],
       [-4.41058846e-09]]), 2.1078129559642207), (6.649521116125232e-05, array([[2.22952050e-06],
       [5.21212365e-08],
       [9.90469084e-09]]), 2.0801005753786153), (7.256024513393557e-05, array([[ 2.11275604e-06],
       [-3.64998943e-08],
       [-3.34795902e-09]]), 2.1448674177544045), (7.648139257931762e-05, array([[ 2.17021798e-06],
       [-4.61815178e-08],
       [ 1.59454820e-08]]), 2.151018561417402), (8.215045320466159e-05, array([[ 2.30901316e-06],
       [ 1.48204264e-08],
       [-4.29003400e-08]]), 2.21197802844518), (8.560706083682085e-05, array([[ 1.72534542e-06],
       [-4.15373307e-08],
       [-2.98726143e-08]]), 2.2193876405786797), (8.741059028763423e-05, array([[1.83640340e-06],
       [3.95729343e-08],
       [1.98678379e-09]]), 2.1934611638591073), (9.128887409022298e-05, array([[1.47220348e-06],
       [1.16116817e-07],
       [1.86361160e-08]]), 2.228285233673519), (9.470819032550518e-05, array([[ 1.36829794e-06],
       [ 5.97699001e-08],
       [-5.41779171e-08]]), 2.2592095914155617), (9.714351887737946e-05, array([[1.23300067e-06],
       [3.20257145e-08],
       [1.02630091e-08]]), 2.274764836226127), (0.00010036328428462264, array([[1.08035005e-06],
       [3.70696765e-08],
       [1.22725688e-08]]), 2.3169583703765735), (0.0001001283335118626, array([[ 3.79357491e-07],
       [-1.33095460e-07],
       [ 4.12023038e-09]]), 2.2884190586762903), (0.00010292753583113158, array([[ 3.56884645e-07],
       [ 1.41479491e-07],
       [-2.76450796e-09]]), 2.338426230402555), (0.00010492121526797737, array([[4.81604526e-08],
       [6.64544918e-08],
       [1.13502912e-09]]), 2.3791738096718236)]