[(0.00010476482967311769, array([[-8.74287789e-08],
       [-1.52898128e-07],
       [ 9.84852576e-09]]), 2.375627639237657), (0.00010311126864997187, array([[-1.40127075e-07],
       [-2.77746842e-09],
       [ 3.14605700e-09]]), 2.3426004840606516), (0.000100768644203788, array([[-4.89515816e-07],
       [ 1.19642177e-07],
       [ 1.35873845e-08]]), 2.3030532699877435), (0.0001002642376840485, array([[-1.00454272e-06],
       [-1.62167122e-07],
       [-4.03277500e-09]]), 2.314671808593614), (9.76179103926335e-05, array([[-7.64096127e-07],
       [-1.64025210e-07],
       [-1.26749600e-08]]), 2.285873442852432), (9.541879718875597e-05, array([[-1.30852425e-06],
       [ 8.21016508e-08],
       [-4.21851683e-09]]), 2.276160710803063), (9.270887955290542e-05, array([[-1.26233575e-06],
       [-6.32262380e-08],
       [ 7.86255138e-09]]), 2.2629463819872093), (8.980383966392198e-05, array([[-1.83335381e-06],
       [-6.35666556e-08],
       [ 2.78633860e-09]]), 2.253516810949957), (8.350630321469905e-05, array([[-2.17451451e-06],
       [ 2.16334883e-07],
       [ 4.09507483e-08]]), 2.1649248958376135), (8.096618896371732e-05, array([[-1.81555596e-06],
       [ 7.53807109e-08],
       [ 2.98699942e-08]]), 2.1800906026471027), (7.53965975999048e-05, array([[-2.14475986e-06],
       [-1.41128400e-07],
       [-2.35578020e-08]]), 2.1205089948763707), (7.187764849503999e-05, array([[-2.37566676e-06],
       [ 5.05959443e-08],
       [-1.89119976e-08]]), 2.1246899874338014), (6.703625501790715e-05, array([[-2.39377090e-06],
       [-8.24369566e-09],
       [ 3.12590070e-08]]), 2.097025487983278), (6.133820287681948e-05, array([[-2.27257233e-06],
       [ 9.68108538e-08],
       [ 7.72654793e-09]]), 2.046231511553142), (5.8259158897319665e-05, array([[-2.30966559e-06],
       [-5.64391145e-08],
       [-3.41018425e-08]]), 2.0908135276685877), (5.300455353660606e-05, array([[-2.29531317e-06],
       [-8.70272362e-09],
       [-6.57602634e-09]]), 2.067234500413719), (4.85339502422057e-05, array([[-2.08844852e-06],
       [ 1.07300067e-07],
       [-6.67431035e-09]]), 2.081836558320719), (4.179782864696938e-05, array([[-2.07716271e-06],
       [-1.06699663e-07],
       [-6.50387215e-09]]), 2.0006717066120365), (3.86881097123206e-05, array([[-1.70698628e-06],
       [-8.81361161e-08],
       [-7.49187072e-09]]), 2.0434958244231853), (3.502699553503153e-05, array([[-1.27776201e-06],
       [ 1.06166214e-07],
       [ 6.57014459e-09]]), 2.01389435026175), (3.224125604055518e-05, array([[-1.05792096e-06],
       [-4.86906014e-08],
       [-1.42466911e-08]]), 2.042785688069029), (3.0170035182942176e-05, array([[-8.24485945e-07],
       [-4.70315325e-08],
       [-1.35818461e-08]]), 2.1382402678838335), (2.5924441108417118e-05, array([[-5.16242865e-07],
       [-7.40639608e-08],
       [ 1.37388225e-08]]), 2.0941090736540233), (2.2894782835812706e-05, array([[-2.77903679e-07],
       [ 3.01448162e-08],
       [ 9.80368580e-10]]), 2.1599258088395312), (1.8598797068101236e-05, array([[-6.47596745e-08],
       [ 9.03964631e-10],
       [-2.74918883e-09]]), 2.1189849550274436), (1.695291461471356e-05, array([[-2.23751085e-08],
       [-4.32691447e-08],
       [-1.75660632e-09]]), 2.1589987132170534), (2.0148182268810648e-05, array([[-1.32919753e-07],
       [-9.07368801e-09],
       [-1.70193896e-09]]), 2.0785485014425955), (2.3833310067259347e-05, array([[-2.36682812e-07],
       [-1.50707054e-07],
       [ 4.64590423e-09]]), 2.0732662501424524), (2.493141510273829e-05, array([[-4.09914503e-07],
       [-6.46619130e-10],
       [ 6.27685908e-09]]), 1.8814179855849777), (2.9051258529696786e-05, array([[-6.15100794e-07],
       [ 1.45466605e-08],
       [-4.06918968e-09]]), 1.9427217061995954), (3.281832554977932e-05, array([[-1.01491899e-06],
       [-1.61421721e-08],
       [ 2.07553795e-09]]), 1.9774623862385297), (3.505404184389297e-05, array([[-1.22385685e-06],
       [ 5.01765600e-08],
       [ 1.20455832e-08]]), 1.9290520967769602), (3.811662305739669e-05, array([[-1.55405230e-06],
       [ 1.42537751e-08],
       [-5.99638348e-09]]), 1.9374179500081914), (4.335894095443625e-05, array([[-1.63441964e-06],
       [-1.03205422e-07],
       [ 9.68338703e-09]]), 1.9607359944724325), (4.9069133889079755e-05, array([[-1.90581423e-06],
       [-4.01936376e-08],
       [ 1.93922172e-08]]), 2.0037204598442395), (5.431007400437934e-05, array([[-1.96517517e-06],
       [-7.87064195e-08],
       [ 1.51800474e-08]]), 2.029083889661072), (6.077806250978302e-05, array([[-2.16602473e-06],
       [-6.10737547e-08],
       [-1.57757547e-08]]), 2.1005154855532653), (6.436027189230285e-05, array([[-1.57889092e-06],
       [-4.65796348e-10],
       [-4.44336024e-08]]), 2.0769857889838454), (6.948865755252581e-05, array([[-2.11563924e-06],
       [-5.89489562e-08],
       [ 4.13891541e-08]]), 2.111149599875093), (7.413337386373575e-05, array([[-2.04260808e-06],
       [-2.25069774e-08],
       [-2.63602477e-09]]), 2.1357758120334425), (7.83499271260911e-05, array([[-2.00774695e-06],
       [-1.15479266e-08],
       [ 1.09640369e-08]]), 2.1545000329752795), (8.30168231747763e-05, array([[-1.38732596e-06],
       [-6.38000046e-08],
       [-5.42925957e-09]]), 2.191879939366997), (8.532897421131778e-05, array([[-1.45224633e-06],
       [ 2.74964350e-08],
       [ 1.86179721e-08]]), 2.1750280824722927), (9.061776436048957e-05, array([[-1.28762923e-06],
       [ 2.39643211e-07],
       [-1.21024957e-08]]), 2.2413646530102374), (9.49922104821643e-05, array([[-9.88345709e-07],
       [ 1.92527385e-07],
       [ 1.82515025e-09]]), 2.290875875667845), (9.464123402976595e-05, array([[-6.52527330e-07],
       [ 8.07856890e-08],
       [ 6.74359382e-09]]), 2.235573156674488), (9.987270725532682e-05, array([[-7.33287281e-07],
       [-9.49418003e-08],
       [ 1.15217160e-08]]), 2.320866442173847), (0.00010009069729551935, array([[-7.61207611e-07],
       [ 5.68395784e-08],
       [-1.04814772e-08]]), 2.2978966632184523), (0.00010268172456775043, array([[-4.34819997e-07],
       [ 1.62166325e-07],
       [-6.75144182e-09]]), 2.3386102990190167), (0.00010264868981134364, array([[-1.82135696e-07],
       [ 7.00956721e-09],
       [ 1.14157938e-08]]), 2.328691655335234), (0.00010169396520468728, array([[-4.33744264e-07],
       [-1.32801018e-07],
       [-3.66507888e-09]]), 2.3070327405575592), (0.0001010899236804452, array([[ 5.23552115e-08],
       [ 2.62707429e-08],
       [-6.74225968e-09]]), 2.302356506392234), (0.00010269208424047675, array([[9.49700725e-07],
       [3.06743319e-08],
       [2.76470925e-08]]), 2.357619679863129), (0.00010002726853128527, array([[ 1.04284073e-06],
       [ 7.07107226e-08],
       [-9.21618013e-09]]), 2.324458174975426), (9.786042081465675e-05, array([[1.43869946e-06],
       [1.07437802e-07],
       [2.73985107e-08]]), 2.3116153557899355), (9.53558266945734e-05, array([[ 1.28291338e-06],
       [-4.46427526e-08],
       [-7.75317209e-10]]), 2.2996450116294302), (9.036832768240745e-05, array([[1.61007151e-06],
       [3.34189691e-08],
       [6.62973690e-09]]), 2.2351950177586613), (9.012583628143925e-05, array([[ 1.82434126e-06],
       [-1.45123121e-07],
       [-2.66178848e-08]]), 2.297299676695635), (8.442281380048346e-05, array([[ 1.79236409e-06],
       [-3.92172047e-08],
       [-5.09493717e-08]]), 2.2290020855726818), (8.04153642084998e-05, array([[ 2.07729419e-06],
       [ 6.44966199e-08],
       [-3.96569033e-08]]), 2.2112963112283057), (7.361298471070877e-05, array([[ 1.83555344e-06],
       [-1.80124278e-07],
       [-2.82226851e-08]]), 2.120783447488932), (6.897123437965182e-05, array([[1.95372043e-06],
       [1.03321834e-07],
       [3.96677509e-08]]), 2.0954296570404876), (6.617852410404097e-05, array([[ 2.16269889e-06],
       [-8.58134794e-09],
       [ 3.47324552e-09]]), 2.1356630427233547), (6.003484802057848e-05, array([[ 2.11469431e-06],
       [-1.78448582e-07],
       [-6.75056513e-08]]), 2.0748296792080816), (5.386073345169687e-05, array([[ 2.02302487e-06],
       [-3.46437124e-08],
       [-3.40943562e-08]]), 2.0122960341272007), (4.796515533543457e-05, array([[ 1.64425281e-06],
       [-1.07141602e-07],
       [-6.87446167e-09]]), 1.9586398920851151), (4.4088226597625655e-05, array([[ 1.70348653e-06],
       [ 6.29352261e-09],
       [-3.15062269e-09]]), 1.993715042838863), (3.739890938680091e-05, array([[ 1.57906066e-06],
       [-6.99620956e-08],
       [-2.76636737e-08]]), 1.9009375056024893), (3.5791702186828516e-05, array([[ 1.37344508e-06],
       [ 2.58037906e-08],
       [-3.02524460e-08]]), 1.9696461383310278), (3.263747769006807e-05, array([[ 8.85597027e-07],
       [-2.41313778e-08],
       [ 1.97105366e-08]]), 1.9665654305218725), (2.8493096127333584e-05, array([[6.65316509e-07],
       [2.87522660e-08],
       [1.82853831e-10]]), 1.9053961557919576), (2.538200180613877e-05, array([[ 3.92072952e-07],
       [-4.17737411e-08],
       [ 1.25111837e-08]]), 1.91542094628134), (2.2812401703342117e-05, array([[ 1.71936104e-07],
       [-7.27458910e-08],
       [ 3.67108457e-09]]), 1.984457148535311), (2.044033503419741e-05, array([[ 1.15026903e-07],
       [ 5.96263541e-08],
       [-9.30022673e-10]]), 2.108687880002166), (1.7861012567145215e-05, array([[ 3.42926267e-08],
       [-2.01459542e-08],
       [ 1.33781046e-09]]), 2.274647399907977), (1.942995393495873e-05, array([[8.40881747e-08],
       [8.09668861e-08],
       [4.81660547e-09]]), 2.213679729624419), (2.2600315376082526e-05, array([[ 2.55826904e-07],
       [ 5.96802531e-08],
       [-4.39642170e-09]]), 2.1321453371619556), (2.7880885095009912e-05, array([[ 5.48272167e-07],
       [ 6.66926783e-08],
       [-1.07610257e-09]]), 2.2521455415294964), (2.926994210986989e-05, array([[6.94843846e-07],
       [1.62866728e-07],
       [2.68517691e-09]]), 2.0744479904795754), (3.185511570568888e-05, array([[ 1.02289576e-06],
       [-6.66429777e-08],
       [ 1.50912817e-09]]), 2.0183200795127485), (3.6881636444769284e-05, array([[1.32849872e-06],
       [9.34335417e-08],
       [6.82096296e-10]]), 2.1205278423107536), (3.847259621264661e-05, array([[1.70008267e-06],
       [8.73647183e-08],
       [1.52741944e-09]]), 2.032112457803172), (4.23939325280413e-05, array([[1.96903057e-06],
       [1.79218825e-08],
       [5.68392451e-10]]), 2.0292044846932904), (4.600660287519461e-05, array([[2.18912131e-06],
       [7.65528298e-09],
       [8.52638590e-09]]), 1.973427411363549), (5.2135487352487455e-05, array([[ 2.39642206e-06],
       [-7.49558877e-08],
       [ 9.25594193e-09]]), 2.033339986092188), (5.784645039419014e-05, array([[ 2.41525409e-06],
       [-8.39055366e-09],
       [-1.27956089e-08]]), 2.0760021823340633), (6.199823741296297e-05, array([[ 2.19500785e-06],
       [-1.06930842e-07],
       [-3.81051473e-08]]), 2.068250145996713), (6.73614212149597e-05, array([[ 2.39742576e-06],
       [ 6.71134937e-08],
       [-4.49363754e-08]]), 2.1071973241466737), (7.177912601958639e-05, array([[ 2.54158129e-06],
       [-9.59846299e-08],
       [ 3.64295158e-08]]), 2.121777681292514), (7.548610693860366e-05, array([[2.36306328e-06],
       [2.32747128e-08],
       [1.72081575e-08]]), 2.1230264209125376), (8.12093670922458e-05, array([[ 2.16523379e-06],
       [-5.14886036e-08],
       [-4.01576494e-09]]), 2.1866384019144225), (8.330818684247037e-05, array([[ 1.64198263e-06],
       [-4.63491799e-08],
       [-7.19083243e-09]]), 2.1597886719838524), (8.647181878729757e-05, array([[ 1.69925459e-06],
       [-2.12779360e-07],
       [ 9.18393073e-09]]), 2.1699038486533597), (9.255247616309778e-05, array([[ 1.40008946e-06],
       [-8.03812276e-08],
       [ 4.24442595e-08]]), 2.2591287057645797), (9.694910367361025e-05, array([[1.59034629e-06],
       [2.52067165e-08],
       [3.21385404e-09]]), 2.3126652947942246), (9.798116308097887e-05, array([[ 1.26272574e-06],
       [-1.64653398e-07],
       [-2.45709857e-08]]), 2.294379562989543), (0.00010051072562478623, array([[ 3.69994977e-07],
       [-5.21984929e-08],
       [-1.07886104e-08]]), 2.3203621594182198), (0.00010065681270588555, array([[4.48970867e-07],
       [1.94490862e-07],
       [6.41991875e-09]]), 2.3004973767437), (0.00010201354396628218, array([[ 8.66733929e-07],
       [-1.65939621e-08],
       [ 1.79566863e-09]]), 2.3176611111963115), (0.00010222994211499875, array([[-3.18679890e-07],
       [-7.89252338e-08],
       [ 2.27829152e-08]]), 2.3181470041407795)]