[(0.00010204952902259477, array([[-1.73676244e-07],
       [ 1.35306102e-07],
       [ 1.29575554e-08]]), 2.3140559906763136), (0.00010149608240338677, array([[-5.05594239e-07],
       [-3.53020674e-08],
       [ 6.62245946e-09]]), 2.3059048238031594), (0.00010203538042952812, array([[-9.75717394e-07],
       [-2.19203092e-07],
       [-2.59624013e-09]]), 2.33200434926398), (9.90345842320283e-05, array([[-7.63486782e-07],
       [-1.10741909e-07],
       [-1.68711980e-08]]), 2.286284377087876), (9.703730013402224e-05, array([[-9.43515618e-07],
       [-4.60641328e-08],
       [ 8.69288294e-09]]), 2.2722775610570833), (9.396503436015532e-05, array([[-1.48218376e-06],
       [ 1.75499469e-07],
       [ 1.19440831e-08]]), 2.2414820318553406), (9.318108913378229e-05, array([[-1.61147529e-06],
       [ 6.18348989e-08],
       [ 1.79619927e-08]]), 2.274472623785604), (8.815984272881373e-05, array([[-1.58111436e-06],
       [ 1.85042430e-09],
       [-1.29210336e-08]]), 2.2122627315667005), (8.406436899534567e-05, array([[-1.75904922e-06],
       [ 4.15867623e-08],
       [-1.71533266e-08]]), 2.179392911490644), (7.928763202950245e-05, array([[-1.88455921e-06],
       [ 1.82411917e-08],
       [-3.71058516e-09]]), 2.134893882323144), (7.619152573554611e-05, array([[-2.05366615e-06],
       [ 7.63072437e-08],
       [ 2.71345941e-08]]), 2.142866134529445), (7.107974842517237e-05, array([[-2.39615479e-06],
       [-6.93068818e-08],
       [-1.87605140e-08]]), 2.1011042090323633), (6.86894394861766e-05, array([[-2.33584353e-06],
       [ 4.86784531e-08],
       [ 1.43834502e-08]]), 2.1487403393778415), (6.167476041308125e-05, array([[-2.33361665e-06],
       [ 2.18637831e-07],
       [-5.67750737e-09]]), 2.0574590109556357), (5.8523502281171017e-05, array([[-2.41528991e-06],
       [ 5.65057331e-10],
       [-1.48838384e-09]]), 2.100300323107571), (5.1860064724071495e-05, array([[-2.22898283e-06],
       [-1.85558761e-09],
       [-2.46701568e-08]]), 2.0225982078549105), (4.8414785647370566e-05, array([[-2.27825598e-06],
       [ 6.44323727e-09],
       [ 7.85178444e-09]]), 2.0767250599005984), (4.267967104884985e-05, array([[-2.00909374e-06],
       [ 3.34358934e-08],
       [ 1.52952089e-08]]), 2.042881486407882), (3.871833042610833e-05, array([[-1.77998438e-06],
       [ 9.16444874e-08],
       [-1.26758974e-08]]), 2.045092074612081), (3.618358571875985e-05, array([[-1.38800892e-06],
       [ 1.00032127e-07],
       [-1.03477886e-08]]), 2.080393072204633), (3.1151113190727096e-05, array([[-1.00598069e-06],
       [ 1.66145613e-10],
       [ 6.69982829e-09]]), 1.973714923307929), (2.915433994950307e-05, array([[-7.10697153e-07],
       [-1.06896004e-07],
       [ 6.67572387e-09]]), 2.0662549210034595), (2.5615659995394648e-05, array([[-4.93217254e-07],
       [ 5.96793060e-08],
       [-2.29485406e-08]]), 2.0691665366925074), (2.2636357785010703e-05, array([[-3.08801479e-07],
       [-3.78485136e-08],
       [ 9.06233599e-09]]), 2.1355456283905254), (1.9423438564038537e-05, array([[-1.03719730e-07],
       [-1.32588311e-07],
       [-1.65487269e-09]]), 2.2129374250062375), (1.8668183840019252e-05, array([[-2.90551489e-08],
       [-2.96069053e-08],
       [-2.74964375e-10]]), 2.3774428058358947), (2.0385411859521628e-05, array([[-1.06764580e-07],
       [ 3.70091965e-08],
       [ 2.55803245e-09]]), 2.103021836242304), (2.271992773308745e-05, array([[-3.13067537e-07],
       [ 4.09149457e-08],
       [-1.12804116e-09]]), 1.9764128122259765), (2.646284035313611e-05, array([[-4.48459968e-07],
       [-4.17641474e-08],
       [ 2.50286730e-09]]), 1.9969850722426852), (3.0246684245887365e-05, array([[-6.70619288e-07],
       [ 8.60149230e-08],
       [-5.71406802e-09]]), 2.0226624593555615), (3.161042360215274e-05, array([[-9.61296931e-07],
       [-7.22966783e-08],
       [-1.99876357e-08]]), 1.904680468584846), (3.4921166984841265e-05, array([[-1.30296604e-06],
       [-2.61723098e-08],
       [ 9.20207924e-09]]), 1.9217398864873705), (3.8295263404695826e-05, array([[-1.51310694e-06],
       [ 4.54490424e-08],
       [-3.31301069e-08]]), 1.9464980045274984), (4.339859159362221e-05, array([[-1.60477834e-06],
       [-4.55306408e-08],
       [ 3.48536242e-09]]), 1.962529037239262), (4.978242551973973e-05, array([[-1.82332681e-06],
       [-6.43474176e-08],
       [-1.46906992e-08]]), 2.03284746741319), (5.375188184904444e-05, array([[-1.78879964e-06],
       [ 5.88494901e-10],
       [ 3.17856363e-08]]), 2.0082292189487116), (5.932251505467727e-05, array([[-1.96735229e-06],
       [ 1.46792255e-07],
       [-8.24234623e-09]]), 2.050211151338677), (6.486955581145737e-05, array([[-1.79729060e-06],
       [-7.05757689e-09],
       [-3.69580981e-08]]), 2.0934210126325574), (6.895156211843733e-05, array([[-2.04244194e-06],
       [ 1.69124705e-07],
       [-4.20159461e-08]]), 2.094831989912437), (7.362954011478762e-05, array([[-2.16270971e-06],
       [-1.07920015e-07],
       [ 7.67172615e-09]]), 2.121260407186666), (8.094905021215973e-05, array([[-1.95573312e-06],
       [ 3.74785402e-08],
       [-5.94708479e-08]]), 2.2259718387579412), (8.291722602081322e-05, array([[-2.08540482e-06],
       [ 3.44819285e-08],
       [-9.58721380e-09]]), 2.1892502915987357), (8.786534112499185e-05, array([[-1.90112273e-06],
       [-2.08003941e-07],
       [ 8.20126738e-09]]), 2.2396798530541417), (9.21304880702063e-05, array([[-1.35951907e-06],
       [ 5.57945767e-08],
       [-1.15706041e-08]]), 2.278780776401248), (9.671360180750195e-05, array([[-1.21356524e-06],
       [-3.27273140e-09],
       [ 1.07097257e-08]]), 2.332389741276229), (9.649841420782846e-05, array([[-1.07936092e-06],
       [-7.05433686e-08],
       [-3.02862026e-08]]), 2.2794426412152196), (9.801153758033354e-05, array([[-8.28731085e-07],
       [-7.81971201e-08],
       [-3.28517818e-09]]), 2.277616125239506), (0.00010248584660036757, array([[-4.10665445e-07],
       [ 6.65653767e-08],
       [-8.04261188e-09]]), 2.352884846378678), (9.999197484190591e-05, array([[-2.92564010e-07],
       [-1.20515900e-07],
       [ 2.37096432e-09]]), 2.2773503578062733), (0.00010318574140329125, array([[1.44250046e-07],
       [7.55572455e-08],
       [1.97314537e-08]]), 2.340875225948278), (0.0001029030539298437, array([[ 1.70628410e-07],
       [-1.76666418e-07],
       [ 8.64867187e-09]]), 2.3344621683467146), (0.0001017876851799179, array([[ 5.10849488e-07],
       [-1.57812505e-07],
       [-5.61142732e-09]]), 2.3182482557351185), (0.00010039025358217851, array([[ 7.24634416e-07],
       [-1.35367585e-08],
       [ 4.07376053e-09]]), 2.3047739196484662), (9.814405133386347e-05, array([[7.05980029e-07],
       [1.30281587e-07],
       [1.66732531e-08]]), 2.280695512312771), (9.722293425100689e-05, array([[8.03961390e-07],
       [5.09227719e-08],
       [3.13962897e-08]]), 2.2965569315835475), (9.481211897823788e-05, array([[ 1.08099728e-06],
       [ 6.78945988e-08],
       [-1.20220425e-08]]), 2.286532706057792), (9.139213918639374e-05, array([[ 1.52607572e-06],
       [ 1.21362488e-07],
       [-2.56746035e-08]]), 2.2605182524751055), (8.781310824058809e-05, array([[1.61371629e-06],
       [1.80590707e-07],
       [4.39415529e-08]]), 2.238348441403448), (8.36515879918353e-05, array([[ 2.03485032e-06],
       [ 1.84036207e-08],
       [-1.39661488e-08]]), 2.208639533573564), (7.747810667562977e-05, array([[1.56926411e-06],
       [4.67763852e-08],
       [3.45027989e-08]]), 2.1305263388294677), (7.434342659285218e-05, array([[ 1.75550802e-06],
       [-1.64843214e-07],
       [-2.73067440e-08]]), 2.1418274122064367), (6.987986960924349e-05, array([[ 1.98915021e-06],
       [-2.35051691e-09],
       [-2.80544367e-08]]), 2.123035096099874), (6.510541308608092e-05, array([[ 2.22283052e-06],
       [-7.93066907e-09],
       [-6.97928316e-09]]), 2.1010324193780305), (5.9401514739134105e-05, array([[ 1.75785724e-06],
       [-1.02700080e-07],
       [-7.69257999e-08]]), 2.0529414137673063), (5.3961135549825196e-05, array([[ 1.93413584e-06],
       [ 3.24815407e-09],
       [-9.10232617e-09]]), 2.0160471665558535), (4.961346315707521e-05, array([[ 1.98349321e-06],
       [-3.21799525e-08],
       [-1.09451367e-08]]), 2.025947950014331), (4.307220658979018e-05, array([[ 1.82629421e-06],
       [ 3.18021392e-08],
       [-2.32650587e-08]]), 1.9477695710027167), (3.8153793123253846e-05, array([[ 1.47983428e-06],
       [-6.33373858e-08],
       [ 5.77777366e-09]]), 1.9393072556973723), (3.4982905884881205e-05, array([[ 1.32440976e-06],
       [-7.26522061e-08],
       [-1.51329755e-08]]), 1.9251374277781896), (3.215766339391791e-05, array([[ 9.81309956e-07],
       [-8.41128865e-08],
       [ 1.98798545e-08]]), 1.9376543051941257), (2.8684089409338367e-05, array([[7.30877657e-07],
       [9.71030263e-09],
       [2.13836710e-08]]), 1.918168297635992), (2.6702256052759283e-05, array([[ 4.54072482e-07],
       [-3.67586744e-08],
       [-5.08454777e-09]]), 2.01505227787246), (2.3061272890119584e-05, array([[ 2.34297841e-07],
       [-2.79038000e-08],
       [-3.17539510e-11]]), 2.006106522068509), (2.2277333106231756e-05, array([[1.10119573e-07],
       [1.16469226e-07],
       [6.74522968e-09]]), 2.298198255620051), (1.7930271840269383e-05, array([[-8.00943568e-09],
       [ 3.43855995e-08],
       [-9.96597510e-10]]), 2.283467752334199), (1.9326932289602825e-05, array([[ 7.40705954e-08],
       [-2.56697678e-08],
       [ 3.84602236e-09]]), 2.2019423406012466), (2.281568526256166e-05, array([[ 2.90398832e-07],
       [ 3.12296997e-08],
       [-2.62387533e-09]]), 2.152463633237928), (2.6256692236324446e-05, array([[4.49571328e-07],
       [1.40779231e-08],
       [1.69190347e-08]]), 2.1209474575085836), (2.862041232658207e-05, array([[ 7.96209319e-07],
       [-2.13475039e-08],
       [-6.37460017e-09]]), 2.028413879833224), (3.301536584360279e-05, array([[1.08949641e-06],
       [3.02126242e-09],
       [7.92061359e-09]]), 2.0918327979170606), (3.4754072473626275e-05, array([[1.46760076e-06],
       [4.86393113e-08],
       [7.91208103e-09]]), 1.9982025045003746), (3.931856650704225e-05, array([[ 1.84148744e-06],
       [-9.82293938e-08],
       [-1.49904238e-08]]), 2.07679638723364), (4.347946370494627e-05, array([[ 2.02144445e-06],
       [-8.90266642e-08],
       [ 3.89809818e-09]]), 2.081163918534276), (4.826867893916511e-05, array([[ 2.23671110e-06],
       [-1.57629563e-07],
       [ 1.74890153e-08]]), 2.070457894647409), (5.1518052147785504e-05, array([[ 2.18108531e-06],
       [-1.52424293e-07],
       [-8.16424161e-10]]), 2.0092593501511953), (5.7060306872985904e-05, array([[ 2.05788645e-06],
       [ 2.99797587e-08],
       [-9.25932056e-09]]), 2.0477889444512476), (6.263095182782633e-05, array([[2.18478260e-06],
       [2.91393963e-08],
       [3.27405203e-08]]), 2.089357386065472), (6.715896223703401e-05, array([[ 2.26381618e-06],
       [ 1.19850101e-07],
       [-8.46984966e-09]]), 2.100864010376867), (7.283817238915911e-05, array([[ 2.25848478e-06],
       [-6.53780993e-08],
       [-5.73577302e-08]]), 2.1530828959840407), (7.672070330264896e-05, array([[ 2.15579734e-06],
       [ 7.35105613e-08],
       [-5.19041490e-08]]), 2.1577491110383193), (8.06758355574183e-05, array([[ 2.34230007e-06],
       [-1.29027706e-07],
       [ 7.23823626e-08]]), 2.172272564764615), (8.48795991127889e-05, array([[ 2.44696967e-06],
       [-1.42670620e-07],
       [ 3.66591121e-08]]), 2.2005279864388414), (8.641842429557864e-05, array([[ 1.38992861e-06],
       [ 1.55628863e-07],
       [-2.03490843e-08]]), 2.168563979610443), (9.286670231481316e-05, array([[ 1.39797406e-06],
       [-4.62144512e-08],
       [ 4.80188545e-08]]), 2.2667987038983), (9.321007004666157e-05, array([[1.39151608e-06],
       [4.71532888e-08],
       [8.45229945e-09]]), 2.2234727909189504), (9.62519288751229e-05, array([[9.39203100e-07],
       [4.45241667e-09],
       [2.58102043e-08]]), 2.2538868856546213), (9.795949378409792e-05, array([[8.11148309e-07],
       [1.09393720e-08],
       [7.11257433e-09]]), 2.2614651433411987), (0.00010190732960009072, array([[4.58395018e-07],
       [3.12664487e-09],
       [4.60476285e-09]]), 2.329077765466107), (0.00010098412849556848, array([[ 2.42396929e-07],
       [-2.64831108e-08],
       [ 2.99801886e-09]]), 2.2942736656574567), (0.00010205101506296156, array([[ 2.23118863e-07],
       [ 3.96438466e-08],
       [-3.23294065e-09]]), 2.3140896878491084)]