[(0.00010145339912811425, array([[ 2.64764684e-07],
       [-8.13414076e-08],
       [ 4.42573182e-09]]), 2.300538260935116), (0.00010264936910116784, array([[-4.78766795e-07],
       [ 9.48645251e-09],
       [ 1.63924880e-08]]), 2.332106518456476), (0.00010108391764475655, array([[-1.55239139e-07],
       [ 4.90993696e-08],
       [ 9.90063302e-09]]), 2.3102588003876017), (9.73335707385373e-05, array([[-1.29896159e-06],
       [-1.99390303e-07],
       [-1.43006063e-08]]), 2.247015261096308), (9.782467896563456e-05, array([[-1.49124076e-06],
       [-3.48529865e-08],
       [-3.10923367e-08]]), 2.2907152468609238), (9.366536223732791e-05, array([[-1.42623372e-06],
       [-8.76811357e-08],
       [ 5.86852274e-09]]), 2.2343335251438865), (9.192092239743342e-05, array([[-1.59265436e-06],
       [-4.28559272e-08],
       [-1.82848504e-08]]), 2.243713005392266), (8.857265456813486e-05, array([[-1.79153872e-06],
       [-1.30713916e-07],
       [-3.39838657e-09]]), 2.222621736517388), (8.564983255518181e-05, array([[-1.82368444e-06],
       [ 1.77504241e-09],
       [ 5.43811381e-08]]), 2.2204965096622415), (8.22020401870933e-05, array([[-1.99305367e-06],
       [ 1.26019177e-07],
       [ 4.47382239e-08]]), 2.213367056347539), (7.691905368047821e-05, array([[-1.94727174e-06],
       [-1.19355869e-07],
       [-2.17820334e-08]]), 2.1633276619771284), (7.24459120904947e-05, array([[-2.36516164e-06],
       [-4.36562488e-08],
       [-2.26121903e-08]]), 2.141487754149404), (6.674383976879497e-05, array([[-2.30217038e-06],
       [ 7.18156623e-08],
       [-2.30006872e-08]]), 2.087878165682839), (6.213376898741004e-05, array([[-2.37253609e-06],
       [-6.65102887e-08],
       [-4.77267913e-08]]), 2.0727714551553924), (5.755470165716356e-05, array([[-2.06455066e-06],
       [-2.48968517e-08],
       [ 1.06664532e-08]]), 2.0655318594251724), (5.2328555812526705e-05, array([[-2.47524792e-06],
       [-9.23360816e-09],
       [-4.20841350e-08]]), 2.0408698633367766), (4.777548354513351e-05, array([[-2.16818936e-06],
       [-1.31163713e-08],
       [ 1.15000098e-08]]), 2.0493025550023463), (4.2578912758521934e-05, array([[-1.92714573e-06],
       [-8.61750131e-09],
       [-2.42697926e-08]]), 2.0380586459113506), (3.8419959335685584e-05, array([[-1.66875509e-06],
       [-6.07563492e-08],
       [-5.21369699e-09]]), 2.029332191745193), (3.627106222804256e-05, array([[-1.39767045e-06],
       [ 1.14683521e-07],
       [-3.42813979e-09]]), 2.0854225771659958), (3.1531924949097356e-05, array([[-1.01191959e-06],
       [ 5.93100775e-08],
       [-8.21860485e-09]]), 1.99784291661156), (2.918538612767744e-05, array([[-6.77001676e-07],
       [-1.17892476e-07],
       [ 1.43459411e-08]]), 2.068455256135116), (2.5609108168751793e-05, array([[-5.10291319e-07],
       [-3.74051353e-08],
       [ 5.17140675e-09]]), 2.068637297139591), (2.4117628051341727e-05, array([[-3.21318620e-07],
       [ 4.85262976e-08],
       [ 3.55482729e-09]]), 2.275290735433442), (1.9901239528786374e-05, array([[-1.15046139e-07],
       [ 3.02699424e-08],
       [-3.11994817e-09]]), 2.267373905607164), (1.7627896853849357e-05, array([[-7.27640380e-09],
       [ 9.91992906e-10],
       [ 2.28131985e-09]]), 2.2449594945256406), (2.0638659022258458e-05, array([[-1.27005092e-07],
       [ 4.19411698e-08],
       [-2.64702534e-09]]), 2.1291475930762624), (2.3966870458657628e-05, array([[-2.26476525e-07],
       [ 8.96581749e-08],
       [ 6.29326939e-09]]), 2.084884705617601), (2.69323517826589e-05, array([[-3.68990227e-07],
       [ 1.17308139e-07],
       [-7.23375844e-09]]), 2.0324161636709803), (2.9076325653613956e-05, array([[-5.43673654e-07],
       [-1.23584509e-08],
       [-1.18029207e-08]]), 1.94439800004057), (3.270017520426499e-05, array([[-1.06087992e-06],
       [-7.63249283e-09],
       [ 1.24415893e-08]]), 1.970343258121488), (3.598862036423368e-05, array([[-1.20616378e-06],
       [ 7.06699577e-08],
       [-7.66165102e-09]]), 1.9804827039033692), (3.907117615393445e-05, array([[-1.62111324e-06],
       [-4.16525229e-08],
       [-3.73927209e-08]]), 1.9859366317571843), (4.176618689509309e-05, array([[-1.56369039e-06],
       [ 9.75896563e-09],
       [ 2.24884115e-08]]), 1.8887100144611129), (4.766191758865696e-05, array([[-1.87803061e-06],
       [ 3.55263911e-08],
       [-3.05040700e-08]]), 1.9462572875991926), (5.36998355804587e-05, array([[-1.89400842e-06],
       [-6.65731354e-08],
       [-4.85228014e-09]]), 2.0062847133106643), (6.079943404668839e-05, array([[-2.18664903e-06],
       [-1.47447662e-07],
       [ 1.92471422e-08]]), 2.1012540948864036), (6.395366271431915e-05, array([[-1.91592004e-06],
       [-3.57605453e-08],
       [-4.89923879e-09]]), 2.063864006562607), (6.826196882139253e-05, array([[-1.85192459e-06],
       [ 1.44456673e-07],
       [ 4.86259212e-09]]), 2.0738813101265707), (7.461120145557218e-05, array([[-1.99509697e-06],
       [-7.75377449e-08],
       [ 2.10218982e-08]]), 2.1495419818403403), (8.079463328926101e-05, array([[-1.97682457e-06],
       [ 5.00470223e-08],
       [-2.92795915e-09]]), 2.2217256157213607), (8.402966075173362e-05, array([[-1.64961685e-06],
       [-8.31755254e-08],
       [ 1.08860684e-08]]), 2.2186217283426606), (8.792018094409883e-05, array([[-1.94011465e-06],
       [-2.02812310e-07],
       [ 6.22889071e-09]]), 2.2410777152421955), (9.245561895152802e-05, array([[-1.45749233e-06],
       [-1.04422129e-08],
       [ 2.03596618e-09]]), 2.2868226528494193), (9.535648929100382e-05, array([[-1.18767211e-06],
       [ 4.22307585e-08],
       [-2.22420944e-08]]), 2.2996609911099597), (9.587940032530198e-05, array([[-9.82252703e-07],
       [ 2.73079104e-07],
       [-2.52021749e-08]]), 2.264820570470138), (9.844839407292626e-05, array([[-1.11480760e-06],
       [-7.07583490e-08],
       [-4.41161789e-09]]), 2.28776790345367), (0.000102579504682532, array([[-7.56435157e-07],
       [ 2.21146177e-08],
       [-9.53280263e-09]]), 2.355035062136029), (0.00010255860457831702, array([[-4.92238322e-07],
       [ 2.50981494e-07],
       [-1.20314648e-08]]), 2.335806200465782), (0.00010313899784206462, array([[-6.34540250e-08],
       [ 7.76027838e-08],
       [ 1.27003364e-08]]), 2.339814799934374), (0.0001026729121611161, array([[2.92914256e-07],
       [1.09224805e-07],
       [1.17235621e-08]]), 2.329241164382952), (0.00010225944958162185, array([[-1.50628491e-07],
       [ 1.69128562e-07],
       [-6.44845355e-09]]), 2.328992846295705), (0.00010043995240973714, array([[ 7.39784868e-07],
       [ 1.32943547e-07],
       [-3.01216853e-09]]), 2.3059149124989373), (9.66668204028126e-05, array([[ 8.13199926e-07],
       [-1.01919533e-07],
       [-5.85889245e-09]]), 2.246367257983465), (9.697850993504758e-05, array([[ 9.86305681e-07],
       [-1.46931610e-07],
       [ 1.22855894e-08]]), 2.2907832490528937), (9.257422922932873e-05, array([[1.30999287e-06],
       [3.35744557e-07],
       [1.25322746e-08]]), 2.2325627267072967), (9.097972750040486e-05, array([[1.90707088e-06],
       [1.29605348e-09],
       [1.44718064e-08]]), 2.2503175486507803), (8.519727922813141e-05, array([[1.51449772e-06],
       [8.48236469e-08],
       [1.50571937e-08]]), 2.1716711888801847), (8.245220667629815e-05, array([[1.79673125e-06],
       [4.15960023e-08],
       [3.03722844e-08]]), 2.1769724600257985), (7.994881301796902e-05, array([[1.64105929e-06],
       [4.21220540e-08],
       [5.66900360e-08]]), 2.198466885697819), (7.35024187592235e-05, array([[ 1.95440720e-06],
       [ 2.28797289e-08],
       [-3.69136847e-09]]), 2.1175980524028972), (6.879733407274128e-05, array([[2.12991474e-06],
       [1.89421943e-08],
       [2.05778156e-08]]), 2.090146355041527), (6.494628580788013e-05, array([[1.95054657e-06],
       [1.03469616e-07],
       [2.45810304e-09]]), 2.0958971847721894), (5.9841895837006666e-05, array([[ 1.75458294e-06],
       [-3.44763578e-08],
       [ 1.92869212e-08]]), 2.0681611703279463), (5.413551364328261e-05, array([[ 1.94610629e-06],
       [-9.96556358e-08],
       [-1.39863302e-08]]), 2.022562123249076), (4.975636710745165e-05, array([[ 1.80179495e-06],
       [-6.29939360e-08],
       [-2.08872280e-08]]), 2.0317833815059307), (4.419856392380641e-05, array([[1.82158079e-06],
       [4.73056642e-08],
       [1.64521631e-08]]), 1.9987046104393213), (3.912522108187703e-05, array([[1.70645811e-06],
       [6.54017880e-08],
       [6.36363066e-09]]), 1.9886836645503374), (3.466552371431912e-05, array([[ 1.18002286e-06],
       [ 1.16955299e-07],
       [-1.13684145e-08]]), 1.907671631841477), (3.1174622216122576e-05, array([[ 9.01403286e-07],
       [-6.07421487e-08],
       [-2.63960642e-08]]), 1.8784213333514488), (2.946588280108116e-05, array([[ 6.83252990e-07],
       [-5.03211986e-08],
       [-2.81388488e-09]]), 1.9704485453350569), (2.5324096430367973e-05, array([[ 4.72720921e-07],
       [-7.79949328e-08],
       [ 3.57790348e-09]]), 1.91105118969158), (2.3432997744410497e-05, array([[2.78272818e-07],
       [4.76949850e-08],
       [9.38071499e-09]]), 2.0384429701978513), (2.0354702150525116e-05, array([[ 1.70582349e-07],
       [-2.05832476e-08],
       [-1.27456405e-09]]), 2.0998537281339456), (1.7427148914903955e-05, array([[ 4.17762213e-08],
       [-9.29098579e-09],
       [ 1.36796231e-09]]), 2.219393711194913), (1.967391979668207e-05, array([[9.76478239e-08],
       [5.29592525e-08],
       [2.68020721e-09]]), 2.2414750751319352), (2.353603719887393e-05, array([[ 2.68941391e-07],
       [ 2.82127644e-08],
       [-7.40086054e-09]]), 2.2204226416219077), (2.5725830672893865e-05, array([[ 4.79892565e-07],
       [-5.19861773e-09],
       [-6.73140423e-09]]), 2.0780658381060655), (2.9877622541023705e-05, array([[ 7.58209499e-07],
       [ 3.47539806e-08],
       [-5.00628158e-09]]), 2.117516112873836), (3.220667387839261e-05, array([[ 1.03302920e-06],
       [-7.46184497e-08],
       [ 1.16135532e-08]]), 2.0405945840425828), (3.653073805616523e-05, array([[ 1.49362591e-06],
       [ 2.24281199e-08],
       [-2.54629336e-10]]), 2.1003527667288675), (3.8448912692620735e-05, array([[ 1.69279178e-06],
       [-1.86889296e-08],
       [ 4.26676596e-09]]), 2.030861500476996), (4.315925957938807e-05, array([[ 2.11980774e-06],
       [-7.43318676e-09],
       [-2.41601127e-08]]), 2.0658372052794904), (4.6717101867274815e-05, array([[2.21512269e-06],
       [9.84717918e-08],
       [1.89158584e-09]]), 2.0039038668958313), (5.3105674098547714e-05, array([[ 2.27083560e-06],
       [-1.85896271e-08],
       [ 5.66123271e-10]]), 2.0711783109054474), (5.628812047221268e-05, array([[2.11150271e-06],
       [1.10451030e-07],
       [3.11062511e-08]]), 2.020076601822617), (6.099812276860425e-05, array([[ 2.30921225e-06],
       [ 6.65334951e-08],
       [-5.22347409e-08]]), 2.0348864997783465), (6.583272125624867e-05, array([[ 2.04518395e-06],
       [-9.56164877e-08],
       [-9.81489350e-09]]), 2.059376592274947), (7.174374283242649e-05, array([[ 2.24550494e-06],
       [-1.45236904e-07],
       [ 6.00373016e-08]]), 2.1207317608282783), (7.775448613991596e-05, array([[1.91453662e-06],
       [3.01915204e-08],
       [4.54961328e-09]]), 2.186823974824696), (8.035906584127828e-05, array([[ 1.94250977e-06],
       [-6.50963978e-09],
       [-1.83379978e-08]]), 2.1637432429551184), (8.332344453438786e-05, array([[ 1.71786549e-06],
       [-1.15800057e-07],
       [ 3.52448333e-08]]), 2.160184232029185), (8.821764815317581e-05, array([[ 1.60256957e-06],
       [-3.71890594e-08],
       [ 2.35726823e-08]]), 2.2137132875345937), (9.029545007188886e-05, array([[ 1.71006228e-06],
       [-4.48855789e-08],
       [ 3.36594579e-08]]), 2.204036582423392), (9.584235609873151e-05, array([[ 1.53265706e-06],
       [-1.24768503e-08],
       [-1.87570693e-09]]), 2.2862644658073292), (9.931395677523742e-05, array([[ 1.02366065e-06],
       [-8.61001255e-08],
       [ 9.82860329e-09]]), 2.3255889762852484), (9.985431371907304e-05, array([[ 8.98674491e-07],
       [ 2.14585603e-07],
       [-1.01202435e-08]]), 2.305208419978566), (0.00010092971976502782, array([[2.98386723e-07],
       [5.02710922e-08],
       [7.40135174e-09]]), 2.306734629412192), (0.00010122924643037737, array([[ 6.69236115e-07],
       [ 5.45442292e-09],
       [-6.54120992e-09]]), 2.299842537035468), (0.00010332524395781954, array([[1.95760548e-08],
       [9.04987390e-08],
       [3.84480286e-09]]), 2.3429838634115074)]