[(0.00010180843275274934, array([[-7.37241440e-08],
       [ 1.47552201e-07],
       [-1.69054056e-09]]), 2.3085889368553985), (0.0001023915120990877, array([[-6.04304245e-07],
       [-3.77566469e-08],
       [-1.49356381e-09]]), 2.3262482262853075), (0.00010012059345807799, array([[-6.84912213e-07],
       [ 6.93946782e-08],
       [-9.86505017e-09]]), 2.28824216082955), (0.00010249750241233094, array([[-7.04076126e-07],
       [ 2.52739173e-08],
       [ 1.03420750e-08]]), 2.366228325923065), (9.614913677128487e-05, array([[-1.19857863e-06],
       [ 9.34274320e-08],
       [-6.80739000e-09]]), 2.2514798505177986), (9.47163997710107e-05, array([[-1.38837564e-06],
       [-1.84283977e-08],
       [-3.30308787e-08]]), 2.2594054230322618), (9.171380484092258e-05, array([[-9.60100645e-07],
       [ 1.47591466e-07],
       [ 2.57526323e-08]]), 2.238657438682663), (8.791182412630269e-05, array([[-1.64674879e-06],
       [-2.34245548e-07],
       [-6.52906878e-08]]), 2.2060390100389955), (8.499955066260295e-05, array([[-1.85241346e-06],
       [ 6.71126251e-08],
       [-2.18316369e-09]]), 2.2036377648207073), (8.223379120100304e-05, array([[-2.31222759e-06],
       [ 1.29868573e-07],
       [ 7.74733510e-09]]), 2.21422198218677), (7.43089449358792e-05, array([[-2.16126065e-06],
       [ 5.10681506e-09],
       [ 5.36128302e-08]]), 2.0899190567254955), (7.074132894975276e-05, array([[-1.92134936e-06],
       [-6.33735852e-08],
       [-1.11332088e-08]]), 2.0911005919687606), (6.63981032135426e-05, array([[-2.10651386e-06],
       [-1.30711233e-07],
       [ 3.38315347e-08]]), 2.0770628483847875), (6.172884721650376e-05, array([[-2.27166318e-06],
       [ 1.20838674e-07],
       [ 3.14177138e-08]]), 2.059263337074296), (5.698619141481063e-05, array([[-2.34009642e-06],
       [-4.68949882e-08],
       [-1.34049255e-08]]), 2.0451290776509863), (5.3342976637524845e-05, array([[-2.37578067e-06],
       [-1.79835222e-07],
       [ 3.14614446e-08]]), 2.080433364723993), (4.727806631799903e-05, array([[-2.07246878e-06],
       [ 1.28086044e-08],
       [-9.06683299e-09]]), 2.027966122195635), (4.3404654177468624e-05, array([[-2.18562826e-06],
       [-6.60075617e-08],
       [-5.07109045e-09]]), 2.0775831271426046), (3.864565727098611e-05, array([[-1.68098240e-06],
       [ 3.89373924e-08],
       [-2.54684855e-08]]), 2.041253497588179), (3.6257409233950054e-05, array([[-1.50941551e-06],
       [ 8.77838814e-08],
       [ 1.71782375e-08]]), 2.0846375915499853), (3.315324305650402e-05, array([[-1.10161030e-06],
       [-3.23739916e-08],
       [-9.04659425e-09]]), 2.100568611337952), (3.055850309485861e-05, array([[-7.96357753e-07],
       [-6.58126767e-09],
       [-8.45416676e-10]]), 2.165772146020658), (2.5583652228926184e-05, array([[-5.05705687e-07],
       [ 4.17355127e-08],
       [ 4.34514489e-09]]), 2.0665810323837084), (2.236192748035975e-05, array([[-2.13562132e-07],
       [-3.22661813e-08],
       [ 1.20343745e-09]]), 2.109655489925613), (1.991565229776131e-05, array([[-1.17229476e-07],
       [-8.49276362e-08],
       [-3.30248678e-09]]), 2.2690159709787223), (1.7881193575109826e-05, array([[-2.69217113e-09],
       [-2.61029628e-09],
       [-2.09482427e-09]]), 2.2772175048850407), (2.1790135919997056e-05, array([[-9.38127405e-08],
       [-2.27208070e-08],
       [ 2.10969971e-09]]), 2.2479374942350043), (2.3062119630826282e-05, array([[-2.33753851e-07],
       [-9.18508985e-08],
       [-3.38694501e-09]]), 2.006180180277329), (2.6810710728571163e-05, array([[-4.32760098e-07],
       [ 4.49268029e-08],
       [-1.08645830e-08]]), 2.023236674018945), (3.0427029598195628e-05, array([[-6.99939161e-07],
       [ 8.82370802e-08],
       [-1.35606709e-09]]), 2.0347225506656614), (3.1484825277507864e-05, array([[-9.38070423e-07],
       [-1.28046706e-07],
       [ 2.67320615e-08]]), 1.8971125638060633), (3.522121881798181e-05, array([[-1.25179715e-06],
       [-2.81601598e-08],
       [-2.19470390e-08]]), 1.9382519800268028), (3.759410636952726e-05, array([[-1.56898732e-06],
       [-2.36120772e-08],
       [ 7.26412972e-09]]), 1.910859112182168), (4.3788389830559795e-05, array([[-1.66397013e-06],
       [ 8.21083231e-08],
       [ 1.58218832e-08]]), 1.9801561152287497), (5.096705231321523e-05, array([[-2.00947131e-06],
       [ 6.52548684e-08],
       [-1.31865200e-08]]), 2.0812212770820575), (5.358300478090552e-05, array([[-1.84328574e-06],
       [-1.03254654e-07],
       [ 5.23200746e-08]]), 2.001919786590615), (5.933500202879436e-05, array([[-2.02721288e-06],
       [-2.15165961e-09],
       [ 1.63881234e-09]]), 2.0506427064330244), (6.548705333112258e-05, array([[-1.80321135e-06],
       [-2.51186647e-09],
       [-4.55205100e-09]]), 2.11334842336854), (6.845330851159332e-05, array([[-1.74345368e-06],
       [ 6.70629007e-08],
       [-1.16125655e-08]]), 2.0796944417171805), (7.428561994347856e-05, array([[-2.14757485e-06],
       [-1.16324276e-09],
       [ 2.08233541e-08]]), 2.1401620078538204), (7.990816293616205e-05, array([[-1.73276318e-06],
       [-4.46859422e-08],
       [ 1.42951763e-09]]), 2.1973490722446876), (8.237898910755797e-05, array([[-1.79837024e-06],
       [ 6.43185083e-08],
       [-1.86522180e-08]]), 2.175039308238083), (8.550248176594353e-05, array([[-1.44325677e-06],
       [-1.48624963e-07],
       [ 3.46933573e-08]]), 2.179450774849884), (9.126170916308658e-05, array([[-1.37051218e-06],
       [-1.21225771e-07],
       [ 2.91749222e-08]]), 2.2572921604831526), (9.527277211597813e-05, array([[-7.07861103e-07],
       [ 7.02559080e-08],
       [-2.38516239e-08]]), 2.2976420291795874), (9.590708269105339e-05, array([[-1.20117208e-06],
       [ 2.12771953e-07],
       [-3.98478432e-08]]), 2.265474471007483), (9.880098006164447e-05, array([[-9.72975349e-07],
       [ 7.91465905e-08],
       [-1.77497361e-08]]), 2.2959613830507015), (0.00010143997190420481, array([[-6.37407132e-07],
       [-8.28752972e-08],
       [ 3.47385269e-08]]), 2.328873504272017), (0.00010183322656981269, array([[-4.76386971e-07],
       [ 1.09240581e-07],
       [-1.32319775e-08]]), 2.3192854759794024), (0.00010162261873817628, array([[ 5.02852002e-07],
       [-1.40728089e-08],
       [ 9.40936040e-09]]), 2.305414172200699), (0.00010342150893510344, array([[-4.63166171e-08],
       [ 5.57641311e-08],
       [ 4.04884215e-10]]), 2.346223856164007), (0.00010160993244686986, array([[ 2.20353525e-07],
       [-4.10545034e-08],
       [ 2.26881796e-09]]), 2.314199878344353), (0.00010069590558312899, array([[ 3.34898321e-07],
       [-3.22888317e-08],
       [ 2.19165127e-09]]), 2.3117911223662815), (0.00010042527989666085, array([[ 9.79886331e-07],
       [-3.06696022e-08],
       [-1.05225861e-08]]), 2.333707260605421), (9.716167234189247e-05, array([[ 1.09748357e-06],
       [-6.76638737e-08],
       [ 1.62332000e-08]]), 2.2951098300009565), (9.177374856935863e-05, array([[ 1.43595904e-06],
       [-3.25086515e-08],
       [-8.87760114e-09]]), 2.213257966626906), (9.204155269388241e-05, array([[1.72363601e-06],
       [2.65493313e-08],
       [2.28597324e-08]]), 2.2765810243956532), (8.786458720660677e-05, array([[ 1.33995596e-06],
       [ 8.70896967e-09],
       [-2.84321714e-08]]), 2.239660635740508), (8.283746139253981e-05, array([[ 1.52542049e-06],
       [-1.82608744e-08],
       [-9.15284796e-09]]), 2.1871442788425557), (7.907240144488062e-05, array([[ 1.74961092e-06],
       [ 8.41849775e-08],
       [-1.75055142e-08]]), 2.1743669428851082), (7.445664198970766e-05, array([[ 2.29860280e-06],
       [-3.97345391e-08],
       [-3.54825634e-09]]), 2.14508913757453), (7.099296951701095e-05, array([[ 2.12082353e-06],
       [-1.14154181e-07],
       [-3.60971980e-08]]), 2.156852419785081), (6.592621315944838e-05, array([[2.05596422e-06],
       [6.66871464e-09],
       [2.85090067e-08]]), 2.1275206556433126), (5.9382699380263184e-05, array([[ 1.93416339e-06],
       [-3.98592453e-10],
       [ 3.56469968e-08]]), 2.0522911470256138), (5.384508247120158e-05, array([[ 1.97827996e-06],
       [ 1.87203250e-07],
       [-3.75546281e-09]]), 2.011711296342129), (4.858776175275171e-05, array([[ 1.58393159e-06],
       [-9.26024633e-08],
       [-3.19461564e-08]]), 1.9840638015355796), (4.414626921233925e-05, array([[ 1.80824653e-06],
       [-1.39728853e-08],
       [ 6.92851877e-09]]), 1.9963397896933084), (3.777814264886292e-05, array([[ 1.41880103e-06],
       [ 4.98255666e-08],
       [-2.85041017e-09]]), 1.9202134348487059), (3.443120096648239e-05, array([[ 1.21919193e-06],
       [ 6.29615347e-09],
       [-3.30974765e-09]]), 1.894776662694981), (3.157523022550987e-05, array([[8.92392652e-07],
       [8.92444866e-08],
       [8.30270081e-09]]), 1.9025598979161658), (2.96436180954615e-05, array([[7.02784554e-07],
       [3.78524159e-08],
       [1.00276968e-08]]), 1.9823340963172114), (2.6911100754404474e-05, array([[ 4.82690676e-07],
       [-6.11459514e-08],
       [-1.62758868e-09]]), 2.0308124814650044), (2.5385646739524048e-05, array([[ 3.31171442e-07],
       [-9.27652927e-08],
       [ 1.82998517e-09]]), 2.208304447622461), (2.037017346868124e-05, array([[ 1.26005972e-07],
       [-1.27172675e-07],
       [ 2.79016624e-09]]), 2.1014497969375583), (1.7816069883372113e-05, array([[ 3.14425917e-08],
       [-1.55467273e-08],
       [-3.16318733e-10]]), 2.268923829734949), (1.9514982530088776e-05, array([[7.75570356e-08],
       [5.06943581e-08],
       [1.81101332e-09]]), 2.2233671472121244), (2.2203343603641698e-05, array([[ 3.02066707e-07],
       [-6.12671758e-08],
       [-8.11936591e-10]]), 2.094694465370566), (2.6591711339381496e-05, array([[4.90747571e-07],
       [9.50808473e-08],
       [1.10531637e-10]]), 2.148009431212287), (2.925332745101721e-05, array([[7.04762131e-07],
       [1.25273492e-08],
       [1.11729094e-08]]), 2.0732704601127554), (3.2392671887724234e-05, array([[1.09512473e-06],
       [6.48107002e-08],
       [5.94869085e-09]]), 2.0523793008350686), (3.6593229021315814e-05, array([[ 1.47438228e-06],
       [-1.63613826e-07],
       [-1.68278936e-08]]), 2.1039457155312644), (3.804780658447958e-05, array([[1.75272114e-06],
       [5.77624428e-09],
       [7.22964162e-09]]), 2.0096751808756523), (4.202509461255007e-05, array([[ 1.98630756e-06],
       [-1.67168568e-07],
       [ 1.39206351e-08]]), 2.0115498933966545), (4.563251707615295e-05, array([[2.06755049e-06],
       [5.88960090e-08],
       [2.11830979e-08]]), 1.9573812109511146), (5.151926881478839e-05, array([[ 2.14245621e-06],
       [-8.03081227e-09],
       [-2.19923214e-08]]), 2.0093068014706774), (5.8714027759405466e-05, array([[ 2.37844946e-06],
       [ 3.85692899e-08],
       [-4.13099579e-08]]), 2.1071379303576196), (6.130709628711274e-05, array([[ 2.71382393e-06],
       [ 3.39116121e-10],
       [-9.91064683e-09]]), 2.045193801266738), (6.780011257359077e-05, array([[2.36037525e-06],
       [2.23966849e-08],
       [7.15249647e-09]]), 2.12092044994124), (7.021411059648557e-05, array([[ 2.16182892e-06],
       [-2.54004456e-08],
       [-7.27377742e-09]]), 2.07551611501616), (7.626477131495918e-05, array([[1.97244208e-06],
       [1.31325204e-07],
       [1.52703044e-08]]), 2.1449261467173235), (8.00109772226404e-05, array([[ 2.09315066e-06],
       [-7.59093216e-08],
       [ 2.27280770e-08]]), 2.154370630311575), (8.542088762101847e-05, array([[ 1.51816455e-06],
       [-4.69207289e-08],
       [-4.68253374e-08]]), 2.2145610464856276), (8.814396481594873e-05, array([[2.06885066e-06],
       [9.38878491e-08],
       [8.07977322e-09]]), 2.211864294888516), (9.176784046106944e-05, array([[1.84432992e-06],
       [7.99508024e-08],
       [1.02300600e-08]]), 2.239976403076359), (9.409301566326045e-05, array([[ 1.33075680e-06],
       [-4.74790133e-08],
       [ 6.31114065e-09]]), 2.244534952479241), (9.829512904848503e-05, array([[1.04304778e-06],
       [1.49224117e-07],
       [1.43291582e-11]]), 2.301731558788215), (0.00010170857722391712, array([[ 8.21327366e-07],
       [-8.92737109e-08],
       [-4.18783071e-09]]), 2.348015422350554), (0.00010001429041675817, array([[4.72420419e-07],
       [9.55234174e-08],
       [2.38672545e-09]]), 2.285812619687505), (9.988010791801318e-05, array([[ 2.70477301e-07],
       [-2.64152023e-08],
       [ 1.04768128e-08]]), 2.2691912554295937), (0.00010184340835444766, array([[ 1.39007302e-07],
       [ 8.12751072e-08],
       [-2.62021721e-09]]), 2.3093820370432456)]