[(0.00010436263712112956, array([[-8.36768035e-08],
       [ 1.05499589e-07],
       [ 5.10226774e-09]]), 2.3665075963207767), (0.00010157189943856916, array([[-4.13177509e-07],
       [-2.70514183e-08],
       [ 7.09692960e-09]]), 2.3076273224751644), (0.00010229406113584448, array([[-3.84808169e-07],
       [-1.05928215e-07],
       [-3.06608222e-09]]), 2.337916460628303), (0.0001005023913733405, array([[-6.26101034e-07],
       [-1.83479372e-07],
       [-1.39772335e-08]]), 2.320169757248585), (9.71463694111249e-05, array([[-9.95437850e-07],
       [-3.69434055e-08],
       [ 2.54408075e-09]]), 2.274831585855989), (9.51377195756905e-05, array([[-1.12497558e-06],
       [ 8.14126381e-08],
       [ 5.88301645e-08]]), 2.269455765463202), (9.248240922403724e-05, array([[-1.33164331e-06],
       [-1.38098290e-08],
       [-9.07855293e-09]]), 2.257418430254741), (8.863339493647166e-05, array([[-1.61332412e-06],
       [-1.87001968e-07],
       [-9.58469188e-09]]), 2.2241459412915106), (8.502048646642386e-05, array([[-1.93439440e-06],
       [-6.49407099e-09],
       [ 2.86010828e-08]]), 2.204180531548025), (8.084251199637711e-05, array([[-2.14781641e-06],
       [-1.09652401e-07],
       [ 1.02334898e-08]]), 2.176760484264192), (7.509037098533285e-05, array([[-2.17129266e-06],
       [ 4.98345058e-08],
       [ 6.03687052e-08]]), 2.1118964538421428), (7.165245312042478e-05, array([[-1.85326160e-06],
       [-1.07141883e-07],
       [-1.56411010e-08]]), 2.1180332538360913), (6.665881345245783e-05, array([[-2.45488225e-06],
       [-6.64223469e-08],
       [-3.09807782e-08]]), 2.085218375805545), (6.175923826382283e-05, array([[-2.24190354e-06],
       [ 2.10400590e-08],
       [-3.75768486e-08]]), 2.0602771769942274), (5.6221809314970776e-05, array([[-2.09039823e-06],
       [ 2.85591353e-08],
       [ 7.49887401e-11]]), 2.017696816957528), (5.2867337589216226e-05, array([[-2.61085942e-06],
       [ 1.87900156e-08],
       [ 2.64479127e-08]]), 2.0618829311328777), (4.840447335712206e-05, array([[-2.24640334e-06],
       [-3.66330592e-08],
       [-1.85599739e-08]]), 2.07628271999766), (4.033343926627625e-05, array([[-1.96409212e-06],
       [-8.47013365e-10],
       [ 1.02147736e-08]]), 1.9305780559068508), (3.818292735340246e-05, array([[-1.69518460e-06],
       [ 7.90021101e-08],
       [-2.66103704e-08]]), 2.016812224508436), (3.6841973076416016e-05, array([[-1.36840862e-06],
       [ 2.25274240e-09],
       [ 2.73969829e-09]]), 2.118247377423059), (3.301225916884112e-05, array([[-1.08426579e-06],
       [-9.53869838e-08],
       [ 8.22363158e-09]]), 2.091635960959696), (2.910452156532324e-05, array([[-8.07173335e-07],
       [ 2.82220611e-08],
       [-1.21634757e-08]]), 2.06272414371108), (2.6208925906089315e-05, array([[-4.71504448e-07],
       [ 3.55517162e-08],
       [-5.24234422e-09]]), 2.1170890173153176), (2.374946880513434e-05, array([[-2.69853453e-07],
       [ 6.65004325e-08],
       [-3.42012826e-09]]), 2.2405580776332394), (1.9554176953409878e-05, array([[-8.11181440e-08],
       [ 1.71602063e-08],
       [-1.75037447e-09]]), 2.2278326184484807), (1.8689812474274772e-05, array([[-2.32434038e-08],
       [ 1.30826102e-07],
       [-4.93300883e-10]]), 2.3801972698668634), (2.134587505740743e-05, array([[-1.22671505e-07],
       [ 2.68250531e-08],
       [ 6.49649617e-09]]), 2.2021061761604845), (2.4462167297949474e-05, array([[-2.78813660e-07],
       [-4.72374403e-08],
       [ 2.96779062e-10]]), 2.1279707149804667), (2.5367917985964167e-05, array([[-4.08020204e-07],
       [ 1.47364100e-08],
       [ 1.14461896e-08]]), 1.9143581284479738), (2.907818686286091e-05, array([[-6.44107093e-07],
       [ 3.37591826e-09],
       [-3.19458781e-10]]), 1.9445224632062583), (3.185206317419733e-05, array([[-9.08895760e-07],
       [ 1.20020575e-07],
       [-7.53075645e-09]]), 1.919240418147787), (3.4778162072855914e-05, array([[-1.18964861e-06],
       [-3.11994522e-08],
       [ 2.32095873e-08]]), 1.9138702112429788), (3.875178475596361e-05, array([[-1.63102534e-06],
       [ 8.45140594e-08],
       [-3.76153256e-08]]), 1.9697023859643414), (4.2093614936071964e-05, array([[-1.56657651e-06],
       [ 4.54062735e-08],
       [-1.52796455e-08]]), 1.9035166479123664), (4.905069146881222e-05, array([[-1.70608414e-06],
       [ 8.67194762e-08],
       [ 4.65291492e-08]]), 2.002967370235961), (5.465112870552375e-05, array([[-1.92347870e-06],
       [ 1.32112259e-09],
       [-4.57400503e-09]]), 2.0418260670981625), (5.981441925902906e-05, array([[-1.79403457e-06],
       [ 3.73821264e-08],
       [ 3.65328715e-08]]), 2.067211568199339), (6.619263458348433e-05, array([[-2.00121478e-06],
       [ 9.11721629e-08],
       [-5.03170649e-10]]), 2.136118405393803), (6.962120949057842e-05, array([[-2.05671937e-06],
       [ 1.42268802e-07],
       [ 8.33413609e-09]]), 2.1151766883358376), (7.423415791177081e-05, array([[-1.97855327e-06],
       [ 1.56953923e-07],
       [-1.74597705e-08]]), 2.138679391363688), (7.819844681284321e-05, array([[-2.18509573e-06],
       [ 6.30527562e-08],
       [ 9.37940400e-09]]), 2.1503345620953587), (8.28833552802155e-05, array([[-1.67891926e-06],
       [ 2.73528917e-08],
       [-4.81350114e-08]]), 2.188356007837824), (8.727267658978908e-05, array([[-1.37238284e-06],
       [ 1.72020199e-08],
       [ 5.09979052e-08]]), 2.2245728859369818), (8.998004593380041e-05, array([[-1.66774226e-06],
       [ 1.49283429e-07],
       [-2.56052495e-08]]), 2.2255911504278054), (9.420362898814281e-05, array([[-9.38789650e-07],
       [-7.53765004e-08],
       [ 2.87958297e-08]]), 2.271858081351003), (9.756787728879633e-05, array([[-1.24711376e-06],
       [-3.67515192e-08],
       [ 4.92547413e-10]]), 2.3047050226748085), (9.798588941962536e-05, array([[-9.15755420e-07],
       [-7.76047054e-08],
       [-8.47075996e-09]]), 2.277020106996615), (0.00010057266302889771, array([[-4.09519260e-07],
       [-7.68425506e-08],
       [-6.33398073e-09]]), 2.3089617020326574), (0.00010301584668290172, array([[-6.00193236e-07],
       [ 4.69343674e-08],
       [ 1.44475199e-11]]), 2.346220040897741), (0.00010216193737449449, array([[ 1.75900840e-07],
       [-6.81390604e-08],
       [ 6.14273491e-09]]), 2.317649173059153), (0.00010102504576335005, array([[ 1.66386907e-07],
       [-2.28077867e-08],
       [-2.18121595e-10]]), 2.291857611444889), (0.00010136946296663666, array([[ 3.21820378e-07],
       [-5.41932866e-08],
       [ 1.41833580e-09]]), 2.308723106256229), (0.00010020797331105637, array([[ 8.47089667e-07],
       [-4.20103955e-08],
       [-1.42216976e-08]]), 2.3005891028962617), (9.840270587024057e-05, array([[ 7.00597613e-07],
       [ 1.15880845e-07],
       [-9.67334907e-09]]), 2.286706189805061), (9.898606494755122e-05, array([[ 7.90774306e-07],
       [-8.03178850e-09],
       [ 6.06369787e-09]]), 2.3382048210823636), (9.473114039631687e-05, array([[ 1.56956751e-06],
       [ 1.18357256e-07],
       [-1.92090716e-08]]), 2.284579789299386), (9.13231919382189e-05, array([[1.22232316e-06],
       [1.39179482e-07],
       [1.14032147e-09]]), 2.25881289231673), (8.743106321563781e-05, array([[ 1.84859311e-06],
       [ 3.79893100e-08],
       [-3.08110508e-08]]), 2.228610147163817), (8.416481456130329e-05, array([[ 1.89247540e-06],
       [-9.20570444e-08],
       [-7.55683828e-09]]), 2.222190172816873), (7.82273681280648e-05, array([[ 1.88409233e-06],
       [ 1.37494226e-10],
       [-1.94394947e-08]]), 2.1511298528746106), (7.408052249975971e-05, array([[ 1.80984835e-06],
       [ 9.52555512e-09],
       [-3.65624740e-09]]), 2.1342531690060182), (7.007745925448446e-05, array([[1.95125216e-06],
       [8.11068290e-08],
       [5.58597935e-08]]), 2.129038108896238), (6.669852829944892e-05, array([[ 2.12802712e-06],
       [-1.21058204e-07],
       [-5.85625428e-08]]), 2.152444222981288), (5.979123313083049e-05, array([[ 1.76961754e-06],
       [-4.27747560e-09],
       [ 5.38163734e-09]]), 2.066410245825442), (5.344418546611577e-05, array([[ 2.02688227e-06],
       [-3.11030408e-08],
       [ 9.93145915e-09]]), 1.9967333448415034), (4.8754775412729924e-05, array([[ 1.82962437e-06],
       [-4.57066874e-08],
       [-3.10490349e-08]]), 1.9908837443600909), (4.195856439395614e-05, array([[ 1.60342132e-06],
       [-4.69033995e-08],
       [-6.91311869e-09]]), 1.8974095232185764), (3.7830717416344907e-05, array([[1.53266085e-06],
       [4.01412109e-08],
       [1.10289277e-08]]), 1.9228857413141482), (3.6021048077723897e-05, array([[ 1.25522370e-06],
       [-5.21480682e-10],
       [-4.00494215e-09]]), 1.9822672270399748), (3.124992645675878e-05, array([[ 9.30598797e-07],
       [ 2.97992708e-08],
       [-2.89048321e-09]]), 1.8829587770170766), (2.9591910265343324e-05, array([[ 6.80954918e-07],
       [-2.88159990e-08],
       [ 1.41890071e-08]]), 1.9788762797187196), (2.632295013009129e-05, array([[4.57009349e-07],
       [5.20936828e-08],
       [1.01548836e-08]]), 1.9864284319332826), (2.339894513435241e-05, array([[ 2.77225058e-07],
       [ 7.80494727e-08],
       [-6.77117306e-09]]), 2.0354807242083743), (2.084735192796237e-05, array([[ 1.31226678e-07],
       [ 6.16419662e-08],
       [-8.43723368e-11]]), 2.1506769956111995), (1.8939372191397774e-05, array([[ 3.60803258e-08],
       [-7.90957486e-08],
       [ 1.82697528e-09]]), 2.4119793628216493), (2.0909838463304737e-05, array([[ 8.06561425e-08],
       [ 2.01322117e-08],
       [-4.25881691e-09]]), 2.38228488399332), (2.246182527343284e-05, array([[2.84233299e-07],
       [6.52221014e-08],
       [1.07756169e-09]]), 2.119079987334134), (2.523351178923851e-05, array([[ 4.79524534e-07],
       [-1.06709761e-07],
       [-5.08115372e-09]]), 2.038297596349865), (2.827469166921386e-05, array([[ 7.52439948e-07],
       [ 3.34006592e-08],
       [-2.14822734e-09]]), 2.0039116269673762), (3.258754418459366e-05, array([[ 1.10298001e-06],
       [ 1.32426708e-08],
       [-1.98123543e-09]]), 2.0647262868999188), (3.5657543127880216e-05, array([[1.43986612e-06],
       [5.19624877e-08],
       [2.76871075e-09]]), 2.0501479944984986), (3.837249582897763e-05, array([[1.79562195e-06],
       [1.45146800e-07],
       [2.80076573e-09]]), 2.0268251817493206), (4.114215368283744e-05, array([[ 2.03563985e-06],
       [-1.66263153e-08],
       [-2.08043431e-10]]), 1.9692875320762686), (4.779133915680982e-05, array([[ 2.14668029e-06],
       [-1.92520212e-08],
       [ 1.71720033e-09]]), 2.049982672567012), (5.221109994662407e-05, array([[ 2.09266612e-06],
       [-8.14273184e-08],
       [ 1.24423868e-08]]), 2.0362889584508936), (5.72889949611067e-05, array([[ 2.31600775e-06],
       [-2.01744781e-08],
       [-1.24113670e-08]]), 2.055996137231053), (6.206547329683988e-05, array([[ 2.25142868e-06],
       [-5.58999593e-08],
       [-4.36495191e-08]]), 2.0704931230948898), (6.644175315765801e-05, array([[2.38426898e-06],
       [1.71078037e-07],
       [4.68453760e-08]]), 2.0784283042166294), (7.144617534438797e-05, array([[ 2.49213098e-06],
       [ 1.78899954e-07],
       [-1.22184395e-08]]), 2.111935720951363), (7.644120850139046e-05, array([[ 2.18386456e-06],
       [ 2.36434102e-08],
       [-3.29249712e-09]]), 2.1498883950517063), (8.025730936582639e-05, array([[ 2.29538970e-06],
       [ 7.38813287e-08],
       [-9.45076268e-09]]), 2.1610033543827343), (8.319161977233504e-05, array([[ 1.98437518e-06],
       [-2.41782306e-07],
       [-7.50821174e-11]]), 2.156766637209759), (8.846727665566469e-05, array([[1.70067903e-06],
       [2.76778344e-08],
       [1.88509454e-08]]), 2.219977407520512), (9.111833444290373e-05, array([[ 1.64382534e-06],
       [ 1.21380807e-07],
       [-2.24839945e-08]]), 2.2241225032020946), (9.435799975243946e-05, array([[1.28716109e-06],
       [2.09105391e-08],
       [1.05667492e-08]]), 2.2508559960319494), (9.774216965991452e-05, array([[ 9.12015285e-07],
       [-3.69260858e-08],
       [-1.56920493e-08]]), 2.288783164623402), (9.963589814833095e-05, array([[ 7.24501840e-07],
       [-1.20046116e-07],
       [-1.74213567e-08]]), 2.3001661399410143), (0.00010017536086149743, array([[ 3.31393095e-07],
       [ 3.18130107e-08],
       [-2.19015472e-09]]), 2.289493862175048), (0.00010128678100431777, array([[-1.32243931e-07],
       [-1.37648712e-07],
       [ 2.55636113e-09]]), 2.301149673709545), (0.0001034111617917739, array([[ 8.79439354e-08],
       [-2.10035071e-07],
       [-4.14740601e-09]]), 2.344932120108743)]