[(0.00010255437652690175, array([[ 9.20056147e-08],
       [-1.77487053e-07],
       [-1.17620188e-09]]), 2.325503818049048), (0.00010099353057335699, array([[-2.87861450e-07],
       [-2.24940922e-07],
       [-1.56317147e-08]]), 2.2944872728826113), (0.00010094887716354416, array([[-7.90403312e-07],
       [-2.07405127e-07],
       [-5.64719964e-10]]), 2.3071724690759687), (9.893046106015235e-05, array([[-1.05668315e-06],
       [-2.57699766e-08],
       [-1.10006747e-08]]), 2.283880619016906), (9.803876402912428e-05, array([[-1.18691403e-06],
       [-2.61343235e-07],
       [-1.28857932e-08]]), 2.2957283777420727), (9.523361215163937e-05, array([[-1.04337343e-06],
       [-1.77506905e-07],
       [ 6.66789288e-09]]), 2.2717432278947465), (9.231009528905734e-05, array([[-1.33304580e-06],
       [-6.17265652e-09],
       [ 2.63178850e-08]]), 2.253212390902208), (8.846157487817568e-05, array([[-2.09018187e-06],
       [-6.98149514e-08],
       [-1.40913623e-08]]), 2.2198343284331137), (8.488109930681936e-05, array([[-1.70959069e-06],
       [ 5.28400509e-08],
       [-1.21523415e-08]]), 2.200566879399971), (7.979529412478905e-05, array([[-2.07311016e-06],
       [ 7.67703301e-09],
       [-7.42043612e-09]]), 2.1485631605418627), (7.644288334445634e-05, array([[-1.75875252e-06],
       [-5.23868524e-08],
       [-1.96845931e-09]]), 2.1499354995617126), (7.132091518983581e-05, array([[-2.53209585e-06],
       [-7.95614505e-08],
       [ 5.02498312e-09]]), 2.108233053964145), (6.531292951760846e-05, array([[-2.08209491e-06],
       [ 1.89795613e-07],
       [ 2.46301180e-08]]), 2.0431164875886028), (6.061094516919586e-05, array([[-1.99022043e-06],
       [-1.11694474e-07],
       [ 4.05163113e-08]]), 2.021970324094686), (5.7621463929314415e-05, array([[-2.31752431e-06],
       [ 9.89824177e-09],
       [-5.60571561e-09]]), 2.0679278339705123), (5.2106641105600274e-05, array([[-2.10852624e-06],
       [-7.50632846e-08],
       [ 5.47762329e-09]]), 2.032214951490557), (4.820911172521568e-05, array([[-2.38721006e-06],
       [-1.12131625e-08],
       [ 2.71320418e-08]]), 2.067902792434248), (4.204438199484459e-05, array([[-2.08873881e-06],
       [-1.67319105e-08],
       [-4.05631076e-08]]), 2.0124730925507808), (3.847315521751227e-05, array([[-1.74418847e-06],
       [-4.15899391e-08],
       [-4.83942596e-09]]), 2.0321419842937996), (3.5066530130672284e-05, array([[-1.30605817e-06],
       [ 8.98380789e-08],
       [-8.01317539e-09]]), 2.0161674112989485), (3.3197437551794887e-05, array([[-9.86093681e-07],
       [-5.58167206e-08],
       [-1.01120423e-08]]), 2.1033687467408053), (3.055319754083093e-05, array([[-8.21016999e-07],
       [-6.94290084e-08],
       [-7.38832407e-09]]), 2.1653961256018337), (2.637848570113609e-05, array([[-4.11578866e-07],
       [-6.78896584e-08],
       [ 4.75623548e-09]]), 2.130785617517784), (2.2643806865268037e-05, array([[-2.88728650e-07],
       [-6.99713736e-08],
       [ 3.14556249e-09]]), 2.136248385032303), (2.0287402184863484e-05, array([[-1.16919720e-07],
       [-7.92808529e-08],
       [-2.72236122e-09]]), 2.3113699154256837), (1.8121464900020473e-05, array([[-6.90615330e-08],
       [ 1.22575555e-08],
       [ 3.41116498e-10]]), 2.3078166964160842), (2.098127147397982e-05, array([[-1.23383020e-07],
       [-6.87655249e-08],
       [-4.61137520e-09]]), 2.1644925481992563), (2.3055439167583635e-05, array([[-2.86399723e-07],
       [-5.16734741e-08],
       [-2.18615097e-09]]), 2.005599044927803), (2.6397159241624124e-05, array([[-4.31314327e-07],
       [ 1.76098086e-08],
       [ 4.31421640e-09]]), 1.9920285295032285), (2.862335482615495e-05, array([[-7.09632411e-07],
       [-3.60345743e-08],
       [ 2.22947312e-08]]), 1.914106842159053), (3.2011604566899325e-05, array([[-9.24236050e-07],
       [ 6.62015113e-08],
       [-6.72949234e-09]]), 1.928853556473134), (3.529798877471218e-05, array([[-1.29933280e-06],
       [ 5.22819673e-08],
       [ 1.30216107e-08]]), 1.9424766924482606), (3.7320654728352726e-05, array([[-1.66284453e-06],
       [ 1.32889754e-07],
       [ 4.37816226e-09]]), 1.89695992396518), (4.34120797820089e-05, array([[-1.72333725e-06],
       [-3.36664949e-08],
       [-6.09727934e-09]]), 1.9631389870186582), (4.862602463343239e-05, array([[-1.88288325e-06],
       [ 1.98285279e-07],
       [-6.15358433e-08]]), 1.9856262525265806), (5.3902862709832154e-05, array([[-1.79206929e-06],
       [ 8.07131968e-08],
       [-2.79560128e-08]]), 2.01387002938559), (5.951375859827222e-05, array([[-1.89879478e-06],
       [ 3.17694157e-08],
       [ 4.43254571e-09]]), 2.056820608900254), (6.464954013646967e-05, array([[-2.34127983e-06],
       [ 5.31498257e-08],
       [-4.60437348e-08]]), 2.0863208339529553), (6.974818378084332e-05, array([[-1.91615779e-06],
       [ 3.62668884e-08],
       [ 1.99596399e-08]]), 2.119034321099638), (7.380884936979857e-05, array([[-2.21834199e-06],
       [ 7.02230523e-08],
       [-4.03734131e-08]]), 2.1264262906446354), (8.009904757664123e-05, array([[-1.84255412e-06],
       [ 1.04147474e-07],
       [-5.23303535e-08]]), 2.202598100282008), (8.394251039348891e-05, array([[-1.44241914e-06],
       [-1.28306168e-07],
       [ 2.32404125e-08]]), 2.216320711336227), (8.841866547210305e-05, array([[-1.49099347e-06],
       [ 2.08952415e-08],
       [-1.04795299e-08]]), 2.253784042220908), (9.161281056065003e-05, array([[-1.61698613e-06],
       [-1.82089523e-07],
       [-8.93821524e-09]]), 2.2659763988074473), (9.413758341279782e-05, array([[-1.40093551e-06],
       [ 5.27842543e-08],
       [ 9.01158593e-09]]), 2.270265295853282), (9.538300303510871e-05, array([[-5.39570781e-07],
       [ 3.19643194e-08],
       [-9.26805417e-09]]), 2.2530948943588878), (9.852219527083434e-05, array([[-8.48890025e-07],
       [ 8.98991480e-08],
       [-3.34581427e-08]]), 2.289482913773549), (9.988229936394814e-05, array([[-5.98710217e-07],
       [ 6.79397994e-08],
       [ 8.05060248e-09]]), 2.2931122334510663), (0.0001015223210107193, array([[-3.74698556e-07],
       [-1.15962642e-07],
       [-2.39263874e-09]]), 2.312204498857341), (0.00010305974932302441, array([[-5.31704453e-07],
       [ 5.00980075e-08],
       [ 2.09811058e-08]]), 2.3380169653460725), (0.00010239788661524856, array([[-6.76707176e-09],
       [-6.33449799e-09],
       [ 2.92997419e-09]]), 2.3230019255300953), (0.00010223183161189056, array([[5.47023594e-07],
       [2.00454633e-08],
       [9.50089576e-09]]), 2.3283638378842917), (0.00010000374022689275, array([[ 6.76243303e-07],
       [-2.28227005e-08],
       [ 1.18439414e-08]]), 2.2959002902962977), (9.84370994430256e-05, array([[7.63028490e-07],
       [1.58437203e-07],
       [3.11341320e-08]]), 2.287505436076609), (9.673580821003155e-05, array([[1.13527680e-06],
       [1.40415048e-07],
       [7.96052053e-09]]), 2.2850502567997095), (9.473933491977369e-05, array([[ 9.11304931e-07],
       [ 8.22272642e-08],
       [-2.14296302e-08]]), 2.284777412199249), (9.052174176604694e-05, array([[ 9.78227511e-07],
       [-5.54456228e-09],
       [ 1.73990923e-08]]), 2.2389896038066635), (8.62305282408677e-05, array([[ 1.74317996e-06],
       [-1.22755467e-07],
       [-1.36015466e-08]]), 2.1980086157584524), (8.420606139285335e-05, array([[ 2.02884623e-06],
       [-2.50284791e-07],
       [-3.41847659e-08]]), 2.2232792063305586), (7.853406236340133e-05, array([[ 1.95787704e-06],
       [-7.36524726e-08],
       [ 1.57361107e-08]]), 2.159563463018019), (7.447223385441188e-05, array([[ 2.31933648e-06],
       [ 7.43003683e-08],
       [-6.56907555e-10]]), 2.1455383377898203), (7.098539424957285e-05, array([[ 1.98007429e-06],
       [-1.41283774e-07],
       [-1.80724762e-08]]), 2.156622273983102), (6.45795589144681e-05, array([[2.02405526e-06],
       [2.81922190e-07],
       [8.37431247e-08]]), 2.0840624531332437), (5.9811275285652564e-05, array([[ 1.92154762e-06],
       [ 1.23723114e-07],
       [-1.85921922e-08]]), 2.0671029111528516), (5.3772414522910564e-05, array([[ 1.80454295e-06],
       [-4.95683775e-08],
       [-2.32016625e-08]]), 2.0089963421485457), (4.8427151266543246e-05, array([[1.82278367e-06],
       [1.03107656e-08],
       [3.13714622e-08]]), 1.9775053300123429), (4.2352867306802695e-05, array([[1.58270496e-06],
       [5.94025069e-09],
       [2.32657411e-08]]), 1.9152403072950606), (3.659738945224367e-05, array([[ 1.45790187e-06],
       [-1.16588786e-07],
       [-2.71260641e-08]]), 1.860197298733632), (3.515233548964167e-05, array([[ 1.29533598e-06],
       [-3.05793358e-08],
       [ 4.57886492e-09]]), 1.934461275104406), (3.249366373706956e-05, array([[ 1.08498838e-06],
       [-2.47517837e-08],
       [ 1.79619415e-09]]), 1.9578999462868687), (2.930152229356788e-05, array([[ 7.48480066e-07],
       [ 2.70767142e-08],
       [-1.19338993e-08]]), 1.9594573958376391), (2.557989117111503e-05, array([[ 4.08782725e-07],
       [ 4.56579773e-08],
       [-3.38190002e-09]]), 1.9303544191262663), (2.4643229665792448e-05, array([[2.21864372e-07],
       [1.05763084e-07],
       [1.02230770e-09]]), 2.143721380555678), (2.2709643772640606e-05, array([[ 1.08336168e-07],
       [ 7.55084736e-08],
       [-1.68141516e-09]]), 2.342796754672383), (1.860803727261574e-05, array([[ 2.93463757e-08],
       [ 3.03561911e-08],
       [-2.09966732e-09]]), 2.3697829806919697), (2.0132076847004386e-05, array([[9.32553838e-08],
       [2.66818886e-08],
       [1.84290786e-09]]), 2.2936734992083943), (2.271247826986253e-05, array([[3.01801084e-07],
       [2.73508533e-08],
       [4.23010753e-09]]), 2.1427269413119894), (2.6458367877506486e-05, array([[ 4.95089794e-07],
       [-6.80794053e-08],
       [ 1.70128492e-09]]), 2.1372382924148443), (2.8303715614558242e-05, array([[ 7.69489867e-07],
       [-5.93087577e-08],
       [-3.40814017e-09]]), 2.005968640434278), (3.338973046349348e-05, array([[ 1.04644893e-06],
       [-1.30588816e-07],
       [-3.91794764e-09]]), 2.115552304584858), (3.6373962024009986e-05, array([[ 1.32953887e-06],
       [-7.09570033e-08],
       [-1.63248608e-08]]), 2.0913388515873836), (3.821331690378251e-05, array([[ 1.68646486e-06],
       [ 5.59584792e-08],
       [-8.99247555e-09]]), 2.0184173926019278), (4.2720843172326356e-05, array([[ 2.04434961e-06],
       [-9.46105021e-08],
       [-3.63416492e-08]]), 2.044852208457497), (4.729759876726511e-05, array([[ 2.22629288e-06],
       [-7.20403902e-08],
       [ 2.30063279e-08]]), 2.0288039556452677), (5.3560430899823596e-05, array([[2.31768322e-06],
       [8.96411482e-08],
       [1.74491539e-08]]), 2.0889143144404274), (5.736274068060164e-05, array([[2.19841877e-06],
       [7.14494765e-08],
       [1.44657285e-09]]), 2.058642734793497), (6.114824251939993e-05, array([[ 2.19262126e-06],
       [-7.58596802e-09],
       [-4.72779755e-08]]), 2.039894467898989), (6.530776551732702e-05, array([[ 2.37658551e-06],
       [ 9.98623884e-08],
       [-1.73391651e-08]]), 2.0429549475352804), (6.927578387047892e-05, array([[ 2.21701831e-06],
       [ 5.25561986e-08],
       [-8.72000507e-09]]), 2.0477793506473945), (7.460639266419764e-05, array([[ 2.07764870e-06],
       [-3.86955719e-08],
       [ 3.28798996e-08]]), 2.0982846939489663), (8.14561574891836e-05, array([[1.98707454e-06],
       [3.37161848e-08],
       [1.24589126e-08]]), 2.1932834648977964), (8.418975031785702e-05, array([[ 1.73467058e-06],
       [-3.90961146e-08],
       [-1.28160540e-08]]), 2.1826434582892498), (8.870867240024199e-05, array([[1.64177678e-06],
       [8.76155356e-08],
       [2.34121796e-08]]), 2.226034936580879), (9.266620990570342e-05, array([[9.89131174e-07],
       [2.67421029e-08],
       [1.94908132e-08]]), 2.2619048515079054), (9.341988617249676e-05, array([[ 1.03874335e-06],
       [ 4.09669598e-08],
       [-9.81080190e-09]]), 2.228477834329572), (9.56431094708276e-05, array([[ 1.06141250e-06],
       [-1.86221416e-08],
       [-2.16912039e-09]]), 2.2396304433462966), (9.96332931299018e-05, array([[2.66462291e-07],
       [6.82753964e-09],
       [6.04150038e-09]]), 2.3001060012229817), (9.914109536025747e-05, array([[ 7.25591546e-07],
       [ 1.38378051e-07],
       [-2.34289142e-09]]), 2.2658558687943984), (0.00010132171508211559, array([[ 6.71263707e-07],
       [-9.67109293e-08],
       [ 3.55015300e-09]]), 2.3019433462986894), (0.00010387494005273852, array([[2.26706452e-07],
       [1.52121397e-08],
       [6.00443752e-09]]), 2.3554486690179792)]