[(0.000101922116584222, array([[ 3.22815523e-07],
       [-8.55285500e-08],
       [-1.26296030e-08]]), 2.3111668101075535), (0.0001041951486222288, array([[ 1.69536822e-08],
       [-1.98551620e-07],
       [ 5.87714214e-09]]), 2.3672253168351576), (9.923551469422354e-05, array([[-4.23800338e-07],
       [ 1.29540127e-07],
       [ 1.63341572e-08]]), 2.268013809466904), (9.96075333912102e-05, array([[-8.47935122e-07],
       [-1.62074730e-07],
       [-3.23043135e-08]]), 2.299511319187559), (9.741604998117472e-05, array([[-1.30242543e-06],
       [ 1.15325767e-07],
       [ 5.36385582e-09]]), 2.2811465709919205), (9.473309741098146e-05, array([[-1.52779581e-06],
       [ 9.92533215e-08],
       [ 6.16187124e-09]]), 2.2598037356623135), (9.184488132115794e-05, array([[-1.55808003e-06],
       [-1.47829554e-08],
       [-2.89970777e-08]]), 2.241856906178578), (8.63872252840086e-05, array([[-1.29836239e-06],
       [ 7.86639542e-08],
       [ 1.95429941e-08]]), 2.167781078819994), (8.533385802560272e-05, array([[-2.14802754e-06],
       [ 1.99147252e-07],
       [ 9.43881533e-08]]), 2.2123047792275026), (7.964481668579707e-05, array([[-2.09954747e-06],
       [ 1.57243193e-07],
       [ 3.07900423e-08]]), 2.144511414314758), (7.61850671102703e-05, array([[-2.36259066e-06],
       [ 2.83026167e-09],
       [-6.33042405e-08]]), 2.142684487433583), (7.138334296630326e-05, array([[-1.89709469e-06],
       [-1.86288867e-07],
       [-4.23795763e-08]]), 2.110078407483289), (6.88646834357187e-05, array([[-2.06122331e-06],
       [-2.08324325e-08],
       [-5.51498154e-09]]), 2.1542223137021304), (6.149684492432759e-05, array([[-2.16663132e-06],
       [ 2.88748088e-08],
       [ 2.69868025e-08]]), 2.0515237819726115), (5.835302660288147e-05, array([[-2.57307468e-06],
       [-1.12605310e-07],
       [-8.17579219e-09]]), 2.0941822661178633), (5.1843079766534386e-05, array([[-2.22062049e-06],
       [ 3.97752724e-08],
       [ 1.95034540e-09]]), 2.0219357762737347), (4.7630267830408015e-05, array([[-1.96421067e-06],
       [ 6.74781154e-08],
       [ 8.25283393e-09]]), 2.0430736084144523), (4.2306967068741646e-05, array([[-1.90337149e-06],
       [ 1.87559006e-08],
       [-7.34019981e-09]]), 2.0250418442044045), (3.987387071050166e-05, array([[-1.79570466e-06],
       [ 3.36662289e-09],
       [ 6.26540043e-08]]), 2.1061274098525247), (3.6684676585995064e-05, array([[-1.54742244e-06],
       [ 9.86662765e-09],
       [-9.97643862e-09]]), 2.1092035382773937), (3.159223143737824e-05, array([[-1.00281929e-06],
       [ 6.66838330e-08],
       [-1.55869219e-08]]), 2.001663897748366), (3.194240977678071e-05, array([[-7.59923044e-07],
       [ 2.45134946e-08],
       [ 1.57132115e-08]]), 2.2638537351317103), (2.6352734650225556e-05, array([[-5.21940230e-07],
       [ 1.32493200e-08],
       [ 6.36645599e-09]]), 2.1287055144543325), (2.3280424889350778e-05, array([[-2.45079059e-07],
       [ 2.78292022e-08],
       [ 6.68541831e-09]]), 2.1963078191160306), (2.0701484872741547e-05, array([[-1.03946071e-07],
       [ 5.12309057e-08],
       [-2.75698082e-09]]), 2.358546890503057), (1.7365079597166722e-05, array([[ 4.69166332e-09],
       [-9.66550173e-08],
       [ 1.64107341e-10]]), 2.2114890186880185), (2.0142524702895964e-05, array([[-1.00784479e-07],
       [ 1.48307760e-09],
       [ 6.19416540e-09]]), 2.0779648495281506), (2.3007357460046235e-05, array([[-2.42173016e-07],
       [ 5.95937529e-08],
       [ 2.94738073e-09]]), 2.0014164038592654), (2.593709294572056e-05, array([[-4.31120243e-07],
       [-4.61519653e-08],
       [ 1.11033277e-08]]), 1.9573102032426646), (2.8326433548932282e-05, array([[-6.51394276e-07],
       [-8.63987931e-09],
       [ 6.48767581e-09]]), 1.8942510617389612), (3.2066063615391154e-05, array([[-9.08039888e-07],
       [-4.34425690e-09],
       [-6.53847171e-10]]), 1.9321349767826372), (3.392660850053104e-05, array([[-1.19662670e-06],
       [ 2.51079445e-08],
       [ 6.79578333e-10]]), 1.867008533735813), (3.714403672032866e-05, array([[-1.70205297e-06],
       [ 3.78385249e-08],
       [-2.18841888e-09]]), 1.8879826622983935), (4.342845585145242e-05, array([[-1.69519311e-06],
       [-1.53553378e-08],
       [ 2.94675131e-09]]), 1.963879529755614), (4.852846757726089e-05, array([[-1.73667076e-06],
       [ 1.15481393e-07],
       [ 2.23732309e-09]]), 1.9816425451741162), (5.400315154711091e-05, array([[-2.07334684e-06],
       [-6.28666642e-08],
       [-4.43714608e-08]]), 2.0176169302647664), (6.112654708673655e-05, array([[-2.00911314e-06],
       [ 7.00169590e-08],
       [ 2.29180546e-08]]), 2.1125592595753404), (6.439342773234853e-05, array([[-1.72755096e-06],
       [-8.40423456e-08],
       [-5.45268676e-09]]), 2.0780557690596275), (6.994146595459591e-05, array([[-2.25548540e-06],
       [ 9.69929070e-08],
       [-1.00331417e-08]]), 2.124906467693812), (7.54653283524839e-05, array([[-2.06829004e-06],
       [-1.72834443e-07],
       [-2.66286330e-08]]), 2.1741493006733443), (7.913674526056608e-05, array([[-2.27527982e-06],
       [-2.07460382e-07],
       [ 2.46251884e-08]]), 2.176136296834769), (8.286743389801754e-05, array([[-1.66970949e-06],
       [ 1.60186332e-07],
       [ 1.86057753e-08]]), 2.1879356381234443), (8.775627492561997e-05, array([[-1.40075081e-06],
       [ 1.82506668e-07],
       [ 5.21869582e-09]]), 2.236899765180416), (9.006763657312335e-05, array([[-1.16764609e-06],
       [ 1.65259286e-07],
       [-8.55822948e-09]]), 2.227757641339367), (9.331993391521272e-05, array([[-1.12599841e-06],
       [-4.91602457e-09],
       [ 3.14379294e-08]]), 2.250546484181652), (9.635687005575109e-05, array([[-1.03359419e-06],
       [ 8.73907782e-08],
       [-4.00409918e-09]]), 2.2760991481795205), (0.00010053110358618924, array([[-8.43973610e-07],
       [ 8.89898077e-08],
       [ 2.78442405e-09]]), 2.3361664174317767), (0.00010182809124842422, array([[-5.44417502e-07],
       [-9.40477048e-08],
       [ 1.58288831e-08]]), 2.3377840041497335), (0.00010229980767464562, array([[-1.16787860e-07],
       [ 4.10748182e-08],
       [ 2.94438884e-09]]), 2.329912015236347), (0.00010278421147634911, array([[ 9.65900919e-09],
       [-6.17330339e-08],
       [ 9.52535617e-09]]), 2.331766104419732), (0.00010359530967037958, array([[ 8.53945554e-07],
       [-1.49811627e-09],
       [ 2.07313321e-09]]), 2.350166705533761), (0.00010204458021568926, array([[ 5.75271295e-07],
       [-1.98564902e-07],
       [ 1.51020475e-08]]), 2.3240991252929764), (9.900411551493594e-05, array([[ 8.45570419e-07],
       [-1.37971365e-07],
       [-9.59896395e-09]]), 2.272950761997037), (9.782885209839082e-05, array([[ 1.06474840e-06],
       [-3.41275822e-08],
       [-9.06297345e-09]]), 2.273370835248224), (9.929636912736609e-05, array([[ 9.93232662e-07],
       [-1.61216510e-08],
       [-1.78755506e-11]]), 2.345534688469552), (9.400299829500921e-05, array([[ 7.01949732e-07],
       [ 8.18582063e-08],
       [-5.58155166e-09]]), 2.2670195791992436), (9.370060810452838e-05, array([[ 1.69857897e-06],
       [-9.34786640e-08],
       [-9.84967630e-09]]), 2.317616556237008), (8.837152985661828e-05, array([[1.91786597e-06],
       [1.83501815e-07],
       [8.18647101e-08]]), 2.252582559508715), (8.269287574452928e-05, array([[ 1.54180603e-06],
       [-3.81754968e-08],
       [-4.34589079e-08]]), 2.1833268070425635), (7.879862532413126e-05, array([[2.00878987e-06],
       [9.45105210e-08],
       [1.27775413e-08]]), 2.1668385292308994), (7.457289955845242e-05, array([[ 2.00136847e-06],
       [-9.29937672e-08],
       [-2.07834349e-09]]), 2.148438507640262), (6.835549240559435e-05, array([[ 2.12768067e-06],
       [-2.34703773e-07],
       [-5.11408854e-08]]), 2.0767226699156445), (6.450690197030656e-05, array([[ 2.19508873e-06],
       [-1.25783748e-07],
       [-3.03133487e-08]]), 2.08171772344119), (5.872003018684695e-05, array([[1.94419217e-06],
       [9.34354385e-08],
       [3.60394651e-08]]), 2.0293890200888454), (5.214655541051706e-05, array([[1.78215739e-06],
       [6.89754280e-08],
       [2.80485600e-08]]), 1.948252463737511), (4.972750586753134e-05, array([[ 2.08666919e-06],
       [ 8.58269979e-08],
       [-2.97153435e-08]]), 2.030604843138909), (4.353462679846311e-05, array([[ 1.85321556e-06],
       [-6.34219343e-08],
       [ 2.46997460e-08]]), 1.9686806893962507), (3.85372834028546e-05, array([[1.61975235e-06],
       [7.32317009e-08],
       [2.18654920e-08]]), 1.9587995635608826), (3.4267028489682844e-05, array([[ 1.21858472e-06],
       [-3.46037577e-08],
       [-6.38399070e-09]]), 1.8857421193457835), (3.1774761139345776e-05, array([[ 9.17224827e-07],
       [-1.39623676e-08],
       [ 5.42137962e-09]]), 1.914582597745986), (3.026869636568816e-05, array([[ 6.52956786e-07],
       [-1.00495785e-07],
       [-3.76771968e-09]]), 2.0241344583360097), (2.668881724451115e-05, array([[ 4.07089095e-07],
       [-1.05444567e-07],
       [-9.47865626e-09]]), 2.0140381350555088), (2.2588888564285567e-05, array([[ 2.93860624e-07],
       [-7.53222313e-08],
       [-4.87195166e-09]]), 1.9650136786034558), (1.98731752722376e-05, array([[ 8.83358071e-08],
       [-2.08250057e-08],
       [ 1.40106819e-09]]), 2.050177933170635), (1.7171703203177134e-05, array([[2.82266220e-08],
       [2.97646879e-08],
       [7.23535066e-10]]), 2.186862021190625), (1.9409136303005693e-05, array([[7.29048749e-08],
       [2.86040077e-08],
       [3.45145069e-09]]), 2.2113079499471495), (2.2773848784202852e-05, array([[2.69860142e-07],
       [4.91261013e-08],
       [3.43698638e-09]]), 2.1485167214018914), (2.6455696442873403e-05, array([[4.88884608e-07],
       [1.79285760e-08],
       [4.19158304e-09]]), 2.1370225008580883), (2.987557419739743e-05, array([[ 7.95681649e-07],
       [ 3.31094190e-08],
       [-1.46246993e-08]]), 2.1173709406591663), (3.238268094300661e-05, array([[ 1.05054543e-06],
       [-1.98545435e-08],
       [-3.97030073e-09]]), 2.0517462808666846), (3.450018281788715e-05, array([[1.36772906e-06],
       [4.33858642e-09],
       [3.73732620e-09]]), 1.9836049937669302), (3.871914470566944e-05, array([[ 1.77042809e-06],
       [-4.19131985e-08],
       [-3.92953963e-08]]), 2.045135084645277), (4.2640869108495375e-05, array([[ 1.98736669e-06],
       [-1.91151483e-08],
       [ 1.64141177e-08]]), 2.0410242142303128), (4.755998769198514e-05, array([[ 2.18829243e-06],
       [-4.51343756e-08],
       [-2.58485072e-08]]), 2.040058981318113), (5.273729728016739e-05, array([[ 2.21265791e-06],
       [-1.28602506e-09],
       [-3.71500824e-08]]), 2.056811219452021), (5.573401212387963e-05, array([[2.35962140e-06],
       [1.66363096e-07],
       [2.22933484e-08]]), 2.0001906774046083), (6.233526326091497e-05, array([[ 2.44090246e-06],
       [ 7.52302722e-08],
       [-2.11857017e-08]]), 2.0794932681936933), (6.677338326012568e-05, array([[2.01360409e-06],
       [7.02449303e-08],
       [8.42558765e-09]]), 2.088802344014519), (7.145148281923356e-05, array([[2.33126888e-06],
       [1.16727065e-07],
       [3.24754296e-08]]), 2.1120926089255674), (7.77762814331074e-05, array([[ 2.33607019e-06],
       [-1.72964269e-07],
       [ 1.58698268e-08]]), 2.1874369615738285), (7.977414667685965e-05, array([[ 1.94361662e-06],
       [ 2.68109830e-08],
       [-6.10775743e-09]]), 2.1479937456652225), (8.346086249699799e-05, array([[ 2.68534968e-06],
       [-9.40939544e-08],
       [ 5.58615169e-09]]), 2.1637468321795605), (8.767938365077898e-05, array([[ 1.34443892e-06],
       [ 1.71056445e-08],
       [-7.27436421e-08]]), 2.2002062024319042), (9.113628566709677e-05, array([[ 1.45215965e-06],
       [-5.61936391e-08],
       [ 2.59013518e-09]]), 2.224560677603897), (9.441013715228168e-05, array([[6.21109020e-07],
       [4.06360892e-08],
       [4.51596774e-08]]), 2.2520997038188915), (9.862196330994408e-05, array([[ 1.10161779e-06],
       [-1.93597379e-07],
       [ 1.18783398e-08]]), 2.3093848854726176), (9.803755779971691e-05, array([[ 1.02383890e-06],
       [ 1.24565420e-07],
       [-1.98557463e-08]]), 2.263267307107588), (0.00010049275473872228, array([[ 1.02251486e-06],
       [-1.51856585e-08],
       [-9.05686129e-09]]), 2.296747854848985), (0.00010249177047132615, array([[ 6.77692324e-08],
       [-2.49147295e-08],
       [-1.82002115e-08]]), 2.3285260113849575), (0.00010365891914058102, array([[ 1.65295735e-07],
       [ 3.52669212e-08],
       [-2.79284757e-09]]), 2.350550219307557)]