[(2.011107411570714e-05, array([[-5.12985878e-10],
       [ 1.07372391e-08],
       [ 8.80292323e-10]]), 2.1606473254158756), (2.0603118273479185e-05, array([[-5.49335419e-08],
       [ 2.44194816e-09],
       [-8.79984181e-10]]), 2.13239577180427), (2.117458401455854e-05, array([[-1.15375717e-07],
       [ 1.62974525e-08],
       [ 2.51987425e-10]]), 2.1223147671207134), (2.1839436194002032e-05, array([[-1.45984489e-07],
       [ 6.05634910e-09],
       [-8.46704731e-10]]), 2.1302396555134884), (2.2044768042497705e-05, array([[-1.73976018e-07],
       [ 7.80603388e-09],
       [-2.06408170e-09]]), 2.102343557862514), (2.2058034332404817e-05, array([[-2.14254932e-07],
       [ 1.52808623e-08],
       [-1.46973905e-09]]), 2.065883669112261), (2.2354328164175863e-05, array([[-2.26721544e-07],
       [-1.88529718e-08],
       [-2.47905405e-09]]), 2.064917097885892), (2.2509503645671444e-05, array([[-2.54207404e-07],
       [-9.47045762e-10],
       [ 5.17456856e-09]]), 2.059297523399865), (2.2782866458851654e-05, array([[-2.49177461e-07],
       [ 2.77898844e-09],
       [ 6.30818127e-10]]), 2.07276139976583), (2.2547835900523095e-05, array([[-2.42194966e-07],
       [-2.70440117e-08],
       [ 9.88116701e-10]]), 2.048280903070631), (2.213112502610748e-05, array([[-2.25374246e-07],
       [-5.65324763e-11],
       [ 4.56970651e-09]]), 2.0154984506984492), (2.2172019336667684e-05, array([[-1.95330533e-07],
       [-2.19416179e-08],
       [-3.45340956e-09]]), 2.0325350268616886), (2.151239553203247e-05, array([[-1.55665158e-07],
       [-1.96468697e-08],
       [ 3.89805053e-09]]), 1.9932335457637709), (2.1382243342051807e-05, array([[-1.06737319e-07],
       [-1.61722926e-08],
       [ 5.49720617e-10]]), 2.010854616580244), (2.0929697236140872e-05, array([[-2.91008168e-08],
       [-1.38063490e-08],
       [-8.86575192e-10]]), 2.0064336854578673), (2.0467753089958215e-05, array([[ 3.64510139e-08],
       [-1.57566887e-10],
       [-4.77819729e-09]]), 2.0091693698655693), (2.00625470193242e-05, array([[ 1.07983155e-07],
       [-2.15220152e-09],
       [ 4.64630354e-09]]), 2.026104403866304), (1.9614035768889667e-05, array([[1.64507479e-07],
       [1.69994119e-08],
       [4.15828672e-10]]), 2.0480318699979168), (1.8723089871071228e-05, array([[2.43674617e-07],
       [1.31527980e-08],
       [2.59183785e-09]]), 2.0321497009334895), (1.7872077860059624e-05, array([[2.96979079e-07],
       [2.22273358e-09],
       [1.42397819e-09]]), 2.027976363493285), (1.7314115452168642e-05, array([[ 3.85680113e-07],
       [-1.31826561e-08],
       [ 2.06601842e-10]]), 2.066961543157257), (1.6610060987308545e-05, array([[ 4.53235162e-07],
       [-1.53851688e-09],
       [-3.53238859e-10]]), 2.1007547310651913), (1.585714779667141e-05, array([[ 5.07618866e-07],
       [-1.11692171e-08],
       [-4.87776114e-10]]), 2.1414160347475226), (1.5083695542763402e-05, array([[ 5.66818343e-07],
       [-2.56972775e-09],
       [ 2.57296751e-10]]), 2.1944912731809114), (1.4173333753591593e-05, array([[ 6.14966129e-07],
       [-8.90938996e-09],
       [-8.93330156e-11]]), 2.244671459088661), (1.3669813497701775e-05, array([[ 6.31815015e-07],
       [-6.10869791e-09],
       [-5.06770515e-10]]), 2.2692283762690986), (1.4400072235573117e-05, array([[ 5.75914645e-07],
       [-8.15896825e-09],
       [-2.13792158e-10]]), 2.1827730288869076), (1.541434979631553e-05, array([[ 5.36297717e-07],
       [-1.49497287e-09],
       [-3.86652534e-10]]), 2.1580246368459846), (1.636390776378366e-05, array([[ 4.83461794e-07],
       [-1.40601039e-09],
       [ 2.13487716e-10]]), 2.136363196523239), (1.6922137310454848e-05, array([[ 4.12096949e-07],
       [-8.60833758e-09],
       [ 1.78829500e-10]]), 2.0774171545403837), (1.7873902624284245e-05, array([[ 3.36470326e-07],
       [ 5.74833645e-09],
       [-1.49725252e-09]]), 2.078599390493222), (1.860129766632078e-05, array([[ 2.76327160e-07],
       [-8.10834958e-09],
       [-5.56183865e-09]]), 2.062767295872074), (1.8789778269283166e-05, array([[2.02127646e-07],
       [9.79810589e-09],
       [1.12141224e-09]]), 1.9989208651493202), (1.9615115014730346e-05, array([[ 1.08363730e-07],
       [ 5.40380234e-09],
       [-3.42457336e-09]]), 2.01295674819592), (2.000788931731797e-05, array([[5.35073413e-08],
       [1.39588005e-08],
       [3.22992016e-10]]), 1.9909020186381814), (2.0636286385813214e-05, array([[-1.11833266e-08],
       [-8.59028906e-10],
       [-2.67739081e-09]]), 2.0007209584042163), (2.1148446816637033e-05, array([[-6.68132593e-08],
       [-4.12558196e-09],
       [ 2.53398860e-09]]), 2.0069401221515264), (2.16430008024968e-05, array([[-1.10150582e-07],
       [-1.36090880e-09],
       [-1.11555199e-09]]), 2.0192271496470156), (2.1688250167832904e-05, array([[-1.72629334e-07],
       [ 7.37317583e-09],
       [ 1.04583362e-09]]), 1.9977940901888551), (2.188622176026497e-05, array([[-2.08086457e-07],
       [-1.00895113e-08],
       [-3.58849651e-09]]), 1.998736902026636), (2.2286919918103833e-05, array([[-2.32501336e-07],
       [-5.11940148e-08],
       [ 1.14402596e-08]]), 2.026109055934522), (2.2473907936293053e-05, array([[-2.46659591e-07],
       [ 1.53977360e-08],
       [-4.68258953e-10]]), 2.042079138617337), (2.228432159245927e-05, array([[-2.48556072e-07],
       [-1.01905007e-08],
       [ 1.62529450e-09]]), 2.03201122073492), (2.2257441509872614e-05, array([[-2.32279503e-07],
       [-2.15633316e-08],
       [ 2.63277002e-09]]), 2.0450247926441185), (2.219652691957266e-05, array([[-2.23967205e-07],
       [-9.32461723e-09],
       [-4.00193231e-10]]), 2.0634597092498903), (2.1952287611859648e-05, array([[-2.01522315e-07],
       [-1.04692725e-09],
       [ 6.63372478e-10]]), 2.073537563994167), (2.1913737265528472e-05, array([[-1.68566503e-07],
       [-2.76613687e-09],
       [ 3.08419476e-09]]), 2.112334858203409), (2.1346902790826286e-05, array([[-1.34169963e-07],
       [ 4.26705028e-09],
       [-3.74486840e-10]]), 2.1094392153008723), (2.0804889146119564e-05, array([[-8.02804417e-08],
       [-3.34905887e-10],
       [ 3.02426246e-09]]), 2.117657189828853), (2.030336788251191e-05, array([[-3.67482008e-08],
       [-1.54495248e-08],
       [ 8.68565895e-10]]), 2.139515598096037), (1.9966447781020703e-05, array([[ 2.31871055e-08],
       [-3.86048411e-11],
       [-1.25163139e-11]]), 2.1040118424322576), (2.09287892155626e-05, array([[ 8.68723123e-08],
       [ 2.13639534e-08],
       [-1.66278647e-09]]), 2.130268546276541), (2.1222932530476695e-05, array([[1.33119574e-07],
       [1.84736617e-08],
       [8.22911668e-10]]), 2.0971888325978183), (2.160668043847202e-05, array([[ 1.65067602e-07],
       [-5.80805937e-09],
       [ 3.33204571e-10]]), 2.0827366736773505), (2.2064284050635658e-05, array([[1.91415712e-07],
       [6.03412408e-09],
       [3.00864053e-09]]), 2.0841163622926255), (2.2218991693151635e-05, array([[2.27174564e-07],
       [2.72053834e-08],
       [7.51157663e-09]]), 2.0655481060214043), (2.2268398840761346e-05, array([[ 2.41431925e-07],
       [ 4.10264137e-09],
       [-2.59706275e-09]]), 2.046031557654316), (2.233284173561062e-05, array([[2.51201029e-07],
       [2.06441008e-08],
       [2.95221642e-10]]), 2.036435563423842), (2.2470861304585325e-05, array([[ 2.40252311e-07],
       [-3.26671616e-08],
       [-1.04052503e-09]]), 2.041802308122567), (2.2296263200155936e-05, array([[ 2.28861386e-07],
       [ 1.02843484e-08],
       [-1.01613505e-09]]), 2.026958455871681), (2.2306610009506374e-05, array([[2.13244462e-07],
       [7.09843461e-09],
       [4.75071212e-09]]), 2.03712843054814), (2.177780680821699e-05, array([[1.74184504e-07],
       [4.23085818e-09],
       [4.10463011e-09]]), 2.0060435213560526), (2.159246540696913e-05, array([[ 1.25669799e-07],
       [ 5.50171387e-09],
       [-3.12053165e-09]]), 2.014512348608156), (2.127469055618617e-05, array([[ 8.84116063e-08],
       [-3.13403235e-09],
       [ 1.54947103e-09]]), 2.0189203696027143), (2.0540473662187763e-05, array([[ 1.75247613e-08],
       [-5.21968800e-09],
       [ 2.71150641e-09]]), 1.991431761663324), (2.045512104893126e-05, array([[-3.88051995e-08],
       [-3.70004066e-09],
       [ 4.23772102e-09]]), 2.0354041919132633), (1.9698111924940555e-05, array([[-1.22532580e-07],
       [-4.50005890e-09],
       [-9.55639335e-10]]), 2.021474118109968), (1.9126684057003058e-05, array([[-1.80165152e-07],
       [-1.40336910e-08],
       [ 9.09108152e-10]]), 2.034762054918111), (1.8432787236550283e-05, array([[-2.86238865e-07],
       [ 7.69737439e-09],
       [ 4.24332600e-09]]), 2.0440805456367253), (1.7599430641246572e-05, array([[-3.43370566e-07],
       [-1.14519309e-08],
       [ 1.46539513e-10]]), 2.046680379371697), (1.697493394400969e-05, array([[-4.26131009e-07],
       [ 2.78556399e-09],
       [-1.22943775e-09]]), 2.0838986426784722), (1.617097608341556e-05, array([[-4.63530414e-07],
       [-6.36948614e-09],
       [-7.67621027e-10]]), 2.111175316749557), (1.5475087399116952e-05, array([[-5.22139601e-07],
       [-3.98900833e-09],
       [ 7.55643472e-10]]), 2.1665279629648566), (1.4413954391950273e-05, array([[-5.77148515e-07],
       [ 4.12940932e-09],
       [-7.40493453e-10]]), 2.1848772958674565), (1.3717069338045406e-05, array([[-6.27152161e-07],
       [ 7.29751078e-09],
       [-2.87471146e-11]]), 2.2770729817474566), (1.4064947769067937e-05, array([[-6.17029218e-07],
       [ 4.48482595e-09],
       [-2.76604952e-11]]), 2.22750606030139), (1.5057457201712255e-05, array([[-5.45644615e-07],
       [-9.34918139e-09],
       [ 7.32330301e-10]]), 2.190673918853107), (1.591576971792513e-05, array([[-4.99805575e-07],
       [ 1.61564508e-08],
       [-1.37516771e-09]]), 2.1493325859312615), (1.677477349802614e-05, array([[-4.41787961e-07],
       [ 9.11722687e-09],
       [ 1.12177712e-10]]), 2.121586718763491), (1.7371905470824896e-05, array([[-3.62328183e-07],
       [-7.24634357e-09],
       [-1.73833152e-09]]), 2.073860523730121), (1.8109253160362132e-05, array([[-3.26852442e-07],
       [ 4.47685091e-09],
       [-9.55624025e-10]]), 2.0548890653505674), (1.865490334041686e-05, array([[-2.27674387e-07],
       [-3.79586638e-09],
       [-1.23599943e-09]]), 2.0247489332807596), (1.9347909047935674e-05, array([[-1.72328477e-07],
       [-1.42424586e-08],
       [-1.80143093e-09]]), 2.020243809835596), (1.978852002918239e-05, array([[-8.95939037e-08],
       [ 8.70299826e-09],
       [-2.22016697e-09]]), 1.9984305850351367), (2.0271295977788014e-05, array([[-3.41965718e-08],
       [ 1.70804171e-08],
       [ 4.07973335e-09]]), 1.9898846144490965), (2.095507616167011e-05, array([[ 2.41203901e-08],
       [ 7.79399553e-09],
       [-5.00275673e-09]]), 2.008866646169533), (2.1430254830793338e-05, array([[ 9.77111500e-08],
       [ 6.76644998e-09],
       [-3.23872502e-09]]), 2.015369770684535), (2.1793855348780234e-05, array([[ 1.54334994e-07],
       [-2.54928826e-08],
       [ 3.14723836e-09]]), 2.0193122382873825), (2.2026781676425335e-05, array([[ 1.85537312e-07],
       [-1.12720784e-08],
       [ 5.11913178e-09]]), 2.019220920140979), (2.230002771975897e-05, array([[ 2.39034385e-07],
       [-1.98399898e-08],
       [ 5.09314448e-09]]), 2.030880547947089), (2.2517555217005182e-05, array([[ 2.40331190e-07],
       [ 1.74408267e-09],
       [-3.17478228e-09]]), 2.04553015811864), (2.2687654332106755e-05, array([[2.48778970e-07],
       [3.62712227e-09],
       [3.21645568e-09]]), 2.0640990998983897), (2.246323335619623e-05, array([[ 2.42279792e-07],
       [-4.47572681e-09],
       [ 3.46543777e-09]]), 2.0550644539362644), (2.2433904123693885e-05, array([[ 2.28166217e-07],
       [-4.18153728e-09],
       [ 7.50754214e-12]]), 2.0722676994420044), (2.2140689787654162e-05, array([[ 2.11637044e-07],
       [ 2.88056011e-08],
       [-5.13773462e-10]]), 2.0736249099041393), (2.1897843508367365e-05, array([[ 1.82178037e-07],
       [-1.60551824e-08],
       [ 1.28664872e-09]]), 2.088331804723383), (2.1601347031301684e-05, array([[ 1.43482282e-07],
       [-8.40864254e-09],
       [-1.71155828e-09]]), 2.1070162091100713), (2.0955075504024946e-05, array([[1.10581636e-07],
       [1.49479288e-08],
       [1.72908743e-09]]), 2.100313572051483), (2.0647827436830754e-05, array([[5.39408671e-08],
       [1.06870705e-08],
       [2.81929621e-10]]), 2.137023111686821), (1.9983784649982465e-05, array([[-4.46144141e-10],
       [-2.00909954e-08],
       [-1.00924959e-09]]), 2.146971892562847)]