[(1.986514163873087e-05, Vec([[ 1.60382638e-09],
     [ 2.55772832e-09],
     [-1.06236370e-09]]), 2.1342253975986694), (2.0692655542314924e-05, Vec([[-8.22697172e-08],
     [ 7.28619466e-09],
     [ 9.97240052e-10]]), 2.1416627619244006), (2.1139173796905272e-05, Vec([[-1.57515313e-07],
     [-2.46201253e-08],
     [ 2.25683601e-10]]), 2.118765624064075), (2.170972705820192e-05, Vec([[-2.39327764e-07],
     [ 1.01982497e-08],
     [ 3.44310376e-09]]), 2.117587701392088), (2.1992640177754624e-05, Vec([[-3.06891347e-07],
     [-1.72943225e-08],
     [-3.41657111e-09]]), 2.0973722793978697), (2.195356588443246e-05, Vec([[-3.66245806e-07],
     [-5.39069370e-09],
     [-8.01448544e-10]]), 2.05609949445049), (2.2398919115633308e-05, Vec([[-4.15579163e-07],
     [ 2.92492275e-09],
     [ 5.60152186e-10]]), 2.069036059431022), (2.253793496542182e-05, Vec([[-4.62650734e-07],
     [-5.03201230e-09],
     [ 1.33294982e-09]]), 2.061898582369027), (2.2776645163512725e-05, Vec([[-4.98144031e-07],
     [-1.41458132e-08],
     [-3.84455214e-10]]), 2.0721953928123873), (2.2441875740506124e-05, Vec([[-4.91745333e-07],
     [-1.62378588e-09],
     [-8.36148696e-10]]), 2.0386553153554017), (2.2160451643545863e-05, Vec([[-4.94159661e-07],
     [ 9.53708791e-09],
     [-6.37900162e-09]]), 2.018169248136066), (2.1707009881680032e-05, Vec([[-4.83873251e-07],
     [ 2.31300182e-09],
     [-3.76660984e-09]]), 1.989907064530752), (2.131846728185524e-05, Vec([[-4.37143975e-07],
     [ 2.36534597e-08],
     [ 3.10938726e-09]]), 1.9752651008665514), (2.111156895113599e-05, Vec([[-3.94215988e-07],
     [ 7.18964340e-09],
     [ 6.16964581e-10]]), 1.9853995303268435), (2.0406913938753837e-05, Vec([[-3.28373542e-07],
     [ 9.76283392e-09],
     [ 1.75071844e-09]]), 1.956316858337176), (1.9916177473358726e-05, Vec([[-2.90788492e-07],
     [-1.62304908e-08],
     [ 6.11744576e-09]]), 1.9550252325405924), (1.9353743881676874e-05, Vec([[-2.15573812e-07],
     [ 2.07450384e-09],
     [-1.74330951e-09]]), 1.954522806710257), (1.8788789277855208e-05, Vec([[-1.46484125e-07],
     [ 6.03217147e-11],
     [-1.02797039e-09]]), 1.961862397577392), (1.8041535228289714e-05, Vec([[-6.40750571e-08],
     [ 5.78245129e-09],
     [-9.74555121e-10]]), 1.9581757429470847), (1.7740769771272277e-05, Vec([[2.85648475e-08],
     [1.05065815e-08],
     [1.81867885e-09]]), 2.013076601838189), (1.6856810985461582e-05, Vec([[ 8.80431862e-08],
     [-1.39514703e-09],
     [-8.90915978e-11]]), 2.0123684714633097), (1.6245439906980578e-05, Vec([[1.52345174e-07],
     [8.80334564e-09],
     [3.06295884e-10]]), 2.0546393399097744), (1.552056740574587e-05, Vec([[ 2.24492276e-07],
     [-5.47131333e-10],
     [-2.04099873e-10]]), 2.0959628009534326), (1.4598270240307577e-05, Vec([[ 2.69412406e-07],
     [-8.90363151e-09],
     [ 3.33903843e-10]]), 2.1238678913312556), (1.3924594158113705e-05, Vec([[3.06327344e-07],
     [4.82997629e-09],
     [3.18765611e-10]]), 2.205277856960793), (1.323470455547349e-05, Vec([[ 3.64962452e-07],
     [-3.61021060e-09],
     [-4.03078948e-10]]), 2.1969990398089596), (1.459507658661449e-05, Vec([[ 3.25044844e-07],
     [ 4.56828160e-10],
     [-1.67763558e-10]]), 2.2123319249122484), (1.529170301727504e-05, Vec([[ 2.65562287e-07],
     [ 2.70907114e-09],
     [-9.96328779e-10]]), 2.14085396313632), (1.5720656230671283e-05, Vec([[ 1.71709839e-07],
     [-9.11244099e-09],
     [-9.70333892e-10]]), 2.0523845453791743), (1.665418668818555e-05, Vec([[ 1.29018909e-07],
     [-8.63618384e-09],
     [ 9.48495275e-10]]), 2.044522656105597), (1.7268084071852312e-05, Vec([[ 2.22991902e-08],
     [-2.67481755e-09],
     [ 1.12612134e-09]]), 2.0081472849679507), (1.793333377557129e-05, Vec([[-2.73040622e-08],
     [-5.51963496e-09],
     [-7.81527172e-10]]), 1.9886942879896061), (1.848809569898296e-05, Vec([[-1.12083349e-07],
     [ 5.56631573e-09],
     [ 1.38844757e-09]]), 1.9668268416977082), (1.910324179131942e-05, Vec([[-1.97848804e-07],
     [ 1.05125128e-08],
     [-2.33606917e-09]]), 1.960426918087249), (1.9664998375103384e-05, Vec([[-2.60206415e-07],
     [ 6.53128539e-09],
     [-3.00696683e-09]]), 1.9567823642258149), (2.048773200660491e-05, Vec([[-3.41717786e-07],
     [ 1.20963361e-08],
     [ 8.25915298e-09]]), 1.9863183738311931), (2.0840928200192617e-05, Vec([[-3.97046175e-07],
     [-1.59957735e-09],
     [ 1.46930620e-09]]), 1.9777572958663685), (2.104967787257976e-05, Vec([[-4.22964088e-07],
     [ 2.40537336e-08],
     [ 4.68083449e-10]]), 1.9638718974096083), (2.159176637163036e-05, Vec([[-4.63424434e-07],
     [ 1.26153051e-08],
     [-2.04673633e-09]]), 1.9889065701556203), (2.200593920517345e-05, Vec([[-4.95047866e-07],
     [-1.89399542e-08],
     [ 6.23151970e-09]]), 2.0096699757008385), (2.2286610401283866e-05, Vec([[-4.93038715e-07],
     [-1.69857581e-08],
     [ 1.09632553e-09]]), 2.0260809176886716), (2.2312955347081533e-05, Vec([[-4.89252475e-07],
     [ 1.58965709e-08],
     [-3.04236637e-09]]), 2.027454271163622), (2.239874127364938e-05, Vec([[-4.83053441e-07],
     [ 5.29731786e-09],
     [ 1.46191254e-09]]), 2.042444658211872), (2.2383076852526945e-05, Vec([[-4.30295130e-07],
     [-1.39764677e-08],
     [-1.49173285e-09]]), 2.05656823039488), (2.2059405450649217e-05, Vec([[-3.93658185e-07],
     [-1.73205820e-08],
     [-3.10359739e-10]]), 2.050712461564615), (2.1975670178534296e-05, Vec([[-3.27132420e-07],
     [-1.02943460e-08],
     [-2.82085796e-09]]), 2.0757462007977536), (2.1844843720976517e-05, Vec([[-2.70190178e-07],
     [ 6.32267202e-09],
     [-1.26712852e-09]]), 2.1056939902446983), (2.12092553100212e-05, Vec([[-1.98773957e-07],
     [ 1.90590312e-08],
     [-1.30990186e-09]]), 2.095837289216194), (2.065163100520839e-05, Vec([[-1.15554202e-07],
     [-1.08471151e-08],
     [ 5.88448243e-10]]), 2.102057577558827), (2.018680890440028e-05, Vec([[-3.91057440e-08],
     [-6.96519395e-09],
     [ 2.05710237e-09]]), 2.127232919024711), (2.0066385451934612e-05, Vec([[3.99525282e-08],
     [3.66795808e-09],
     [3.36030777e-10]]), 2.11454301179268), (2.0867833528372855e-05, Vec([[ 1.25439170e-07],
     [ 7.86659620e-10],
     [-1.46160135e-09]]), 2.1240640792240257), (2.1282600588283506e-05, Vec([[ 2.03572699e-07],
     [-3.91617169e-09],
     [-2.74208203e-09]]), 2.103085057557095), (2.1643887868099228e-05, Vec([[ 2.60028231e-07],
     [-2.24683857e-08],
     [-2.21699695e-09]]), 2.086323216202406), (2.207976640595826e-05, Vec([[3.19225339e-07],
     [1.67286887e-09],
     [1.95542480e-10]]), 2.0855787723114876), (2.218795830249262e-05, Vec([[ 3.83412518e-07],
     [ 2.66581209e-10],
     [-1.72351389e-09]]), 2.062663143364934), (2.2579402245854055e-05, Vec([[ 4.49941732e-07],
     [-2.37537902e-08],
     [-3.62188578e-10]]), 2.074606705149558), (2.2614959080180516e-05, Vec([[ 4.61420256e-07],
     [-8.83008574e-09],
     [ 3.44536322e-10]]), 2.0621606278980487), (2.2392356345954936e-05, Vec([[ 4.96729143e-07],
     [-1.27876038e-09],
     [-2.65173298e-09]]), 2.034668998742126), (2.2144919887651003e-05, Vec([[ 4.93784111e-07],
     [-2.84831899e-08],
     [ 4.73379962e-10]]), 2.013199800249991), (2.17623350418841e-05, Vec([[4.81217631e-07],
     [1.04608779e-08],
     [3.61578302e-09]]), 1.9874230737007077), (2.1575032010507112e-05, Vec([[4.62221714e-07],
     [2.07279814e-09],
     [1.73394363e-09]]), 1.98736509919801), (2.1199234339922892e-05, Vec([[4.29241120e-07],
     [1.69728124e-08],
     [4.17914465e-09]]), 1.9778250678604312), (2.096854205094027e-05, Vec([[ 3.72358187e-07],
     [ 1.66532205e-08],
     [-2.18601842e-10]]), 1.989867563794235), (1.9948467274339735e-05, Vec([[ 3.27091819e-07],
     [-3.93046152e-09],
     [ 4.36710975e-10]]), 1.9340357958615024), (1.957632348668735e-05, Vec([[ 2.52775009e-07],
     [-8.00235322e-09],
     [ 1.44814881e-09]]), 1.9479586941449738), (1.9136712234803004e-05, Vec([[ 1.87316503e-07],
     [-8.30833363e-09],
     [-7.16782392e-10]]), 1.9638617465358617), (1.8369168912103847e-05, Vec([[ 1.12674263e-07],
     [-5.29289998e-09],
     [-1.21509783e-09]]), 1.954175003431664), (1.8102517551380537e-05, Vec([[ 3.53661068e-08],
     [-1.48020131e-08],
     [-5.34673341e-09]]), 2.0074557080793105), (1.7048798726918617e-05, Vec([[-2.47105939e-08],
     [-6.35564953e-09],
     [-7.43944727e-10]]), 1.9826460615415678), (1.6598635993525472e-05, Vec([[-1.14051686e-07],
     [-2.37182028e-10],
     [-2.54535237e-10]]), 2.0377030703809154), (1.582713133802618e-05, Vec([[-1.71632703e-07],
     [-1.20913665e-08],
     [-1.07874626e-09]]), 2.0662852287600897), (1.5169519385838655e-05, Vec([[-2.47187252e-07],
     [-1.90629376e-09],
     [-1.32011106e-10]]), 2.1237481305619177), (1.443491728588348e-05, Vec([[-3.07504606e-07],
     [ 1.63273781e-09],
     [-8.50054898e-10]]), 2.1880548660029575), (1.3439493747512759e-05, Vec([[-3.67604561e-07],
     [-4.75163610e-09],
     [-5.80246071e-10]]), 2.2309946349797976), (1.3908758703616544e-05, Vec([[-3.35524862e-07],
     [ 7.44043146e-09],
     [ 6.20596859e-10]]), 2.2027699506792184), (1.4621105106516795e-05, Vec([[-2.67836631e-07],
     [ 2.16528093e-09],
     [-7.65061697e-10]]), 2.1271900821351175), (1.5513320781126866e-05, Vec([[-2.20789237e-07],
     [ 2.46586428e-09],
     [-5.63616876e-10]]), 2.0949841862393694), (1.62510631282684e-05, Vec([[-1.45766172e-07],
     [ 9.15337362e-09],
     [-8.54209127e-10]]), 2.0553505358971482), (1.6705264658185145e-05, Vec([[-9.27084024e-08],
     [-3.35631918e-09],
     [ 8.78831075e-10]]), 1.994276849552132), (1.756031679213927e-05, Vec([[-4.88762510e-09],
     [ 1.01736930e-08],
     [ 7.56418342e-10]]), 1.9926002823375049), (1.8170426943442714e-05, Vec([[ 6.37967408e-08],
     [ 6.40079974e-09],
     [-2.65691398e-09]]), 1.9721652747073135), (1.910109562382486e-05, Vec([[ 1.13755326e-07],
     [ 1.25129545e-08],
     [-6.90990590e-10]]), 1.9944723793927082), (1.9451634840072496e-05, Vec([[ 2.01806475e-07],
     [-1.35560516e-09],
     [ 1.54839550e-09]]), 1.9644087549756013), (1.974878201053693e-05, Vec([[ 2.76156595e-07],
     [-1.07858856e-08],
     [-3.51442582e-09]]), 1.9385932463290232), (2.0465825520597967e-05, Vec([[ 3.56360480e-07],
     [-2.77668406e-09],
     [ 9.20663008e-10]]), 1.9619644403801477), (2.1006456474840757e-05, Vec([[ 3.98868232e-07],
     [-7.15066348e-09],
     [ 9.98315617e-10]]), 1.9755144165510246), (2.1341916856528177e-05, Vec([[ 4.37942428e-07],
     [-1.35062962e-08],
     [ 2.70971392e-09]]), 1.9774378239741384), (2.1788424545877022e-05, Vec([[4.77063850e-07],
     [4.10495715e-09],
     [2.04559579e-09]]), 1.9973704423209238), (2.2349524046275293e-05, Vec([[ 4.96415982e-07],
     [ 6.06514584e-09],
     [-1.23510301e-09]]), 2.035388216187688), (2.2437486751717575e-05, Vec([[ 4.97733694e-07],
     [-1.80574755e-08],
     [-3.45501364e-09]]), 2.038256612705665), (2.24560373962018e-05, Vec([[4.61684658e-07],
     [4.01627044e-09],
     [8.18149651e-10]]), 2.043026832932206), (2.272215962012545e-05, Vec([[4.67396416e-07],
     [8.76076917e-10],
     [2.31695253e-09]]), 2.0787525024355107), (2.250173274630985e-05, Vec([[4.08549029e-07],
     [2.83776510e-09],
     [2.86607893e-09]]), 2.078533174366463), (2.2195246147656403e-05, Vec([[ 3.65729542e-07],
     [-4.89717280e-09],
     [ 2.71776740e-09]]), 2.078734480932835), (2.1826487611392494e-05, Vec([[2.95215160e-07],
     [2.14993581e-09],
     [4.46965536e-09]]), 2.081526806365886), (2.158436703956244e-05, Vec([[ 2.39659188e-07],
     [ 1.12806272e-08],
     [-1.29794495e-09]]), 2.1053599643502743), (2.098643742095156e-05, Vec([[ 1.56864554e-07],
     [ 1.84182452e-08],
     [-1.02781146e-10]]), 2.103456956562499), (2.0757475865060445e-05, Vec([[ 8.15373329e-08],
     [ 3.60671818e-10],
     [-2.36606592e-09]]), 2.1483715804787007), (2.00737009389277e-05, Vec([[ 5.55381343e-09],
     [-2.21369012e-08],
     [ 1.79086744e-09]]), 2.1566321120072725)]