[(1.998024424687959e-05, Vec([[ 2.30445132e-09],
     [ 5.33903455e-09],
     [-6.25354868e-10]]), 2.146591526877199), (2.0568732056004063e-05, Vec([[-7.40789918e-08],
     [ 1.79319609e-08],
     [ 1.01090960e-09]]), 2.1288368433071847), (2.105759689451674e-05, Vec([[-1.55091812e-07],
     [ 1.23188962e-08],
     [ 1.18852361e-10]]), 2.110589224259662), (2.1481267479828122e-05, Vec([[-2.38455761e-07],
     [ 6.69617473e-09],
     [ 9.44024487e-10]]), 2.0953035339250072), (2.2113606182564122e-05, Vec([[-3.04926902e-07],
     [ 6.88613252e-11],
     [ 6.04876086e-10]]), 2.1089084452781983), (2.2275813185648565e-05, Vec([[-3.60387806e-07],
     [-5.07085414e-08],
     [-4.26840569e-09]]), 2.086280127364813), (2.2392765250316136e-05, Vec([[-4.12056388e-07],
     [-6.14558312e-09],
     [-2.74247599e-09]]), 2.068467613731461), (2.2611227031321474e-05, Vec([[-4.52522214e-07],
     [ 1.93587926e-08],
     [ 1.99078192e-09]]), 2.068603757754848), (2.28283952687236e-05, Vec([[-4.87559101e-07],
     [ 3.14419541e-09],
     [ 1.94158357e-09]]), 2.076903563345215), (2.204548839890403e-05, Vec([[-5.03193477e-07],
     [ 4.02685211e-08],
     [ 6.33555348e-10]]), 2.0026468653380913), (2.2197308309902295e-05, Vec([[-5.08298372e-07],
     [-1.69590596e-08],
     [ 9.41481527e-10]]), 2.0215258128769755), (2.194074292503938e-05, Vec([[-4.71702596e-07],
     [ 2.14695098e-08],
     [ 5.57738563e-09]]), 2.0113336468527865), (2.1387015274736063e-05, Vec([[-4.32981177e-07],
     [ 1.03401610e-08],
     [-1.85399308e-09]]), 1.981616423233295), (2.1090808000272548e-05, Vec([[-4.02547184e-07],
     [ 1.27577115e-08],
     [ 7.49480581e-09]]), 1.9834471040439454), (2.0420583873144007e-05, Vec([[-3.40824340e-07],
     [ 9.76071110e-09],
     [ 3.63184314e-09]]), 1.957627331992336), (2.0091141275446827e-05, Vec([[-2.73347942e-07],
     [-1.09464011e-08],
     [-4.84646546e-10]]), 1.9722001471707236), (1.9274200205781927e-05, Vec([[-2.18987465e-07],
     [-1.31250102e-08],
     [ 2.11305187e-09]]), 1.946489739329768), (1.8794820493331904e-05, Vec([[-1.37002366e-07],
     [-1.01187431e-08],
     [-1.18132616e-12]]), 1.962492156881221), (1.8311382957439104e-05, Vec([[-5.65541030e-08],
     [ 2.92336894e-09],
     [ 7.43557434e-10]]), 1.987464230363673), (1.767747069905704e-05, Vec([[ 2.84086313e-08],
     [-1.01133075e-08],
     [-2.07571965e-09]]), 2.0058939438792933), (1.6699281289923087e-05, Vec([[ 8.23964185e-08],
     [-1.39950019e-08],
     [-1.27081301e-09]]), 1.9935625542056334), (1.635795235139203e-05, Vec([[ 1.53103799e-07],
     [-3.48497807e-09],
     [-1.27546518e-09]]), 2.0688693328087564), (1.5552317646943138e-05, Vec([[ 2.33845549e-07],
     [-9.78703381e-09],
     [ 8.39824288e-10]]), 2.1002504872686982), (1.4720551921180541e-05, Vec([[ 2.60490178e-07],
     [-7.10391584e-09],
     [ 3.46956869e-10]]), 2.1416583645468434), (1.3996627084477121e-05, Vec([[3.21589756e-07],
     [2.68577873e-10],
     [6.15989828e-10]]), 2.2166859178117995), (1.3471859096802994e-05, Vec([[ 3.58997273e-07],
     [ 1.94538169e-09],
     [-2.64059359e-11]]), 2.236367376095074), (1.4345147749030332e-05, Vec([[ 2.98300304e-07],
     [ 1.14425608e-10],
     [-2.20904000e-10]]), 2.1744475367720217), (1.5028455903937914e-05, Vec([[ 2.42341557e-07],
     [-7.41765581e-09],
     [-1.48890606e-09]]), 2.103999099735212), (1.5837805184280576e-05, Vec([[ 1.63351561e-07],
     [ 8.51713566e-09],
     [-2.52667108e-10]]), 2.0676787352887502), (1.659882660132773e-05, Vec([[ 1.13949401e-07],
     [ 9.86853577e-09],
     [-3.88860797e-10]]), 2.037726470020744), (1.736350827090765e-05, Vec([[ 2.42707012e-08],
     [-3.94768937e-09],
     [ 4.20431212e-10]]), 2.019244395999833), (1.7905041071310868e-05, Vec([[-3.72354810e-08],
     [ 1.92285429e-08],
     [ 9.91456512e-10]]), 1.9855568044598495), (1.8666952655136303e-05, Vec([[-1.09604305e-07],
     [-5.29279754e-10],
     [-3.02542437e-09]]), 1.9858542563062396), (1.9013994762209396e-05, Vec([[-2.00210897e-07],
     [-9.59880967e-11],
     [ 1.66588791e-09]]), 1.9512681438782504), (1.9593661430478524e-05, Vec([[-2.61123891e-07],
     [ 1.31505466e-08],
     [-5.67736505e-10]]), 1.9496839209665262), (2.017454440856263e-05, Vec([[-3.23661119e-07],
     [ 3.20467151e-10],
     [-3.40499303e-09]]), 1.9559543354765874), (2.0716168082216324e-05, Vec([[-3.71154335e-07],
     [-1.49351085e-08],
     [ 4.23164578e-09]]), 1.9659178407715383), (2.111383277978824e-05, Vec([[-4.34316224e-07],
     [ 4.63008162e-09],
     [-1.90450182e-09]]), 1.9698573580950556), (2.151087269410469e-05, Vec([[-4.67594097e-07],
     [ 4.34263399e-09],
     [-2.14570403e-09]]), 1.981455120193367), (2.205021841675442e-05, Vec([[-4.73812307e-07],
     [ 1.03523642e-08],
     [ 1.20585613e-09]]), 2.0137137295816574), (2.226201176196537e-05, Vec([[-5.07405701e-07],
     [ 3.66707349e-08],
     [-1.70856884e-09]]), 2.0238446496861835), (2.2538463857245718e-05, Vec([[-5.17086509e-07],
     [ 9.97790944e-09],
     [-1.24702996e-09]]), 2.0479449764513875), (2.25149048712083e-05, Vec([[-4.68063506e-07],
     [-2.54923728e-09],
     [-1.62388156e-10]]), 2.053037115904662), (2.2475125385170455e-05, Vec([[-4.24855522e-07],
     [-1.02600140e-08],
     [ 2.75935237e-09]]), 2.0650256953420074), (2.2212714588636734e-05, Vec([[-3.87125528e-07],
     [-1.65688973e-08],
     [ 2.25591676e-09]]), 2.0649645664296385), (2.1857215604833308e-05, Vec([[-3.21479511e-07],
     [ 9.01733854e-09],
     [-2.65319310e-09]]), 2.0645573892926046), (2.166524830287837e-05, Vec([[-2.70255992e-07],
     [-1.50446357e-08],
     [-8.56708454e-10]]), 2.0883822164734984), (2.14429080215644e-05, Vec([[-1.96104748e-07],
     [ 1.72238000e-08],
     [ 7.51029609e-10]]), 2.118926174630636), (2.08522069863455e-05, Vec([[-1.23294040e-07],
     [ 1.42952407e-08],
     [ 5.37684426e-10]]), 2.1224735079480155), (2.0056485528324413e-05, Vec([[-4.57942398e-08],
     [ 7.09634135e-09],
     [ 8.94046667e-10]]), 2.1134997838362866), (2.0499889121322216e-05, Vec([[ 4.85388442e-08],
     [-1.07592508e-08],
     [ 9.93297903e-10]]), 2.1602244902475682), (2.0815594151328018e-05, Vec([[1.21249038e-07],
     [4.32727236e-09],
     [3.18379335e-09]]), 2.1187468150168374), (2.135165522297934e-05, Vec([[ 1.93565747e-07],
     [-2.12748488e-08],
     [-1.63838226e-09]]), 2.109908836905932), (2.162952475624463e-05, Vec([[2.71389304e-07],
     [5.00710511e-10],
     [1.50174213e-09]]), 2.0849387101514694), (2.2123279725587618e-05, Vec([[3.38016946e-07],
     [2.93911788e-09],
     [1.39035081e-09]]), 2.0896888907820936), (2.2128909244484956e-05, Vec([[ 3.77082322e-07],
     [-7.29224078e-09],
     [-4.27740909e-09]]), 2.0571737552048193), (2.2212026845370558e-05, Vec([[4.38265525e-07],
     [5.47535277e-09],
     [6.59197161e-10]]), 2.0408520706888513), (2.254731049639275e-05, Vec([[4.65013982e-07],
     [3.13035389e-09],
     [2.77444010e-09]]), 2.0559920451681135), (2.2175165675901743e-05, Vec([[ 4.83949562e-07],
     [-8.85716894e-10],
     [ 3.37635400e-10]]), 2.0149340893674323), (2.209264619924806e-05, Vec([[ 4.86602330e-07],
     [-1.30339868e-08],
     [ 1.70723369e-09]]), 2.00844758712007), (2.1911446692323505e-05, Vec([[4.83844513e-07],
     [9.37203209e-10],
     [1.49096746e-09]]), 2.001040543244785), (2.1666789568254425e-05, Vec([[4.63075561e-07],
     [1.71008783e-08],
     [8.48793805e-12]]), 1.9958172659324949), (2.1164057755882114e-05, Vec([[ 4.27750305e-07],
     [ 1.01668989e-08],
     [-3.26893490e-09]]), 1.9745431979305097), (2.084708401567081e-05, Vec([[3.76498241e-07],
     [3.22360526e-09],
     [1.33652787e-09]]), 1.9783414689347196), (2.0179023013414058e-05, Vec([[ 3.02957563e-07],
     [-4.69153329e-09],
     [ 5.29294889e-10]]), 1.9563885433773287), (1.9632954770197617e-05, Vec([[ 2.53734702e-07],
     [-8.75735786e-09],
     [-7.29915995e-10]]), 1.953593838105965), (1.9097585893505475e-05, Vec([[ 2.17553226e-07],
     [ 1.81785786e-08],
     [-2.45053365e-09]]), 1.9598464943852658), (1.845372944978712e-05, Vec([[ 1.07402494e-07],
     [-9.79992497e-09],
     [-1.07423819e-09]]), 1.963170842590643), (1.7920943584887696e-05, Vec([[6.44981505e-08],
     [9.10732871e-09],
     [2.16664228e-09]]), 1.9873202935194247), (1.7221174066579503e-05, Vec([[-4.52071312e-08],
     [ 1.87525452e-09],
     [ 2.26794898e-09]]), 2.002692006933951), (1.638417586048903e-05, Vec([[-1.09385246e-07],
     [-1.68773458e-08],
     [-1.57580044e-09]]), 2.0113752400861182), (1.5743682941474072e-05, Vec([[-1.72488050e-07],
     [ 8.52598248e-09],
     [-1.25712818e-09]]), 2.055390759921946), (1.5037199486787095e-05, Vec([[-2.27032418e-07],
     [ 1.05750803e-08],
     [-6.83384355e-10]]), 2.1052232102200623), (1.4395774887986007e-05, Vec([[-2.98548246e-07],
     [ 4.87470838e-09],
     [-1.04244103e-09]]), 2.182121633931698), (1.3444094848499301e-05, Vec([[-3.40538439e-07],
     [ 1.94580424e-09],
     [-2.58855525e-10]]), 2.231758430983488), (1.3840288512298577e-05, Vec([[-3.34023298e-07],
     [ 1.77938271e-09],
     [ 3.65624566e-10]]), 2.1919261303810593), (1.4596396574797599e-05, Vec([[-2.78788474e-07],
     [ 9.29829424e-09],
     [ 9.72742013e-11]]), 2.1235952961572937), (1.5482871907259674e-05, Vec([[-2.03935788e-07],
     [ 1.39405875e-09],
     [ 1.38730276e-10]]), 2.0908722420502075), (1.6309788052289358e-05, Vec([[-1.39528830e-07],
     [ 5.76759219e-09],
     [-2.82018582e-10]]), 2.0627777610026263), (1.7070372081637088e-05, Vec([[-1.11870430e-07],
     [ 9.07925492e-09],
     [-9.73140611e-10]]), 2.03786342522683), (1.7536254704358583e-05, Vec([[-3.16441851e-08],
     [ 6.52518013e-10],
     [-7.47381962e-10]]), 1.9898699145729046), (1.8184049611584373e-05, Vec([[ 6.36209657e-08],
     [-5.03314554e-10],
     [-3.94966513e-09]]), 1.9736438394730984), (1.860401662475838e-05, Vec([[ 1.36177175e-07],
     [-5.05678650e-09],
     [-3.88483035e-09]]), 1.9425690564871005), (1.928463074655806e-05, Vec([[2.13111797e-07],
     [2.19337703e-08],
     [1.40562258e-10]]), 1.947543113289758), (1.990827090405395e-05, Vec([[ 2.91528438e-07],
     [-8.92636012e-09],
     [ 3.22882587e-09]]), 1.9542491025570992), (2.036913915634848e-05, Vec([[ 3.27696256e-07],
     [-5.42131544e-09],
     [ 2.11701616e-09]]), 1.9526955639140497), (2.0718818002973795e-05, Vec([[ 3.91170760e-07],
     [-1.76062996e-08],
     [ 1.87814284e-09]]), 1.9484639738165037), (2.149621376285815e-05, Vec([[ 4.43819354e-07],
     [-3.16837333e-08],
     [ 4.24331090e-09]]), 1.9917342220320176), (2.182434782559314e-05, Vec([[ 4.64849566e-07],
     [-6.87222528e-09],
     [ 3.88489314e-09]]), 2.0006635715210237), (2.1862058802988156e-05, Vec([[ 4.89537954e-07],
     [ 8.82243251e-09],
     [-4.68636162e-09]]), 1.9909943843578306), (2.2339957609916355e-05, Vec([[ 5.00752592e-07],
     [-2.02835257e-08],
     [-3.23319868e-09]]), 2.029396911955418), (2.2220036248284065e-05, Vec([[ 4.55198082e-07],
     [ 7.98557079e-09],
     [-5.37655554e-09]]), 2.021555694935246), (2.254245266986639e-05, Vec([[ 4.61204854e-07],
     [ 2.32351155e-09],
     [-7.29153061e-10]]), 2.0623118876875535), (2.2488244333299523e-05, Vec([[ 4.00439531e-07],
     [-1.65085204e-08],
     [ 2.77414592e-10]]), 2.077287220811347), (2.2222025096528983e-05, Vec([[ 3.56863092e-07],
     [-2.29768816e-08],
     [ 2.30187497e-09]]), 2.081242510085305), (2.21674486142413e-05, Vec([[ 3.07455338e-07],
     [ 1.68178836e-08],
     [-3.07814611e-09]]), 2.114043236860398), (2.166312024194092e-05, Vec([[ 2.25317687e-07],
     [-3.91888048e-09],
     [-2.53254665e-09]]), 2.1130416276136965), (2.0984816445181316e-05, Vec([[ 1.58062394e-07],
     [ 2.82072374e-08],
     [-1.63658884e-09]]), 2.1032944872166097), (2.053304688860002e-05, Vec([[8.82778325e-08],
     [1.76407524e-08],
     [1.70805706e-11]]), 2.1251434751927833), (2.0022970585529044e-05, Vec([[ 4.10171624e-09],
     [-4.40235100e-10],
     [-1.11971817e-10]]), 2.151181860978532)]