[(2.0053382462829662e-05, Vec([[-2.29060566e-10],
     [ 2.98715702e-09],
     [ 8.19914409e-10]]), 2.1544491823047025), (2.0416623326465614e-05, Vec([[-7.89136270e-08],
     [ 8.02929622e-09],
     [-2.18679381e-10]]), 2.1130937889104224), (2.1297671693243614e-05, Vec([[-1.63405407e-07],
     [ 8.29498996e-09],
     [-1.52297894e-09]]), 2.134651765001963), (2.1398699655690345e-05, Vec([[-2.25171011e-07],
     [-2.51192265e-08],
     [-9.58769259e-10]]), 2.0872497887785983), (2.1794363280581837e-05, Vec([[-3.05862041e-07],
     [ 2.21594438e-09],
     [-7.53118213e-10]]), 2.078463205070547), (2.2048838098485715e-05, Vec([[-3.48310845e-07],
     [ 1.10409426e-09],
     [ 1.72075884e-09]]), 2.065022379788629), (2.224415318111272e-05, Vec([[-4.02880584e-07],
     [-2.23622381e-08],
     [-4.04926830e-09]]), 2.0547399990880417), (2.2490368086122922e-05, Vec([[-4.54713448e-07],
     [ 1.15302377e-08],
     [ 1.71259369e-09]]), 2.0575468934878316), (2.244990798078364e-05, Vec([[-4.86926250e-07],
     [ 4.08240233e-09],
     [-4.33601279e-10]]), 2.0424691851180103), (2.2394427922630774e-05, Vec([[-5.04023539e-07],
     [ 7.40065363e-09],
     [ 3.42373926e-09]]), 2.034345080897637), (2.207250411980424e-05, Vec([[-4.86645910e-07],
     [ 2.10124734e-08],
     [ 4.59061321e-09]]), 2.010159800011088), (2.1900659246210716e-05, Vec([[-4.76206346e-07],
     [ 1.17944845e-09],
     [ 6.61875909e-10]]), 2.0076591289846735), (2.1386361361276932e-05, Vec([[-4.40529517e-07],
     [ 1.10218731e-08],
     [ 6.96710512e-10]]), 1.9815558348045994), (2.1034472237464077e-05, Vec([[-3.98697403e-07],
     [-5.96587852e-09],
     [ 1.69641686e-09]]), 1.9781491085572327), (2.034271461302104e-05, Vec([[-3.57404083e-07],
     [-2.01254927e-09],
     [-2.73399556e-09]]), 1.9501623646395063), (2.0161136135984253e-05, Vec([[-2.75077957e-07],
     [ 1.51285959e-08],
     [ 2.82951938e-09]]), 1.979071029832915), (1.94420894217444e-05, Vec([[-2.01730072e-07],
     [-9.82546651e-09],
     [-3.80041490e-09]]), 1.9634447689925314), (1.8924034538437272e-05, Vec([[-1.37515119e-07],
     [ 1.95076625e-10],
     [ 2.70894378e-09]]), 1.975984254353934), (1.8224739773323376e-05, Vec([[-5.69536355e-08],
     [-1.83523929e-11],
     [ 7.58365868e-10]]), 1.97806023124274), (1.7636142114744308e-05, Vec([[-2.08063329e-09],
     [ 9.32429251e-09],
     [ 1.39140749e-09]]), 2.001204316138237), (1.682255952325898e-05, Vec([[ 8.24803749e-08],
     [ 4.81036471e-09],
     [-1.16382184e-09]]), 2.0082795270777147), (1.634367293280091e-05, Vec([[1.40797892e-07],
     [7.21765512e-09],
     [3.64776073e-10]]), 2.0670633456913654), (1.5475484133001727e-05, Vec([[2.13655054e-07],
     [1.75826480e-08],
     [5.20419532e-10]]), 2.089874565894321), (1.4653697215567934e-05, Vec([[ 2.74184580e-07],
     [-1.51027566e-08],
     [ 6.77098360e-10]]), 2.1319318311769537), (1.3795337258051211e-05, Vec([[ 3.28933151e-07],
     [-6.51398328e-10],
     [-2.05733846e-10]]), 2.1848070715051815), (1.337686699504974e-05, Vec([[ 3.51132718e-07],
     [ 5.94206132e-09],
     [-1.38091679e-10]]), 2.2205984138589643), (1.4183077798564128e-05, Vec([[ 3.05280583e-07],
     [-5.18807519e-09],
     [ 1.23750970e-09]]), 2.1498808602385004), (1.5015582128962074e-05, Vec([[ 2.32765360e-07],
     [ 9.40094122e-09],
     [-6.33457677e-10]]), 2.1021967581551793), (1.605328618780041e-05, Vec([[ 2.01344244e-07],
     [-1.29146940e-09],
     [ 1.64666832e-10]]), 2.095810505041724), (1.6681441798588983e-05, Vec([[1.13244839e-07],
     [7.51848228e-09],
     [2.68407070e-10]]), 2.047868582974185), (1.7505746096505818e-05, Vec([[ 3.75585694e-08],
     [-2.49182141e-09],
     [-1.84460617e-09]]), 2.0357855769499706), (1.7919393658809345e-05, Vec([[-3.73082198e-08],
     [-1.49742353e-08],
     [ 3.15840671e-11]]), 1.987148416434137), (1.863310531129613e-05, Vec([[-1.12033256e-07],
     [ 1.33417297e-08],
     [ 6.61741574e-10]]), 1.9822534601253388), (1.8944096668148496e-05, Vec([[-1.74979959e-07],
     [ 7.92233352e-10],
     [ 4.21754795e-10]]), 1.9440950103014007), (1.932703193072675e-05, Vec([[-2.52700797e-07],
     [ 6.87537284e-09],
     [-1.21243260e-09]]), 1.9231527261530468), (2.038375257214012e-05, Vec([[-3.11688088e-07],
     [-3.47561869e-09],
     [ 3.67390004e-09]]), 1.9762374014174868), (2.1004566496947893e-05, Vec([[-3.92300949e-07],
     [-3.22925636e-09],
     [-5.81730797e-09]]), 1.993286202841246), (2.1170175363095626e-05, Vec([[-4.06370781e-07],
     [ 5.52973097e-09],
     [-9.86415885e-10]]), 1.975113952360043), (2.1780117609125744e-05, Vec([[-4.66987828e-07],
     [ 1.40933479e-08],
     [-4.29832597e-09]]), 2.0062563787494976), (2.1896666771012147e-05, Vec([[-4.87559621e-07],
     [-1.21022058e-08],
     [ 4.81685187e-09]]), 1.9996907819905294), (2.237516394448573e-05, Vec([[-4.91984862e-07],
     [ 1.21328064e-08],
     [-8.91488871e-10]]), 2.034131340828149), (2.2489972137855866e-05, Vec([[-5.01972751e-07],
     [-3.97008490e-09],
     [ 3.12185515e-09]]), 2.043538803353126), (2.249140036362171e-05, Vec([[-4.75476254e-07],
     [-5.62886554e-09],
     [ 6.94502402e-10]]), 2.0508938411832114), (2.2397206456084497e-05, Vec([[-4.37677502e-07],
     [ 5.11162929e-09],
     [-6.02256405e-10]]), 2.057866465395188), (2.2177325361460208e-05, Vec([[-3.85616447e-07],
     [ 1.13949191e-08],
     [-1.47850348e-09]]), 2.0616746713625025), (2.2194464990820402e-05, Vec([[-3.34532051e-07],
     [-1.03005042e-09],
     [-2.55072742e-10]]), 2.0964128060328817), (2.15545870164849e-05, Vec([[-2.61390831e-07],
     [ 4.04029908e-08],
     [-2.98119189e-09]]), 2.0777152229857987), (2.121338396697322e-05, Vec([[-1.89051753e-07],
     [-9.28142449e-09],
     [ 2.32315749e-10]]), 2.096245271159357), (2.076064753084529e-05, Vec([[-1.22271400e-07],
     [-4.04432698e-09],
     [ 1.91267433e-09]]), 2.113153989931117), (2.0074750594138064e-05, Vec([[-3.93166702e-08],
     [-1.64378555e-08],
     [-9.67910728e-10]]), 2.1154245085142165), (2.0197217901275257e-05, Vec([[4.16335324e-08],
     [5.32259365e-09],
     [2.13007766e-10]]), 2.1283297917851027), (2.0861894807721018e-05, Vec([[ 1.13567411e-07],
     [-1.37401007e-08],
     [ 3.20431186e-10]]), 2.1234595975371287), (2.132156701682295e-05, Vec([[ 2.01211306e-07],
     [-6.14908660e-09],
     [-3.16987004e-09]]), 2.1069356073650347), (2.15205160549442e-05, Vec([[ 2.68634857e-07],
     [ 1.86809892e-08],
     [-1.62420968e-09]]), 2.0744310145989364), (2.2124847634489464e-05, Vec([[3.42864746e-07],
     [8.12649126e-09],
     [1.63904566e-09]]), 2.089836990062788), (2.2212661739233844e-05, Vec([[3.87679306e-07],
     [1.42885326e-08],
     [1.85727498e-09]]), 2.0649596533811283), (2.2563101480222856e-05, Vec([[4.25201671e-07],
     [1.92373104e-08],
     [2.12030698e-09]]), 2.0731089826983906), (2.2609398808835758e-05, Vec([[ 4.84224824e-07],
     [-2.47963405e-09],
     [-9.75996661e-10]]), 2.0616536107238437), (2.2280047458481535e-05, Vec([[ 4.93542752e-07],
     [-5.59776435e-09],
     [-6.42644078e-09]]), 2.024464114178174), (2.2401184444846414e-05, Vec([[ 5.22144909e-07],
     [-1.02096798e-08],
     [ 2.84175720e-09]]), 2.0364968705475746), (2.2110313659022437e-05, Vec([[ 4.93212093e-07],
     [-2.28274634e-08],
     [ 1.11238702e-09]]), 2.0192018663497575), (2.1631691835348884e-05, Vec([[4.76263794e-07],
     [1.11228836e-08],
     [3.78599564e-09]]), 1.9925842691330709), (2.1338899641762092e-05, Vec([[ 4.32664152e-07],
     [-2.48579862e-09],
     [-8.45350735e-09]]), 1.990855422195807), (2.086946289018388e-05, Vec([[ 3.78951443e-07],
     [-7.89599955e-09],
     [ 3.93915976e-09]]), 1.9804651738828076), (1.9947824316162405e-05, Vec([[ 3.31296395e-07],
     [ 9.85434128e-09],
     [-5.04938777e-09]]), 1.9339734600382485), (1.9761944598435484e-05, Vec([[2.57403943e-07],
     [1.02776398e-08],
     [1.61213178e-09]]), 1.966429080512083), (1.915547869960209e-05, Vec([[ 1.86225348e-07],
     [ 7.26548654e-09],
     [-2.40023989e-09]]), 1.965787612477954), (1.8711004384411146e-05, Vec([[1.25805059e-07],
     [9.76294016e-09],
     [7.69215536e-10]]), 1.990540629904238), (1.7908828336302164e-05, Vec([[ 3.03104527e-08],
     [ 1.56396989e-08],
     [-2.10145061e-10]]), 1.9859767884042496), (1.7329998444310963e-05, Vec([[-2.98348999e-08],
     [-9.50554151e-09],
     [-1.62606492e-09]]), 2.0153474571721146), (1.6601073858000474e-05, Vec([[-1.14688723e-07],
     [-9.82858656e-09],
     [ 2.17704892e-09]]), 2.0380023506306792), (1.5757286894474467e-05, Vec([[-1.67678274e-07],
     [ 2.57789328e-09],
     [-9.63851043e-11]]), 2.0571668017413454), (1.528854420262711e-05, Vec([[-2.57308636e-07],
     [-7.70671771e-10],
     [-2.47906957e-10]]), 2.140411725875355), (1.4383229461138305e-05, Vec([[-3.10558905e-07],
     [-5.66470505e-09],
     [-3.87039987e-10]]), 2.1802199893488745), (1.359004744968336e-05, Vec([[-3.59873878e-07],
     [ 1.28397184e-08],
     [ 3.66838227e-11]]), 2.25598698276679), (1.3891256739179727e-05, Vec([[-3.18915568e-07],
     [ 8.06497821e-10],
     [ 7.79423187e-11]]), 2.1999981144456044), (1.4777819086890986e-05, Vec([[-2.60773209e-07],
     [ 4.91652472e-09],
     [ 8.14434836e-10]]), 2.1499900293590324), (1.5640195866857035e-05, Vec([[-2.18668864e-07],
     [ 2.32298510e-09],
     [-2.86547564e-10]]), 2.1121179322620676), (1.6335753617248994e-05, Vec([[-1.57643602e-07],
     [ 5.04225587e-10],
     [-2.03877267e-09]]), 2.06606175155964), (1.7009368178335458e-05, Vec([[-7.65767118e-08],
     [ 9.77899103e-09],
     [ 1.04059305e-09]]), 2.0305807706519947), (1.761778205949697e-05, Vec([[4.24592868e-09],
     [6.30920928e-09],
     [7.05759685e-10]]), 1.999120968115384), (1.809666222123429e-05, Vec([[ 4.28136673e-08],
     [ 3.88904542e-09],
     [-2.00892642e-09]]), 1.9641590663727106), (1.864880335385034e-05, Vec([[ 1.40924477e-07],
     [ 8.57085247e-09],
     [-1.97414148e-09]]), 1.9472455366166403), (1.9388548950511107e-05, Vec([[ 2.03728553e-07],
     [ 1.36049880e-08],
     [-1.58067991e-09]]), 1.9580377494128955), (2.0155464335880726e-05, Vec([[2.78652213e-07],
     [3.57097732e-09],
     [7.43154534e-12]]), 1.978514270769529), (2.05918510943649e-05, Vec([[ 3.44247176e-07],
     [-1.23813081e-08],
     [ 7.24652623e-09]]), 1.9740459317453685), (2.1171448160580398e-05, Vec([[4.09824867e-07],
     [3.81719061e-09],
     [1.88177780e-09]]), 1.991030762879121), (2.1346139679112666e-05, Vec([[ 4.33502772e-07],
     [ 9.80525923e-09],
     [-3.16134916e-09]]), 1.9778290900988562), (2.1821025884018053e-05, Vec([[ 4.77891555e-07],
     [ 1.07809160e-08],
     [-3.09241798e-09]]), 2.000359045239226), (2.220617906567314e-05, Vec([[ 5.03165265e-07],
     [-7.46730922e-09],
     [-4.05208308e-09]]), 2.022333679376829), (2.265022503673826e-05, Vec([[ 4.97969138e-07],
     [ 6.02526572e-10],
     [-5.72543800e-09]]), 2.057582093362979), (2.254623591291579e-05, Vec([[4.82349775e-07],
     [9.29395904e-09],
     [1.42014702e-09]]), 2.0512329997944203), (2.263097173943242e-05, Vec([[ 4.64275199e-07],
     [-1.61814737e-08],
     [ 1.96262605e-09]]), 2.070410116044803), (2.2403344625378838e-05, Vec([[ 4.22328459e-07],
     [ 1.30292941e-08],
     [-1.33070990e-09]]), 2.0694448532302947), (2.2278562881907187e-05, Vec([[ 3.56248761e-07],
     [-1.44800134e-08],
     [ 2.69003657e-10]]), 2.0865376549626986), (2.2235966118436462e-05, Vec([[ 3.05588234e-07],
     [-7.29197018e-09],
     [-2.50434861e-09]]), 2.120577546192564), (2.1678953418409697e-05, Vec([[ 2.32333694e-07],
     [-6.56219878e-09],
     [-1.85071595e-09]]), 2.114586010906695), (2.1201334914498182e-05, Vec([[ 1.56081506e-07],
     [-2.04959197e-08],
     [-8.59295983e-10]]), 2.12499599240177), (2.059844783748519e-05, Vec([[ 7.19348889e-08],
     [-1.63853564e-08],
     [ 5.74543881e-10]]), 2.131912387792496), (2.0133065748509683e-05, Vec([[ 7.10467572e-09],
     [ 2.58487864e-08],
     [-1.47921244e-10]]), 2.163010011880206)]