[(2.0164206814018993e-05, Vec([[-4.94777879e-10],
     [ 2.42792601e-08],
     [-3.64496063e-11]]), 2.1663556740520113), (2.0596966980919498e-05, Vec([[-8.54048894e-08],
     [-1.87854088e-08],
     [-3.80569589e-10]]), 2.131759121076389), (2.1151383768284872e-05, Vec([[-1.67969645e-07],
     [-7.09327529e-09],
     [ 1.07822494e-09]]), 2.1199894215444517), (2.1848123153147658e-05, Vec([[-2.33358024e-07],
     [ 6.51512593e-09],
     [ 1.09787334e-09]]), 2.131086989881165), (2.1991634953898267e-05, Vec([[-2.99766119e-07],
     [ 1.37337151e-08],
     [ 1.11892618e-09]]), 2.0972764142068847), (2.2183541937246416e-05, Vec([[-3.64947500e-07],
     [ 1.73937914e-08],
     [-6.23739435e-10]]), 2.0776383026976637), (2.2369606343845293e-05, Vec([[-4.11963425e-07],
     [ 5.41830459e-09],
     [-1.32236862e-09]]), 2.066328376014775), (2.2472580835412263e-05, Vec([[-4.67578514e-07],
     [-1.05511044e-08],
     [ 4.49183054e-09]]), 2.0559196145432073), (2.2651104336176015e-05, Vec([[-4.89479363e-07],
     [-1.42629054e-09],
     [ 4.26986676e-12]]), 2.060773819435386), (2.243780954143513e-05, Vec([[-4.87629970e-07],
     [-1.72402119e-09],
     [-5.02152887e-10]]), 2.0382859354316722), (2.2186450235973152e-05, Vec([[-5.04055582e-07],
     [ 3.47881626e-09],
     [ 3.96843368e-10]]), 2.020536959795357), (2.155452876768931e-05, Vec([[-4.59262262e-07],
     [-2.56445892e-08],
     [-5.52710090e-09]]), 1.9759289419062382), (2.13874867847647e-05, Vec([[-4.25769163e-07],
     [ 5.50679041e-09],
     [-3.57453149e-10]]), 1.9816601110506202), (2.0861489870426493e-05, Vec([[-3.96061676e-07],
     [-7.01821064e-09],
     [-2.70829869e-10]]), 1.9618812929786675), (2.0417646526543075e-05, Vec([[-3.23212384e-07],
     [-1.19236267e-08],
     [ 3.36619076e-09]]), 1.9573457421012126), (1.9616683083869372e-05, Vec([[-2.74142044e-07],
     [-1.45989925e-08],
     [-1.43365923e-09]]), 1.9256260624820178), (1.9316060251015548e-05, Vec([[-1.98999253e-07],
     [ 2.90588004e-09],
     [ 1.65955195e-10]]), 1.9507171598019635), (1.8559470060780308e-05, Vec([[-1.48390866e-07],
     [ 4.20144902e-09],
     [-4.76322285e-10]]), 1.9379176535937346), (1.825822178443274e-05, Vec([[-6.28162383e-08],
     [ 5.78303948e-09],
     [-1.88516513e-09]]), 1.9816942713147083), (1.745666523477148e-05, Vec([[ 1.66527718e-09],
     [-9.37662608e-10],
     [-4.07027004e-09]]), 1.980838756339965), (1.6994688302675974e-05, Vec([[ 9.58175455e-08],
     [ 6.44950804e-09],
     [-1.95000552e-09]]), 2.028828285026592), (1.6202675699715552e-05, Vec([[1.42193153e-07],
     [5.75807684e-09],
     [1.72291522e-09]]), 2.0492307438305124), (1.5570974307078526e-05, Vec([[ 2.04266604e-07],
     [-7.46875451e-09],
     [-2.92743990e-11]]), 2.1027699612422674), (1.4693944665970451e-05, Vec([[2.79260326e-07],
     [4.78972285e-09],
     [1.08288320e-09]]), 2.1377873377685384), (1.382690274451384e-05, Vec([[ 3.23616717e-07],
     [-2.06201473e-09],
     [-7.71625951e-10]]), 2.189806188000054), (1.3423036031296106e-05, Vec([[ 3.60420591e-07],
     [ 1.26030870e-09],
     [-2.98270502e-10]]), 2.228262606729837), (1.4417644460334183e-05, Vec([[2.92172434e-07],
     [3.69202241e-09],
     [1.27818781e-09]]), 2.1854366390159763), (1.5193041745574732e-05, Vec([[ 2.34704739e-07],
     [-5.66535174e-09],
     [-5.76790607e-10]]), 2.1270412848303746), (1.584553282844515e-05, Vec([[ 1.68131026e-07],
     [-3.94720976e-09],
     [ 6.67249241e-11]]), 2.0686876052254024), (1.6641487179521692e-05, Vec([[ 1.11702479e-07],
     [-9.22321595e-10],
     [-3.03284660e-10]]), 2.042963622712325), (1.738111697570338e-05, Vec([[ 2.85116523e-08],
     [-6.15545965e-09],
     [-3.31177721e-09]]), 2.0212921548930725), (1.7938112401793287e-05, Vec([[-1.99210752e-08],
     [ 8.50160652e-09],
     [ 3.14111070e-10]]), 1.9892242076794444), (1.8621277934800846e-05, Vec([[-1.16722949e-07],
     [-1.80424681e-08],
     [-3.94579788e-09]]), 1.9809952233692911), (1.900687515662289e-05, Vec([[-1.87798287e-07],
     [-1.86095882e-10],
     [ 2.10587842e-09]]), 1.9505375104815512), (1.9789556635434634e-05, Vec([[-2.42193885e-07],
     [ 1.95695920e-09],
     [ 2.93479860e-09]]), 1.9691766397037838), (2.0369476276396086e-05, Vec([[-3.24656230e-07],
     [ 2.51404250e-09],
     [-6.72239203e-09]]), 1.9748532917201578), (2.0743755685081965e-05, Vec([[-3.77639030e-07],
     [-7.70612044e-09],
     [ 6.32751136e-09]]), 1.9685358423460781), (2.1180591597236094e-05, Vec([[-4.32822377e-07],
     [ 9.81738957e-09],
     [ 6.90716397e-10]]), 1.9760857558065916), (2.162297715696383e-05, Vec([[-4.52594670e-07],
     [-2.61711094e-09],
     [ 4.11002831e-09]]), 1.991781524197871), (2.1889182366893525e-05, Vec([[-4.83528645e-07],
     [ 2.17350757e-08],
     [-4.97607152e-09]]), 1.999007276410378), (2.230836147983146e-05, Vec([[-5.06667041e-07],
     [-3.18897734e-09],
     [ 2.59583893e-09]]), 2.0280583132814036), (2.2316767270100758e-05, Vec([[-4.97651119e-07],
     [-2.43979930e-08],
     [ 1.83717709e-10]]), 2.0278006394275505), (2.2233799260466637e-05, Vec([[-4.83631935e-07],
     [-1.94702737e-08],
     [ 1.41907754e-09]]), 2.027404307076778), (2.2196506634834077e-05, Vec([[-4.29534198e-07],
     [ 3.19486009e-09],
     [-1.34807873e-10]]), 2.0394260660278887), (2.221957833840501e-05, Vec([[-3.95690435e-07],
     [-2.30966948e-08],
     [ 4.19351084e-10]]), 2.065602642429209), (2.231302908162625e-05, Vec([[-3.43002757e-07],
     [ 2.63128944e-08],
     [-1.36464498e-09]]), 2.107611962146977), (2.1739408778734505e-05, Vec([[-2.71599685e-07],
     [-8.64658302e-09],
     [ 3.68410806e-11]]), 2.095530780698474), (2.145282312404491e-05, Vec([[-2.03809593e-07],
     [-4.67749328e-09],
     [-1.65553392e-09]]), 2.1199059563910647), (2.0788537452083297e-05, Vec([[-1.15885369e-07],
     [ 5.09273337e-09],
     [ 7.63772005e-10]]), 2.115992807856011), (2.0344228919017084e-05, Vec([[-3.51640250e-08],
     [ 7.13663491e-10],
     [ 1.75826899e-09]]), 2.143821426836524), (2.032776470582895e-05, Vec([[ 4.55064696e-08],
     [-3.41592500e-08],
     [-3.11056062e-09]]), 2.1420864712798777), (2.096026040427101e-05, Vec([[ 1.25862368e-07],
     [-3.24690371e-09],
     [-7.68708659e-10]]), 2.133471888941467), (2.140654377708809e-05, Vec([[ 1.99353236e-07],
     [-7.73245515e-09],
     [-2.62408575e-09]]), 2.11533276512834), (2.1543481034121217e-05, Vec([[ 2.68981735e-07],
     [-6.43339130e-09],
     [-3.84185494e-09]]), 2.076644682009736), (2.197574123894407e-05, Vec([[3.28756989e-07],
     [3.38258323e-08],
     [2.83293581e-09]]), 2.075752912919587), (2.220519869779073e-05, Vec([[ 3.77645844e-07],
     [-9.21942888e-09],
     [-7.75256194e-11]]), 2.0642658653222066), (2.228813952869129e-05, Vec([[4.41163313e-07],
     [3.08490205e-08],
     [5.65955423e-09]]), 2.0478453418766702), (2.2585140937306552e-05, Vec([[4.68084716e-07],
     [5.02710531e-09],
     [1.06016198e-10]]), 2.059441639992136), (2.2308335977758578e-05, Vec([[ 4.86088581e-07],
     [-1.82371791e-08],
     [ 1.02545927e-10]]), 2.027034534740622), (2.244461122006829e-05, Vec([[ 4.99953564e-07],
     [-2.06854115e-08],
     [ 4.33830661e-11]]), 2.040444808749461), (2.2105964042859965e-05, Vec([[ 5.01094705e-07],
     [-1.54797388e-08],
     [-6.12922040e-09]]), 2.018804642085615), (2.1608452597023275e-05, Vec([[ 4.58222539e-07],
     [-1.69900243e-09],
     [ 5.10267213e-09]]), 1.9904436071327656), (2.1245313698737177e-05, Vec([[ 4.07096681e-07],
     [-4.45425625e-09],
     [ 1.36018771e-10]]), 1.9821241340206746), (2.073116986052882e-05, Vec([[ 3.91786218e-07],
     [ 1.05265201e-08],
     [-2.81023639e-09]]), 1.9673414758526389), (2.0126594070765024e-05, Vec([[ 3.00559273e-07],
     [-1.06252069e-09],
     [-4.15584078e-09]]), 1.951305473564099), (1.9721168806515295e-05, Vec([[2.46492532e-07],
     [2.87930108e-09],
     [5.16107750e-10]]), 1.9623716507073705), (1.9027823577786663e-05, Vec([[ 1.74547981e-07],
     [ 2.42319163e-08],
     [-3.99236979e-09]]), 1.952687294753222), (1.8335475844227966e-05, Vec([[ 9.66552224e-08],
     [-5.54348022e-09],
     [ 2.59609557e-09]]), 1.9505906196554015), (1.790765196869716e-05, Vec([[ 3.70535423e-08],
     [-3.03777107e-09],
     [ 4.00246901e-10]]), 1.9858463366117427), (1.7324557938392453e-05, Vec([[-4.11401433e-08],
     [ 9.38421204e-09],
     [-1.23263681e-09]]), 2.014714767572988), (1.6607077796404378e-05, Vec([[-1.22723766e-07],
     [ 9.34929665e-11],
     [ 5.03251572e-10]]), 2.0387394138282087), (1.5925172725667137e-05, Vec([[-1.91139790e-07],
     [ 7.68345813e-10],
     [-2.46933610e-09]]), 2.0790848616665865), (1.5112306855313174e-05, Vec([[-2.32954540e-07],
     [-1.16773854e-08],
     [ 1.24522553e-09]]), 2.1157383181441536), (1.4207592141956594e-05, Vec([[-2.99622997e-07],
     [-8.73558809e-09],
     [ 4.61939466e-10]]), 2.1535967615688936), (1.343264356370409e-05, Vec([[-3.57460505e-07],
     [-1.83060156e-09],
     [-1.45231638e-10]]), 2.229857484755773), (1.386469966987014e-05, Vec([[-3.35993791e-07],
     [-4.34423177e-09],
     [ 6.90082122e-10]]), 2.195792195319403), (1.4731015031550655e-05, Vec([[-2.81222036e-07],
     [-4.77242855e-09],
     [ 1.60344679e-10]]), 2.1431806177859443), (1.5676353311157874e-05, Vec([[-2.12631547e-07],
     [ 1.73298436e-09],
     [-1.42812663e-09]]), 2.1170007858492403), (1.5953178990923233e-05, Vec([[-1.50480093e-07],
     [-4.06853940e-09],
     [-5.18780386e-10]]), 2.017675688627455), (1.6955662474406952e-05, Vec([[-7.08123709e-08],
     [ 5.83251721e-09],
     [-6.95863703e-10]]), 2.024169376147027), (1.7367201195462842e-05, Vec([[-3.71683872e-09],
     [ 3.50975435e-09],
     [ 7.50335257e-10]]), 1.9706871131722723), (1.7878689763393647e-05, Vec([[ 7.41468564e-08],
     [ 4.60262319e-09],
     [-3.06599594e-09]]), 1.9405009699760787), (1.8810039897427248e-05, Vec([[1.33401264e-07],
     [5.59749425e-09],
     [1.84177671e-09]]), 1.9640813160423913), (1.9229490544417608e-05, Vec([[2.20197388e-07],
     [3.59771531e-09],
     [2.86637155e-10]]), 1.9419745378601658), (1.9672311000825655e-05, Vec([[ 3.00302707e-07],
     [ 1.11224237e-08],
     [-4.70269343e-09]]), 1.931086647548038), (2.0474086916366432e-05, Vec([[ 3.33827615e-07],
     [ 1.96824397e-08],
     [-4.78458818e-09]]), 1.9627564223458553), (2.094408527107234e-05, Vec([[3.99588331e-07],
     [1.83708397e-09],
     [5.17827797e-09]]), 1.9696488288746965), (2.142273330280701e-05, Vec([[ 4.35843605e-07],
     [-9.80664461e-09],
     [-3.42486914e-09]]), 1.9849258813377422), (2.1665958948012157e-05, Vec([[ 4.80702465e-07],
     [ 1.35615166e-09],
     [-6.08754083e-11]]), 1.9861438772766546), (2.2090009972793e-05, Vec([[4.79477510e-07],
     [1.94221112e-09],
     [8.64992863e-10]]), 2.011754071406482), (2.2429369687469376e-05, Vec([[ 4.92597405e-07],
     [-4.94261327e-09],
     [-7.03587128e-10]]), 2.037519245813253), (2.239704235689208e-05, Vec([[ 4.82548892e-07],
     [-6.26126729e-09],
     [ 1.13922177e-09]]), 2.037659525860477), (2.2381084344590182e-05, Vec([[ 4.52175389e-07],
     [ 5.55071981e-09],
     [-3.06707579e-11]]), 2.0475489947412058), (2.2418535596271392e-05, Vec([[ 4.13272631e-07],
     [ 2.24229801e-08],
     [-2.00355628e-09]]), 2.0708480756979597), (2.2282121908170002e-05, Vec([[ 3.57567880e-07],
     [ 1.26113768e-08],
     [-4.65671800e-09]]), 2.086870981773397), (2.2033471889228855e-05, Vec([[ 3.03622225e-07],
     [ 1.10104853e-08],
     [-2.53741533e-09]]), 2.101266277529711), (2.157544036232848e-05, Vec([[ 2.26640851e-07],
     [-1.21562437e-08],
     [-5.80791358e-10]]), 2.104489247649219), (2.1291744293490386e-05, Vec([[ 1.51157698e-07],
     [ 2.56032933e-08],
     [-1.16870862e-09]]), 2.1340576655845553), (2.0893341353709152e-05, Vec([[8.91530802e-08],
     [1.53937521e-08],
     [1.66062527e-09]]), 2.1624334807057912), (2.0258818341883408e-05, Vec([[3.77844496e-09],
     [4.45150406e-09],
     [4.22969170e-10]]), 2.1765203297763964)]