[(1.9779142061209833e-05, array([[-3.25404747e-09],
       [-2.32386165e-09],
       [ 6.95545500e-11]]), 2.12498597278781), (2.067577339980018e-05, array([[-5.73733423e-08],
       [ 3.17118730e-08],
       [ 4.17995583e-10]]), 2.139915482272866), (2.1297757976949072e-05, array([[-1.08975779e-07],
       [ 1.07622546e-08],
       [ 4.48870044e-09]]), 2.134660413161574), (2.1768943823684062e-05, array([[-1.54174304e-07],
       [ 2.47153084e-08],
       [ 3.74830988e-09]]), 2.1233637617711527), (2.188168897724836e-05, array([[-1.85613522e-07],
       [ 5.04160035e-09],
       [-1.52686123e-09]]), 2.0867911954340115), (2.205008369755857e-05, array([[-2.07820444e-07],
       [ 2.63652189e-09],
       [ 4.26835747e-09]]), 2.065139038541812), (2.2554465067348613e-05, array([[-2.50161460e-07],
       [ 4.06537004e-09],
       [ 3.66156985e-09]]), 2.0834041716303684), (2.266649698251113e-05, array([[-2.48772680e-07],
       [ 1.23112207e-08],
       [ 9.66082730e-10]]), 2.073660167500479), (2.24973230085523e-05, array([[-2.44775752e-07],
       [-1.37491881e-08],
       [-6.12802189e-09]]), 2.0467829548319836), (2.23048317897993e-05, array([[-2.35236699e-07],
       [ 2.33676988e-08],
       [-8.47060466e-10]]), 2.0262060271686084), (2.253097891433443e-05, array([[-2.17433009e-07],
       [-3.22445227e-09],
       [-3.77476866e-09]]), 2.0519134495417735), (2.194226152001561e-05, array([[-1.85865766e-07],
       [-1.54339203e-08],
       [-5.14599870e-10]]), 2.011472858236014), (2.1640683413367492e-05, array([[-1.48911266e-07],
       [ 1.35676404e-08],
       [ 3.59291154e-09]]), 2.0051200745425475), (2.1283699531832843e-05, array([[-9.10034085e-08],
       [ 1.33560863e-08],
       [ 4.12124276e-09]]), 2.001587241191035), (2.100099807548379e-05, array([[-6.27726012e-08],
       [-3.62428528e-09],
       [-3.61303742e-09]]), 2.0132689685603875), (2.0364524823115448e-05, array([[2.57359964e-08],
       [6.68667645e-09],
       [1.86601923e-09]]), 1.9990362071811636), (1.988971581247647e-05, array([[9.20393551e-08],
       [1.24258866e-08],
       [1.80777801e-09]]), 2.008650285554087), (1.929748967965412e-05, array([[ 1.73173050e-07],
       [ 7.57456670e-09],
       [-3.95263225e-09]]), 2.014979188402124), (1.8754728050827874e-05, array([[ 2.29945017e-07],
       [ 1.51993505e-08],
       [-1.72819409e-09]]), 2.035583616914948), (1.8208007822243608e-05, array([[3.11931578e-07],
       [2.53416598e-09],
       [1.93125571e-09]]), 2.0660949319346624), (1.725164491063212e-05, array([[3.79933781e-07],
       [7.36420602e-09],
       [2.85267859e-10]]), 2.0595038011032143), (1.6857214571171708e-05, array([[ 4.55278380e-07],
       [-1.52126796e-08],
       [-1.26403662e-09]]), 2.13201343992827), (1.5752132556365326e-05, array([[5.02849153e-07],
       [1.38578699e-08],
       [7.78474656e-10]]), 2.1272343343328037), (1.5134854053219687e-05, array([[ 5.58084827e-07],
       [-1.45893375e-09],
       [ 1.87677192e-09]]), 2.201934204154091), (1.4167959165215315e-05, array([[ 6.12700560e-07],
       [ 3.85971801e-10],
       [-5.64362419e-11]]), 2.2438202701346492), (1.369730561069507e-05, array([[ 6.39050563e-07],
       [ 4.18732728e-09],
       [-8.94580569e-12]]), 2.2737921461360737), (1.4550247924419563e-05, array([[ 5.75034982e-07],
       [-1.09585276e-09],
       [-1.59641657e-10]]), 2.2055367649186453), (1.5725625582282096e-05, array([[ 5.61952491e-07],
       [ 1.42842905e-08],
       [-3.05013503e-10]]), 2.201603563226), (1.6297452891863507e-05, array([[ 4.88546617e-07],
       [-4.33403000e-09],
       [ 4.61884105e-10]]), 2.127687289481396), (1.7136549214288624e-05, array([[ 4.25452324e-07],
       [-1.56413006e-09],
       [ 7.88471193e-11]]), 2.1037390640598606), (1.759773928984001e-05, array([[3.16219171e-07],
       [1.76200938e-09],
       [2.03932913e-09]]), 2.0464836880236077), (1.8443127763055394e-05, array([[ 2.67968595e-07],
       [ 1.33235520e-08],
       [-2.69688714e-10]]), 2.045227245199275), (1.899918020255379e-05, array([[ 1.93391429e-07],
       [ 1.13314467e-08],
       [-2.16348845e-09]]), 2.0211977588741137), (1.9507021584957954e-05, array([[ 1.30200686e-07],
       [-5.35798946e-09],
       [-4.66363120e-10]]), 2.0018639048079216), (2.025418158110701e-05, array([[ 6.06378036e-08],
       [ 1.30396416e-08],
       [-6.08737873e-09]]), 2.0154095395153657), (2.0545798972380624e-05, array([[ 2.57633939e-09],
       [ 1.01570276e-08],
       [-4.88196148e-09]]), 1.991948059000628), (2.1254104762257134e-05, array([[-8.94298154e-08],
       [ 5.65965145e-09],
       [-8.63305740e-10]]), 2.0169668239763756), (2.1553637580186402e-05, array([[-1.24942145e-07],
       [-1.17617498e-08],
       [ 3.18435601e-09]]), 2.010889828666633), (2.1894582703109835e-05, array([[-1.77537115e-07],
       [ 1.10054164e-08],
       [-5.88413822e-10]]), 2.016800230213988), (2.1867651825768975e-05, array([[-2.12346866e-07],
       [ 1.05786469e-08],
       [-3.41531428e-09]]), 1.9970410216799994), (2.232460500470297e-05, array([[-2.10275053e-07],
       [ 1.56137119e-08],
       [-7.36824890e-10]]), 2.029535015892774), (2.263996276038269e-05, array([[-2.44648790e-07],
       [-3.16612658e-08],
       [ 6.41195257e-09]]), 2.057167617804021), (2.2409520591482766e-05, array([[-2.46012646e-07],
       [-1.10870301e-08],
       [ 4.49089894e-09]]), 2.043427577736634), (2.2290583946839673e-05, array([[-2.43833381e-07],
       [ 3.14931034e-09],
       [ 2.88574941e-09]]), 2.048069936231544), (2.2420978938814037e-05, array([[-2.37165902e-07],
       [-1.25651070e-08],
       [ 5.48960197e-09]]), 2.084325482532465), (2.2015214957957066e-05, array([[-1.94755922e-07],
       [ 6.98436143e-09],
       [-1.36720873e-09]]), 2.0794814646136612), (2.1633175546419673e-05, array([[-1.79493587e-07],
       [-1.75603987e-08],
       [-1.35821595e-09]]), 2.085290621432202), (2.1340619693189743e-05, array([[-1.26954241e-07],
       [ 2.99510884e-09],
       [ 9.11131725e-10]]), 2.1088183377582155), (2.0866610177237062e-05, array([[-8.06616841e-08],
       [-1.82545045e-08],
       [ 4.43205330e-10]]), 2.1239395585736056), (2.0189591976128835e-05, array([[-2.77012137e-08],
       [-1.49579122e-09],
       [ 4.79913314e-10]]), 2.1275261918161172), (2.026601962831797e-05, array([[ 3.22622049e-08],
       [ 2.09410843e-08],
       [-1.61876770e-09]]), 2.135579937132202), (2.0724676350192703e-05, array([[ 8.57568874e-08],
       [ 9.81126362e-09],
       [-5.27399964e-10]]), 2.1094926087624617), (2.153121330132715e-05, array([[1.19028625e-07],
       [1.78113771e-08],
       [1.57042625e-09]]), 2.1276522470672274), (2.172116212037293e-05, array([[ 1.66560487e-07],
       [-1.12947088e-08],
       [-1.07543794e-09]]), 2.0937719272434077), (2.1902903968964012e-05, array([[ 2.11764349e-07],
       [-1.60593395e-08],
       [ 4.63262552e-11]]), 2.068872954983867), (2.2236876503566357e-05, array([[2.29383846e-07],
       [2.88045207e-08],
       [4.26415387e-09]]), 2.0672107348566304), (2.241296021043191e-05, array([[2.43195408e-07],
       [1.47293795e-08],
       [1.81989716e-09]]), 2.05931392817762), (2.2186111997847635e-05, array([[2.50264793e-07],
       [5.08525667e-09],
       [4.78135034e-09]]), 2.0230559111731417), (2.2427445268166824e-05, array([[ 2.42946785e-07],
       [-3.02498780e-09],
       [-1.40478007e-09]]), 2.037857334133041), (2.2347327841193745e-05, array([[ 2.26595326e-07],
       [-1.13124545e-08],
       [-2.28329268e-09]]), 2.031600754225376), (2.2027339521962277e-05, array([[1.98200107e-07],
       [1.13967410e-08],
       [6.60747186e-09]]), 2.011624337826446), (2.1923495433769236e-05, array([[ 1.74219480e-07],
       [-2.78098041e-09],
       [ 6.26444326e-10]]), 2.0194635009709914), (2.1428035286659688e-05, array([[ 1.18942108e-07],
       [ 4.67999877e-09],
       [-3.09021649e-10]]), 1.9991715108852164), (2.104220502738978e-05, array([[ 6.94235720e-08],
       [ 8.96657344e-11],
       [-2.87157247e-09]]), 1.9968580148772583), (2.070902229497084e-05, array([[ 1.13051158e-08],
       [ 1.04690736e-08],
       [-9.67907395e-10]]), 2.007772821087238), (2.0007639212023963e-05, array([[-4.63206891e-08],
       [-2.42680185e-09],
       [ 8.93656223e-10]]), 1.9908771316984937), (1.9591707012807338e-05, array([[-1.39339721e-07],
       [-1.14129368e-09],
       [-3.50490661e-09]]), 2.0105545550200294), (1.9030809013321144e-05, array([[-1.75800653e-07],
       [ 1.23254195e-09],
       [-1.69791419e-09]]), 2.024562539920312), (1.819244411942332e-05, array([[-2.56801080e-07],
       [ 1.92523292e-08],
       [ 3.66361890e-09]]), 2.017428000707288), (1.7661959355423955e-05, array([[-3.29543208e-07],
       [ 1.08586830e-08],
       [-6.48639629e-10]]), 2.053951994861022), (1.7065207045451855e-05, array([[-3.94452287e-07],
       [-7.79589137e-11],
       [ 1.96978327e-09]]), 2.094980865100439), (1.6351474742975925e-05, array([[-4.70967585e-07],
       [-7.88400200e-09],
       [-1.52303547e-10]]), 2.1347400238398753), (1.5430339841651862e-05, array([[-5.29242508e-07],
       [ 3.85889211e-09],
       [-1.67078598e-09]]), 2.1602632594435036), (1.4611760000298652e-05, array([[-5.69746872e-07],
       [-1.11901398e-08],
       [-6.57171736e-10]]), 2.2148608084361503), (1.3803086997797236e-05, array([[-6.28085150e-07],
       [ 2.20051541e-09],
       [ 3.33530297e-12]]), 2.2913521607868734), (1.4131820209861217e-05, array([[-6.23948368e-07],
       [ 8.84260814e-10],
       [ 3.51015460e-10]]), 2.2380968402729855), (1.5163493966857036e-05, array([[-5.71178477e-07],
       [-2.81896574e-09],
       [ 4.05986646e-10]]), 2.2061009576107407), (1.58808010587875e-05, array([[-5.16451808e-07],
       [-9.65289132e-10],
       [ 9.36354305e-10]]), 2.14461027090014), (1.6368624066758793e-05, array([[-4.47005396e-07],
       [-2.84862745e-09],
       [ 4.66446781e-10]]), 2.070219036254303), (1.739584381132655e-05, array([[-3.62360803e-07],
       [ 1.54107097e-10],
       [ 1.28299564e-09]]), 2.0767182861933904), (1.782413621611751e-05, array([[-2.94472160e-07],
       [-1.28994355e-09],
       [-2.15398199e-10]]), 2.0225363401505674), (1.852318632122795e-05, array([[-2.27360896e-07],
       [ 7.22308433e-09],
       [ 1.72307146e-10]]), 2.01045275124052), (1.917857441860851e-05, array([[-1.55490345e-07],
       [-6.84661665e-10],
       [ 3.09691919e-09]]), 2.0025624554400676), (1.976431461187793e-05, array([[-1.00319393e-07],
       [-8.05362369e-09],
       [ 1.49965463e-09]]), 1.9959860946844976), (2.0347584851203437e-05, array([[-1.91882143e-08],
       [ 1.22424869e-08],
       [-2.34511415e-09]]), 1.9973733342442859), (2.10235596292164e-05, array([[ 4.24284086e-08],
       [ 3.31466302e-09],
       [-9.03368588e-10]]), 2.0154318408128917), (2.1449091758735038e-05, array([[ 9.77032339e-08],
       [-1.95181114e-09],
       [-4.11756126e-09]]), 2.0171412556923434), (2.1793829987992342e-05, array([[ 1.53913007e-07],
       [-1.83263702e-08],
       [ 5.61823771e-10]]), 2.0193098884805885), (2.206113886724807e-05, array([[ 2.10433264e-07],
       [ 2.53036847e-08],
       [-1.57601678e-09]]), 2.022370484134742), (2.220349744915465e-05, array([[2.17006956e-07],
       [1.62524556e-09],
       [1.99616932e-09]]), 2.0220894625133847), (2.2479856568202882e-05, array([[2.28659949e-07],
       [4.13669043e-09],
       [9.72804078e-10]]), 2.042105553524479), (2.2304388371022084e-05, array([[2.43721245e-07],
       [3.99077195e-09],
       [4.80464124e-09]]), 2.029229962978535), (2.251787511242268e-05, array([[ 2.50243963e-07],
       [-1.46445047e-08],
       [ 1.60020118e-10]]), 2.060063392830814), (2.2450728531844234e-05, array([[ 2.46354583e-07],
       [-1.61376597e-08],
       [ 1.27348775e-09]]), 2.0738218060023232), (2.214518918857087e-05, array([[ 2.01903999e-07],
       [-4.46800447e-09],
       [ 6.74812171e-10]]), 2.0740463091428265), (2.181229626364337e-05, array([[1.82125493e-07],
       [4.30715399e-09],
       [1.68633812e-10]]), 2.0801734199995487), (2.1496408499567694e-05, array([[ 1.46632826e-07],
       [-4.71641636e-09],
       [-2.41792801e-09]]), 2.09678040358353), (2.1352007337567624e-05, array([[ 1.08200946e-07],
       [-1.56617098e-08],
       [-4.30491359e-10]]), 2.1400977912497785), (2.062102330015347e-05, array([[ 5.46001069e-08],
       [-1.06975637e-08],
       [-4.74793881e-10]]), 2.1342489186273617), (2.0127242014627853e-05, array([[ 4.89841668e-09],
       [ 1.80714107e-08],
       [-1.20705472e-10]]), 2.1623843349539857)]