[(1.9889601382992665e-05, array([[ 3.93643959e-09],
       [-7.96939564e-09],
       [-9.77688711e-10]]), 2.1368532473453095), (2.0801103022918277e-05, array([[-5.54599230e-08],
       [ 8.35774894e-09],
       [-2.36154388e-10]]), 2.1528869342089965), (2.0946084737510065e-05, array([[-1.00773441e-07],
       [ 8.52314872e-09],
       [ 2.37074372e-09]]), 2.0994124333783852), (2.157619688350314e-05, array([[-1.37932424e-07],
       [-1.89825568e-09],
       [ 1.11804992e-09]]), 2.10456303945374), (2.2147827232498674e-05, array([[-1.89729216e-07],
       [-2.29109023e-08],
       [-3.31042921e-09]]), 2.112172004401819), (2.229117926986785e-05, array([[-2.17504467e-07],
       [-1.33646929e-08],
       [-5.18354359e-10]]), 2.087719264776989), (2.237616049679455e-05, array([[-2.38186899e-07],
       [-5.05183170e-09],
       [-1.05895487e-09]]), 2.0669337971389385), (2.2559295095038766e-05, array([[-2.46565563e-07],
       [-1.24218962e-08],
       [ 2.06021870e-09]]), 2.0638527286137456), (2.241748241530137e-05, array([[-2.51093305e-07],
       [ 2.58410055e-08],
       [ 4.21631900e-10]]), 2.0395191410303344), (2.2406373684246095e-05, array([[-2.31695626e-07],
       [ 5.64955223e-09],
       [ 5.65037161e-09]]), 2.0354302526851766), (2.2312890083273666e-05, array([[-2.31647333e-07],
       [-2.60473184e-08],
       [-2.43080358e-09]]), 2.0320519332113083), (2.1913433663325995e-05, array([[-1.80368499e-07],
       [ 1.13827365e-09],
       [ 2.23376242e-09]]), 2.008830174789762), (2.1768366117795703e-05, array([[-1.57074251e-07],
       [ 1.39916613e-08],
       [-1.76877777e-09]]), 2.016950530583633), (2.1277926830624966e-05, array([[-7.57272681e-08],
       [-9.97216435e-09],
       [ 4.35369546e-09]]), 2.001044357888834), (2.0861806017228895e-05, array([[-3.96608969e-08],
       [-2.36638126e-09],
       [-3.38190409e-09]]), 1.999925266963568), (2.0487120461684307e-05, array([[ 3.21193478e-08],
       [ 1.97504823e-09],
       [-4.25069646e-09]]), 2.011070522858565), (1.9860752708669217e-05, array([[ 9.88021577e-08],
       [-1.25306385e-08],
       [-1.33984382e-09]]), 2.0057253193413223), (1.935635587409715e-05, array([[ 1.85730929e-07],
       [-8.79669194e-09],
       [-9.28475944e-10]]), 2.0211257991101577), (1.8687962238419538e-05, array([[ 2.51428513e-07],
       [-4.50789547e-09],
       [ 2.05301865e-09]]), 2.028337049887151), (1.819182407205883e-05, array([[ 3.34772449e-07],
       [-9.03609240e-09],
       [ 2.40642954e-09]]), 2.0642585331060324), (1.7366748137610296e-05, array([[3.76792579e-07],
       [1.12896119e-08],
       [9.45724490e-10]]), 2.073244840564019), (1.6445679408879416e-05, array([[ 4.46476092e-07],
       [ 2.13895138e-09],
       [-5.00602624e-10]]), 2.0799645979736385), (1.5829643160808686e-05, array([[ 5.19458903e-07],
       [ 2.84531100e-09],
       [-4.30631984e-11]]), 2.137701692860724), (1.5018478010461159e-05, array([[ 5.57556127e-07],
       [-2.83727352e-09],
       [-1.59351767e-11]]), 2.1850029282928887), (1.4110805413679178e-05, array([[ 6.11379129e-07],
       [-5.40746203e-10],
       [-6.89333390e-10]]), 2.234768666815105), (1.376261213478931e-05, array([[ 6.42196692e-07],
       [ 2.35062598e-09],
       [-3.91166090e-10]]), 2.2846332170588823), (1.471436728488789e-05, array([[ 5.78529423e-07],
       [-3.78489679e-09],
       [-1.22278589e-10]]), 2.230414092454785), (1.5596147164537678e-05, array([[5.27653270e-07],
       [6.19057283e-09],
       [4.70588686e-10]]), 2.183476453154898), (1.612665924168125e-05, array([[ 4.79649850e-07],
       [-7.43780942e-09],
       [-6.44731177e-11]]), 2.105389604006978), (1.698379179617891e-05, array([[ 4.15058363e-07],
       [-9.47458691e-09],
       [-7.53429192e-10]]), 2.084986061703098), (1.774115561754309e-05, array([[ 3.51818917e-07],
       [ 1.47071904e-09],
       [-3.80456849e-10]]), 2.0631619198354665), (1.8455232280916847e-05, array([[2.40879137e-07],
       [7.01827390e-09],
       [3.15665078e-09]]), 2.0465695603444227), (1.8803261503650517e-05, array([[ 1.78023456e-07],
       [-1.78358490e-09],
       [-3.77588446e-11]]), 2.0003552577281116), (1.9607708269419646e-05, array([[ 1.15115678e-07],
       [ 7.43303640e-09],
       [-7.67573345e-10]]), 2.0121966477354256), (1.987350416194361e-05, array([[ 6.68481840e-08],
       [ 2.62552230e-08],
       [-5.06482123e-09]]), 1.9775299096232515), (2.068298246514656e-05, array([[-2.36383347e-08],
       [-5.78027010e-10],
       [ 1.72504329e-09]]), 2.005248217953287), (2.1176428831986172e-05, array([[-6.35747699e-08],
       [-9.52819136e-09],
       [-8.46283251e-10]]), 2.0095955525852487), (2.1426558487717073e-05, array([[-1.23125637e-07],
       [-1.10498401e-08],
       [-1.66939149e-09]]), 1.9990337299671872), (2.1886781518715005e-05, array([[-1.66126000e-07],
       [ 1.83519701e-08],
       [-2.01628790e-10]]), 2.0160816309743135), (2.2257931127074418e-05, array([[-2.08044829e-07],
       [-2.06175742e-09],
       [-3.55058334e-09]]), 2.032682881209751), (2.2372037055459096e-05, array([[-2.47418841e-07],
       [ 5.26041113e-09],
       [-1.70477352e-09]]), 2.033847074621915), (2.2380063436518356e-05, array([[-2.61842098e-07],
       [-1.36765880e-08],
       [ 5.00769208e-10]]), 2.033552010366784), (2.2531394573243143e-05, array([[-2.46016945e-07],
       [-1.30432189e-08],
       [-2.64465481e-09]]), 2.0545407407479113), (2.2309086812490366e-05, array([[-2.42280565e-07],
       [-1.96182095e-08],
       [ 1.13397424e-09]]), 2.049769988727418), (2.2317586521965466e-05, array([[-2.43671832e-07],
       [-6.44690474e-09],
       [-2.85934089e-09]]), 2.0747137947588756), (2.197554001431769e-05, array([[-2.01609625e-07],
       [ 1.45687560e-08],
       [ 3.16491915e-09]]), 2.0757339059336655), (2.191297269861126e-05, array([[-1.77140710e-07],
       [ 1.90103006e-08],
       [ 8.65915396e-10]]), 2.112261159165628), (2.128072710732549e-05, array([[-1.33882307e-07],
       [ 2.33508573e-09],
       [-2.02419622e-09]]), 2.102899925585461), (2.0967522558413025e-05, array([[-8.41940705e-08],
       [ 2.11511865e-09],
       [ 3.73111577e-10]]), 2.1342110783129877), (2.0145677498211986e-05, array([[-2.49973224e-08],
       [ 6.54324163e-09],
       [ 2.37270472e-10]]), 2.1228985994369105), (2.039364457966541e-05, array([[3.02838442e-08],
       [2.25598755e-09],
       [7.48686197e-12]]), 2.149028719407841), (2.0664741074825015e-05, array([[ 8.35039827e-08],
       [ 5.22482454e-09],
       [-9.87844509e-10]]), 2.1033920058745856), (2.1237974092141922e-05, array([[1.32859054e-07],
       [1.26862798e-08],
       [4.56341425e-10]]), 2.0986751962331853), (2.170394400461572e-05, array([[1.80512044e-07],
       [6.72673471e-09],
       [1.57617386e-09]]), 2.0921122182825016), (2.202425192427121e-05, array([[1.99458378e-07],
       [1.15259717e-08],
       [1.00670619e-09]]), 2.0803350653612576), (2.2263009913265975e-05, array([[ 2.21926702e-07],
       [-1.07896451e-10],
       [-2.78325903e-10]]), 2.0696401797051815), (2.2564407971406684e-05, array([[2.40394318e-07],
       [2.30016501e-08],
       [1.81105668e-09]]), 2.0732290237579667), (2.237725638973566e-05, array([[2.63188919e-07],
       [2.88376426e-09],
       [2.41806069e-09]]), 2.0404855442667715), (2.255148052057996e-05, array([[ 2.49454728e-07],
       [-2.07648487e-08],
       [-5.78249161e-09]]), 2.049127728321894), (2.2263808794947865e-05, array([[ 2.34054532e-07],
       [-1.99719704e-09],
       [-1.01118212e-09]]), 2.0240080183711795), (2.219741180483432e-05, array([[1.73985931e-07],
       [4.01458674e-09],
       [2.15944212e-09]]), 2.027156015770302), (2.2052828438097526e-05, array([[ 1.70085007e-07],
       [-2.43136367e-08],
       [-4.72049778e-09]]), 2.0313768969210546), (2.1402187943010136e-05, array([[ 1.38144805e-07],
       [-1.17156648e-08],
       [ 4.19083291e-10]]), 1.9967600311408085), (2.0999183427981097e-05, array([[ 7.35651383e-08],
       [-1.99165232e-09],
       [ 8.16915886e-10]]), 1.9927753616819182), (2.0601543843127197e-05, array([[ 2.58616822e-08],
       [-1.98174998e-08],
       [ 2.03298941e-09]]), 1.9973526133444222), (2.021369190268488e-05, array([[-4.77253687e-08],
       [ 1.17810182e-08],
       [ 7.56582986e-10]]), 2.0113805796772652), (1.9547277200435353e-05, array([[-1.04518535e-07],
       [ 3.39584779e-09],
       [ 1.33439501e-09]]), 2.005995046163308), (1.9081928037292246e-05, array([[-1.96662441e-07],
       [-7.95791654e-09],
       [ 1.64745842e-09]]), 2.0300007564951685), (1.848121628407652e-05, array([[-2.93864440e-07],
       [-2.38881750e-09],
       [ 8.92861417e-10]]), 2.049451023395824), (1.7818090731026334e-05, array([[-3.33905637e-07],
       [ 1.82550043e-09],
       [-6.90910473e-10]]), 2.0721088903631295), (1.6901583161794848e-05, array([[-3.95464815e-07],
       [ 2.00582284e-09],
       [-1.46117396e-09]]), 2.0748938597437583), (1.6093084726735112e-05, array([[-4.51555629e-07],
       [ 1.17391350e-09],
       [-5.39121294e-10]]), 2.1010063381570685), (1.544132753985948e-05, array([[-5.26439981e-07],
       [ 1.01968674e-08],
       [ 6.64792518e-10]]), 2.1618015483591946), (1.4645702399498055e-05, array([[-5.76609573e-07],
       [-1.32255421e-09],
       [-1.91715944e-11]]), 2.2200058210649862), (1.373865942050131e-05, array([[-6.39911498e-07],
       [-2.30307759e-09],
       [ 3.00302192e-10]]), 2.280656997561803), (1.4288855685975379e-05, array([[-6.09462923e-07],
       [ 2.60526111e-09],
       [-5.52341748e-10]]), 2.2629669983759464), (1.4807824059592383e-05, array([[-5.67873055e-07],
       [-6.40884306e-09],
       [ 2.55266512e-11]]), 2.1543553820379286), (1.612399779658352e-05, array([[-4.88665982e-07],
       [-9.71410038e-09],
       [-1.85705002e-09]]), 2.177452582808465), (1.648907552912914e-05, array([[-4.45166518e-07],
       [-4.68158269e-09],
       [ 7.92503560e-10]]), 2.085453115143692), (1.716279566799235e-05, array([[-3.64161262e-07],
       [ 1.82103883e-09],
       [-1.31628960e-09]]), 2.0488969659933076), (1.791637019679895e-05, array([[-2.87386733e-07],
       [ 5.65474030e-09],
       [ 1.64202375e-09]]), 2.033002293477173), (1.8470133375261455e-05, array([[-2.28998292e-07],
       [-1.44245256e-09],
       [-1.29397306e-09]]), 2.004694538839584), (1.899866892734937e-05, array([[-1.58535303e-07],
       [ 1.16820522e-08],
       [ 2.66957894e-09]]), 1.9837773270744525), (1.9906633311471894e-05, array([[-1.18652141e-07],
       [-1.03243835e-08],
       [-4.14099235e-09]]), 2.0103587734735924), (2.0307051182294196e-05, array([[-2.50259780e-08],
       [-2.09006040e-08],
       [-1.57209048e-09]]), 1.9933944409254745), (2.084606152661304e-05, array([[ 3.97026651e-08],
       [-1.21524681e-08],
       [ 9.10487920e-10]]), 1.9984159151571081), (2.147566513476807e-05, array([[ 1.01359800e-07],
       [-8.05003608e-09],
       [ 3.02222124e-09]]), 2.0196403010459734), (2.1777725927571257e-05, array([[ 1.52099928e-07],
       [-1.09398662e-08],
       [ 4.57940920e-09]]), 2.0178177648625324), (2.209371680550361e-05, array([[ 1.77209442e-07],
       [-7.33787846e-09],
       [ 2.83947001e-09]]), 2.025356941958086), (2.237753082114241e-05, array([[ 2.20090148e-07],
       [-2.08015331e-09],
       [ 1.79837039e-11]]), 2.0379388145547908), (2.2354138420892597e-05, array([[ 2.39927627e-07],
       [ 9.17608460e-09],
       [-4.91828948e-09]]), 2.0306851191448274), (2.25197827972266e-05, array([[ 2.59009350e-07],
       [ 8.41821633e-09],
       [-2.08810171e-09]]), 2.0488263229522805), (2.2218440995671444e-05, array([[ 2.38001940e-07],
       [ 3.21579490e-09],
       [-3.08772457e-09]]), 2.032669455374276), (2.221537385734177e-05, array([[ 2.31329541e-07],
       [ 5.33011808e-09],
       [-3.13344771e-09]]), 2.0520815914059245), (2.2110568395587233e-05, array([[ 2.20351734e-07],
       [-2.13300794e-08],
       [ 2.16489411e-09]]), 2.070803838405915), (2.2119526295427838e-05, array([[ 1.95975422e-07],
       [-2.07433369e-08],
       [ 6.39061921e-10]]), 2.1094730287257013), (2.1661824578345872e-05, array([[1.53431547e-07],
       [1.13433717e-08],
       [2.27143558e-09]]), 2.1129152473378574), (2.1206733314142035e-05, array([[ 1.11366218e-07],
       [ 1.21882447e-08],
       [-1.38024883e-09]]), 2.1255370704826935), (2.0577512347027593e-05, array([[ 4.87880717e-08],
       [ 2.29509890e-09],
       [-1.58836263e-09]]), 2.129745591934711), (2.006349757725779e-05, array([[-6.76199777e-09],
       [ 1.83197533e-08],
       [ 7.60829722e-10]]), 2.1555359067038906)]