[(2.005693958073954e-05, array([[ 1.75205725e-09],
       [ 2.04488109e-09],
       [-4.76061268e-10]]), 2.1548313437573414), (2.0709070379004997e-05, array([[-5.66080510e-08],
       [ 2.14761411e-09],
       [-7.14752417e-10]]), 2.1433616760347878), (2.120588479539929e-05, array([[-1.04004019e-07],
       [ 4.57235498e-10],
       [-5.95653480e-10]]), 2.1254520240016537), (2.1715635703323184e-05, array([[-1.38109288e-07],
       [ 4.88287843e-10],
       [ 1.45733253e-09]]), 2.118164036332049), (2.2072437218198842e-05, array([[-1.81736846e-07],
       [-4.30496657e-10],
       [-8.49747331e-10]]), 2.1049822843473884), (2.221251043848652e-05, array([[-2.16828244e-07],
       [-2.74407884e-08],
       [-9.19368541e-10]]), 2.080351398195148), (2.2463891760683914e-05, array([[-2.31941312e-07],
       [-2.65056546e-08],
       [-3.52321244e-10]]), 2.0750377216001805), (2.251259017835345e-05, array([[-2.48418699e-07],
       [-4.15432918e-09],
       [-7.10280062e-10]]), 2.0595798969789545), (2.2626839655341244e-05, array([[-2.57770770e-07],
       [ 9.50473174e-09],
       [ 2.03277809e-09]]), 2.0585662441110606), (2.2400088267183678e-05, array([[-2.45322539e-07],
       [-1.37495042e-09],
       [-2.05152520e-09]]), 2.0348592755060992), (2.2195567041166822e-05, array([[-2.23914664e-07],
       [ 3.77728468e-09],
       [-2.02169842e-09]]), 2.0213672342039772), (2.1973198730716746e-05, array([[-1.86935409e-07],
       [-4.41654727e-09],
       [ 7.54604744e-11]]), 2.014308908639392), (2.149788989528062e-05, array([[-1.59871240e-07],
       [-2.65738708e-09],
       [-1.17582154e-09]]), 1.9918895242793486), (2.1224376933235247e-05, array([[-9.34871454e-08],
       [ 1.30581284e-08],
       [ 3.46169008e-09]]), 1.9960083541047153), (2.0919255015214174e-05, array([[-4.09683381e-08],
       [-7.56205170e-09],
       [ 1.65265356e-09]]), 2.005432637827702), (2.0306292115756438e-05, array([[ 2.95708496e-08],
       [-8.87735819e-09],
       [ 1.16996280e-09]]), 1.9933199289245398), (1.9899472883669716e-05, array([[8.67232949e-08],
       [2.04774600e-08],
       [4.22822024e-09]]), 2.0096356462310947), (1.953526404617223e-05, array([[ 1.60652196e-07],
       [-1.89095849e-09],
       [-5.76005618e-10]]), 2.0398067907495228), (1.8668384443542808e-05, array([[ 2.41314634e-07],
       [ 2.25687953e-08],
       [-1.11044287e-09]]), 2.0262121329916147), (1.8145022906514813e-05, array([[3.24951014e-07],
       [6.02061376e-10],
       [2.99241282e-10]]), 2.05894792186931), (1.7420946976394964e-05, array([[ 3.89924792e-07],
       [-1.01722080e-09],
       [ 1.15103498e-09]]), 2.079715105577624), (1.665857111385255e-05, array([[4.47409344e-07],
       [1.30260207e-09],
       [1.16015529e-10]]), 2.1068900413400753), (1.5779002236524438e-05, array([[ 4.95510200e-07],
       [ 5.77211972e-09],
       [-8.26616691e-10]]), 2.130862929126713), (1.5130997747570769e-05, array([[ 5.68996992e-07],
       [-2.45212949e-08],
       [ 9.69396504e-10]]), 2.20137315934453), (1.4046381405444619e-05, array([[ 5.97579788e-07],
       [-1.09054061e-08],
       [-4.44147267e-10]]), 2.2245656521201638), (1.3668614944296594e-05, array([[ 6.23414400e-07],
       [ 4.99127731e-09],
       [-8.77809204e-10]]), 2.269029412954934), (1.4469994626847413e-05, array([[ 5.78802840e-07],
       [-9.10148451e-09],
       [ 7.07689593e-10]]), 2.193371913898871), (1.544072480502561e-05, array([[ 5.30777292e-07],
       [-7.17368714e-11],
       [ 7.43020186e-10]]), 2.1617171648699034), (1.6281912754909742e-05, array([[ 4.53978003e-07],
       [-6.20489289e-09],
       [ 1.21272346e-09]]), 2.125658472334771), (1.6833529046209598e-05, array([[ 4.22798603e-07],
       [-5.69351905e-09],
       [-2.21466599e-09]]), 2.0665393130006273), (1.7695955380758323e-05, array([[ 3.34727243e-07],
       [-5.57315007e-09],
       [ 7.24811717e-10]]), 2.0579054749165313), (1.8332221054840658e-05, array([[2.60378329e-07],
       [1.14575987e-08],
       [1.54772189e-09]]), 2.0329283865549987), (1.895149624306779e-05, array([[ 1.79423398e-07],
       [ 5.07480885e-09],
       [-6.99690339e-10]]), 2.016124976205607), (1.958170699416949e-05, array([[1.00934396e-07],
       [4.01524639e-09],
       [1.54764206e-10]]), 2.009528325758359), (2.0144010199327167e-05, array([[ 6.68257790e-08],
       [-1.17779035e-09],
       [-1.24886206e-09]]), 2.0044468426060122), (2.0488618676731662e-05, array([[-1.07310290e-08],
       [-1.85655955e-08],
       [-2.65824613e-10]]), 1.9864043379175906), (2.0983301021177788e-05, array([[-9.23774169e-08],
       [ 2.15284781e-08],
       [-8.29785550e-10]]), 1.991268156934154), (2.1429228576187696e-05, array([[-1.39012355e-07],
       [ 2.54740610e-09],
       [ 3.37440997e-09]]), 1.9992828412240338), (2.1619762861414864e-05, array([[-1.81095695e-07],
       [ 1.05804281e-08],
       [-8.43090985e-09]]), 1.991485442190233), (2.2474072575273572e-05, array([[-2.12628353e-07],
       [ 1.76567337e-08],
       [-5.58098645e-09]]), 2.05242177873648), (2.252139621061348e-05, array([[-2.34097962e-07],
       [-2.95777986e-09],
       [ 6.28858703e-09]]), 2.047425350038932), (2.2454983272326294e-05, array([[-2.55282908e-07],
       [ 3.70157235e-09],
       [-5.41539293e-09]]), 2.04035955955697), (2.251598812506307e-05, array([[-2.53954313e-07],
       [ 3.65618927e-09],
       [-2.70558567e-09]]), 2.0531358931538892), (2.2438254311328084e-05, array([[-2.40596519e-07],
       [-1.45977016e-08],
       [ 1.29394643e-09]]), 2.0616379627445482), (2.2320466720968235e-05, array([[-2.19135174e-07],
       [-7.53277614e-09],
       [-2.30521769e-09]]), 2.074981547214851), (2.1784899540561542e-05, array([[-2.10034081e-07],
       [ 9.27676816e-10],
       [ 2.16795313e-10]]), 2.057726662654953), (2.194225862024871e-05, array([[-1.69961549e-07],
       [ 2.64174067e-09],
       [-1.14538886e-09]]), 2.1150841223316013), (2.121047178613991e-05, array([[-1.36512639e-07],
       [-2.42716089e-08],
       [ 8.37678338e-10]]), 2.095957497869151), (2.1051356010971414e-05, array([[-8.21172406e-08],
       [ 1.49593957e-08],
       [-3.05642201e-10]]), 2.1427441934049063), (2.0094815198254347e-05, array([[-2.39697196e-08],
       [ 1.57075044e-08],
       [-1.16164027e-09]]), 2.1175388638135346), (2.0288123696288983e-05, array([[ 2.52776554e-08],
       [ 1.02070887e-08],
       [-4.86882384e-10]]), 2.1379092057776314), (2.076950675269118e-05, array([[ 8.52239672e-08],
       [ 2.77340266e-09],
       [-4.22893855e-10]]), 2.114055739260637), (2.159043019282316e-05, array([[ 1.28652664e-07],
       [ 6.04844067e-09],
       [-7.77318209e-10]]), 2.13350388907609), (2.1572966301486092e-05, array([[1.66245924e-07],
       [2.06507716e-08],
       [3.19608472e-09]]), 2.0794868607446366), (2.2034742695362234e-05, array([[ 2.08619739e-07],
       [ 2.18127627e-09],
       [-3.72712302e-09]]), 2.081325987506463), (2.220552625440783e-05, array([[2.32718965e-07],
       [1.44483266e-08],
       [8.42991453e-10]]), 2.0642963160266956), (2.2408291786030575e-05, array([[2.37926023e-07],
       [2.64892434e-08],
       [5.33119349e-09]]), 2.0588849910224183), (2.2435209237309402e-05, array([[ 2.43108604e-07],
       [-1.54089442e-08],
       [-8.03284075e-09]]), 2.045770014608612), (2.2514847626580214e-05, array([[ 2.36873932e-07],
       [-2.09608089e-08],
       [-6.64986471e-09]]), 2.0457991007936456), (2.247037273062962e-05, array([[ 2.35759756e-07],
       [-7.16449274e-09],
       [-5.49362018e-09]]), 2.0427867936461923), (2.2232000867336446e-05, array([[ 2.10286704e-07],
       [-2.77653913e-08],
       [-1.96853248e-09]]), 2.0303148266599473), (2.2106659736713022e-05, array([[1.85927847e-07],
       [3.31010527e-09],
       [8.77109028e-10]]), 2.0363355196503674), (2.1572268617152775e-05, array([[1.31167920e-07],
       [7.46026441e-09],
       [1.89879439e-09]]), 2.012628048611817), (2.1056469567994107e-05, array([[ 8.01901994e-08],
       [-1.86513286e-08],
       [-4.61626821e-09]]), 1.9982116877550395), (2.0736776362346612e-05, array([[ 1.66901116e-08],
       [-2.74972697e-08],
       [ 1.55040217e-09]]), 2.0104636222925283), (2.0323923558142206e-05, array([[-5.81224625e-08],
       [ 9.80421452e-09],
       [ 1.14971462e-10]]), 2.0223492741700855), (1.951607768178387e-05, array([[-1.20741383e-07],
       [-1.28689202e-08],
       [-1.62830561e-10]]), 2.0027932662317194), (1.895217612526957e-05, array([[-1.91405345e-07],
       [ 6.98991368e-09],
       [-5.98358084e-10]]), 2.016197304399135), (1.8616725933036013e-05, array([[-2.59958563e-07],
       [-7.11249901e-09],
       [ 1.04786108e-09]]), 2.0644781939278487), (1.7710680276829817e-05, array([[-3.46149986e-07],
       [ 1.23711312e-08],
       [-1.43594018e-09]]), 2.059617868714497), (1.690014747372986e-05, array([[-4.04836853e-07],
       [-4.74607235e-09],
       [ 1.28997733e-09]]), 2.074717609961591), (1.6177532912156855e-05, array([[-4.88057164e-07],
       [ 1.21589303e-08],
       [-4.56483089e-10]]), 2.1120313327948086), (1.546243806606114e-05, array([[-5.38523676e-07],
       [-1.27559791e-08],
       [ 1.29003112e-09]]), 2.164757043481724), (1.4639820533464924e-05, array([[-5.77410399e-07],
       [-4.70498499e-09],
       [ 8.31850781e-10]]), 2.2191142436946363), (1.3841112952168052e-05, array([[-6.51662220e-07],
       [ 7.88960585e-09],
       [ 7.13453532e-10]]), 2.2976645786342327), (1.4087801937809707e-05, array([[-6.07629285e-07],
       [-4.50316456e-09],
       [-1.93618492e-11]]), 2.2311255404595323), (1.5089265930182576e-05, array([[-5.64869891e-07],
       [ 2.10198101e-09],
       [-3.87586907e-10]]), 2.195301695702699), (1.6012999781317236e-05, array([[-5.16739601e-07],
       [ 2.34527873e-09],
       [-1.37381491e-09]]), 2.1624629432614166), (1.642813950334468e-05, array([[-4.35040583e-07],
       [-1.45814892e-08],
       [ 6.06569367e-10]]), 2.077746241306394), (1.7349366118115387e-05, array([[-3.89929606e-07],
       [ 7.87498266e-09],
       [ 7.59677553e-11]]), 2.071169772626669), (1.8128852424796554e-05, array([[-3.37462234e-07],
       [ 1.59170151e-08],
       [ 5.20143786e-11]]), 2.057113028637102), (1.8829202435242674e-05, array([[-2.29512549e-07],
       [-1.40185892e-08],
       [ 1.81131717e-09]]), 2.0436668499207116), (1.9286002031546373e-05, array([[-1.47361210e-07],
       [ 3.62995068e-09],
       [-5.37862377e-10]]), 2.0137796866925726), (1.9935775930378436e-05, array([[-9.80107907e-08],
       [ 7.26132402e-10],
       [-6.14435447e-09]]), 2.013301868806895), (2.0413381221448573e-05, array([[-2.66541366e-08],
       [-1.45682778e-08],
       [ 6.46274545e-09]]), 2.003832081873488), (2.1041621347685073e-05, array([[3.74019867e-08],
       [2.23599973e-08],
       [3.45494386e-09]]), 2.0171633345819573), (2.1413975924059606e-05, array([[1.08184201e-07],
       [1.83061656e-09],
       [2.85356302e-09]]), 2.013838850180323), (2.17715184660539e-05, array([[1.74371022e-07],
       [4.41384889e-10],
       [1.06419685e-09]]), 2.017242611783369), (2.201843449367411e-05, array([[ 1.94300027e-07],
       [ 4.56075267e-09],
       [-6.80963600e-10]]), 2.0184557241044856), (2.2227337287002733e-05, array([[ 2.18000100e-07],
       [ 2.41007387e-08],
       [-6.34273864e-09]]), 2.024260574745186), (2.2516458612946656e-05, array([[ 2.42851913e-07],
       [ 4.76130521e-09],
       [-1.63957330e-09]]), 2.0454305408799294), (2.258575792750814e-05, array([[2.53631501e-07],
       [8.35662436e-10],
       [9.84080822e-10]]), 2.0548286714117725), (2.236623651072293e-05, array([[2.47616600e-07],
       [1.43550710e-08],
       [1.85982703e-09]]), 2.046190630381334), (2.2586032503682187e-05, array([[ 2.28318410e-07],
       [-1.37754481e-08],
       [-1.33158120e-09]]), 2.0863201232323534), (2.2199062250087713e-05, array([[2.18443652e-07],
       [9.39670065e-09],
       [7.82706463e-10]]), 2.0790918846603703), (2.208957199520852e-05, array([[ 1.89254573e-07],
       [ 1.83937206e-08],
       [-2.89438589e-10]]), 2.106616376753906), (2.1598063096665756e-05, array([[ 1.50081130e-07],
       [ 2.05774526e-08],
       [-7.92341374e-10]]), 2.106695890960581), (2.1294062475965153e-05, array([[ 1.03175104e-07],
       [ 2.23316407e-09],
       [-2.48891053e-09]]), 2.1342900155044258), (2.0635114195307007e-05, array([[ 4.92894642e-08],
       [-1.02263196e-09],
       [-1.01797677e-09]]), 2.135707307830758), (2.0139416372036487e-05, array([[-5.59606232e-10],
       [-8.95525034e-09],
       [-8.61125647e-10]]), 2.1636922955642586)]