[(1.9962387606660482e-05, array([[ 2.14368290e-09],
       [ 2.50534380e-08],
       [-9.07499068e-10]]), 2.144673086235574), (2.0638908586453038e-05, array([[-5.69948452e-08],
       [-1.45714966e-08],
       [-3.12422344e-10]]), 2.1361000223475113), (2.1156347436735674e-05, array([[-1.14002151e-07],
       [ 2.63760029e-09],
       [ 1.17320007e-09]]), 2.1204869268009885), (2.1476819468175967e-05, array([[-1.44799402e-07],
       [-2.16811826e-09],
       [-1.63876321e-09]]), 2.0948696705814007), (2.1978230180912984e-05, array([[-1.95613278e-07],
       [-3.15257155e-08],
       [-1.26773006e-09]]), 2.0959980411219017), (2.2080324880201827e-05, array([[-2.14303510e-07],
       [-2.47287540e-08],
       [-5.06120222e-09]]), 2.067971329235347), (2.231989880224367e-05, array([[-2.53134533e-07],
       [-8.52929720e-09],
       [ 1.08902029e-09]]), 2.061736784096054), (2.2387683644851583e-05, array([[-2.52805982e-07],
       [ 5.41107511e-09],
       [ 5.77188247e-10]]), 2.048152736294036), (2.2381474912106058e-05, array([[-2.50815251e-07],
       [-8.13322002e-09],
       [-2.77846425e-09]]), 2.0362432159899106), (2.251057263005878e-05, array([[-2.41975342e-07],
       [ 2.00606128e-08],
       [ 2.56539894e-09]]), 2.04489584892997), (2.246995733172488e-05, array([[-2.38170428e-07],
       [ 1.62252928e-08],
       [ 2.79677189e-09]]), 2.046356167430556), (2.209993221944612e-05, array([[-1.97869071e-07],
       [-7.35445811e-09],
       [ 7.56082958e-09]]), 2.0259267162466963), (2.160089701673924e-05, array([[-1.51208558e-07],
       [-2.63551047e-08],
       [ 4.04415712e-09]]), 2.0014336612694925), (2.141866826599616e-05, array([[-9.93180432e-08],
       [ 2.39220806e-08],
       [ 5.92911918e-09]]), 2.0142801330380067), (2.1146993246890802e-05, array([[-3.52926796e-08],
       [ 1.45999514e-08],
       [ 9.70666382e-10]]), 2.0272648532843864), (2.0571604278329703e-05, array([[ 5.67879535e-09],
       [-8.92033159e-09],
       [ 4.21758182e-09]]), 2.0193636801927983), (1.9984257478820275e-05, array([[9.70189284e-08],
       [5.93358446e-09],
       [2.08165519e-09]]), 2.0181979908550907), (1.921475708358452e-05, array([[ 1.80998478e-07],
       [-1.00666972e-08],
       [ 3.11413291e-09]]), 2.0063405280348903), (1.872583157445469e-05, array([[2.53921725e-07],
       [1.23974777e-08],
       [2.93657203e-10]]), 2.0324472774419142), (1.785888437115441e-05, array([[ 3.34521098e-07],
       [-9.98402169e-09],
       [-1.76424847e-09]]), 2.0264792749140335), (1.7220716552313705e-05, array([[ 3.95595181e-07],
       [-3.76575210e-09],
       [-1.48606258e-10]]), 2.055811569327715), (1.682681961679605e-05, array([[ 4.69796840e-07],
       [-1.02172994e-08],
       [-6.47585982e-11]]), 2.128169243073487), (1.582939645171104e-05, array([[ 5.13669529e-07],
       [ 8.79933235e-09],
       [-1.52039003e-09]]), 2.137668376224946), (1.5084742170380851e-05, array([[ 5.58026492e-07],
       [ 5.84073713e-09],
       [-5.42805309e-10]]), 2.1946435445633616), (1.4060842818862511e-05, array([[ 6.08295476e-07],
       [ 2.72859314e-09],
       [-2.10963633e-10]]), 2.22685594758075), (1.3784573712596418e-05, array([[6.23038331e-07],
       [3.66873203e-09],
       [1.96734012e-10]]), 2.2882789021705268), (1.4625516818261113e-05, array([[5.94666259e-07],
       [1.84097786e-08],
       [1.21695528e-09]]), 2.21694607653207), (1.5414612494796755e-05, array([[ 5.47652562e-07],
       [-3.67109041e-09],
       [ 1.46963961e-10]]), 2.1580614149003323), (1.6198113373286233e-05, array([[ 4.76570744e-07],
       [-3.85357268e-09],
       [ 2.68593370e-10]]), 2.114718181215061), (1.690388316227128e-05, array([[ 4.09333733e-07],
       [ 1.70355825e-09],
       [-2.36194154e-10]]), 2.075176215356264), (1.774743068192439e-05, array([[ 3.30384736e-07],
       [ 4.89357009e-09],
       [-5.97817409e-10]]), 2.063891662257838), (1.8185955075042676e-05, array([[ 2.73657020e-07],
       [-3.09265204e-09],
       [-4.11601714e-10]]), 2.0167084063666145), (1.897172545693734e-05, array([[ 1.71230407e-07],
       [-4.09389291e-09],
       [ 3.90566072e-09]]), 2.018277029152156), (1.954144105055151e-05, array([[1.41890834e-07],
       [6.54968195e-09],
       [1.70614286e-09]]), 2.0053961245009395), (1.997967568146997e-05, array([[ 6.30317970e-08],
       [-4.13261834e-09],
       [-3.86695057e-10]]), 1.9880945968421055), (2.0462835491372397e-05, array([[-2.39848851e-08],
       [-3.09389025e-09],
       [ 3.74499425e-11]]), 1.983904616874847), (2.1063631025238727e-05, array([[-6.61862520e-08],
       [ 4.05240999e-09],
       [ 6.45058058e-09]]), 1.998891293969242), (2.1384062711563282e-05, array([[-1.13845496e-07],
       [-3.61971920e-09],
       [ 1.95373293e-09]]), 1.9950690013356032), (2.1852581085561566e-05, array([[-1.76586138e-07],
       [-1.49837332e-08],
       [ 1.30744129e-09]]), 2.0129312881524117), (2.2266127214674958e-05, array([[-2.13346218e-07],
       [ 3.86221263e-09],
       [-1.58693300e-09]]), 2.0334313805587425), (2.2468415865726064e-05, array([[-2.29180116e-07],
       [ 1.31809927e-08],
       [ 3.15269424e-09]]), 2.042608894604203), (2.2513417843759324e-05, array([[-2.34888337e-07],
       [ 3.61303329e-08],
       [ 3.94433550e-10]]), 2.0456691843732546), (2.249675171388924e-05, array([[-2.52280151e-07],
       [ 6.17674831e-09],
       [ 6.58998308e-10]]), 2.0513818077450194), (2.2228685148698523e-05, array([[-2.46567324e-07],
       [-7.62720537e-09],
       [-1.41987657e-09]]), 2.0423826438813713), (2.205111719292127e-05, array([[-2.27169493e-07],
       [ 9.42054676e-09],
       [ 1.60378152e-09]]), 2.049941958776342), (2.222416733482617e-05, array([[-2.01731343e-07],
       [-9.50127981e-09],
       [-7.50984382e-10]]), 2.099218387260843), (2.1492319123168036e-05, array([[-1.55058440e-07],
       [ 2.85771220e-09],
       [-1.15597498e-09]]), 2.0717130226305436), (2.1369556878197145e-05, array([[-1.27098271e-07],
       [-3.10120276e-08],
       [ 1.69688524e-09]]), 2.1116778267170195), (2.074642740256001e-05, array([[-8.57262388e-08],
       [-9.60681177e-09],
       [ 2.31962920e-10]]), 2.1117065726105), (2.0180627406874125e-05, array([[-3.00826615e-08],
       [ 5.88721954e-09],
       [-6.17197033e-10]]), 2.1265815290458003), (2.027965971512856e-05, array([[ 2.76442581e-08],
       [-1.07471295e-08],
       [-1.92516194e-09]]), 2.1370172936663256), (2.0615511175499514e-05, array([[ 7.92186341e-08],
       [-5.24193072e-09],
       [ 3.08126102e-09]]), 2.0983810659205675), (2.1298508066241668e-05, array([[1.22554598e-07],
       [2.25423633e-08],
       [4.09639984e-09]]), 2.1046569885369792), (2.169171900336745e-05, array([[ 1.71996396e-07],
       [ 5.85968358e-09],
       [-1.38428462e-09]]), 2.0909338115157596), (2.2030193811578166e-05, array([[2.02896046e-07],
       [1.41418794e-08],
       [2.85125348e-09]]), 2.0808963155940274), (2.2169283590227118e-05, array([[ 2.13091923e-07],
       [ 4.10703517e-09],
       [-3.42162560e-10]]), 2.060927082742418), (2.236750226015311e-05, array([[ 2.24472953e-07],
       [-8.16831952e-09],
       [-5.40918094e-09]]), 2.0551372291036634), (2.248483249253148e-05, array([[2.53927228e-07],
       [2.22133906e-08],
       [5.21134991e-09]]), 2.050294945331869), (2.2342006165856803e-05, array([[2.33767843e-07],
       [3.18217603e-09],
       [7.14369323e-10]]), 2.0300939576457804), (2.224616243794165e-05, array([[ 2.26552366e-07],
       [ 2.59009741e-08],
       [-1.11281318e-09]]), 2.022403783965262), (2.220201451589396e-05, array([[ 2.28637228e-07],
       [-5.41133928e-09],
       [ 1.68964458e-09]]), 2.0275763536680467), (2.1942630521206255e-05, array([[1.73957089e-07],
       [2.99910083e-09],
       [1.08231851e-09]]), 2.021226112721644), (2.1596139894404188e-05, array([[ 1.49754472e-07],
       [ 8.00085791e-09],
       [-2.83333289e-09]]), 2.014855167280003), (2.1144421296416955e-05, array([[ 7.89439202e-08],
       [-3.86338057e-09],
       [ 1.59216252e-09]]), 2.0065581093204057), (2.063744565205736e-05, array([[1.84935023e-08],
       [3.98917885e-09],
       [3.16000294e-09]]), 2.000833351120022), (2.010660962494169e-05, array([[-7.15434522e-08],
       [-1.96288397e-09],
       [-1.73312115e-09]]), 2.000725266688565), (1.9709144340974178e-05, array([[-1.21435402e-07],
       [-3.28605266e-09],
       [ 2.42663281e-09]]), 2.0226062948158963), (1.8939768003310073e-05, array([[-1.91300534e-07],
       [ 1.73885068e-08],
       [ 6.12101876e-10]]), 2.0148772859547077), (1.832039461331397e-05, array([[-2.67479693e-07],
       [-2.02072441e-09],
       [ 1.12659372e-09]]), 2.03161690833206), (1.7883652660163152e-05, array([[-3.73312199e-07],
       [-7.41093665e-09],
       [-5.24461486e-10]]), 2.079733245760378), (1.7144462680421256e-05, array([[-4.35155879e-07],
       [ 1.38639599e-08],
       [-1.81814451e-10]]), 2.1047105471529357), (1.607670728512918e-05, array([[-4.51016832e-07],
       [ 5.92692430e-09],
       [-3.56731117e-10]]), 2.0988682080719334), (1.5736150809602202e-05, array([[-5.42420621e-07],
       [-8.39176821e-10],
       [-6.75846865e-10]]), 2.203077105747439), (1.4512263709890079e-05, array([[-5.77424289e-07],
       [-1.96955617e-09],
       [-8.26941509e-10]]), 2.199779091092981), (1.3879569524307394e-05, array([[-6.36888390e-07],
       [-4.88482291e-09],
       [-3.32432806e-10]]), 2.3040484802702945), (1.4309781587334061e-05, array([[-6.17253822e-07],
       [-5.06258035e-09],
       [-1.64974671e-11]]), 2.266281093306057), (1.4891897159282437e-05, array([[-5.56928821e-07],
       [ 4.06972261e-10],
       [ 9.65476617e-10]]), 2.1665869789337973), (1.5722575098664945e-05, array([[-4.99713338e-07],
       [-1.53153587e-09],
       [ 3.75515643e-10]]), 2.1232427707377917), (1.6532365231594653e-05, array([[-4.32195726e-07],
       [-9.42698388e-09],
       [ 1.83605539e-09]]), 2.090928173141993), (1.7257327669490707e-05, array([[-3.85509599e-07],
       [ 5.12927353e-09],
       [-1.60491867e-09]]), 2.060182209656755), (1.8105009331924746e-05, array([[-3.32057348e-07],
       [-3.53534281e-09],
       [-1.33370971e-09]]), 2.0544075106131094), (1.8518958424920873e-05, array([[-2.34628126e-07],
       [-1.25477562e-08],
       [-1.67320751e-09]]), 2.009993867676153), (1.940588625373786e-05, array([[-1.52362812e-07],
       [ 9.69066648e-09],
       [-1.58916037e-09]]), 2.0262975953295856), (1.9746794761042456e-05, array([[-9.85304769e-08],
       [ 1.04491477e-08],
       [ 2.52586421e-09]]), 1.9942167756195432), (2.054584032874155e-05, array([[-2.57574954e-08],
       [-5.70838792e-09],
       [-2.17578988e-10]]), 2.0168346220137323), (2.082464644903956e-05, array([[4.27207242e-08],
       [1.42250550e-09],
       [3.48274406e-09]]), 1.9963629502940554), (2.1354801506505242e-05, array([[ 9.35289924e-08],
       [ 6.13077278e-09],
       [-6.15284472e-09]]), 2.0082738985136928), (2.170650600859967e-05, array([[ 1.42195010e-07],
       [-5.69489818e-09],
       [ 2.94118197e-09]]), 2.011218874868651), (2.2167956677142446e-05, array([[ 2.11460838e-07],
       [-2.01038669e-08],
       [ 3.34389201e-09]]), 2.03216259809632), (2.2268896713893736e-05, array([[ 2.19619275e-07],
       [-1.98715168e-08],
       [-4.35939241e-09]]), 2.028045423477996), (2.256878403741991e-05, array([[2.48957027e-07],
       [3.88335128e-09],
       [1.46496755e-09]]), 2.050183864798308), (2.2511428115499738e-05, array([[ 2.55917598e-07],
       [ 2.01730911e-08],
       [-4.50900199e-10]]), 2.0480662227330195), (2.2675502826625317e-05, array([[ 2.47116182e-07],
       [ 7.63837718e-09],
       [-4.43419778e-10]]), 2.07448407338363), (2.2385764138674055e-05, array([[2.35834893e-07],
       [3.52456266e-09],
       [2.99583500e-09]]), 2.0678209060770074), (2.212802710370749e-05, array([[ 2.07661679e-07],
       [-1.26095667e-08],
       [ 4.49858528e-10]]), 2.072438964158551), (2.1992552480305722e-05, array([[1.91135491e-07],
       [1.66413534e-08],
       [2.70080354e-09]]), 2.097363915954608), (2.1705961632577756e-05, array([[ 1.47829997e-07],
       [ 1.26579840e-08],
       [-1.71132100e-09]]), 2.1172204181475385), (2.108028400439403e-05, array([[1.04256295e-07],
       [4.10547815e-09],
       [1.25239767e-09]]), 2.1128631385090646), (2.0507268250383e-05, array([[5.13457310e-08],
       [7.93141514e-09],
       [1.50418462e-09]]), 2.1224754198815825), (2.0004603670878663e-05, array([[ 9.28876693e-10],
       [-1.27315435e-09],
       [ 1.06966978e-09]]), 2.149208598646189)]