[(2.0077271329135318e-05, Vec([[ 3.15058527e-09],
     [-7.32604591e-09],
     [ 2.64415477e-09]]), 2.1570156993785083), (2.061881839076138e-05, Vec([[-8.25808245e-08],
     [-1.00527575e-09],
     [-1.37364098e-11]]), 2.1340207133915086), (2.0991003906848325e-05, Vec([[-1.63324594e-07],
     [ 1.00877042e-09],
     [-2.21471132e-09]]), 2.103914652470285), (2.1666556737704372e-05, Vec([[-2.36292404e-07],
     [-3.23689698e-08],
     [-4.38043696e-09]]), 2.113376826722605), (2.19495137065691e-05, Vec([[-2.93572518e-07],
     [ 2.01917272e-08],
     [ 1.26419391e-09]]), 2.0932594368995754), (2.21542368388119e-05, Vec([[-3.60451160e-07],
     [ 2.28407163e-08],
     [-8.28229635e-10]]), 2.0748936826029962), (2.238548463669506e-05, Vec([[-4.08599913e-07],
     [-1.69672517e-08],
     [-1.56262931e-10]]), 2.067795087881484), (2.2334359067768845e-05, Vec([[-4.59432413e-07],
     [-2.19780419e-09],
     [-3.92317981e-09]]), 2.043274300445276), (2.257986562571972e-05, Vec([[-4.83655847e-07],
     [-1.02028061e-08],
     [-4.20552385e-09]]), 2.054292595948008), (2.2213041613804764e-05, Vec([[-4.90077989e-07],
     [-1.18218125e-08],
     [-1.69302877e-09]]), 2.017867663105264), (2.217708488030482e-05, Vec([[-4.94006593e-07],
     [-2.17832924e-08],
     [-1.27758430e-09]]), 2.0196840497052686), (2.1862767364039294e-05, Vec([[-4.50951092e-07],
     [-1.20092397e-08],
     [ 2.05955104e-09]]), 2.004185535687749), (2.1398500005686514e-05, Vec([[-4.39000028e-07],
     [ 1.67116598e-09],
     [-4.93965248e-09]]), 1.982680542334323), (2.1178136528345466e-05, Vec([[-4.11263156e-07],
     [-1.22655855e-08],
     [-1.99504246e-10]]), 1.9916597583957565), (2.060144854537547e-05, Vec([[-3.31879278e-07],
     [ 1.83550751e-10],
     [-3.90820459e-09]]), 1.974965995174136), (1.9862044883511273e-05, Vec([[-2.70358798e-07],
     [ 8.29546423e-09],
     [ 4.58566599e-09]]), 1.9497114327817728), (1.9308022075140468e-05, Vec([[-2.20967174e-07],
     [-4.50915683e-09],
     [-2.71328288e-09]]), 1.9499053893161993), (1.8812128645367615e-05, Vec([[-1.21849720e-07],
     [-4.70612507e-09],
     [ 1.29968317e-09]]), 1.9642994161009748), (1.8309385074308537e-05, Vec([[-6.45302850e-08],
     [ 1.88813752e-09],
     [ 5.68481193e-10]]), 1.9872473859413986), (1.7819454563819877e-05, Vec([[ 1.48663602e-08],
     [-8.32889240e-09],
     [ 1.01141471e-09]]), 2.0220051047633865), (1.68228634770207e-05, Vec([[9.00875327e-08],
     [2.27476995e-09],
     [1.47594732e-09]]), 2.008315813120632), (1.6182843796234102e-05, Vec([[ 1.52255968e-07],
     [-5.27801730e-09],
     [ 3.58108945e-10]]), 2.046722507099984), (1.538195849077416e-05, Vec([[ 1.95188525e-07],
     [ 6.53257631e-09],
     [-9.74807104e-10]]), 2.0772444692026446), (1.4586353541505207e-05, Vec([[ 2.62023278e-07],
     [-3.18755476e-09],
     [-3.15619137e-10]]), 2.122134158941021), (1.4096080967616524e-05, Vec([[ 3.38444404e-07],
     [-1.39078593e-09],
     [-2.10730707e-10]]), 2.232436714121241), (1.3576785510118453e-05, Vec([[ 3.69507532e-07],
     [-1.54449256e-08],
     [-2.59516799e-10]]), 2.2537854626370457), (1.4520225765489816e-05, Vec([[ 3.12828579e-07],
     [-5.70107181e-09],
     [-9.36287311e-11]]), 2.20098598505388), (1.5103135728297145e-05, Vec([[ 2.27928692e-07],
     [-5.83001188e-09],
     [ 6.46655511e-10]]), 2.114454351041438), (1.5820765292210253e-05, Vec([[ 1.61309299e-07],
     [-1.26820090e-08],
     [ 2.37095918e-09]]), 2.0654541200674195), (1.6457390374659256e-05, Vec([[ 1.00889197e-07],
     [-7.76977766e-09],
     [-1.04943103e-09]]), 2.020363294308122), (1.72967358496388e-05, Vec([[ 5.25658477e-08],
     [-3.20445632e-09],
     [ 3.00354254e-09]]), 2.0114792695431953), (1.7984422122756633e-05, Vec([[-3.13423061e-08],
     [ 7.33450648e-09],
     [ 1.37946368e-09]]), 1.9943596654092088), (1.8424055817054234e-05, Vec([[-1.27488173e-07],
     [-9.79143810e-09],
     [ 7.31691118e-10]]), 1.9600140600696097), (1.902042058927367e-05, Vec([[-1.87423753e-07],
     [ 1.23226473e-08],
     [ 3.19778745e-09]]), 1.9519275798255824), (1.9740907581035845e-05, Vec([[-2.55356660e-07],
     [-3.24655496e-08],
     [ 1.57168988e-09]]), 1.9643357742296055), (2.0278974116455808e-05, Vec([[-3.10800190e-07],
     [-4.08678348e-09],
     [-2.64385092e-09]]), 1.966078962619073), (2.0639577994669802e-05, Vec([[-3.86780078e-07],
     [ 1.34874889e-08],
     [ 1.39492837e-09]]), 1.9586496134171163), (2.1159495050905978e-05, Vec([[-4.33971185e-07],
     [-1.41468708e-09],
     [ 1.31041282e-10]]), 1.9741175112224745), (2.146368497968707e-05, Vec([[-4.74193757e-07],
     [ 1.35108881e-08],
     [ 1.98868772e-10]]), 1.9771084653796533), (2.2021915237670724e-05, Vec([[-4.81917119e-07],
     [-9.82142957e-09],
     [ 5.03780481e-09]]), 2.0111289705904114), (2.2344377059348376e-05, Vec([[-5.11009091e-07],
     [-1.40387369e-08],
     [ 3.77547904e-09]]), 2.0313324979638137), (2.22921259862846e-05, Vec([[-4.87080549e-07],
     [ 7.71371847e-09],
     [ 2.66186441e-09]]), 2.0255616228856845), (2.2542246609987648e-05, Vec([[-4.85590696e-07],
     [-7.57328923e-09],
     [-3.61679570e-10]]), 2.055530291196695), (2.2133658456196414e-05, Vec([[-4.34598582e-07],
     [ 2.22285602e-08],
     [-2.73297119e-09]]), 2.0336515441256506), (2.208452770073214e-05, Vec([[-3.86096536e-07],
     [ 3.79792194e-08],
     [-5.62820629e-09]]), 2.053047905800537), (2.20835024773946e-05, Vec([[-3.31581659e-07],
     [-6.11766292e-09],
     [ 2.48006213e-09]]), 2.0859316687659253), (2.1840512094561442e-05, Vec([[-2.68664913e-07],
     [-6.69630415e-09],
     [ 7.21298540e-10]]), 2.1052764509925654), (2.1410105955781583e-05, Vec([[-1.97282299e-07],
     [-1.91634951e-08],
     [ 3.47984475e-09]]), 2.1156847693278067), (2.0834758851813948e-05, Vec([[-1.17446012e-07],
     [ 1.05118171e-08],
     [-3.61476626e-10]]), 2.1206975231167418), (2.040388619729388e-05, Vec([[-4.01474375e-08],
     [ 4.90866109e-09],
     [-4.98723115e-10]]), 2.1501079541827135), (2.0125779698602606e-05, Vec([[ 3.98853342e-08],
     [ 1.62981404e-08],
     [-7.14377676e-10]]), 2.1208018215585605), (2.0790049959291508e-05, Vec([[ 1.23270370e-07],
     [-2.16679694e-09],
     [ 9.03889178e-10]]), 2.1161467606957323), (2.1579115165356707e-05, Vec([[ 1.96950477e-07],
     [-2.29647600e-08],
     [-4.72159289e-09]]), 2.1323857707760343), (2.1553069629340652e-05, Vec([[ 2.71372141e-07],
     [-1.86537087e-08],
     [-2.35620227e-09]]), 2.077568957211076), (2.1946918239594762e-05, Vec([[ 3.18401743e-07],
     [-2.74303808e-08],
     [-1.84865124e-09]]), 2.0730303915626114), (2.220526182420893e-05, Vec([[ 3.86325556e-07],
     [-2.66662430e-08],
     [-6.90116103e-09]]), 2.064271733754733), (2.244744766185274e-05, Vec([[4.34842145e-07],
     [3.28451867e-11],
     [1.25882266e-09]]), 2.062482652361818), (2.2322855583755056e-05, Vec([[ 4.63193737e-07],
     [-1.94006239e-08],
     [-2.51134011e-09]]), 2.0355249692853454), (2.2260536933169344e-05, Vec([[ 4.83591095e-07],
     [-1.40666700e-08],
     [-5.08331252e-09]]), 2.0226913011526677), (2.214066930087938e-05, Vec([[ 4.93895222e-07],
     [-5.00035101e-10],
     [-3.84227012e-09]]), 2.012813378421283), (2.202768406779272e-05, Vec([[ 4.81926410e-07],
     [-1.27555551e-08],
     [ 9.48630734e-10]]), 2.0116558031233467), (2.1651641376162643e-05, Vec([[ 4.70519819e-07],
     [-8.16226441e-09],
     [-2.00645778e-09]]), 1.9944219035402404), (2.1187434661881394e-05, Vec([[ 4.23665948e-07],
     [-2.51698128e-09],
     [-1.52323898e-09]]), 1.9767241932416149), (2.0877910262623442e-05, Vec([[ 3.88150684e-07],
     [-1.18578713e-08],
     [ 1.76414883e-09]]), 1.981266810561979), (2.0032649078070677e-05, Vec([[3.29345168e-07],
     [1.48075738e-08],
     [4.34256497e-09]]), 1.9421973563231052), (1.9608588494160554e-05, Vec([[ 2.58668304e-07],
     [ 1.44597915e-08],
     [-3.64021817e-10]]), 1.9511692511153274), (1.9197526979703238e-05, Vec([[1.81465758e-07],
     [1.06939679e-08],
     [3.24331782e-10]]), 1.970102721979789), (1.8525124543048312e-05, Vec([[ 1.15673482e-07],
     [ 9.17040793e-09],
     [-1.00138741e-09]]), 1.970766096751911), (1.781101857721562e-05, Vec([[ 2.08367009e-08],
     [-1.88580233e-09],
     [-2.42011442e-09]]), 1.9751302993108486), (1.7353674473205952e-05, Vec([[-3.58094622e-08],
     [-2.85961931e-09],
     [ 4.39237778e-10]]), 2.0181007998676024), (1.6535607072022416e-05, Vec([[-1.07839762e-07],
     [ 2.51312774e-09],
     [ 1.78459815e-10]]), 2.0299654329678365), (1.5784516302850008e-05, Vec([[-1.67256944e-07],
     [-6.83400976e-09],
     [-4.02853549e-11]]), 2.0607216925874883), (1.5052611068609322e-05, Vec([[-2.41478224e-07],
     [ 4.75207875e-09],
     [-8.14870622e-10]]), 2.1073808473377227), (1.449089210350469e-05, Vec([[-3.08761210e-07],
     [-3.44902842e-09],
     [ 2.82729683e-10]]), 2.196539568037897), (1.3596078405837532e-05, Vec([[-3.87147397e-07],
     [-1.05631948e-08],
     [-2.01105181e-10]]), 2.2569881388427957), (1.4015634091579657e-05, Vec([[-3.36112323e-07],
     [ 1.33614200e-09],
     [ 1.16265941e-10]]), 2.219696111962836), (1.4608899850403883e-05, Vec([[-2.75190598e-07],
     [ 6.40539115e-09],
     [ 6.52687847e-10]]), 2.125414368222649), (1.5137294441440533e-05, Vec([[-2.14854467e-07],
     [-1.07469077e-08],
     [ 1.20911245e-10]]), 2.0442040053634143), (1.6131420749187276e-05, Vec([[-1.63265493e-07],
     [-2.39469432e-09],
     [-7.92341478e-10]]), 2.0402187856836713), (1.7143144963248838e-05, Vec([[-7.11620175e-08],
     [ 2.38126396e-09],
     [ 9.04553247e-10]]), 2.0465510620912), (1.7552458493117466e-05, Vec([[ 4.79128409e-09],
     [-1.02489001e-08],
     [-9.61455873e-11]]), 1.9917085872140692), (1.8262335679945567e-05, Vec([[ 8.24532539e-08],
     [ 2.41479792e-09],
     [-2.93765076e-09]]), 1.9821407815645458), (1.8743299548250997e-05, Vec([[ 1.52082833e-07],
     [-2.69109953e-08],
     [ 7.51025323e-11]]), 1.957112512490776), (1.9255843495892075e-05, Vec([[ 2.11587271e-07],
     [-5.70700639e-09],
     [ 5.69729186e-10]]), 1.944635906378623), (1.983679540479418e-05, Vec([[2.68222852e-07],
     [9.86897128e-09],
     [2.87448021e-09]]), 1.9472328764389992), (2.05075229937192e-05, Vec([[ 3.73444109e-07],
     [ 6.41336366e-09],
     [-1.95837861e-10]]), 1.9659617850968425), (2.0940243090547806e-05, Vec([[ 4.02558270e-07],
     [-1.96018609e-09],
     [ 1.98934308e-09]]), 1.9692874979178883), (2.1426240708064833e-05, Vec([[ 4.33530551e-07],
     [-3.54606499e-09],
     [ 3.00735747e-09]]), 1.985250860385662), (2.1982736240044225e-05, Vec([[ 4.70878549e-07],
     [-1.73984943e-08],
     [ 3.01124037e-09]]), 2.015183223309732), (2.2115883889498835e-05, Vec([[ 5.13799303e-07],
     [ 8.14683484e-10],
     [-6.07164628e-10]]), 2.0141104287526446), (2.2418425018178158e-05, Vec([[ 4.79556726e-07],
     [ 4.14964774e-09],
     [-4.05672459e-09]]), 2.036525014828136), (2.222462065288306e-05, Vec([[ 4.92130963e-07],
     [ 8.03955337e-09],
     [-3.74657272e-10]]), 2.0219727792784683), (2.2564617122742346e-05, Vec([[ 4.61031587e-07],
     [ 1.71198090e-09],
     [-2.71132588e-09]]), 2.0643396180024216), (2.242059507784872e-05, Vec([[ 4.16699795e-07],
     [ 6.28103121e-09],
     [-9.67562477e-10]]), 2.071038314415517), (2.2029453787388168e-05, Vec([[3.64268870e-07],
     [2.40325899e-08],
     [5.05189818e-10]]), 2.0632069083313835), (2.1868355691950185e-05, Vec([[ 3.04202635e-07],
     [ 2.21317870e-08],
     [-2.89442543e-09]]), 2.0855196399158165), (2.1661128396872983e-05, Vec([[ 2.27120669e-07],
     [-1.70926311e-08],
     [-5.07557800e-10]]), 2.112847341126002), (2.1185067392713617e-05, Vec([[ 1.53992292e-07],
     [-4.21789238e-08],
     [ 1.89395571e-09]]), 2.123365509286536), (2.0598724467724914e-05, Vec([[7.87638718e-08],
     [4.47139191e-09],
     [1.42240575e-09]]), 2.1319410186601986), (1.986956020707121e-05, Vec([[-1.96742045e-09],
     [ 1.78980172e-08],
     [ 8.99105133e-10]]), 2.1347001095813214)]