[(2.011231376669167e-05, array([[-3.55514804e-09],
       [ 2.43211142e-08],
       [-4.64610714e-10]]), 2.1607805081871567), (2.0547212353703132e-05, array([[-5.55577621e-08],
       [ 1.60040625e-08],
       [ 2.76159461e-09]]), 2.126609582288349), (2.1154157505546116e-05, array([[-1.02026732e-07],
       [ 1.59911450e-08],
       [ 1.17668799e-09]]), 2.1202674314239185), (2.174767491429593e-05, array([[-1.52268064e-07],
       [ 1.81995718e-08],
       [-2.50871815e-10]]), 2.121289171850165), (2.179178004356921e-05, array([[-1.87665840e-07],
       [ 2.51170701e-08],
       [ 4.75933615e-09]]), 2.078216849487152), (2.219589750876591e-05, array([[-2.18309297e-07],
       [-1.48337380e-08],
       [-2.07608639e-10]]), 2.0787954852933574), (2.250084110476349e-05, array([[-2.41209243e-07],
       [-2.62040331e-09],
       [-3.31538334e-10]]), 2.0784508115300246), (2.238199368371051e-05, array([[-2.48607923e-07],
       [-7.10239808e-09],
       [-6.89732745e-10]]), 2.047632186260125), (2.2494348521728172e-05, array([[-2.44523635e-07],
       [-7.49346302e-09],
       [-1.57323812e-09]]), 2.046512339126787), (2.248305608959964e-05, array([[-2.42295589e-07],
       [ 1.07887571e-09],
       [-8.60110252e-10]]), 2.042396203084148), (2.23034175206142e-05, array([[-2.27466631e-07],
       [ 6.31363419e-12],
       [ 4.14680238e-09]]), 2.0311892596986976), (2.19773193487943e-05, array([[-2.02549482e-07],
       [-2.07612115e-10],
       [ 1.11775788e-09]]), 2.0146866505332524), (2.1757119751925348e-05, array([[-1.32489523e-07],
       [-1.95683656e-09],
       [ 1.75890989e-09]]), 2.01590849722722), (2.143630812332813e-05, array([[-9.09290902e-08],
       [-3.85780081e-09],
       [-3.70500367e-09]]), 2.015939041693398), (2.0938838513484757e-05, array([[-4.70518822e-08],
       [-2.38488891e-09],
       [ 7.87692408e-10]]), 2.0073100176180487), (2.033841713411314e-05, array([[ 1.87058038e-08],
       [ 2.48933297e-08],
       [-1.03606614e-09]]), 1.996473406622115), (1.9952217310045692e-05, array([[ 1.04977207e-07],
       [-3.49849989e-09],
       [-2.38367114e-10]]), 2.014962273725442), (1.9388609956926213e-05, array([[1.62253753e-07],
       [5.62430316e-09],
       [3.38672957e-09]]), 2.024493662325552), (1.865777264189714e-05, array([[ 2.53273673e-07],
       [ 3.53796734e-10],
       [-1.98776879e-09]]), 2.0250603589153746), (1.787706191205198e-05, array([[ 3.01376026e-07],
       [-1.37470491e-09],
       [ 3.60176813e-11]]), 2.0285419127100055), (1.723386171014291e-05, array([[ 3.91793949e-07],
       [ 1.22019487e-09],
       [-1.31607746e-09]]), 2.0573808401222156), (1.6624548314349154e-05, array([[4.41918918e-07],
       [3.89599130e-09],
       [9.52935862e-10]]), 2.1025870133695315), (1.580734757579955e-05, array([[ 5.08085934e-07],
       [-2.54045662e-09],
       [-2.68120473e-10]]), 2.13469080314368), (1.4981939583445176e-05, array([[ 5.64049543e-07],
       [ 4.80786965e-10],
       [-1.69875870e-10]]), 2.179687038762037), (1.4102583308276357e-05, array([[ 6.03333726e-07],
       [-2.08295091e-09],
       [ 5.79886184e-10]]), 2.23346650843429), (1.3540426503345927e-05, array([[ 6.16651577e-07],
       [-5.53325645e-09],
       [ 5.74918002e-11]]), 2.2477497628877363), (1.4617506245116712e-05, array([[ 5.86972585e-07],
       [-3.28425093e-09],
       [ 2.71125002e-10]]), 2.215731828247792), (1.5310404043692225e-05, array([[5.27789507e-07],
       [1.44014784e-09],
       [1.12993836e-10]]), 2.143472125840285), (1.599498465266056e-05, array([[ 4.66937915e-07],
       [-4.46486226e-09],
       [-8.80699990e-10]]), 2.0881990435392814), (1.7030461109247263e-05, array([[ 4.03566576e-07],
       [-3.42423133e-09],
       [-1.50172740e-09]]), 2.0907153398539684), (1.7490352471007707e-05, array([[3.18043377e-07],
       [7.31794580e-10],
       [9.47907811e-10]]), 2.0339954149886768), (1.8321693300812227e-05, array([[ 2.84145616e-07],
       [ 4.84153362e-09],
       [-1.28676109e-09]]), 2.0317609246338795), (1.9116025960767337e-05, array([[ 2.18125252e-07],
       [ 1.38235563e-08],
       [-2.79391297e-09]]), 2.0336282101945042), (1.965520750856425e-05, array([[ 1.29269080e-07],
       [ 5.48277334e-09],
       [-3.73773275e-10]]), 2.017071149562129), (2.0122351451888715e-05, array([[ 5.20146274e-08],
       [-2.73722162e-09],
       [ 2.09307265e-09]]), 2.0022916705480047), (2.068569778172955e-05, array([[-6.59621645e-09],
       [ 1.25775504e-08],
       [ 1.30516974e-09]]), 2.0055114722372562), (2.1183355662667893e-05, array([[-6.51387687e-08],
       [ 5.98511444e-09],
       [-3.39633301e-09]]), 2.010252893265396), (2.147725109678816e-05, array([[-1.21898194e-07],
       [ 2.01135656e-08],
       [-4.89823601e-10]]), 2.0037631985587594), (2.1865298350045896e-05, array([[-1.84999331e-07],
       [-1.14081214e-08],
       [-3.34702539e-09]]), 2.0141027277860184), (2.221106359654598e-05, array([[-2.05987989e-07],
       [-2.80372411e-08],
       [ 5.81718572e-09]]), 2.0284027517383354), (2.2362315639226257e-05, array([[-2.37142960e-07],
       [-6.25337112e-09],
       [-3.53609635e-09]]), 2.032963298418732), (2.2584977777254842e-05, array([[-2.36587005e-07],
       [ 3.38422591e-09],
       [ 3.27571005e-09]]), 2.052171437909501), (2.225192671397353e-05, array([[-2.50737972e-07],
       [ 1.50321227e-08],
       [-1.20943748e-09]]), 2.0290572714165958), (2.2367523651526567e-05, array([[-2.50857424e-07],
       [ 1.37308058e-08],
       [-8.62295975e-10]]), 2.055139194553693), (2.2250324420496203e-05, array([[-2.40643924e-07],
       [ 1.70823550e-08],
       [ 6.36005985e-10]]), 2.0684608959678084), (2.1931175228203906e-05, array([[-1.92798593e-07],
       [ 5.15220304e-09],
       [ 5.13227142e-10]]), 2.0715433608682936), (2.1683215798106434e-05, array([[-1.66594709e-07],
       [-2.04670209e-09],
       [ 4.91880637e-09]]), 2.090114160505908), (2.1145395992531624e-05, array([[-1.28711054e-07],
       [-6.09674647e-10],
       [ 1.94547792e-09]]), 2.0895268960929), (2.065100189531413e-05, array([[-7.30969349e-08],
       [-1.08512041e-08],
       [-7.94803901e-10]]), 2.10199354265427), (2.043761685163564e-05, array([[-2.75148077e-08],
       [ 1.62503340e-08],
       [-1.03918160e-09]]), 2.1536624019726456), (2.014956505319977e-05, array([[ 3.31607378e-08],
       [-1.10165396e-08],
       [-4.52525098e-10]]), 2.123308259774199), (2.064924943897071e-05, array([[ 7.90747595e-08],
       [ 1.79750757e-08],
       [-7.15621024e-10]]), 2.1018151662279685), (2.115441781748792e-05, array([[1.18491127e-07],
       [2.79780246e-10],
       [3.21041384e-09]]), 2.0904184067510436), (2.1755756616173584e-05, array([[ 1.69635826e-07],
       [-5.16210687e-09],
       [-8.25315847e-10]]), 2.0971066007633206), (2.1667674917965124e-05, array([[ 1.97707938e-07],
       [-7.29840128e-09],
       [ 7.46040144e-10]]), 2.0466540280996646), (2.2339404947648602e-05, array([[ 2.26720566e-07],
       [-1.61070753e-09],
       [ 2.49522043e-10]]), 2.0767421049751347), (2.2140598530528015e-05, array([[ 2.54542034e-07],
       [-2.60908642e-08],
       [ 5.15344293e-09]]), 2.0342892016059424), (2.2440835953473214e-05, array([[ 2.48579509e-07],
       [-8.15031313e-09],
       [ 5.10541609e-10]]), 2.04628309059943), (2.238560717886273e-05, array([[2.48224489e-07],
       [5.09428755e-09],
       [6.59672880e-09]]), 2.034055739429989), (2.250144447952129e-05, array([[ 2.36656590e-07],
       [-1.75984532e-08],
       [ 4.23655483e-10]]), 2.0456115335404657), (2.2102892356130604e-05, array([[ 2.21324620e-07],
       [-1.13708873e-08],
       [-6.30096850e-10]]), 2.0185241234248488), (2.2032840002902975e-05, array([[1.88014634e-07],
       [2.92342473e-08],
       [4.59411489e-09]]), 2.029535679792205), (2.1882056349341295e-05, array([[ 1.41216814e-07],
       [-1.63888463e-08],
       [ 2.16510216e-09]]), 2.041530316147217), (2.1017739628304067e-05, array([[ 6.09558356e-08],
       [-3.90391949e-09],
       [-3.56528911e-09]]), 1.9945363034317185), (2.0503408687487996e-05, array([[ 2.67928220e-08],
       [ 8.17625914e-09],
       [-2.56121345e-09]]), 1.9878382531066912), (2.0185133621168103e-05, array([[-3.85352020e-08],
       [-4.00225320e-09],
       [ 6.43781687e-10]]), 2.008538863621221), (1.9830584819398222e-05, array([[-1.29969294e-07],
       [ 8.84976038e-09],
       [-1.12249258e-09]]), 2.0350688488393747), (1.9043142174830804e-05, array([[-1.88770356e-07],
       [ 6.09063047e-09],
       [-1.19372118e-09]]), 2.0258745838157535), (1.8241494720077235e-05, array([[-2.53270834e-07],
       [-5.32151685e-09],
       [ 2.28922338e-09]]), 2.022867404811603), (1.7742483732746744e-05, array([[-3.17892659e-07],
       [-2.74949767e-09],
       [-1.18446000e-11]]), 2.063316369566498), (1.6857452610059367e-05, array([[-3.99412340e-07],
       [ 1.96474283e-09],
       [ 8.76299504e-10]]), 2.0694762482723057), (1.6151260377279692e-05, array([[-4.45498419e-07],
       [-3.59263541e-09],
       [-1.19415643e-09]]), 2.108601365002203), (1.5286276559754365e-05, array([[-5.08085945e-07],
       [ 2.37259613e-09],
       [-3.69977753e-10]]), 2.140094253568601), (1.4511569636675261e-05, array([[-5.73220258e-07],
       [-3.52429241e-09],
       [-1.97260779e-10]]), 2.1996738829892584), (1.3637273832241555e-05, array([[-6.37518038e-07],
       [-8.76835495e-09],
       [ 5.66127374e-10]]), 2.2638266981679998), (1.4189282475781785e-05, array([[-6.20034249e-07],
       [-4.67241482e-09],
       [-2.22890426e-10]]), 2.247197303899179), (1.5014461427642859e-05, array([[-5.51817712e-07],
       [-3.60087503e-09],
       [-6.98733687e-10]]), 2.1844185651361445), (1.5739992613644684e-05, array([[-4.79776895e-07],
       [ 8.38875693e-09],
       [-1.47414799e-09]]), 2.125594905329795), (1.6428771641790516e-05, array([[-4.41913171e-07],
       [-6.25571982e-09],
       [ 4.78441338e-10]]), 2.0778261909123463), (1.7243388254962496e-05, array([[-3.96978589e-07],
       [-8.09677629e-09],
       [ 3.18132627e-09]]), 2.0585181203855742), (1.792771954856082e-05, array([[-3.20753158e-07],
       [-8.56326700e-09],
       [-1.75825943e-09]]), 2.034290124544958), (1.8730480494175323e-05, array([[-2.28091918e-07],
       [ 1.38524393e-08],
       [-6.54533332e-10]]), 2.0329518576626464), (1.932875045171807e-05, array([[-1.87559229e-07],
       [-4.44862582e-09],
       [-6.77135396e-10]]), 2.018243333436939), (2.0047661797011804e-05, array([[-1.14085493e-07],
       [-6.22748789e-10],
       [ 1.31239559e-10]]), 2.0246011543312066), (2.0411952137697707e-05, array([[-1.46329746e-08],
       [ 1.02550218e-08],
       [-2.87710421e-09]]), 2.0036917991914276), (2.103166525867443e-05, array([[ 3.93997606e-08],
       [-9.68084483e-09],
       [-1.25159745e-09]]), 2.0162088901797763), (2.1351209405436584e-05, array([[ 1.04990430e-07],
       [-1.16079369e-08],
       [ 2.81837154e-10]]), 2.007936085829514), (2.1851133449217962e-05, array([[ 1.71744452e-07],
       [-6.81725048e-09],
       [-2.10579979e-09]]), 2.024619347440341), (2.197507043534567e-05, array([[ 1.90197246e-07],
       [-4.41489213e-09],
       [-5.54304927e-10]]), 2.0144804899987823), (2.2422668897853623e-05, array([[2.25225475e-07],
       [8.35520903e-09],
       [3.09820914e-09]]), 2.0420495736586157), (2.2317824727815012e-05, array([[ 2.37727298e-07],
       [ 1.77289285e-09],
       [-1.03661881e-10]]), 2.0273863261085934), (2.245812689266623e-05, array([[ 2.52136206e-07],
       [ 4.54209302e-09],
       [-5.02313325e-09]]), 2.043216933138615), (2.2587149605484426e-05, array([[ 2.48156745e-07],
       [-1.47306539e-09],
       [-6.02157345e-10]]), 2.066401017784364), (2.2315996573316138e-05, array([[2.36397060e-07],
       [2.02680435e-11],
       [1.99000888e-09]]), 2.0613763268649916), (2.220592784428956e-05, array([[ 2.18236314e-07],
       [-1.35232235e-08],
       [ 3.77277576e-09]]), 2.0797348938572284), (2.2034678902043686e-05, array([[ 1.77451771e-07],
       [-2.03476327e-08],
       [ 3.74900866e-09]]), 2.1013813867297992), (2.1684256637969866e-05, array([[1.57752016e-07],
       [3.06552026e-08],
       [7.63996978e-10]]), 2.115103292053911), (2.1069104065691456e-05, array([[ 1.00838510e-07],
       [ 2.45388238e-08],
       [-8.66141104e-10]]), 2.1117425805331598), (2.062274823068292e-05, array([[6.13325810e-08],
       [3.23190720e-09],
       [8.46527177e-11]]), 2.134427446679224), (2.0016648270307572e-05, array([[-2.60192625e-09],
       [ 1.96365528e-08],
       [-2.17802439e-11]]), 2.150502618617079)]