[(1.993755652618313e-05, Vec([[-2.98966902e-09],
     [-4.29910934e-10],
     [ 6.85535328e-10]]), 2.1420053417226796), (2.0659037113192212e-05, Vec([[-7.89947664e-08],
     [-3.14113468e-09],
     [-6.34817234e-10]]), 2.138183298516755), (2.10892922409074e-05, Vec([[-1.58791503e-07],
     [-9.75983666e-09],
     [ 6.54718159e-10]]), 2.1137660281887336), (2.1725251309023423e-05, Vec([[-2.40155603e-07],
     [-1.18421516e-08],
     [ 2.08224264e-09]]), 2.119101951779705), (2.1952295074750064e-05, Vec([[-3.03483728e-07],
     [ 8.56857086e-09],
     [-2.82453901e-10]]), 2.093524687659575), (2.233273525439877e-05, Vec([[-3.70311027e-07],
     [ 3.92107430e-09],
     [ 1.99593790e-09]]), 2.091611262971506), (2.2375835128308184e-05, Vec([[-3.95328539e-07],
     [-9.54553872e-10],
     [ 8.99971661e-10]]), 2.066903742156043), (2.253551900994003e-05, Vec([[-4.44934444e-07],
     [ 1.62799216e-08],
     [ 5.31692330e-09]]), 2.0616775570093115), (2.273471700212946e-05, Vec([[-4.91192896e-07],
     [-1.39247184e-09],
     [-1.29918363e-09]]), 2.06838081247258), (2.2298994886281853e-05, Vec([[-5.07518343e-07],
     [-1.39673117e-08],
     [-9.30528510e-09]]), 2.0256757936659078), (2.2091359826545048e-05, Vec([[-4.90186014e-07],
     [ 1.79194183e-08],
     [ 6.83376692e-10]]), 2.011877003618139), (2.1796886821870376e-05, Vec([[-4.67999079e-07],
     [ 1.76262963e-08],
     [-1.64407085e-09]]), 1.998146189089962), (2.1364470387378345e-05, Vec([[-4.32422341e-07],
     [ 4.13847054e-10],
     [-4.89628572e-09]]), 1.9795275240356225), (2.1105025244649018e-05, Vec([[-4.06698242e-07],
     [-2.03863854e-08],
     [-1.26181583e-09]]), 1.9847841392199155), (2.0395035494723646e-05, Vec([[-3.42744623e-07],
     [-2.64059946e-09],
     [-1.07033887e-08]]), 1.9551781266123882), (1.983582082293542e-05, Vec([[-2.92811736e-07],
     [-4.62279823e-09],
     [ 3.75853243e-09]]), 1.947137208877912), (1.9560519678827632e-05, Vec([[-2.26069601e-07],
     [-4.63663869e-10],
     [-2.49443843e-09]]), 1.9754049685223434), (1.8688441334140346e-05, Vec([[-1.40520862e-07],
     [-1.30300553e-08],
     [-2.28428146e-09]]), 1.9513844016545554), (1.8182164185789506e-05, Vec([[-5.39898803e-08],
     [-6.13330736e-09],
     [-1.58523193e-09]]), 1.9734392008428536), (1.755103060471696e-05, Vec([[1.34030527e-08],
     [6.09405596e-09],
     [1.07956328e-09]]), 1.9915465621854958), (1.6830867778719237e-05, Vec([[ 6.50095748e-08],
     [-9.14501572e-09],
     [-3.37256496e-09]]), 2.0092713677856344), (1.626290936386758e-05, Vec([[1.60141220e-07],
     [2.51446876e-09],
     [4.39270347e-11]]), 2.0568487865958853), (1.5458302980637595e-05, Vec([[ 2.11070366e-07],
     [-2.00003330e-09],
     [-1.09148741e-11]]), 2.0875543507055774), (1.4786918323097748e-05, Vec([[ 2.80067523e-07],
     [-1.75330034e-09],
     [-1.21027135e-09]]), 2.1513138557642857), (1.3887717459216907e-05, Vec([[ 3.17770490e-07],
     [-3.61392429e-09],
     [-2.69416726e-11]]), 2.19943758854137), (1.3529078616979528e-05, Vec([[ 3.59967712e-07],
     [ 1.01648434e-09],
     [-1.79025744e-11]]), 2.2458659810967387), (1.4305601612614045e-05, Vec([[ 2.93126489e-07],
     [-9.63499568e-11],
     [-8.92904451e-10]]), 2.1684531057334806), (1.497203630673433e-05, Vec([[ 2.35612396e-07],
     [ 2.08790259e-09],
     [-1.21214545e-10]]), 2.0961002987883592), (1.5884216109164705e-05, Vec([[ 1.76251503e-07],
     [ 6.35506738e-09],
     [-1.60527264e-09]]), 2.0737378376297264), (1.6641774875691703e-05, Vec([[1.02840807e-07],
     [1.13050942e-08],
     [1.23150187e-10]]), 2.0429989412390523), (1.721655315849306e-05, Vec([[ 3.02716234e-08],
     [ 1.48915767e-10],
     [-6.54678818e-10]]), 2.0021546303501183), (1.786699377591301e-05, Vec([[-3.44531632e-08],
     [-1.07316887e-08],
     [-2.47951649e-09]]), 1.9813375979264694), (1.8615677748058512e-05, Vec([[-1.11365027e-07],
     [ 3.02823731e-10],
     [ 3.10182529e-09]]), 1.9803994563534404), (1.9021911835474273e-05, Vec([[-1.77565009e-07],
     [ 1.93057500e-09],
     [ 1.35027225e-09]]), 1.9520806155890982), (1.9569665617461798e-05, Vec([[-2.70135251e-07],
     [-4.35939841e-09],
     [-1.38897111e-09]]), 1.9472961972133511), (2.0170496315487347e-05, Vec([[-2.90464520e-07],
     [-6.21970397e-09],
     [-1.64570416e-09]]), 1.9555618663808463), (2.085934926902043e-05, Vec([[-3.83356928e-07],
     [ 8.10674592e-09],
     [ 1.95156255e-09]]), 1.9795054139406643), (2.1090222970396185e-05, Vec([[-4.18835916e-07],
     [ 2.81240784e-09],
     [ 8.73714118e-09]]), 1.9676546335949983), (2.158856684836617e-05, Vec([[-4.83364943e-07],
     [-8.07516128e-09],
     [ 9.36327001e-09]]), 1.9886118488840026), (2.1843247949427545e-05, Vec([[-4.96945963e-07],
     [-5.36022485e-09],
     [ 3.88414902e-09]]), 1.9948123625386276), (2.2294636896158717e-05, Vec([[-5.06791326e-07],
     [ 2.02903685e-09],
     [ 4.32644473e-10]]), 2.0268106081983115), (2.2309105213528065e-05, Vec([[-4.79650094e-07],
     [-1.95629072e-10],
     [-4.02726147e-09]]), 2.027104430920763), (2.20012600527213e-05, Vec([[-4.65485396e-07],
     [ 5.04868879e-09],
     [ 5.28601150e-10]]), 2.0062000591736586), (2.2255131598149637e-05, Vec([[-4.36147997e-07],
     [-2.70208655e-08],
     [-2.02035755e-09]]), 2.0448125568064897), (2.2129235903575934e-05, Vec([[-3.86474334e-07],
     [-8.19366933e-09],
     [ 2.11165979e-09]]), 2.057204122472425), (2.193567410769929e-05, Vec([[-3.31050662e-07],
     [-9.91956911e-09],
     [ 1.81825301e-09]]), 2.071968309547652), (2.187249924364299e-05, Vec([[-2.66894647e-07],
     [-6.09103353e-09],
     [ 9.23416972e-10]]), 2.1083597940664003), (2.122452054389398e-05, Vec([[-1.94700244e-07],
     [ 1.74751064e-08],
     [-1.46137358e-09]]), 2.0973457554924266), (2.1039546782808913e-05, Vec([[-1.21270708e-07],
     [ 2.67241089e-08],
     [-3.24180442e-09]]), 2.1415421732091238), (2.0564769578434367e-05, Vec([[-3.76806846e-08],
     [ 1.24933062e-08],
     [ 2.19661721e-09]]), 2.167061422465234), (2.027085873977051e-05, Vec([[ 3.32033268e-08],
     [-4.08771762e-09],
     [-3.18246520e-11]]), 2.136089869991299), (2.0920353775832708e-05, Vec([[1.16547587e-07],
     [2.19056200e-08],
     [3.21529847e-10]]), 2.129409932252312), (2.1343936563718708e-05, Vec([[2.02586117e-07],
     [3.30817255e-08],
     [5.31975105e-09]]), 2.109146101314101), (2.179517740407084e-05, Vec([[ 2.59446041e-07],
     [-3.30974369e-08],
     [ 2.21862458e-09]]), 2.1009064959342916), (2.1849237755798577e-05, Vec([[ 3.33253685e-07],
     [ 2.89350372e-08],
     [-1.15842939e-09]]), 2.063803829119475), (2.222238732745774e-05, Vec([[3.83602630e-07],
     [2.79668635e-08],
     [1.79774848e-09]]), 2.06586377498184), (2.257341709081064e-05, Vec([[4.49876880e-07],
     [6.56144449e-09],
     [1.06939199e-09]]), 2.0740567861282644), (2.2313524812289324e-05, Vec([[ 4.60323076e-07],
     [-6.61812240e-10],
     [-1.79137636e-09]]), 2.034674136459324), (2.233729643477451e-05, Vec([[ 4.86914141e-07],
     [ 1.19264093e-08],
     [-1.21709587e-10]]), 2.029666010551803), (2.226401197139855e-05, Vec([[ 5.11398757e-07],
     [-4.56449923e-09],
     [ 4.76730393e-09]]), 2.0240264891894086), (2.2100286036848587e-05, Vec([[ 4.88102084e-07],
     [-8.73647298e-09],
     [ 5.62091701e-09]]), 2.0182861039720392), (2.1682931807105803e-05, Vec([[ 4.80627298e-07],
     [ 1.41441512e-08],
     [-4.38727013e-09]]), 1.9973041940677825), (2.1127865903074415e-05, Vec([[ 4.07449387e-07],
     [-6.06585381e-09],
     [-4.44937070e-09]]), 1.9711666064655726), (2.079471735309948e-05, Vec([[ 3.91588725e-07],
     [ 8.69422237e-09],
     [-1.07032426e-10]]), 1.973371990226009), (1.9983991448958036e-05, Vec([[ 3.40429496e-07],
     [ 1.52599255e-08],
     [-2.77016234e-09]]), 1.9374799213868052), (1.975967717078674e-05, Vec([[ 2.57434199e-07],
     [ 5.43214721e-09],
     [-5.48220592e-10]]), 1.9662034581982344), (1.8943633691975533e-05, Vec([[ 1.69541076e-07],
     [-2.11163859e-09],
     [-1.80145760e-09]]), 1.9440474984203386), (1.8567918522961704e-05, Vec([[ 1.14436494e-07],
     [ 1.70961008e-09],
     [-3.32670568e-09]]), 1.9753186666718816), (1.806632519456816e-05, Vec([[ 1.63275596e-08],
     [-5.91642347e-09],
     [ 3.47634612e-09]]), 2.003442202606072), (1.7170720196188002e-05, Vec([[-5.08127256e-08],
     [-1.59163172e-08],
     [-3.80716325e-10]]), 1.9968246042492508), (1.6435522146168012e-05, Vec([[-1.10171166e-07],
     [ 7.31893744e-09],
     [-2.48924742e-10]]), 2.017678678755508), (1.5978107254150743e-05, Vec([[-1.90272952e-07],
     [-3.07042675e-09],
     [ 4.63509867e-12]]), 2.085995642398801), (1.5020981166232774e-05, Vec([[-2.48523866e-07],
     [-5.33822164e-09],
     [ 1.03563866e-09]]), 2.102952628860033), (1.4308023157181467e-05, Vec([[-2.86353832e-07],
     [ 7.91037518e-10],
     [ 6.00975550e-10]]), 2.168820165153984), (1.3529338293286445e-05, Vec([[-3.70216122e-07],
     [ 4.59542628e-09],
     [-8.54678852e-10]]), 2.2459090881109196), (1.3964308315175494e-05, Vec([[-3.19474120e-07],
     [ 1.33367169e-10],
     [ 4.08951054e-10]]), 2.2115675017563063), (1.471590240898519e-05, Vec([[-2.69134690e-07],
     [ 1.48800620e-08],
     [ 8.51663075e-10]]), 2.1409819179884866), (1.5356169837580326e-05, Vec([[-2.03522403e-07],
     [ 8.65189743e-09],
     [ 2.68828431e-10]]), 2.0737618608438213), (1.6135253057188225e-05, Vec([[-1.66001638e-07],
     [ 3.34955296e-09],
     [ 7.59973321e-10]]), 2.040703476207688), (1.6755182094050763e-05, Vec([[-6.62609293e-08],
     [-2.62908476e-10],
     [ 3.46372009e-09]]), 2.0002360000817845), (1.76656044467526e-05, Vec([[-6.78738598e-09],
     [-5.45185038e-09],
     [ 5.76354405e-10]]), 2.004547459190435), (1.813962259140026e-05, Vec([[ 6.83002321e-08],
     [-7.75946093e-09],
     [ 3.53292960e-09]]), 1.9688218599599834), (1.8707743159616964e-05, Vec([[ 1.23983090e-07],
     [-7.52836603e-09],
     [-3.67640847e-09]]), 1.9533998335723435), (1.9116016276180183e-05, Vec([[ 2.22461688e-07],
     [ 1.31624405e-08],
     [-1.58480106e-09]]), 1.930514840625318), (1.9939470812856393e-05, Vec([[ 2.91969574e-07],
     [ 1.80173454e-08],
     [-1.58668598e-09]]), 1.9573117690272757), (2.0468129744392348e-05, Vec([[3.49468157e-07],
     [9.47704316e-10],
     [1.76795807e-09]]), 1.962185335703559), (2.1030509519598974e-05, Vec([[ 4.06205523e-07],
     [-1.94166052e-08],
     [ 1.66497592e-09]]), 1.9777764418830326), (2.1347761568224608e-05, Vec([[ 4.40533257e-07],
     [-2.06467517e-08],
     [ 4.06295555e-09]]), 1.977979366425852), (2.1684833797885033e-05, Vec([[ 4.67023306e-07],
     [-2.66944523e-08],
     [-8.19364421e-10]]), 1.9878741569102256), (2.2228991719935524e-05, Vec([[ 4.97821771e-07],
     [ 1.27464848e-09],
     [-1.00569864e-09]]), 2.0244112452153447), (2.213950379633236e-05, Vec([[ 5.02330688e-07],
     [-7.61597983e-09],
     [ 2.33030979e-09]]), 2.011187372018938), (2.247289598142251e-05, Vec([[ 4.89484124e-07],
     [-4.69523341e-09],
     [ 7.39535489e-10]]), 2.0445606094112656), (2.26627397742207e-05, Vec([[ 4.49909008e-07],
     [-3.13203413e-09],
     [ 1.98399307e-09]]), 2.0733164366990735), (2.2531843059759825e-05, Vec([[4.11572865e-07],
     [1.23407185e-08],
     [1.89157146e-09]]), 2.081314528411591), (2.234945368405009e-05, Vec([[ 3.76281073e-07],
     [-4.62935019e-09],
     [ 2.27475319e-09]]), 2.093177056653272), (2.1966967528746868e-05, Vec([[ 2.98951488e-07],
     [-1.31042689e-08],
     [ 1.03525498e-09]]), 2.094923955689012), (2.161635227079098e-05, Vec([[ 2.33584496e-07],
     [ 1.22903765e-08],
     [-2.46077139e-09]]), 2.108479834632114), (2.100554660080593e-05, Vec([[1.54369424e-07],
     [6.24470746e-09],
     [9.67507895e-10]]), 2.105372257215613), (2.0605616284625495e-05, Vec([[ 7.83496275e-08],
     [-9.98170263e-09],
     [ 4.52538000e-10]]), 2.1326543126880138), (2.019165537804836e-05, Vec([[ 1.26954014e-09],
     [-1.45011471e-09],
     [ 1.91049005e-09]]), 2.1693046297425598)]