[(2.0043281484066366e-05, array([[ 2.66894308e-09],
       [ 4.45325613e-09],
       [-5.46065330e-10]]), 2.153363976580562), (2.053690774435072e-05, array([[-5.37874972e-08],
       [ 7.48102471e-09],
       [-1.49971502e-09]]), 2.1255430687091175), (2.1139321297214937e-05, array([[-1.10600891e-07],
       [ 2.29122266e-09],
       [-9.81038312e-10]]), 2.1187804079240617), (2.159133166949164e-05, array([[-1.50597636e-07],
       [ 5.65841122e-09],
       [-3.33606294e-09]]), 2.106039301066174), (2.1888030449544346e-05, array([[-1.81938489e-07],
       [ 4.67841372e-08],
       [ 3.83342356e-09]]), 2.087395962669626), (2.2322160641075163e-05, array([[-2.18299626e-07],
       [-1.89804126e-08],
       [ 2.66640560e-09]]), 2.090620879121195), (2.2568959727484585e-05, array([[-2.35612883e-07],
       [-3.68763946e-09],
       [ 1.28510045e-09]]), 2.0847430743843676), (2.2516474305392602e-05, array([[-2.60821403e-07],
       [-1.51058882e-08],
       [-3.75816392e-09]]), 2.059935239029948), (2.2505950714769746e-05, array([[-2.38619848e-07],
       [-1.31452855e-08],
       [-6.13682998e-09]]), 2.047567894534296), (2.259851130678626e-05, array([[-2.44237646e-07],
       [ 2.48016900e-08],
       [ 1.03655007e-08]]), 2.0528843367377076), (2.243144212175288e-05, array([[-2.31899248e-07],
       [ 5.48794203e-09],
       [ 1.84529729e-09]]), 2.042848557856469), (2.2063851502032555e-05, array([[-1.78478183e-07],
       [ 5.70144181e-09],
       [-8.16907791e-10]]), 2.022619154548151), (2.2032980308070016e-05, array([[-1.64301353e-07],
       [ 1.18021262e-09],
       [-1.87426175e-09]]), 2.041468389599125), (2.130717285811802e-05, array([[-9.29746376e-08],
       [-8.67763226e-09],
       [ 4.94033459e-09]]), 2.0037947479419387), (2.06702818080952e-05, array([[-4.94310314e-08],
       [ 1.32252252e-08],
       [-1.97496754e-09]]), 1.9815647230698439), (2.0357722050424498e-05, array([[ 2.84508018e-08],
       [-2.49668342e-08],
       [-5.08132617e-09]]), 1.998368428824607), (1.9859703352964244e-05, array([[ 7.80475074e-08],
       [ 2.22898323e-09],
       [-2.86035636e-10]]), 2.0056193455478146), (1.9470505268956366e-05, array([[ 1.44794267e-07],
       [-3.65330213e-09],
       [-2.66866608e-09]]), 2.033044896299909), (1.8705130686972333e-05, array([[ 2.29245070e-07],
       [-8.13366861e-10],
       [-8.26750540e-10]]), 2.0302004633425317), (1.8034372463911388e-05, array([[ 2.95097946e-07],
       [-1.65498541e-09],
       [ 6.10291048e-11]]), 2.0463922199544644), (1.7354692284271548e-05, array([[3.92076934e-07],
       [1.07109898e-08],
       [7.08886704e-10]]), 2.07180561109313), (1.6502563589074395e-05, array([[ 4.52943071e-07],
       [-9.62525661e-09],
       [ 3.61816551e-10]]), 2.0871590153065234), (1.604716942637549e-05, array([[ 5.10055968e-07],
       [-5.75030802e-09],
       [ 1.05516598e-09]]), 2.167077356065508), (1.5005031242694122e-05, array([[ 5.73200476e-07],
       [ 5.34770643e-09],
       [-1.22819798e-09]]), 2.18304658977932), (1.4164219501058645e-05, array([[ 5.90091694e-07],
       [-3.25353423e-09],
       [-7.87391835e-10]]), 2.243228008811732), (1.3675013313617277e-05, array([[ 6.20715462e-07],
       [-3.98818341e-09],
       [-6.07591812e-10]]), 2.2700915606738317), (1.4577040262028091e-05, array([[ 5.67310505e-07],
       [-3.67730693e-09],
       [-1.83209062e-10]]), 2.2095979662068066), (1.5410535787147738e-05, array([[ 5.46165788e-07],
       [-6.05488449e-09],
       [-1.31362554e-09]]), 2.1574906716863764), (1.633339185909952e-05, array([[ 4.65597118e-07],
       [-6.55131408e-09],
       [-2.46522138e-09]]), 2.132379242530288), (1.678813431665778e-05, array([[ 3.94062406e-07],
       [-3.30676665e-09],
       [ 9.66362802e-10]]), 2.0609665069084326), (1.7594571647944324e-05, array([[3.63742259e-07],
       [5.71179135e-09],
       [9.87129588e-10]]), 2.046115315281959), (1.8533814449142158e-05, array([[ 2.80467876e-07],
       [-6.13872462e-09],
       [-1.06261005e-09]]), 2.0552838301529954), (1.9000016218408213e-05, array([[1.89001259e-07],
       [3.30470953e-09],
       [1.94321636e-09]]), 2.0212866970995176), (1.9494265097653888e-05, array([[1.33834123e-07],
       [2.59299579e-09],
       [2.74420215e-09]]), 2.000554799193057), (2.0014907760935825e-05, array([[ 4.50895733e-08],
       [-4.96166275e-09],
       [ 1.90767478e-09]]), 1.991600394830936), (2.0602230562529515e-05, array([[ 7.62023091e-09],
       [ 1.62975783e-08],
       [-3.50221203e-09]]), 1.9974191918884026), (2.1006253962405503e-05, array([[-8.05123542e-08],
       [ 8.39319360e-09],
       [-2.69053706e-09]]), 1.9934463395246151), (2.1564262168757947e-05, array([[-1.35123686e-07],
       [ 2.48799668e-09],
       [-2.98438573e-09]]), 2.011881070957536), (2.175943120819742e-05, array([[-1.72926344e-07],
       [-2.06950426e-08],
       [ 3.70215461e-09]]), 2.004350869120917), (2.217059118332308e-05, array([[-2.21327847e-07],
       [-6.66468576e-09],
       [ 1.00261354e-09]]), 2.0247066498387585), (2.2427570527362306e-05, array([[-2.38626542e-07],
       [ 2.37001114e-08],
       [-7.87305898e-10]]), 2.0388956354254733), (2.244907647097915e-05, array([[-2.60402793e-07],
       [-5.73471714e-09],
       [ 5.91876426e-09]]), 2.0398228413395088), (2.2505308454502163e-05, array([[-2.49475389e-07],
       [ 9.82764846e-09],
       [-2.65617549e-09]]), 2.052162060034336), (2.2360736345249805e-05, array([[-2.40572637e-07],
       [-7.26782973e-10],
       [ 1.13858762e-09]]), 2.054515573478239), (2.2340609673415105e-05, array([[-2.33538465e-07],
       [ 8.16843880e-09],
       [ 1.55097158e-09]]), 2.0768541001124308), (2.1901778000984422e-05, array([[-2.12479808e-07],
       [-1.89636274e-09],
       [-3.43076651e-09]]), 2.068766599922253), (2.1636998237650693e-05, array([[-1.74827035e-07],
       [-1.20416856e-08],
       [-2.40016944e-10]]), 2.085659102802658), (2.1272746099410632e-05, array([[-1.34669132e-07],
       [-2.47541011e-09],
       [-3.62816857e-10]]), 2.102111265458126), (2.0795571397778746e-05, array([[-7.27019794e-08],
       [-9.65126706e-09],
       [ 7.58549826e-10]]), 2.1167087686847474), (2.0363720851539594e-05, array([[-2.92503000e-08],
       [-1.51422096e-08],
       [ 1.51333474e-09]]), 2.145875435506921), (2.0193056415523347e-05, array([[2.14555682e-08],
       [8.55203808e-09],
       [5.02495270e-10]]), 2.1278912653431363), (2.0780508756347246e-05, array([[ 8.71568642e-08],
       [-4.42482214e-08],
       [ 1.40126323e-09]]), 2.115175594885974), (2.1433657964219922e-05, array([[ 1.25471512e-07],
       [-1.07762026e-08],
       [-2.48302636e-09]]), 2.118012110707759), (2.166319185954916e-05, array([[ 1.61782039e-07],
       [-3.86938808e-09],
       [-7.74654912e-10]]), 2.088183989357987), (2.1977271527810134e-05, array([[ 1.94737911e-07],
       [ 1.23675008e-08],
       [-1.27994991e-10]]), 2.0758974587411276), (2.240902522762399e-05, array([[ 2.28954771e-07],
       [-1.15531537e-08],
       [ 2.62525199e-09]]), 2.0832142275372116), (2.2381357604285778e-05, array([[ 2.45320248e-07],
       [ 4.84002482e-09],
       [-9.03492344e-11]]), 2.056410265011647), (2.2525144364456897e-05, array([[ 2.57352234e-07],
       [-3.41522413e-09],
       [-4.57439566e-09]]), 2.0539708111526616), (2.236113383343324e-05, array([[2.70181727e-07],
       [1.92401606e-08],
       [2.45571003e-09]]), 2.0318319825161755), (2.2500399250261366e-05, array([[ 2.38997052e-07],
       [-3.74172950e-09],
       [ 1.13242536e-09]]), 2.0455165115061584), (2.2099465471498944e-05, array([[ 2.07417919e-07],
       [-1.47434507e-08],
       [ 2.54284645e-09]]), 2.0182111666775713), (2.195453315726706e-05, array([[1.54400011e-07],
       [3.52384182e-09],
       [1.69883739e-09]]), 2.0223225135744536), (2.1305010622535234e-05, array([[ 1.16378319e-07],
       [ 1.38215007e-08],
       [-2.78484724e-09]]), 1.9876936782065038), (2.144158582326146e-05, array([[4.77600001e-08],
       [1.09368510e-08],
       [4.94650348e-10]]), 2.03475835574868), (2.0699118859605375e-05, array([[-2.37437079e-09],
       [ 2.20120106e-09],
       [ 2.38559437e-09]]), 2.006812667194941), (2.042434980139883e-05, array([[-5.43679234e-08],
       [-7.90996739e-09],
       [-3.34516719e-09]]), 2.0323422727944234), (1.962324768807995e-05, array([[-1.26724924e-07],
       [-7.74680396e-09],
       [-7.29693617e-09]]), 2.0137913453771072), (1.901673232607159e-05, array([[-1.79843982e-07],
       [ 7.04867151e-10],
       [-3.33425918e-09]]), 2.023065013794561), (1.8314735987842327e-05, array([[-2.53273569e-07],
       [ 6.35512193e-10],
       [-1.13143017e-09]]), 2.03098940224233), (1.754759972615589e-05, array([[-3.44376457e-07],
       [ 4.10813205e-09],
       [-2.19129729e-09]]), 2.0406528368265215), (1.701757396445407e-05, array([[-4.06361408e-07],
       [ 2.19150810e-10],
       [ 2.66662761e-09]]), 2.0891332716331954), (1.6187580677141007e-05, array([[-4.70655348e-07],
       [ 8.51574415e-09],
       [ 1.14085268e-09]]), 2.113343102307893), (1.5475343630320684e-05, array([[-5.28257137e-07],
       [-4.45953982e-09],
       [ 2.25986126e-09]]), 2.1665638355937826), (1.4552507534378332e-05, array([[-5.81095224e-07],
       [ 1.06761262e-08],
       [-1.05076543e-10]]), 2.2058792781778225), (1.3635609381747942e-05, array([[-6.39772655e-07],
       [-4.87084224e-09],
       [ 5.65576915e-10]]), 2.2635503945965114), (1.4301307150485365e-05, array([[-6.09660745e-07],
       [ 1.03140396e-08],
       [-3.66888857e-10]]), 2.2649389724714792), (1.4844794965667068e-05, array([[-5.54160286e-07],
       [-2.77027844e-09],
       [ 5.68561168e-11]]), 2.1597341919265576), (1.5813802850329985e-05, array([[-5.09411941e-07],
       [ 1.26574310e-08],
       [ 2.02486138e-11]]), 2.135562550608323), (1.6586719016025796e-05, array([[-4.34670196e-07],
       [ 5.90765416e-09],
       [-4.50757850e-10]]), 2.0978025590868894), (1.7380601913244205e-05, array([[-3.87029146e-07],
       [ 7.91331782e-09],
       [-2.12224718e-09]]), 2.074898706251928), (1.8047320618206882e-05, array([[-3.26481106e-07],
       [ 6.43716458e-09],
       [-1.94088857e-09]]), 2.047861469980553), (1.8953009542070787e-05, array([[-2.53412764e-07],
       [-6.52230347e-09],
       [ 2.88716816e-09]]), 2.0571045130867107), (1.9120101328993403e-05, array([[-1.62130842e-07],
       [ 2.59356319e-09],
       [-2.34762141e-09]]), 1.996456891420503), (1.9897085974760534e-05, array([[-7.73054606e-08],
       [-2.90708303e-09],
       [-1.91686039e-09]]), 2.0093945937541653), (2.0240881187378548e-05, array([[-2.15495144e-08],
       [-3.39826181e-09],
       [-2.49294841e-09]]), 1.9868990172996195), (2.0897404948702354e-05, array([[ 5.07546747e-08],
       [-3.06904627e-08],
       [-7.29994373e-09]]), 2.003337972578407), (2.15208644143763e-05, array([[ 1.01132495e-07],
       [-1.20504586e-08],
       [ 1.66077770e-09]]), 2.0238909860004175), (2.1853953893656777e-05, array([[ 1.37283373e-07],
       [-5.55813707e-09],
       [-1.75085000e-09]]), 2.024880676052537), (2.2035348110360065e-05, array([[ 1.99442124e-07],
       [-1.23443292e-08],
       [ 4.98158004e-09]]), 2.02000621519071), (2.226296397918359e-05, array([[ 2.10087800e-07],
       [-5.68905991e-09],
       [ 4.30708626e-09]]), 2.027505124798983), (2.274424187261697e-05, array([[ 2.45293888e-07],
       [-7.91688385e-09],
       [ 2.53971406e-09]]), 2.066122730714922), (2.2374460400940496e-05, array([[ 2.33464699e-07],
       [ 1.21159464e-08],
       [-1.66065297e-10]]), 2.0356050430888644), (2.2378268115964026e-05, array([[2.43833750e-07],
       [1.36116243e-09],
       [7.85456467e-11]]), 2.047291350115786), (2.217948804939471e-05, array([[ 2.21968244e-07],
       [ 7.56871880e-09],
       [-1.39637848e-11]]), 2.0487667425830427), (2.2293272376220386e-05, array([[ 2.18046669e-07],
       [ 1.73782061e-08],
       [-2.36769745e-09]]), 2.087915298302291), (2.1878339057764117e-05, array([[ 1.94240861e-07],
       [ 1.84294309e-08],
       [-2.65384802e-09]]), 2.086471723637642), (2.17621669512576e-05, array([[ 1.49811161e-07],
       [ 1.40479009e-08],
       [-2.75003361e-09]]), 2.1227027391030333), (2.1148569382251818e-05, array([[ 1.04596995e-07],
       [-3.20729320e-09],
       [ 8.16325137e-10]]), 2.119707337465056), (2.0600735386482916e-05, array([[ 6.08975899e-08],
       [-1.01804325e-08],
       [-1.30383211e-09]]), 2.1321491461193567), (2.0089047320004686e-05, array([[ 2.09213409e-09],
       [ 7.62188895e-09],
       [-7.59814582e-10]]), 2.1582808612007782)]