[(2.009572595293133e-05, array([[-3.16775901e-09],
       [-8.54789831e-09],
       [ 1.02182408e-09]]), 2.1589983848043097), (2.0625923850021413e-05, array([[-4.46863919e-08],
       [-3.83889132e-09],
       [ 2.82868916e-09]]), 2.1347561191238698), (2.1034925669118575e-05, array([[-1.09983871e-07],
       [ 6.09926584e-09],
       [ 1.30484989e-09]]), 2.1083169021012593), (2.149034730105864e-05, array([[-1.47375720e-07],
       [ 3.62548529e-09],
       [ 5.39172586e-10]]), 2.0961891884390886), (2.1876879199165757e-05, array([[-1.89345153e-07],
       [ 1.90359348e-08],
       [-1.29325710e-09]]), 2.086332501291836), (2.225777761078211e-05, array([[-2.15636192e-07],
       [-2.14793298e-09],
       [-2.20799259e-10]]), 2.0845909741511504), (2.2369397959440723e-05, array([[-2.31064083e-07],
       [-7.10978539e-09],
       [ 3.28471663e-09]]), 2.066309127101689), (2.2446233127188288e-05, array([[-2.43938003e-07],
       [-1.33324864e-08],
       [ 1.09538227e-09]]), 2.0535091762169344), (2.2629979228256607e-05, array([[-2.53316220e-07],
       [-9.14720694e-09],
       [-5.00110934e-09]]), 2.058851879176449), (2.2503577166133942e-05, array([[-2.54110851e-07],
       [ 1.32937453e-08],
       [ 7.21589402e-09]]), 2.0442603699763096), (2.24249064673523e-05, array([[-2.30694810e-07],
       [ 1.90482160e-08],
       [-2.03526417e-10]]), 2.042253350820987), (2.2182160633217528e-05, array([[-1.91976465e-07],
       [ 3.21231540e-09],
       [ 9.83077232e-10]]), 2.0334646914151224), (2.167043372673905e-05, array([[-1.53657201e-07],
       [ 6.30629375e-09],
       [-9.17586500e-10]]), 2.007876593337532), (2.1423677127046743e-05, array([[-8.45226035e-08],
       [ 2.76458177e-09],
       [-5.98933304e-10]]), 2.0147511823664725), (2.0731495068981377e-05, array([[-4.69521583e-08],
       [ 1.27892584e-08],
       [-1.04514603e-09]]), 1.9874329564825404), (2.0611539467906134e-05, array([[ 3.42006137e-08],
       [-1.75921590e-08],
       [ 1.17875112e-09]]), 2.0232838251800906), (1.9853940446253873e-05, array([[ 1.05187360e-07],
       [-5.29672201e-09],
       [ 1.66871062e-09]]), 2.005037353109182), (1.935489917326105e-05, array([[1.71304083e-07],
       [7.68181004e-09],
       [1.52673629e-09]]), 2.02097369529162), (1.880197414003449e-05, array([[ 2.70275797e-07],
       [ 2.50390610e-10],
       [-1.95343402e-09]]), 2.040711569977858), (1.8100442493293444e-05, array([[3.25393408e-07],
       [1.28062971e-08],
       [1.38593432e-09]]), 2.0538893033362213), (1.7329482547437653e-05, array([[3.80125199e-07],
       [1.15461597e-08],
       [1.28335049e-09]]), 2.06879606915651), (1.6591451397785843e-05, array([[4.44333956e-07],
       [3.17665430e-09],
       [8.81971464e-10]]), 2.0984010862915286), (1.5794847233484065e-05, array([[ 5.24274615e-07],
       [-1.08747735e-08],
       [ 4.67790001e-10]]), 2.133002704261242), (1.5083395265692375e-05, array([[5.61762172e-07],
       [1.21069050e-09],
       [2.74450178e-10]]), 2.194447586578378), (1.4155799223635856e-05, array([[ 6.41177293e-07],
       [ 1.20841519e-08],
       [-2.50699467e-10]]), 2.241894465360548), (1.3536159063012337e-05, array([[ 6.21116136e-07],
       [-8.19293817e-10],
       [-2.66113545e-10]]), 2.247041355512563), (1.4485276757372175e-05, array([[ 5.69162738e-07],
       [ 9.62191837e-09],
       [-1.08980032e-10]]), 2.1956883899406354), (1.5529453120792356e-05, array([[ 5.23716079e-07],
       [-1.12381305e-08],
       [-4.80882608e-10]]), 2.1741392192504425), (1.621449281096087e-05, array([[ 4.65348291e-07],
       [-1.05598556e-09],
       [ 1.82781603e-09]]), 2.1168565718936794), (1.6885040673293484e-05, array([[ 4.22516604e-07],
       [-1.84433922e-10],
       [ 1.16182922e-09]]), 2.0728630495239235), (1.768309724544484e-05, array([[3.46607307e-07],
       [4.96620668e-09],
       [4.10306697e-10]]), 2.0564101712446194), (1.8240221992494755e-05, array([[ 2.67582522e-07],
       [ 1.78919578e-08],
       [-1.08732108e-09]]), 2.0227262673016937), (1.900350910994561e-05, array([[ 1.96112331e-07],
       [-7.71513038e-09],
       [ 6.40955695e-09]]), 2.021658282845435), (1.949121183879886e-05, array([[ 1.16463073e-07],
       [-5.94957467e-09],
       [-8.57252676e-10]]), 2.0002414654189953), (2.0131299198360858e-05, array([[ 6.47758961e-08],
       [-2.67270298e-09],
       [ 6.41393830e-10]]), 2.0031820236597766), (2.072138364967203e-05, array([[-1.41119544e-08],
       [ 1.92996287e-09],
       [-1.56613029e-09]]), 2.008971274188854), (2.1009255511261154e-05, array([[-8.43528684e-08],
       [ 4.34385064e-11],
       [-4.77078527e-09]]), 1.9937311797721864), (2.140483688084387e-05, array([[-1.42042546e-07],
       [ 8.75011718e-09],
       [-9.10139200e-10]]), 1.9970071691065847), (2.188117378045037e-05, array([[-1.71462538e-07],
       [ 3.99964492e-09],
       [-6.34431536e-11]]), 2.0155650790958672), (2.2165348445259952e-05, array([[-2.08309500e-07],
       [-2.25167223e-08],
       [-4.88946720e-09]]), 2.024227862127055), (2.256980850938503e-05, array([[-2.54223617e-07],
       [-4.07395074e-09],
       [ 2.41382342e-10]]), 2.0518265233423807), (2.2354976948753093e-05, array([[-2.60645104e-07],
       [ 1.97896694e-08],
       [-2.97236913e-09]]), 2.0312725406158245), (2.241076471214157e-05, array([[-2.53233355e-07],
       [ 3.61532964e-08],
       [-8.65579615e-09]]), 2.0435410237362417), (2.2313355115811365e-05, array([[-2.48117168e-07],
       [-1.82908635e-08],
       [ 8.06903554e-10]]), 2.050162162558813), (2.2328760481647046e-05, array([[-2.23760338e-07],
       [ 4.67900657e-10],
       [-1.27543105e-09]]), 2.0757525615749306), (2.1930219834475766e-05, array([[-1.98346172e-07],
       [-9.99954491e-09],
       [ 1.06169621e-09]]), 2.071453117663634), (2.1886190604948806e-05, array([[-1.73197127e-07],
       [ 3.33383821e-08],
       [-2.06570386e-09]]), 2.109679547944622), (2.1294081772383335e-05, array([[-1.27637602e-07],
       [-3.45956085e-09],
       [ 6.87392995e-10]]), 2.1042195949752673), (2.0974059145935544e-05, array([[-7.84491790e-08],
       [ 2.38870174e-08],
       [-9.80541541e-11]]), 2.13487641478591), (2.0174410830565677e-05, array([[-3.18311585e-08],
       [-3.20410109e-08],
       [-1.87165056e-10]]), 2.1259264425569158), (2.0262852907588702e-05, array([[ 3.66999024e-08],
       [ 6.81751997e-09],
       [-1.46261313e-09]]), 2.1352462364164246), (2.0900006712929034e-05, array([[ 8.36015756e-08],
       [-2.15140341e-08],
       [-6.91307507e-12]]), 2.127338875600809), (2.1390452939545554e-05, array([[ 1.28884948e-07],
       [-3.80317146e-09],
       [ 4.35391208e-10]]), 2.1137427150844594), (2.160883195443422e-05, array([[1.69496977e-07],
       [1.60258134e-08],
       [2.97323747e-10]]), 2.0829440651464495), (2.195914297238045e-05, array([[ 2.02887066e-07],
       [ 8.03071719e-09],
       [-6.21913108e-10]]), 2.0741850977640377), (2.2284885493106762e-05, array([[ 2.32471832e-07],
       [ 6.69479111e-09],
       [-1.38156700e-10]]), 2.0716738031536384), (2.2375616029717257e-05, array([[2.42687584e-07],
       [7.61760090e-10],
       [1.45415927e-09]]), 2.055882726285499), (2.2321858122613192e-05, array([[ 2.49319592e-07],
       [-8.12669276e-09],
       [ 8.72484997e-10]]), 2.035434015103765), (2.2250697407749174e-05, array([[ 2.50101373e-07],
       [ 2.69573828e-09],
       [-2.21116901e-09]]), 2.021797238150746), (2.2386629373022742e-05, array([[2.55252098e-07],
       [1.18098039e-08],
       [2.29322957e-09]]), 2.0351736655941717), (2.1974222883161725e-05, array([[ 2.03944899e-07],
       [-1.49615860e-08],
       [-4.77071852e-09]]), 2.0067735149093977), (2.2086947937286184e-05, array([[1.93367785e-07],
       [8.82603389e-09],
       [1.25615634e-09]]), 2.034519784581969), (2.1528651501990616e-05, array([[1.26963100e-07],
       [4.03373400e-10],
       [7.60871093e-10]]), 2.0085587024093927), (2.1207142073991747e-05, array([[ 7.10695537e-08],
       [-8.26880767e-09],
       [ 9.34640561e-09]]), 2.012510170296741), (2.0916621985021506e-05, array([[ 2.64896463e-08],
       [-3.18091786e-08],
       [ 4.81291041e-10]]), 2.027899942948084), (2.0177985934788167e-05, array([[-5.73377529e-08],
       [ 2.20734064e-09],
       [ 9.37423071e-10]]), 2.007827627017663), (1.958701596618583e-05, array([[-1.29295558e-07],
       [ 8.64690994e-09],
       [ 3.62087533e-10]]), 2.0100731469861848), (1.9017882712677188e-05, array([[-1.96847228e-07],
       [-7.86988856e-09],
       [-3.11551946e-10]]), 2.023187395855486), (1.837005449276985e-05, array([[-2.57582173e-07],
       [ 2.43992115e-08],
       [-1.04419389e-09]]), 2.0371238776358207), (1.7887109685481313e-05, array([[-3.46993462e-07],
       [ 5.25660599e-09],
       [-1.76154308e-09]]), 2.0801352716005255), (1.7093610757912087e-05, array([[-4.30813263e-07],
       [ 4.18383283e-09],
       [-2.02802414e-10]]), 2.0984677981299367), (1.6162315344490597e-05, array([[-4.67850988e-07],
       [ 8.02525952e-09],
       [-1.40441963e-10]]), 2.110044628153589), (1.5190003694359782e-05, array([[-5.12508666e-07],
       [ 3.32064359e-09],
       [-9.49408291e-10]]), 2.1266159545727574), (1.4644310527297199e-05, array([[-5.86928521e-07],
       [-5.55354203e-09],
       [ 7.37167043e-10]]), 2.219794840102531), (1.3801474931660416e-05, array([[-6.32870901e-07],
       [-2.36574400e-09],
       [ 2.82573466e-10]]), 2.291084553169351), (1.4106784061783565e-05, array([[-5.99211262e-07],
       [-6.62868678e-09],
       [ 7.14833363e-10]]), 2.234131793798215), (1.5075169542497106e-05, array([[-5.31106697e-07],
       [ 5.33584325e-09],
       [ 3.46620263e-10]]), 2.1932508455200344), (1.5922637520528672e-05, array([[-5.11864936e-07],
       [ 9.92537008e-09],
       [ 3.00380884e-11]]), 2.150260042924618), (1.6623314280093998e-05, array([[-4.49584225e-07],
       [-1.09277151e-08],
       [ 3.33624467e-10]]), 2.1024309390901053), (1.735472235315819e-05, array([[-4.01861003e-07],
       [ 1.16725733e-08],
       [-1.63017662e-09]]), 2.0718092007210567), (1.8119298860467953e-05, array([[-3.04753363e-07],
       [-8.43528704e-09],
       [-6.81518218e-10]]), 2.0560289687534548), (1.8528148747520265e-05, array([[-2.36858744e-07],
       [-7.27522326e-09],
       [ 1.43124474e-09]]), 2.0109913585524155), (1.948693763993885e-05, array([[-1.64890489e-07],
       [-1.26271461e-08],
       [-3.44673055e-10]]), 2.0347607093976467), (1.989794069825752e-05, array([[-8.21878289e-08],
       [-6.33198982e-09],
       [ 3.23253990e-09]]), 2.0094809117595345), (2.037680451211447e-05, array([[-2.12191589e-08],
       [ 1.69564603e-08],
       [-2.70407932e-10]]), 2.000241614286667), (2.0790397252393553e-05, array([[ 4.27153573e-08],
       [-2.74037366e-09],
       [ 4.76412943e-09]]), 1.9930796375411237), (2.1393880558971357e-05, array([[ 1.08755632e-07],
       [-7.93743816e-09],
       [-3.26868779e-09]]), 2.0119490177145165), (2.1901935263571757e-05, array([[ 1.66865696e-07],
       [ 5.90609083e-09],
       [-2.64691539e-09]]), 2.0293263955422067), (2.1878038819545993e-05, array([[1.84888391e-07],
       [7.88503844e-10],
       [1.96819431e-09]]), 2.0055854879319357), (2.227720322810026e-05, array([[ 2.19437310e-07],
       [ 1.69780724e-08],
       [-1.51667751e-09]]), 2.0288019040678535), (2.2465594938301056e-05, array([[ 2.39944663e-07],
       [ 7.18610826e-09],
       [-9.89945111e-09]]), 2.0408100046166613), (2.2398142807726102e-05, array([[ 2.42813203e-07],
       [ 1.93170280e-08],
       [-3.82456229e-10]]), 2.037759643728227), (2.255882456297272e-05, array([[ 2.55559564e-07],
       [-1.71010236e-09],
       [ 6.94849535e-09]]), 2.063809681661954), (2.2588519947522454e-05, array([[ 2.51360897e-07],
       [ 1.90727765e-08],
       [-3.84907797e-09]]), 2.086549893739347), (2.2286115431449833e-05, array([[ 2.14137001e-07],
       [-4.01149676e-08],
       [ 2.05600024e-09]]), 2.0872450021598783), (2.1898462980550822e-05, array([[ 1.76341020e-07],
       [ 6.09053207e-10],
       [-7.17592864e-10]]), 2.08839088193171), (2.1380459190994008e-05, array([[ 1.42100607e-07],
       [-7.97114038e-09],
       [ 3.00653341e-10]]), 2.085470596271706), (2.109832693809651e-05, array([[ 1.12243831e-07],
       [-6.16631746e-09],
       [ 2.05745675e-09]]), 2.1146715700047016), (2.0665585281032335e-05, array([[ 5.74903637e-08],
       [ 3.04155002e-08],
       [-2.40733683e-09]]), 2.13886102531665), (1.999803854297844e-05, array([[-6.74594534e-10],
       [ 2.97895839e-08],
       [-1.03028382e-09]]), 2.148503269534625)]