[(2.0237503339622755e-05, array([[-9.26308284e-10],
       [ 1.58030017e-08],
       [ 5.93059128e-10]]), 2.174230337587977), (2.0735182661524385e-05, array([[-6.06573280e-08],
       [ 5.43003180e-10],
       [ 6.91441331e-10]]), 2.1460642630945426), (2.1115947919646603e-05, array([[-1.08368927e-07],
       [ 1.63589177e-08],
       [ 2.83846644e-09]]), 2.116437709510876), (2.1384980875766234e-05, array([[-1.46890003e-07],
       [ 3.97257333e-08],
       [ 4.39736845e-09]]), 2.0859116457624505), (2.1959540451391587e-05, array([[-1.82559892e-07],
       [-2.62352596e-08],
       [-2.46755000e-09]]), 2.094215657547634), (2.2434204247117716e-05, array([[-2.16265944e-07],
       [-2.43262665e-08],
       [-5.44605549e-09]]), 2.1011145184212174), (2.2431006914794132e-05, array([[-2.37978344e-07],
       [-6.68534761e-09],
       [-1.85994145e-09]]), 2.0720000780601713), (2.263608540643395e-05, array([[-2.45807266e-07],
       [ 4.01231576e-09],
       [ 5.35499928e-10]]), 2.070877943410413), (2.2374565575782388e-05, array([[-2.60014481e-07],
       [ 2.63063831e-09],
       [-3.95315047e-09]]), 2.035614611786152), (2.2514093795756574e-05, array([[-2.53942715e-07],
       [-1.77098628e-08],
       [ 2.14275423e-09]]), 2.045215717164206), (2.234361768893195e-05, array([[-2.20570730e-07],
       [ 2.74850268e-08],
       [ 3.53751169e-09]]), 2.0348503197156043), (2.2070361352501087e-05, array([[-1.93391848e-07],
       [ 1.86299599e-08],
       [-3.79450137e-09]]), 2.0232159201785613), (2.156787728555914e-05, array([[-1.46612112e-07],
       [-2.42238273e-08],
       [ 1.80919172e-09]]), 1.998374214181776), (2.1289046298299872e-05, array([[-9.11918852e-08],
       [ 2.49902078e-09],
       [ 5.86244784e-09]]), 2.0020900682266274), (2.090462966077561e-05, array([[-3.34346974e-08],
       [ 9.17944509e-09],
       [ 3.37461918e-09]]), 2.0040305724525456), (2.0299018344473615e-05, array([[3.67576254e-08],
       [4.73123736e-09],
       [3.15152734e-09]]), 1.9926059160868521), (2.0000552954474748e-05, array([[ 9.39898224e-08],
       [-2.02047514e-09],
       [ 6.89606223e-10]]), 2.019843661016253), (1.949864277241117e-05, array([[ 1.76949224e-07],
       [-1.66124624e-09],
       [ 1.82000768e-09]]), 2.035982920095553), (1.8706032177451333e-05, array([[ 2.43774400e-07],
       [ 7.01126583e-09],
       [-3.14628180e-09]]), 2.0302983084962913), (1.81074581507311e-05, array([[ 3.27191631e-07],
       [-7.34587150e-09],
       [ 8.36203311e-10]]), 2.0546853824250286), (1.7242337603331323e-05, array([[ 3.73515338e-07],
       [-8.89900335e-09],
       [-5.92818607e-10]]), 2.0583926934457515), (1.66487887219535e-05, array([[ 4.44254413e-07],
       [-1.18169881e-08],
       [ 1.48961595e-10]]), 2.1056528149338174), (1.55486279219072e-05, array([[ 4.78705365e-07],
       [-5.21479349e-10],
       [ 1.00639559e-10]]), 2.0997522112573317), (1.5074104076006212e-05, array([[ 5.64319218e-07],
       [-1.40518595e-08],
       [ 2.03694928e-10]]), 2.1930958333143358), (1.3946029525813333e-05, array([[ 5.90872189e-07],
       [-1.26735621e-08],
       [ 8.70912434e-10]]), 2.208672637534434), (1.3750611019905393e-05, array([[ 6.39646580e-07],
       [ 1.64709088e-10],
       [-2.09530425e-10]]), 2.2826409974542745), (1.4557201124797885e-05, array([[ 5.93991065e-07],
       [-2.10530988e-09],
       [-1.03301221e-09]]), 2.206590735898926), (1.5346921783400676e-05, array([[ 5.39212876e-07],
       [-1.05680701e-08],
       [ 4.63734833e-10]]), 2.1485846465118734), (1.6356735722882767e-05, array([[ 4.68330923e-07],
       [-4.59252182e-09],
       [-1.06177308e-09]]), 2.135426862461363), (1.7057156516692107e-05, array([[ 4.05870940e-07],
       [-4.58126899e-10],
       [-1.12004780e-09]]), 2.0939925557490966), (1.7715956061616684e-05, array([[3.37391282e-07],
       [7.03110284e-09],
       [2.42515556e-10]]), 2.060231402494605), (1.8331745137243518e-05, array([[ 2.46122998e-07],
       [-5.43622764e-09],
       [-1.09187695e-09]]), 2.0328756102771), (1.8981694334941535e-05, array([[1.79655777e-07],
       [5.19725972e-09],
       [6.33476074e-10]]), 2.019337552483466), (1.975784124141474e-05, array([[ 1.23287332e-07],
       [ 1.26346747e-08],
       [-2.04374556e-09]]), 2.027603703920275), (2.006714775066575e-05, array([[ 5.23689038e-08],
       [-5.22138890e-10],
       [-5.66158499e-09]]), 1.9967985793749157), (2.069494842156992e-05, array([[-1.21907261e-08],
       [ 7.36285317e-09],
       [ 8.26446265e-10]]), 2.0064083365597054), (2.1112666011778148e-05, array([[-7.31707535e-08],
       [ 2.50904057e-08],
       [-4.21130769e-09]]), 2.003544604102528), (2.1463347156098557e-05, array([[-1.30225692e-07],
       [-3.84846890e-09],
       [-4.42611007e-09]]), 2.0024660025375733), (2.172039875572751e-05, array([[-1.65501534e-07],
       [-2.52534774e-08],
       [ 7.06578361e-09]]), 2.0007554290892626), (2.189322544175434e-05, array([[-2.23929142e-07],
       [-1.63017219e-08],
       [ 4.00305083e-09]]), 1.9993765061024873), (2.219520944173749e-05, array([[-2.38328756e-07],
       [ 5.77478944e-10],
       [-4.62913275e-09]]), 2.0177716352692743), (2.242427620579523e-05, array([[-2.44146191e-07],
       [ 1.84017945e-09],
       [ 1.57672415e-09]]), 2.0375693790441294), (2.2461829375076304e-05, array([[-2.47911636e-07],
       [ 7.86610034e-09],
       [-2.77883501e-09]]), 2.0481973902150643), (2.2450483654185017e-05, array([[-2.51986284e-07],
       [ 9.35559690e-09],
       [ 1.87967202e-09]]), 2.062761600846847), (2.241244230788698e-05, array([[-2.34205566e-07],
       [ 2.22191796e-09],
       [-1.83301715e-09]]), 2.083531890181979), (2.1944399172011294e-05, array([[-1.99897008e-07],
       [ 9.93808562e-09],
       [-9.26769703e-10]]), 2.072792449105182), (2.1682432778319278e-05, array([[-1.65571468e-07],
       [ 1.66578570e-09],
       [ 2.42399665e-09]]), 2.090038682737281), (2.126877822490923e-05, array([[-1.35528366e-07],
       [ 2.06833312e-09],
       [ 1.95739821e-09]]), 2.1017191715718764), (2.1085955260080024e-05, array([[-8.19595546e-08],
       [ 1.65052252e-08],
       [-1.79794749e-09]]), 2.146265930440991), (2.0330172510029855e-05, array([[-2.14138481e-08],
       [ 9.13088993e-09],
       [-5.32951269e-10]]), 2.1423401993645386), (2.0333989364186697e-05, array([[ 3.05589066e-08],
       [ 1.81043228e-08],
       [-1.09345267e-09]]), 2.1427424094338967), (2.0827367959086695e-05, array([[ 8.35711288e-08],
       [-6.55532381e-09],
       [-7.26575398e-10]]), 2.1199452298931063), (2.1443979859141977e-05, array([[1.23720455e-07],
       [7.80796983e-09],
       [2.72422104e-10]]), 2.119032090521138), (2.1745105586113392e-05, array([[ 1.69831626e-07],
       [ 9.32202440e-09],
       [-2.50842777e-09]]), 2.0960799140873188), (2.199613693400743e-05, array([[ 1.94216001e-07],
       [-5.04792110e-09],
       [-1.67313290e-09]]), 2.077679420106693), (2.2229741302402435e-05, array([[ 2.27414067e-07],
       [-6.58819775e-09],
       [-3.25376633e-09]]), 2.0665474238723265), (2.2324007063080635e-05, array([[ 2.43190848e-07],
       [-7.44287404e-09],
       [-8.87633071e-10]]), 2.051140868770213), (2.229348814057302e-05, array([[ 2.48232322e-07],
       [-1.93806976e-08],
       [-1.63953297e-09]]), 2.032847078741422), (2.237181710793688e-05, array([[ 2.48784328e-07],
       [-1.57164064e-08],
       [ 1.33748333e-10]]), 2.032802712309047), (2.2395286177916198e-05, array([[ 2.48542779e-07],
       [-2.63321368e-09],
       [-4.76893292e-09]]), 2.035960657733711), (2.2037168237155902e-05, array([[ 2.06536369e-07],
       [-1.29458571e-08],
       [-1.33293897e-09]]), 2.012521935226865), (2.1981608544971442e-05, array([[1.70660852e-07],
       [2.55021417e-08],
       [1.15606702e-08]]), 2.0248165391010313), (2.1644660782225417e-05, array([[ 1.28384577e-07],
       [-3.66256958e-08],
       [-8.56186874e-09]]), 2.019382020783714), (2.1049559307166192e-05, array([[ 9.06602797e-08],
       [-2.05605337e-08],
       [ 4.09896398e-10]]), 1.9975559195168178), (2.074548950797267e-05, array([[1.11019317e-08],
       [1.01774899e-08],
       [2.59209974e-09]]), 2.0113083756915544), (2.0253433802312083e-05, array([[-6.43477600e-08],
       [ 5.78640152e-09],
       [ 2.97920986e-09]]), 2.0153351311513097), (1.9532896924320397e-05, array([[-1.14038752e-07],
       [ 4.89281343e-10],
       [ 4.92231676e-09]]), 2.00451930289977), (1.895337056377101e-05, array([[-2.20620575e-07],
       [ 1.19846088e-08],
       [-5.63582239e-10]]), 2.0163243728513778), (1.8159818378766457e-05, array([[-2.63017554e-07],
       [-1.70089341e-09],
       [-1.53829412e-09]]), 2.013810010605854), (1.7946245837826672e-05, array([[-3.31903914e-07],
       [ 1.05295769e-08],
       [-1.88243874e-09]]), 2.0870123578645052), (1.6875338416984896e-05, array([[-3.91241048e-07],
       [-1.75170908e-08],
       [ 9.44689971e-10]]), 2.071671968673826), (1.6364453880721742e-05, array([[-4.85257496e-07],
       [ 1.97639167e-09],
       [ 2.61030702e-10]]), 2.1364344939263016), (1.547351460949643e-05, array([[-5.47663583e-07],
       [-3.82655505e-09],
       [-1.06911380e-09]]), 2.166307770819582), (1.4536702556012723e-05, array([[-6.00311846e-07],
       [-6.42429296e-10],
       [-1.83148515e-11]]), 2.2034835484943716), (1.3819526728128302e-05, array([[-6.26312640e-07],
       [ 1.09236865e-08],
       [-2.57151591e-10]]), 2.2940812033280706), (1.4178501111433247e-05, array([[-6.08765810e-07],
       [ 1.52674960e-09],
       [-5.54041569e-10]]), 2.245489828349394), (1.5146282322462462e-05, array([[-5.69959388e-07],
       [-6.45137879e-09],
       [ 6.43066072e-11]]), 2.203596876080196), (1.5892385528774747e-05, array([[-5.20437947e-07],
       [ 6.68473350e-11],
       [-4.88073074e-10]]), 2.1461746865253732), (1.650488564465971e-05, array([[-4.28939893e-07],
       [-9.92184214e-09],
       [ 3.15919704e-09]]), 2.087452696904705), (1.7455923706423496e-05, array([[-3.81241900e-07],
       [ 3.15041870e-09],
       [-1.30984112e-09]]), 2.083890632538508), (1.8229431880649022e-05, array([[-3.39985703e-07],
       [ 1.53465421e-09],
       [-5.53780451e-10]]), 2.068525957828602), (1.851730420176315e-05, array([[-2.35849271e-07],
       [-1.58472432e-09],
       [-1.30827625e-09]]), 2.0098143231074737), (1.940614821887159e-05, array([[-1.67403153e-07],
       [ 1.19503714e-08],
       [ 8.63785557e-10]]), 2.02632494885076), (1.992127969828486e-05, array([[-8.77266815e-08],
       [-7.43886409e-09],
       [-1.34861381e-11]]), 2.0118379031570712), (2.054507471292762e-05, array([[ 8.06595572e-09],
       [ 5.50815062e-09],
       [-6.76969871e-09]]), 2.0167594671183378), (2.1032916494844038e-05, array([[ 2.12232355e-08],
       [-9.49397808e-09],
       [ 1.99759012e-09]]), 2.016328840428977), (2.143552214291335e-05, array([[ 9.29940560e-08],
       [-5.40647509e-09],
       [-1.98286145e-09]]), 2.01586512557897), (2.1548310410919263e-05, array([[ 1.29077721e-07],
       [-5.45010658e-09],
       [ 1.76416687e-10]]), 1.9965612431037825), (2.2105146109957723e-05, array([[ 1.99221927e-07],
       [-4.79452658e-09],
       [ 3.53906735e-09]]), 2.026404679707314), (2.2249839163861436e-05, array([[ 2.12493452e-07],
       [ 1.12821418e-08],
       [-2.43047902e-09]]), 2.0263098378483053), (2.257188453955852e-05, array([[ 2.65360608e-07],
       [ 1.94653709e-09],
       [-3.79389366e-09]]), 2.0504655192927106), (2.274367960844124e-05, array([[ 2.44692906e-07],
       [-7.98066830e-09],
       [ 1.68226867e-10]]), 2.0691962210357615), (2.255474060159312e-05, array([[ 2.35596328e-07],
       [-2.13873424e-08],
       [ 1.71096996e-09]]), 2.063436057627988), (2.2347032963003398e-05, array([[ 2.39083892e-07],
       [-1.27615161e-08],
       [-1.08468791e-09]]), 2.064243224552598), (2.2138396266540872e-05, array([[ 2.12075160e-07],
       [-3.90336852e-08],
       [-2.86566205e-09]]), 2.0734101061849453), (2.2091332808686553e-05, array([[1.86602194e-07],
       [8.33200726e-09],
       [3.04994807e-09]]), 2.106784300265962), (2.164147994962963e-05, array([[1.46689148e-07],
       [2.43379544e-09],
       [3.29663128e-09]]), 2.1109308126444404), (2.1220914687722415e-05, array([[ 9.86157951e-08],
       [-2.33810862e-09],
       [ 2.18045610e-09]]), 2.1269584603218994), (2.073124867204537e-05, array([[ 5.98832168e-08],
       [-1.41725548e-08],
       [-2.54663221e-11]]), 2.1456571003330596), (2.012971736333151e-05, array([[-7.63322785e-10],
       [ 7.52615680e-09],
       [ 1.02043371e-09]]), 2.162650275774713)]