[(2.0065307418055606e-05, array([[ 3.98450686e-09],
       [ 2.10286270e-08],
       [-1.62668329e-09]]), 2.155730348216897), (2.082494644302971e-05, array([[-5.36861560e-08],
       [ 2.69853850e-10],
       [-7.04898419e-10]]), 2.155354696979471), (2.1223442174944314e-05, array([[-1.03044334e-07],
       [ 2.68888617e-08],
       [ 1.48496066e-09]]), 2.1272117887202775), (2.1452519395713417e-05, array([[-1.53192155e-07],
       [ 7.17117087e-09],
       [ 7.59644581e-10]]), 2.092499418092658), (2.182519111983172e-05, array([[-1.78755435e-07],
       [ 2.70655670e-08],
       [ 2.08620780e-09]]), 2.081403163845567), (2.2206402296162837e-05, array([[-2.19133874e-07],
       [-1.42197577e-08],
       [-5.77492994e-09]]), 2.0797793294747464), (2.2416478529682324e-05, array([[-2.38188364e-07],
       [ 6.46194434e-09],
       [-1.96694788e-10]]), 2.0706580600580327), (2.2513372189078947e-05, array([[-2.53094194e-07],
       [-8.01823042e-09],
       [-4.22344688e-09]]), 2.05965143977153), (2.238137642138626e-05, array([[-2.57656281e-07],
       [ 9.50393250e-09],
       [ 2.42267203e-09]]), 2.0362342554070705), (2.2348554441819574e-05, array([[-2.50115388e-07],
       [ 4.43492497e-09],
       [-1.69742828e-09]]), 2.0301778616967576), (2.228189036509468e-05, array([[-2.20359918e-07],
       [ 4.01542029e-09],
       [ 2.96173906e-09]]), 2.0292287652120256), (2.2109363955439447e-05, array([[-1.71309207e-07],
       [ 3.32550011e-09],
       [ 2.47650357e-09]]), 2.026791334551392), (2.204902237847836e-05, array([[-1.53062082e-07],
       [ 1.00793679e-08],
       [ 2.33454784e-09]]), 2.042954769525238), (2.1282878930796712e-05, array([[-9.00805463e-08],
       [-1.01583579e-08],
       [-4.84255903e-09]]), 2.001510069242541), (2.0941849272180662e-05, array([[-1.84036464e-08],
       [-1.55889865e-08],
       [-2.25656198e-09]]), 2.007598645188629), (2.0374353787390685e-05, array([[ 2.53419248e-08],
       [-1.25338350e-08],
       [-3.95505498e-09]]), 2.0000010445950465), (1.9881672161017382e-05, array([[ 8.95000232e-08],
       [-2.46901957e-08],
       [ 1.26715957e-09]]), 2.007837962092428), (1.9235118988840392e-05, array([[ 1.75514727e-07],
       [-1.37492879e-08],
       [-4.23797253e-09]]), 2.0084666499299084), (1.8621800360652617e-05, array([[ 2.37896319e-07],
       [-1.78341729e-08],
       [-2.14382615e-09]]), 2.0211560321682227), (1.8152008645380275e-05, array([[ 3.12410332e-07],
       [ 1.48597006e-08],
       [-4.00107661e-09]]), 2.0597406060446826), (1.7278702071378504e-05, array([[ 3.85370698e-07],
       [ 1.49222860e-08],
       [-1.26744222e-09]]), 2.0627338887669064), (1.6551662725012155e-05, array([[ 4.59604708e-07],
       [-1.91428850e-08],
       [ 1.60114123e-10]]), 2.093368820447593), (1.5848408773523397e-05, array([[4.94422601e-07],
       [9.09996305e-10],
       [6.27831371e-10]]), 2.1402358802495542), (1.4912153421032157e-05, array([[5.56736464e-07],
       [1.08680114e-08],
       [3.48987131e-10]]), 2.169534014659291), (1.4254490116830056e-05, array([[6.06978809e-07],
       [1.62941857e-09],
       [3.63173076e-10]]), 2.2575244247671593), (1.3671085747386723e-05, array([[6.43717650e-07],
       [2.47501296e-09],
       [3.89164839e-10]]), 2.2694395733777695), (1.4624266855728347e-05, array([[ 5.89408955e-07],
       [-2.79999733e-09],
       [ 6.35674957e-10]]), 2.2167566063364346), (1.5417897085904098e-05, array([[ 5.05755330e-07],
       [ 3.49545832e-09],
       [-8.24535394e-10]]), 2.158521260993439), (1.627323031155031e-05, array([[4.92325422e-07],
       [1.07873906e-08],
       [3.02153415e-10]]), 2.1245249501518826), (1.7049019688143916e-05, array([[ 3.98853999e-07],
       [-1.42753421e-09],
       [ 2.35631329e-09]]), 2.092993651952286), (1.797851299117103e-05, array([[3.34162594e-07],
       [3.41982197e-09],
       [1.42065241e-10]]), 2.0907647832124767), (1.825953109159126e-05, array([[2.39990710e-07],
       [3.62122989e-09],
       [1.08863698e-09]]), 2.024867525338822), (1.8971947656574305e-05, array([[ 1.86620632e-07],
       [-1.38100501e-08],
       [-1.77204472e-09]]), 2.0183006675093624), (1.9413890376343e-05, array([[ 1.20154305e-07],
       [-2.80452445e-08],
       [-3.84246707e-09]]), 1.9923065254752828), (2.0121907161823327e-05, array([[ 4.26136437e-08],
       [-2.20400028e-08],
       [ 3.49578798e-09]]), 2.002247461087726), (2.0776738796390597e-05, array([[-6.30685438e-09],
       [ 8.11867782e-09],
       [ 2.92410165e-09]]), 2.014338044165041), (2.1077319417372467e-05, array([[-7.79722208e-08],
       [-1.29508550e-09],
       [-1.34672294e-09]]), 2.0001902916506857), (2.1482441685187294e-05, array([[-1.33463404e-07],
       [-1.27632017e-08],
       [-1.73609008e-10]]), 2.0042474649095223), (2.1739127710262792e-05, array([[-1.67925254e-07],
       [ 1.32402178e-08],
       [-3.94873933e-09]]), 2.002480630264851), (2.2297460674921624e-05, array([[-2.16374814e-07],
       [-1.47858441e-08],
       [ 3.56565977e-09]]), 2.036292876889594), (2.2254828825954294e-05, array([[-2.25723408e-07],
       [-2.85674816e-08],
       [ 6.52029138e-09]]), 2.023191647308389), (2.2411607239310724e-05, array([[-2.40094503e-07],
       [-1.17855390e-08],
       [ 4.52167955e-09]]), 2.0364182204543915), (2.248579160250879e-05, array([[-2.44619857e-07],
       [ 4.30642308e-09],
       [-5.70713776e-09]]), 2.0503824024360817), (2.253916911216719e-05, array([[-2.46734855e-07],
       [-8.09074892e-09],
       [ 1.31859895e-09]]), 2.070910064821922), (2.2293405148733537e-05, array([[-2.17527729e-07],
       [-1.01612577e-08],
       [ 1.67221794e-09]]), 2.072465817426241), (2.2097885423190078e-05, array([[-2.09645985e-07],
       [ 3.73130915e-08],
       [-3.74914790e-09]]), 2.087290232343222), (2.1742943863048913e-05, array([[-1.67404332e-07],
       [ 2.04417226e-08],
       [-1.89726592e-09]]), 2.0958715387231552), (2.1152759856732636e-05, array([[-1.29831166e-07],
       [-2.03451216e-08],
       [ 1.14026029e-09]]), 2.090254571862728), (2.0819053317925167e-05, array([[-8.18212700e-08],
       [ 1.88148000e-08],
       [-5.98856881e-10]]), 2.1190989115343353), (2.0439449082570768e-05, array([[-3.28151154e-08],
       [ 1.44236143e-08],
       [ 3.06321488e-10]]), 2.1538554776578085), (2.0126128586858707e-05, array([[ 2.53699809e-08],
       [-2.21713689e-08],
       [-1.03086115e-09]]), 2.1208385864869337), (2.091501834817421e-05, array([[ 8.19167514e-08],
       [-1.39749979e-08],
       [-1.44379300e-09]]), 2.128866857657563), (2.1410276269038676e-05, array([[ 1.32968868e-07],
       [ 1.59857198e-08],
       [-1.28337059e-09]]), 2.1157015991914596), (2.1533829404318695e-05, array([[ 1.68452389e-07],
       [-6.21695909e-09],
       [-1.33904761e-09]]), 2.0757143307043746), (2.2020048019274676e-05, array([[2.03334899e-07],
       [1.20255802e-08],
       [4.49227743e-10]]), 2.079937978958241), (2.24323860598651e-05, array([[2.37453802e-07],
       [4.01484088e-09],
       [6.77673253e-09]]), 2.0853859247706907), (2.2443217147923742e-05, array([[2.42207836e-07],
       [1.00643914e-08],
       [3.82712919e-09]]), 2.06209395063855), (2.2608691536472354e-05, array([[ 2.56732753e-07],
       [-1.22602771e-09],
       [ 2.85341457e-09]]), 2.0615891176059993), (2.2568891991725364e-05, array([[2.41912213e-07],
       [5.36122075e-09],
       [2.51815304e-09]]), 2.050709811958592), (2.2274753534333876e-05, array([[2.36516343e-07],
       [2.13648993e-08],
       [1.27371257e-10]]), 2.025003007165788), (2.2077784828066897e-05, array([[ 2.18189467e-07],
       [-4.81747294e-08],
       [-2.50915343e-09]]), 2.0162312040069024), (2.1847808352768687e-05, array([[ 1.91631319e-07],
       [-4.10237078e-09],
       [-2.84935944e-09]]), 2.0124916520686393), (2.144164881713601e-05, array([[1.15690289e-07],
       [2.36083970e-09],
       [6.38680575e-09]]), 2.0004416125033417), (2.1179233652209944e-05, array([[ 7.45742245e-08],
       [ 9.20815677e-09],
       [-3.17320630e-09]]), 2.0098617237273326), (2.0669981489639103e-05, array([[ 7.14455700e-09],
       [ 9.01022793e-09],
       [-1.03691906e-09]]), 2.003987752591877), (2.017264471377345e-05, array([[-6.62033233e-08],
       [ 1.50302814e-08],
       [-1.04453140e-11]]), 2.00729614428445), (1.970995855029806e-05, array([[-1.24670502e-07],
       [ 6.89514208e-09],
       [ 2.48299391e-09]]), 2.022689851203494), (1.9035650817850305e-05, array([[-1.83198143e-07],
       [-3.02753581e-09],
       [ 6.01649212e-09]]), 2.025077627642988), (1.8373810661617426e-05, array([[-2.74688163e-07],
       [-4.37278258e-09],
       [-8.39730199e-11]]), 2.037540413212829), (1.7643656390771235e-05, array([[-3.56603402e-07],
       [ 1.10837077e-09],
       [ 8.70587225e-10]]), 2.0518234988089246), (1.7037436949268183e-05, array([[-4.01960042e-07],
       [ 6.94533221e-09],
       [ 4.49475027e-10]]), 2.0915717168860724), (1.610808813708512e-05, array([[-4.61524504e-07],
       [ 2.50541782e-09],
       [ 2.28106431e-11]]), 2.10296508384036), (1.5404270637046428e-05, array([[-5.04855015e-07],
       [ 6.12315434e-09],
       [-1.16653681e-10]]), 2.1566135443050194), (1.4544767025257343e-05, array([[-5.77133049e-07],
       [ 3.90009437e-09],
       [-3.84438761e-10]]), 2.204705966387246), (1.3933325635852e-05, array([[-6.39160556e-07],
       [ 6.03792850e-09],
       [ 5.53342252e-10]]), 2.3129721494729076), (1.4155493617711117e-05, array([[-6.05783760e-07],
       [ 6.12016205e-09],
       [ 7.84654647e-10]]), 2.241846065674989), (1.5051488149063687e-05, array([[-5.66599213e-07],
       [ 8.09511995e-09],
       [ 9.88487182e-11]]), 2.189805495467783), (1.5763487291643578e-05, array([[-5.04211757e-07],
       [-7.72372671e-09],
       [ 1.50098938e-10]]), 2.1287677256152078), (1.6608384709580206e-05, array([[-4.44797073e-07],
       [ 1.98992579e-09],
       [ 5.41588660e-10]]), 2.1005427241152423), (1.7539681275157696e-05, array([[-3.81126497e-07],
       [-2.94860826e-08],
       [-1.15506417e-09]]), 2.093889622899882), (1.7720192492884906e-05, array([[-3.11023057e-07],
       [ 4.15267038e-09],
       [-2.32380710e-09]]), 2.010741661574312), (1.862082851477939e-05, array([[-2.30957448e-07],
       [-4.17286735e-09],
       [ 9.67908403e-10]]), 2.0210505508446674), (1.9321398903556414e-05, array([[-1.86478315e-07],
       [-2.84206907e-09],
       [-2.31648826e-09]]), 2.017475709419817), (1.9836539119715932e-05, array([[-1.05482851e-07],
       [ 9.53121509e-09],
       [-2.06027395e-09]]), 2.003280003740845), (2.0552876905690923e-05, array([[-2.38164892e-08],
       [-2.20364780e-08],
       [ 9.62905322e-11]]), 2.01752535122144), (2.0828347746074186e-05, array([[ 4.72421684e-08],
       [-1.62148837e-09],
       [ 1.43730125e-09]]), 1.9967177765949988), (2.1454975680340416e-05, array([[ 9.79025461e-08],
       [ 1.60215918e-08],
       [-1.93782678e-09]]), 2.0176945985167842), (2.1692017734559296e-05, array([[ 1.55656681e-07],
       [ 1.04267804e-08],
       [-2.38323701e-09]]), 2.0098764621283083), (2.2145434531850676e-05, array([[ 1.96624694e-07],
       [-2.67319573e-08],
       [ 4.08588706e-09]]), 2.0300979666123538), (2.221715011091715e-05, array([[ 2.34648188e-07],
       [-2.18816506e-08],
       [ 6.84536367e-09]]), 2.023332820842334), (2.25189269964337e-05, array([[ 2.58220703e-07],
       [ 1.25579273e-09],
       [-1.13813105e-09]]), 2.0456547727210816), (2.2437076529056166e-05, array([[ 2.60869456e-07],
       [ 7.39132396e-09],
       [-1.11488057e-08]]), 2.0413017930388926), (2.2519282167203745e-05, array([[ 2.49835487e-07],
       [-2.05344853e-08],
       [ 4.46930965e-09]]), 2.0601921182115044), (2.2535569124770437e-05, array([[ 2.39422491e-07],
       [-5.28185278e-09],
       [ 6.73864944e-10]]), 2.0816587130049165), (2.2274883793765636e-05, array([[ 2.14434499e-07],
       [-4.40214005e-08],
       [ 7.04941596e-09]]), 2.0861930835473896), (2.198189291876653e-05, array([[ 1.86896682e-07],
       [ 2.72363733e-08],
       [-5.08760886e-09]]), 2.096347345470021), (2.1676151068436132e-05, array([[ 1.44793592e-07],
       [-2.66189919e-08],
       [ 1.12980752e-09]]), 2.1143126669893304), (2.1170525975137944e-05, array([[9.69861709e-08],
       [9.35261803e-11],
       [2.78134103e-10]]), 2.1219080324721387), (2.0730762008336912e-05, array([[ 5.68980217e-08],
       [-1.36549436e-08],
       [ 1.93572406e-09]]), 2.145606731276277), (2.002662014487184e-05, array([[-4.38816066e-11],
       [ 1.68671035e-08],
       [ 8.28775039e-10]]), 2.1515739539412246)]