[(1.9997989010050958e-05, array([[-1.04086053e-08],
       [ 1.26821005e-08],
       [-2.19068989e-10]]), 2.1484979479298882), (2.0768062741964634e-05, array([[-5.47313677e-08],
       [ 1.60948851e-08],
       [-7.85439542e-11]]), 2.1494673083800526), (2.1078430519441617e-05, array([[-1.08226322e-07],
       [-1.90849807e-08],
       [-1.85248420e-09]]), 2.1126773649192527), (2.157506008979816e-05, array([[-1.47534160e-07],
       [ 8.08489363e-09],
       [ 7.07075562e-10]]), 2.1044521555000983), (2.187825613591582e-05, array([[-1.85656511e-07],
       [-1.57649008e-09],
       [-1.86371645e-09]]), 2.08646381562912), (2.2197111064257927e-05, array([[-2.11321961e-07],
       [ 1.13880804e-08],
       [ 3.53304847e-09]]), 2.078909142949101), (2.2534968595938794e-05, array([[-2.33236302e-07],
       [ 8.38308339e-09],
       [ 5.50996396e-09]]), 2.0816032408724894), (2.2391906745293046e-05, array([[-2.34608191e-07],
       [-6.44701842e-09],
       [-1.47477584e-09]]), 2.0485390895613964), (2.247130255875693e-05, array([[-2.40738409e-07],
       [-1.76561876e-09],
       [ 2.26574974e-10]]), 2.0444156414810584), (2.2120880947259275e-05, array([[-2.39532848e-07],
       [-8.86383417e-09],
       [ 8.68479282e-10]]), 2.009495643097127), (2.22549004642226e-05, array([[-2.41166024e-07],
       [-4.70911235e-09],
       [-3.56230993e-09]]), 2.026770774335917), (2.19603898017204e-05, array([[-2.02279453e-07],
       [ 1.21336188e-08],
       [ 1.08353157e-09]]), 2.0131346990896737), (2.151625530186337e-05, array([[-1.68032439e-07],
       [-4.18397440e-09],
       [-6.03796562e-10]]), 1.9935911731927765), (2.120203104356748e-05, array([[-1.08052977e-07],
       [ 1.74694623e-09],
       [-2.26987649e-10]]), 1.9939068751026663), (2.0953272190779767e-05, array([[-2.99646337e-08],
       [ 1.64878865e-09],
       [-1.49918278e-09]]), 2.0086937077881926), (2.0267984047835856e-05, array([[-1.30757669e-08],
       [-1.83636752e-08],
       [ 1.83602700e-09]]), 1.9895595065495737), (1.9723706475990387e-05, array([[8.34415613e-08],
       [8.86162837e-09],
       [4.91812453e-09]]), 1.9918851037746543), (1.9433844342126996e-05, array([[ 1.76401747e-07],
       [-7.63197092e-09],
       [ 4.15204494e-09]]), 2.029216885205461), (1.8627566662338265e-05, array([[ 2.29475000e-07],
       [-3.85431847e-09],
       [ 1.15699999e-09]]), 2.021781889776485), (1.807183148416198e-05, array([[ 3.13999604e-07],
       [-1.78750953e-08],
       [ 2.99965966e-09]]), 2.0506427614003244), (1.7195924647263142e-05, array([[ 3.73040263e-07],
       [ 9.63730737e-10],
       [-5.43166979e-10]]), 2.0528519082082837), (1.642317825775494e-05, array([[ 4.41993379e-07],
       [ 2.93149540e-09],
       [-4.12486702e-10]]), 2.0771187685865415), (1.5822727016203924e-05, array([[ 4.97986917e-07],
       [-3.71852303e-09],
       [ 3.52956646e-10]]), 2.136767707559888), (1.497957670081515e-05, array([[ 5.56277617e-07],
       [-7.29426374e-09],
       [-4.16824170e-10]]), 2.1793432685436285), (1.4228158896137425e-05, array([[ 6.22817410e-07],
       [-2.37596218e-09],
       [-4.15097111e-10]]), 2.253354273933257), (1.3614114944339556e-05, array([[6.26529079e-07],
       [5.95854566e-10],
       [6.87575924e-11]]), 2.259982256135277), (1.448654072437495e-05, array([[5.85490708e-07],
       [1.41215951e-09],
       [7.54330104e-10]]), 2.1958799829436377), (1.554537847820308e-05, array([[ 5.57792936e-07],
       [-7.27450961e-10],
       [ 8.33799139e-10]]), 2.176368785472635), (1.605469364281471e-05, array([[ 4.72646638e-07],
       [-6.42453355e-09],
       [ 9.47006541e-11]]), 2.0959942530276416), (1.7114568751162458e-05, array([[ 4.28699626e-07],
       [-8.12429031e-09],
       [-2.82867049e-09]]), 2.101040670214845), (1.7794802935822962e-05, array([[3.35937411e-07],
       [3.61254608e-10],
       [1.80507351e-09]]), 2.069400696303155), (1.8602466686036335e-05, array([[2.52855265e-07],
       [1.29310356e-08],
       [1.68815058e-09]]), 2.062896932829706), (1.892872737275396e-05, array([[1.62418489e-07],
       [3.86525312e-09],
       [1.60284744e-09]]), 2.013702745921996), (1.981349984469836e-05, array([[ 1.27305188e-07],
       [-5.68688152e-09],
       [-2.24407024e-11]]), 2.0333155420099716), (2.0082070565962496e-05, array([[ 4.83048224e-08],
       [-8.26563753e-09],
       [ 1.60975966e-09]]), 1.9982834867845314), (2.0555708833925396e-05, array([[ 1.01759976e-08],
       [-1.99058388e-08],
       [ 2.04378546e-09]]), 1.9929088359212828), (2.1321637332632146e-05, array([[-7.51472849e-08],
       [ 2.49611316e-09],
       [ 1.07336657e-09]]), 2.0233755132864104), (2.14503918856546e-05, array([[-1.22429222e-07],
       [ 4.81020495e-09],
       [ 5.14141579e-09]]), 2.001257314608844), (2.1700457115480636e-05, array([[-1.72180992e-07],
       [ 1.08606083e-08],
       [ 4.21070555e-09]]), 1.9989185224358632), (2.2011512250098116e-05, array([[-2.25129249e-07],
       [ 9.27630010e-09],
       [-2.29450822e-09]]), 2.010178928350117), (2.252545359194795e-05, array([[-2.29401260e-07],
       [ 2.20075266e-08],
       [-4.68121790e-09]]), 2.047794207516563), (2.2563490622246992e-05, array([[-2.54612630e-07],
       [-1.13849246e-08],
       [ 4.71385166e-09]]), 2.05021901952663), (2.2383173304604516e-05, array([[-2.41666831e-07],
       [-5.43756689e-09],
       [-4.09741913e-10]]), 2.041025082226488), (2.2400000342011527e-05, array([[-2.42482256e-07],
       [-1.24938412e-08],
       [-7.84153421e-10]]), 2.0581231690233244), (2.2190609617718098e-05, array([[-2.25400114e-07],
       [ 2.54592129e-08],
       [-1.17242489e-09]]), 2.0629096180573088), (2.207008685381412e-05, array([[-1.96287082e-07],
       [ 2.05895956e-09],
       [ 1.11032498e-09]]), 2.084664475117118), (2.1825273944047102e-05, array([[-1.65475276e-07],
       [ 2.17529823e-08],
       [ 1.16000178e-09]]), 2.103807597181096), (2.1477136298978083e-05, array([[-1.26750419e-07],
       [-9.24925075e-09],
       [ 2.98695371e-09]]), 2.1223085140433415), (2.075895982289524e-05, array([[-7.72353930e-08],
       [ 8.91519941e-09],
       [ 6.36769636e-10]]), 2.112982204018217), (2.0302804436192056e-05, array([[-2.78225452e-08],
       [-9.18343710e-09],
       [ 3.25842133e-10]]), 2.139456223602259), (2.0212168416001636e-05, array([[ 1.97330683e-08],
       [-2.73126557e-08],
       [ 1.03800633e-09]]), 2.1299052377722787), (2.0883858794505456e-05, array([[ 8.22792759e-08],
       [-3.34470187e-10],
       [-4.33687600e-10]]), 2.125695235237705), (2.119867219692488e-05, array([[1.20954983e-07],
       [1.29129940e-08],
       [1.33681101e-09]]), 2.094791496578072), (2.1879091356514535e-05, array([[ 1.69242769e-07],
       [-9.06477820e-09],
       [-1.25293768e-09]]), 2.108995228800286), (2.1938640877651294e-05, array([[ 1.97737868e-07],
       [-2.99814600e-08],
       [-5.13719740e-11]]), 2.0722485404305555), (2.243996975959703e-05, array([[2.01871461e-07],
       [2.28097193e-08],
       [3.06869539e-09]]), 2.0860909296077352), (2.234272805690036e-05, array([[2.39630735e-07],
       [2.74682576e-08],
       [2.25922367e-09]]), 2.0528609629907137), (2.2357782429398015e-05, array([[2.51427349e-07],
       [1.01818307e-08],
       [3.68135572e-09]]), 2.0387097977737016), (2.2474265192888444e-05, array([[ 2.68827303e-07],
       [-4.53043757e-09],
       [ 1.32827462e-09]]), 2.0421116005390743), (2.211721410926331e-05, array([[ 2.36254847e-07],
       [-6.84295022e-09],
       [ 2.68659393e-09]]), 2.0106810615144775), (2.2054067103664733e-05, array([[ 2.20611074e-07],
       [-5.11490933e-09],
       [ 4.11229844e-09]]), 2.014065206992252), (2.1879149633799466e-05, array([[1.85909894e-07],
       [1.43702474e-08],
       [1.79035257e-09]]), 2.0153786266072813), (2.1569988261380743e-05, array([[1.29131647e-07],
       [9.68558108e-09],
       [1.18665331e-09]]), 2.01241529824842), (2.1233720362279706e-05, array([[ 5.74410238e-08],
       [-4.52171555e-09],
       [ 2.00109230e-09]]), 2.015032390183889), (2.075541141708795e-05, array([[2.19862609e-08],
       [9.58708730e-09],
       [2.44050176e-09]]), 2.012270320643431), (2.031669052011945e-05, array([[-6.60391594e-08],
       [-1.09175541e-08],
       [-5.92893321e-10]]), 2.0216295445788224), (1.9542076472433526e-05, array([[-1.30757083e-07],
       [ 3.33869852e-09],
       [-4.91972462e-09]]), 2.005461333232288), (1.8970624624851597e-05, array([[-1.94399062e-07],
       [ 6.77497662e-09],
       [ 3.18573191e-09]]), 2.0181599188705093), (1.846450039714772e-05, array([[-2.66404694e-07],
       [ 1.75925853e-09],
       [ 4.70578139e-10]]), 2.0475973363307194), (1.7757506676021048e-05, array([[-3.17355695e-07],
       [-6.04330501e-09],
       [ 2.16192987e-09]]), 2.0650634239949452), (1.6717985483780534e-05, array([[-3.96460458e-07],
       [-7.96165589e-09],
       [-1.00582849e-09]]), 2.052354805790741), (1.638568155203574e-05, array([[-4.55132335e-07],
       [-2.38628762e-09],
       [ 1.61136588e-09]]), 2.139205837812966), (1.5577976867513594e-05, array([[-5.45176170e-07],
       [ 1.89245489e-10],
       [-1.77442610e-09]]), 2.180932593105339), (1.4695001067629123e-05, array([[-5.84665972e-07],
       [ 7.86639502e-09],
       [-3.34878386e-10]]), 2.227478547687198), (1.3871622920205692e-05, array([[-6.38978112e-07],
       [-4.28341920e-09],
       [-7.51190258e-11]]), 2.3027293211226154), (1.4075144127962572e-05, array([[-6.12775394e-07],
       [-3.07629137e-09],
       [ 5.53967779e-10]]), 2.2291208868619807), (1.4797911007858354e-05, array([[-5.67336948e-07],
       [-6.29391295e-09],
       [-1.14810274e-10]]), 2.152913155531882), (1.5741691813799878e-05, array([[-5.12484338e-07],
       [-6.40477475e-09],
       [-6.61096590e-11]]), 2.1258243724764245), (1.6817755463193666e-05, array([[-4.38460610e-07],
       [-1.07974245e-08],
       [ 1.90187143e-10]]), 2.1270228557376507), (1.7382814902019044e-05, array([[-3.85958497e-07],
       [-4.29191504e-09],
       [ 5.88863240e-11]]), 2.075162893163796), (1.7903278051742734e-05, array([[-3.13650178e-07],
       [ 1.06465680e-08],
       [ 2.72436837e-10]]), 2.031516704564159), (1.8711368219464693e-05, array([[-2.37179972e-07],
       [ 1.60459334e-08],
       [ 8.26422319e-11]]), 2.030877466971536), (1.929643647057264e-05, array([[-1.59139121e-07],
       [-8.45031033e-09],
       [ 5.85075183e-09]]), 2.014869215840125), (1.9623042486792938e-05, array([[-5.55503978e-08],
       [ 1.08631666e-09],
       [ 2.67159796e-09]]), 1.9817191088176207), (2.0587132169773923e-05, array([[-2.41818464e-08],
       [ 2.52396728e-09],
       [ 5.64363974e-10]]), 2.0208879395353465), (2.076192785782104e-05, array([[ 4.10494836e-08],
       [-1.25250306e-08],
       [-6.14580593e-10]]), 1.9903504077949694), (2.14802603969043e-05, array([[ 9.96651485e-08],
       [ 2.29198276e-08],
       [-1.16400553e-09]]), 2.0200724542084467), (2.155181855229344e-05, array([[1.37631401e-07],
       [1.92842358e-08],
       [3.79621555e-10]]), 1.9968862903566502), (2.2239273725719423e-05, array([[ 1.91349368e-07],
       [ 4.38858706e-09],
       [-2.09627785e-09]]), 2.0387003156151473), (2.2221599936510423e-05, array([[ 2.27461767e-07],
       [ 9.82161484e-09],
       [-1.79200173e-09]]), 2.0237380698560434), (2.2506929686709945e-05, array([[ 2.45888623e-07],
       [-5.67432060e-09],
       [-4.22721698e-09]]), 2.0445649182222367), (2.2498859503741793e-05, array([[ 2.55854595e-07],
       [-1.59733560e-08],
       [ 2.62534118e-10]]), 2.046922743559863), (2.2595338969061458e-05, array([[ 2.38642887e-07],
       [-1.08176833e-08],
       [ 3.25389002e-09]]), 2.0671502273803584), (2.2526675745373744e-05, array([[ 2.53439548e-07],
       [-7.61619190e-09],
       [ 1.78623110e-09]]), 2.0808372125313013), (2.2179331953491813e-05, array([[ 2.17184039e-07],
       [-1.53740514e-08],
       [ 2.55027585e-09]]), 2.0772440093279645), (2.207776452941448e-05, array([[ 1.86941335e-07],
       [-7.63785581e-09],
       [-4.94697179e-10]]), 2.1054903340757103), (2.155817404086689e-05, array([[ 1.41069694e-07],
       [-1.59952483e-08],
       [ 1.17637269e-09]]), 2.1028050740123363), (2.0993964483074915e-05, array([[ 1.06799088e-07],
       [-3.25713507e-08],
       [ 1.08450697e-09]]), 2.1042113890975815), (2.0991125630510904e-05, array([[ 5.66365142e-08],
       [-3.70406479e-09],
       [-3.11588809e-10]]), 2.172554025355064), (2.008123732452369e-05, array([[ 2.72174057e-09],
       [-1.78558143e-08],
       [ 2.97989403e-12]]), 2.1574417888692636)]