[(2.032955511306545e-05, Vec([[6.64148531e-09],
     [2.16523893e-08],
     [8.50377922e-10]]), 2.1841199843042305), (2.08235688540453e-05, Vec([[-8.61031550e-08],
     [ 1.04969279e-09],
     [-7.42960160e-10]]), 2.155212118322849), (2.122784719685725e-05, Vec([[-1.56916457e-07],
     [-1.78765222e-08],
     [-3.10480358e-10]]), 2.1276533011981087), (2.141873442451068e-05, Vec([[-2.36271193e-07],
     [-7.55656987e-09],
     [-2.58604723e-09]]), 2.0892039994391207), (2.1924907314329305e-05, Vec([[-2.96228138e-07],
     [ 2.01568991e-08],
     [ 2.94319117e-09]]), 2.0909127989078375), (2.2436795663999195e-05, Vec([[-3.54797293e-07],
     [-3.08532309e-10],
     [-5.30106693e-10]]), 2.1013572220880365), (2.2492998820301425e-05, Vec([[-4.15889690e-07],
     [ 6.96320569e-09],
     [-3.27135168e-09]]), 2.0777264029433167), (2.230412159179567e-05, Vec([[-4.60385764e-07],
     [ 7.31062265e-09],
     [ 5.95719448e-09]]), 2.0405080040237467), (2.2353870462396794e-05, Vec([[-4.97875949e-07],
     [ 2.21312118e-08],
     [ 9.93186119e-09]]), 2.0337317919808875), (2.226596256311004e-05, Vec([[-4.95228300e-07],
     [ 8.25637166e-09],
     [ 5.79553787e-09]]), 2.0226750854367284), (2.2214941684343304e-05, Vec([[-4.88519762e-07],
     [-1.60360254e-08],
     [ 3.70447543e-09]]), 2.0231316977483735), (2.1935289753863063e-05, Vec([[-4.79532036e-07],
     [-9.92742606e-09],
     [-6.02993509e-09]]), 2.0108337482528875), (2.1394988352291338e-05, Vec([[-4.40986799e-07],
     [ 1.94390612e-09],
     [ 1.09683103e-09]]), 1.982355169674735), (2.0735809585214762e-05, Vec([[-3.73596127e-07],
     [ 1.19864140e-08],
     [ 2.97093249e-09]]), 1.9500619166069606), (2.045792616859162e-05, Vec([[-3.33102958e-07],
     [ 9.55122290e-09],
     [-5.12742828e-10]]), 1.9612071658825765), (1.987279829803064e-05, Vec([[-2.71782651e-07],
     [-4.54504715e-09],
     [ 5.57830258e-09]]), 1.9507670167034092), (1.93078288241999e-05, Vec([[-1.92434326e-07],
     [-9.85352294e-10],
     [-2.81963807e-09]]), 1.9498858730214155), (1.8643971460456225e-05, Vec([[-1.33777896e-07],
     [-9.04153460e-09],
     [ 1.68052726e-09]]), 1.9467410065046231), (1.812519580554588e-05, Vec([[-4.37182650e-08],
     [-4.82498662e-09],
     [-3.39689668e-09]]), 1.9672560185971915), (1.7730025350731254e-05, Vec([[ 5.91177235e-09],
     [-3.90918371e-09],
     [ 1.00551653e-09]]), 2.0118574133886282), (1.6794208911332415e-05, Vec([[ 8.37059604e-08],
     [ 2.98661111e-09],
     [-1.98732119e-09]]), 2.0048950270298165), (1.6177191371305173e-05, Vec([[ 1.45141253e-07],
     [-3.03822462e-09],
     [ 1.06472063e-09]]), 2.0460076175869046), (1.5517265044249634e-05, Vec([[ 2.04863019e-07],
     [-5.77797367e-09],
     [ 6.22204949e-10]]), 2.095516836146189), (1.4437970064554376e-05, Vec([[2.61458219e-07],
     [7.32628605e-10],
     [4.12835509e-10]]), 2.1005461970035992), (1.4029471000765175e-05, Vec([[ 3.25802551e-07],
     [-2.05321501e-09],
     [-7.78004054e-10]]), 2.2218875028995573), (1.3654959180957244e-05, Vec([[ 3.54893048e-07],
     [-2.87677779e-09],
     [-7.51387183e-10]]), 2.2667625169453816), (1.429783621262185e-05, Vec([[ 2.88898085e-07],
     [ 1.23725089e-11],
     [-5.08827194e-10]]), 2.167276020967224), (1.5151596689251468e-05, Vec([[ 2.36418809e-07],
     [ 1.13174721e-08],
     [-1.55673228e-09]]), 2.1212389348251572), (1.5957799115540544e-05, Vec([[ 1.86492026e-07],
     [-1.01361859e-09],
     [-5.41330427e-10]]), 2.08334434659935), (1.6592241921180892e-05, Vec([[ 9.63605214e-08],
     [ 3.76841056e-09],
     [-1.14976173e-09]]), 2.03691811305949), (1.7056039526068485e-05, Vec([[ 5.82938673e-08],
     [-8.30231822e-10],
     [ 3.49938328e-09]]), 1.983488111597226), (1.7765827571765528e-05, Vec([[-1.47843109e-08],
     [ 2.98055587e-09],
     [-1.58083245e-09]]), 1.9701189001180481), (1.8443600255738357e-05, Vec([[-1.11330879e-07],
     [ 4.76952732e-09],
     [-1.33425750e-09]]), 1.9620932642902993), (1.9162019140858742e-05, Vec([[-1.74795622e-07],
     [ 1.16908312e-08],
     [-1.14924196e-09]]), 1.966458810447166), (1.965442728996736e-05, Vec([[-2.65150918e-07],
     [ 1.05970498e-08],
     [-8.89197492e-10]]), 1.9557304794216401), (2.0132583615521432e-05, Vec([[-3.03717402e-07],
     [ 9.13165881e-09],
     [-5.51792624e-09]]), 1.951886169504317), (2.0777512751114975e-05, Vec([[-3.80079724e-07],
     [ 1.36094127e-08],
     [-6.37188218e-09]]), 1.9717393121240323), (2.112229902076613e-05, Vec([[-4.18112993e-07],
     [-6.01569861e-09],
     [-1.12168636e-11]]), 1.9706472330201648), (2.148440918114321e-05, Vec([[-4.69643450e-07],
     [-1.87450505e-08],
     [-6.46323177e-10]]), 1.9790174569706098), (2.1841556562798866e-05, Vec([[-4.58608870e-07],
     [-2.32163978e-09],
     [ 2.52953563e-09]]), 1.9946578983781447), (2.2307220906280984e-05, Vec([[-4.93862646e-07],
     [-9.04175480e-09],
     [-8.86320535e-10]]), 2.0279546234755412), (2.2441155552171073e-05, Vec([[-5.04080560e-07],
     [ 2.37830376e-09],
     [ 1.27071341e-09]]), 2.039103111459752), (2.2265520872978485e-05, Vec([[-4.77961295e-07],
     [-2.12495204e-08],
     [ 6.40771374e-09]]), 2.030296864173319), (2.2247499650489866e-05, Vec([[-4.16633423e-07],
     [ 1.76497689e-08],
     [-1.42206737e-09]]), 2.0441113296607965), (2.2125961220487245e-05, Vec([[-3.85137044e-07],
     [-3.83433886e-08],
     [ 4.17482717e-09]]), 2.0568996975216858), (2.199396774459609e-05, Vec([[-3.35854682e-07],
     [ 2.19090055e-08],
     [-2.05743322e-09]]), 2.0774745259376943), (2.1650779052948374e-05, Vec([[-2.68825958e-07],
     [ 7.79069913e-09],
     [ 2.68411339e-09]]), 2.0869874794357743), (2.1254200061246354e-05, Vec([[-1.89981691e-07],
     [-1.73461399e-08],
     [ 3.20781853e-09]]), 2.1002785995873183), (2.070994797810741e-05, Vec([[-1.23765186e-07],
     [ 1.18462035e-08],
     [ 1.86518074e-09]]), 2.1079934590759697), (2.028213459875095e-05, Vec([[-4.15967251e-08],
     [-1.47607936e-08],
     [ 1.95905505e-09]]), 2.1372780904042963), (2.0410574565730096e-05, Vec([[ 3.64141916e-08],
     [-2.27286058e-08],
     [ 1.12689235e-09]]), 2.1508127568872646), (2.0785767561250102e-05, Vec([[1.24927402e-07],
     [3.11954658e-08],
     [4.02656208e-10]]), 2.1157108703173506), (2.1405185231458595e-05, Vec([[ 1.99003310e-07],
     [-1.90422925e-08],
     [ 1.73460443e-09]]), 2.115198517577081), (2.1648484146816523e-05, Vec([[2.66694782e-07],
     [3.98236975e-09],
     [1.38237170e-09]]), 2.0867662661319963), (2.2080367837360308e-05, Vec([[ 3.28818565e-07],
     [-1.64858736e-08],
     [ 5.05845675e-10]]), 2.0856355814525833), (2.2029175028133502e-05, Vec([[ 3.81258349e-07],
     [-7.99570459e-09],
     [ 2.21925425e-09]]), 2.0479021453795285), (2.2479218771267818e-05, Vec([[ 4.46024673e-07],
     [-3.12268777e-08],
     [-3.88444379e-09]]), 2.0654017976919232), (2.2513651915151425e-05, Vec([[ 4.87069400e-07],
     [-1.05934352e-08],
     [-9.39733188e-10]]), 2.052922864243192), (2.2573117995464262e-05, Vec([[5.02921910e-07],
     [2.16746589e-09],
     [3.23026243e-09]]), 2.05109380543669), (2.2100778180682475e-05, Vec([[4.99569941e-07],
     [2.47164454e-09],
     [3.54527149e-09]]), 2.009186867437293), (2.1984406223381198e-05, Vec([[ 4.90409744e-07],
     [ 1.77843213e-09],
     [-1.80243317e-09]]), 2.007703498078968), (2.1604090347055126e-05, Vec([[4.66354318e-07],
     [4.59923145e-09],
     [4.75227028e-09]]), 1.9900417823133885), (2.120528594015727e-05, Vec([[4.33086331e-07],
     [2.03728417e-08],
     [3.47771377e-10]]), 1.9783896640365148), (2.0789132809730868e-05, Vec([[ 3.90410920e-07],
     [-3.78020657e-09],
     [-5.72875455e-09]]), 1.9728420295982836), (2.0160107438837595e-05, Vec([[3.21594672e-07],
     [8.49082359e-09],
     [1.78931787e-09]]), 1.9545546481799156), (1.970946337518386e-05, Vec([[ 2.54973674e-07],
     [-8.39757782e-09],
     [-3.81483820e-09]]), 1.9612068918216536), (1.9071281949799348e-05, Vec([[ 1.94672923e-07],
     [ 4.80906711e-09],
     [-2.61086151e-09]]), 1.957147111743479), (1.8483059119877694e-05, Vec([[ 1.14687845e-07],
     [-4.40485534e-09],
     [ 2.94169154e-10]]), 1.966291033189583), (1.8071900572553336e-05, Vec([[ 4.05816668e-08],
     [ 8.63515055e-09],
     [-2.14721683e-09]]), 2.0040604770714485), (1.7275757910183733e-05, Vec([[-2.75450606e-08],
     [-1.56705281e-08],
     [ 3.28527194e-09]]), 2.009039694197972), (1.6590364211838096e-05, Vec([[-1.07500231e-07],
     [ 7.75447949e-09],
     [-2.74969909e-10]]), 2.0366875992935043), (1.5726644081819568e-05, Vec([[-1.71726496e-07],
     [-3.51793089e-09],
     [ 1.68078787e-09]]), 2.0531662794859726), (1.5189430527547928e-05, Vec([[-2.43445395e-07],
     [-2.79434591e-09],
     [ 8.91650563e-10]]), 2.1265357106365967), (1.4246100297416643e-05, Vec([[-2.98668684e-07],
     [-4.27509409e-09],
     [ 4.07628970e-10]]), 2.1594338547275473), (1.336093879596879e-05, Vec([[-3.54558431e-07],
     [ 2.93713500e-09],
     [ 3.93422810e-10]]), 2.217954286977245), (1.3923478864743493e-05, Vec([[-3.39412899e-07],
     [ 5.28084184e-09],
     [-2.00240907e-10]]), 2.2051012247555435), (1.4903830972180895e-05, Vec([[-2.67325858e-07],
     [ 2.36896876e-09],
     [ 2.32459470e-10]]), 2.1683232012134885), (1.5476954486016526e-05, Vec([[-2.20581772e-07],
     [-9.91826867e-09],
     [-1.14853327e-10]]), 2.0900731285591236), (1.6304522930124667e-05, Vec([[-1.64444052e-07],
     [ 7.64693499e-10],
     [ 1.06157736e-09]]), 2.062111855542944), (1.6993777550595797e-05, Vec([[-9.55653269e-08],
     [-2.37770036e-09],
     [ 1.95730624e-09]]), 2.0287195593148875), (1.740110993416681e-05, Vec([[-5.55732048e-09],
     [ 3.34148058e-09],
     [ 6.95668055e-10]]), 1.9745347978760854), (1.8097226616814405e-05, Vec([[ 5.94053031e-08],
     [-6.30595623e-09],
     [ 7.27010412e-11]]), 1.964220324226902), (1.874174435825478e-05, Vec([[ 1.31412002e-07],
     [ 4.88075231e-09],
     [-2.99099510e-09]]), 1.956950124764268), (1.952207914053004e-05, Vec([[ 1.93396912e-07],
     [-2.94661859e-09],
     [ 3.86347843e-09]]), 1.971522881972878), (2.013252588978708e-05, Vec([[ 2.76295846e-07],
     [-1.60406206e-08],
     [-8.23807127e-10]]), 1.9762625715682969), (2.069360087088527e-05, Vec([[3.60527471e-07],
     [1.05951358e-08],
     [2.20986756e-09]]), 1.983800214227093), (2.1095201666770367e-05, Vec([[ 4.05217717e-07],
     [ 3.89140402e-09],
     [-3.90019758e-09]]), 1.983860298507199), (2.1497543387450014e-05, Vec([[4.31155426e-07],
     [1.43716408e-08],
     [1.61090563e-09]]), 1.9918574185554283), (2.2007981279268245e-05, Vec([[ 4.78283045e-07],
     [-9.37219766e-09],
     [ 2.89921210e-09]]), 2.0174974656752194), (2.2145618414297756e-05, Vec([[ 4.98396435e-07],
     [-2.90466365e-09],
     [-1.89444732e-09]]), 2.016818374624975), (2.2401640912626195e-05, Vec([[ 4.99034378e-07],
     [ 6.67659705e-09],
     [-8.25858478e-10]]), 2.035000320261931), (2.2438736343866067e-05, Vec([[ 4.91688161e-07],
     [-3.50254118e-09],
     [-1.40794736e-09]]), 2.0414528012570607), (2.2542174749690055e-05, Vec([[4.57339368e-07],
     [2.19586112e-08],
     [8.92355218e-10]]), 2.062286461967829), (2.2174799601377947e-05, Vec([[ 4.05754727e-07],
     [-8.34807970e-09],
     [ 5.51803471e-09]]), 2.048333660613356), (2.232043795007235e-05, Vec([[ 3.38908943e-07],
     [ 5.87535890e-09],
     [-2.74614451e-09]]), 2.090459537491383), (2.1937195556404332e-05, Vec([[ 3.02341955e-07],
     [-6.44789993e-09],
     [ 1.31963294e-09]]), 2.0920846917811984), (2.1601239812061233e-05, Vec([[ 2.36330424e-07],
     [ 2.38199946e-08],
     [-2.19902581e-09]]), 2.1070057508420175), (2.101164606624647e-05, Vec([[ 1.62749348e-07],
     [ 2.84496514e-08],
     [-1.73585130e-09]]), 2.1059836026648124), (2.044168343935647e-05, Vec([[ 8.30443719e-08],
     [-3.46845051e-08],
     [ 2.31682122e-09]]), 2.115687477790915), (2.0057253586303497e-05, Vec([[-5.37880579e-10],
     [ 4.14911181e-08],
     [-5.51726682e-10]]), 2.154865079164909)]