[(2.0107574234251203e-05, array([[-1.10788885e-09],
       [ 2.20114606e-08],
       [ 1.13984128e-09]]), 2.1602713132017324), (2.063543358764325e-05, array([[-5.71946618e-08],
       [-4.39917984e-08],
       [-8.84071032e-10]]), 2.1357403645194744), (2.1237953735813825e-05, array([[-1.11887439e-07],
       [ 1.74116478e-08],
       [ 1.81726550e-09]]), 2.128666273016458), (2.163228864870305e-05, array([[-1.52510779e-07],
       [ 1.34120896e-08],
       [ 3.39347037e-09]]), 2.110034284293358), (2.1947885506445925e-05, array([[-1.83636640e-07],
       [-2.04295087e-08],
       [ 1.13788384e-09]]), 2.0931041603263196), (2.2146202265950226e-05, array([[-2.25939329e-07],
       [-2.96572431e-08],
       [-5.45681091e-09]]), 2.074141190671345), (2.225282226543619e-05, array([[-2.24691074e-07],
       [-1.90015200e-08],
       [ 2.46607521e-09]]), 2.0555407809460826), (2.2417026761924036e-05, array([[-2.44737646e-07],
       [ 4.03519021e-09],
       [-2.89235212e-09]]), 2.050837211672406), (2.2574343703865856e-05, array([[-2.52964930e-07],
       [ 4.01269966e-09],
       [ 4.48881507e-09]]), 2.0537902172639253), (2.248662009067671e-05, array([[-2.52963987e-07],
       [ 2.47510347e-09],
       [ 2.72403847e-09]]), 2.042719962551659), (2.228451494922674e-05, array([[-2.27598704e-07],
       [-2.02090521e-08],
       [-7.13055881e-09]]), 2.0294677880925), (2.2173983512910164e-05, array([[-1.99894916e-07],
       [-2.10878042e-08],
       [-7.24951961e-09]]), 2.0327150852023905), (2.1780859724272775e-05, array([[-1.48430597e-07],
       [-1.45340302e-08],
       [-8.62607314e-09]]), 2.018108127165594), (2.1390919629130097e-05, array([[-9.09931854e-08],
       [-1.38293175e-08],
       [-4.28394905e-09]]), 2.0116705623931814), (2.0829778827666354e-05, array([[-3.21456010e-08],
       [ 1.65909994e-08],
       [-2.02432736e-09]]), 1.9968549677966092), (2.0512513266334378e-05, array([[ 3.60787864e-08],
       [-9.53920933e-09],
       [-3.55680862e-09]]), 2.0135631484581444), (1.9763665742149133e-05, array([[7.61301792e-08],
       [8.10250063e-10],
       [3.95136317e-09]]), 1.9959205657257972), (1.937106053618667e-05, array([[1.60284165e-07],
       [6.79068018e-09],
       [1.27662913e-09]]), 2.0226612106364614), (1.8824867356874964e-05, array([[ 2.36207855e-07],
       [-2.33554032e-09],
       [-2.03938425e-09]]), 2.043196333127324), (1.804657667389885e-05, array([[3.17442321e-07],
       [6.12793104e-10],
       [1.84354522e-09]]), 2.047777053300843), (1.7156997095808744e-05, array([[ 3.73404751e-07],
       [ 6.71743020e-09],
       [-1.31331048e-09]]), 2.0482047316287013), (1.6568452278100437e-05, array([[4.56217299e-07],
       [5.69208650e-09],
       [8.12241742e-10]]), 2.0954922764126027), (1.57698837121687e-05, array([[ 5.06277688e-07],
       [-7.32194370e-09],
       [-1.18249604e-09]]), 2.129631525187052), (1.4965238649570019e-05, array([[5.65459965e-07],
       [6.99137286e-09],
       [2.27075462e-10]]), 2.1772572592998953), (1.4084560637249498e-05, array([[ 6.06552208e-07],
       [ 5.88953683e-09],
       [-2.26428035e-10]]), 2.230612206406704), (1.385509594955981e-05, array([[ 6.27203946e-07],
       [-3.23011559e-09],
       [ 1.99708935e-10]]), 2.299985796438119), (1.4704327278992036e-05, array([[ 5.76351747e-07],
       [ 6.15694717e-09],
       [-8.39750578e-11]]), 2.228892221333528), (1.543217153567858e-05, array([[ 5.37852271e-07],
       [-4.28771819e-09],
       [ 8.62858317e-10]]), 2.1605196984687653), (1.6152522197475904e-05, array([[ 4.58191364e-07],
       [-3.16088839e-09],
       [ 1.08473351e-09]]), 2.1087660998727933), (1.6831961393379784e-05, array([[4.25828322e-07],
       [4.30502037e-10],
       [9.08208112e-10]]), 2.0663468627905113), (1.7905838099000246e-05, array([[ 3.60369323e-07],
       [-1.09869414e-08],
       [ 1.99538311e-09]]), 2.082313244130849), (1.8384473390222915e-05, array([[ 2.64418295e-07],
       [-1.73315503e-09],
       [ 4.65472284e-09]]), 2.03872284296836), (1.891029318402468e-05, array([[ 2.04120321e-07],
       [ 5.44000494e-09],
       [-2.29179202e-09]]), 2.0117416538880737), (1.9758133464962853e-05, array([[ 1.34667180e-07],
       [-5.92371530e-10],
       [-2.75143645e-09]]), 2.0276336926999847), (2.0117745257208834e-05, array([[5.05424146e-08],
       [9.45733151e-09],
       [3.28199778e-10]]), 2.0018333272344764), (2.0563270137231885e-05, array([[-2.04832184e-08],
       [-6.24686912e-09],
       [-7.95977412e-10]]), 1.99364191636586), (2.105309054959796e-05, array([[-6.75143406e-08],
       [-1.49396910e-08],
       [ 4.73256566e-09]]), 1.9978910264955396), (2.1462582073150227e-05, array([[-1.41476899e-07],
       [ 9.13430249e-09],
       [-1.29023087e-09]]), 2.002394622590075), (2.1931188548683994e-05, array([[-1.78213197e-07],
       [ 1.17611361e-08],
       [-2.37167677e-09]]), 2.020172145485552), (2.2047607784316918e-05, array([[-2.08888518e-07],
       [-4.33851857e-10],
       [-2.72521199e-09]]), 2.013475316234319), (2.245117507773246e-05, array([[-2.32548847e-07],
       [ 6.44168270e-09],
       [ 4.08214382e-09]]), 2.041041530571235), (2.2472633342421904e-05, array([[-2.40257790e-07],
       [ 2.15341675e-08],
       [-4.77714393e-09]]), 2.041963323354506), (2.240302979822966e-05, array([[-2.57723795e-07],
       [ 2.39493235e-09],
       [ 5.49353160e-10]]), 2.0428357102809858), (2.2207104295961003e-05, array([[-2.33952133e-07],
       [-1.38311573e-08],
       [-1.08462903e-09]]), 2.04039978440154), (2.2251351514355405e-05, array([[-2.31124815e-07],
       [ 1.02641237e-08],
       [ 2.15256190e-09]]), 2.068556377878278), (2.189458250185706e-05, array([[-2.00193808e-07],
       [-1.83065073e-08],
       [-2.20210625e-09]]), 2.068086937829806), (2.1895267923502103e-05, array([[-1.69500409e-07],
       [-3.82604982e-08],
       [ 5.05938223e-09]]), 2.1105545395613783), (2.1263852904401957e-05, array([[-1.24263284e-07],
       [-7.62860799e-10],
       [ 1.83616949e-09]]), 2.1012324656395087), (2.0720232414943402e-05, array([[-8.08601197e-08],
       [ 3.43990769e-09],
       [-3.09760127e-10]]), 2.1090402760744222), (2.0217323744480463e-05, array([[-3.18510913e-08],
       [ 1.32235479e-08],
       [-1.00338870e-09]]), 2.130448492751333), (2.0272951788717998e-05, array([[ 2.49424446e-08],
       [-7.04626523e-09],
       [-6.65397597e-10]]), 2.13631042999379), (2.1045538139083387e-05, array([[ 7.86770797e-08],
       [-6.56473547e-09],
       [-2.76798110e-09]]), 2.142152012492687), (2.15948961847356e-05, array([[1.34205288e-07],
       [7.90382167e-09],
       [3.31811905e-09]]), 2.133945205484734), (2.1802936778786316e-05, array([[1.65504230e-07],
       [9.71713127e-09],
       [1.59049698e-09]]), 2.1016544467512044), (2.2115121083631322e-05, array([[ 1.96808388e-07],
       [-1.36176926e-08],
       [-4.56591023e-09]]), 2.088918253531586), (2.2203463082942168e-05, array([[ 2.28937771e-07],
       [-2.60366769e-08],
       [-8.94959173e-10]]), 2.064104517048049), (2.21481667204249e-05, array([[ 2.51594325e-07],
       [-2.60711647e-09],
       [-8.71233839e-10]]), 2.03498457065668), (2.2553477262774374e-05, array([[ 2.59532032e-07],
       [ 8.05568604e-10],
       [-3.69716492e-09]]), 2.0565543660101957), (2.236063771401558e-05, array([[ 2.53420862e-07],
       [-2.61262012e-09],
       [ 2.21412939e-09]]), 2.0317869029013647), (2.228556335597745e-05, array([[ 2.36619546e-07],
       [-4.92752671e-09],
       [-5.77565144e-09]]), 2.0259857305571565), (2.2081229008601417e-05, array([[ 2.07984427e-07],
       [ 2.61014333e-09],
       [-7.61921955e-10]]), 2.016545740284885), (2.166891834109922e-05, array([[ 1.83636392e-07],
       [-1.08661695e-08],
       [-3.06617007e-09]]), 1.9960133559709146), (2.150559180620374e-05, array([[1.30932812e-07],
       [7.24655154e-09],
       [4.18610878e-09]]), 2.006407301860995), (2.1163656805260777e-05, array([[ 6.59546506e-08],
       [-4.72437788e-09],
       [-1.28211129e-09]]), 2.008383515923708), (2.0694649046402255e-05, array([[-1.83298005e-09],
       [-1.55545617e-08],
       [-5.47434307e-09]]), 2.00637931165856), (2.039522093478351e-05, array([[-4.81067843e-08],
       [ 2.13845931e-08],
       [-1.87499901e-09]]), 2.0294437801835667), (1.9580850314822926e-05, array([[-1.19402002e-07],
       [-4.56706270e-09],
       [ 3.57476221e-09]]), 2.009440410980882), (1.9088187428735968e-05, array([[-1.96498623e-07],
       [ 1.54857781e-08],
       [ 1.24682929e-10]]), 2.0306666519613463), (1.8336092487194673e-05, array([[-2.91110442e-07],
       [ 4.31069432e-09],
       [ 1.04175274e-09]]), 2.033357704132262), (1.782477663680432e-05, array([[-3.38527499e-07],
       [-4.10464132e-09],
       [ 2.59958329e-09]]), 2.0728864105257454), (1.7039629846511576e-05, array([[-4.15418773e-07],
       [-8.91065013e-09],
       [-1.95106256e-09]]), 2.091840924153925), (1.6072424140531326e-05, array([[-4.69333320e-07],
       [ 6.27624072e-09],
       [ 7.76630755e-10]]), 2.0983090291388615), (1.5608909891510285e-05, array([[-5.47145970e-07],
       [-4.54159309e-09],
       [ 5.40534225e-10]]), 2.1852632479016223), (1.4585561329923849e-05, array([[-5.86449822e-07],
       [ 6.07115101e-09],
       [-1.27131523e-09]]), 2.210889595642818), (1.3833186094424109e-05, array([[-6.33636687e-07],
       [-1.14003602e-08],
       [-1.61400138e-10]]), 2.2963486974387632), (1.4147175706836811e-05, array([[-6.03612925e-07],
       [-5.86552552e-10],
       [ 5.96857700e-10]]), 2.240528734307267), (1.488470018188968e-05, array([[-5.63633098e-07],
       [ 9.03461463e-09],
       [ 8.89235937e-10]]), 2.1655399076748405), (1.5628077184696284e-05, array([[-5.14442776e-07],
       [ 5.37562111e-09],
       [-2.53678704e-11]]), 2.110481374374622), (1.6479107673035407e-05, array([[-4.38411354e-07],
       [-1.19421752e-08],
       [-6.61525992e-10]]), 2.0841924321839196), (1.7380056235445797e-05, array([[-3.88368779e-07],
       [-6.14712171e-09],
       [ 1.28264640e-10]]), 2.074833563159439), (1.8021788496678065e-05, array([[-3.22141053e-07],
       [ 6.41355726e-09],
       [-1.20973409e-09]]), 2.044964294880058), (1.8379370819545197e-05, array([[-2.24326298e-07],
       [ 1.23928740e-09],
       [ 2.84802327e-09]]), 1.9948434351101858), (1.936129029301485e-05, array([[-1.62448270e-07],
       [-3.86512063e-09],
       [-1.10071627e-09]]), 2.0216410345936886), (1.9838176248813628e-05, array([[-1.03603976e-07],
       [-1.24021934e-08],
       [-1.85108669e-10]]), 2.0034453364112856), (2.0423333740864626e-05, array([[-4.32096636e-08],
       [ 8.19708115e-09],
       [-9.60593413e-09]]), 2.004809047790354), (2.0802065785330384e-05, array([[ 6.16543322e-08],
       [ 1.76676945e-08],
       [-5.64862186e-09]]), 1.9941982460561054), (2.1302330999646905e-05, array([[ 1.06625896e-07],
       [-1.56811110e-08],
       [-8.72793753e-10]]), 2.003339404070685), (2.1590490351031553e-05, array([[ 1.37478251e-07],
       [-1.09487971e-09],
       [ 2.50183782e-09]]), 2.000469430430709), (2.2357504755343072e-05, array([[ 1.88031852e-07],
       [-6.09084775e-09],
       [-1.01737984e-09]]), 2.0495386928203563), (2.2466966237168714e-05, array([[ 2.20420653e-07],
       [-1.21957108e-08],
       [-1.07950148e-09]]), 2.0460837661659697), (2.234282912144423e-05, array([[ 2.53234340e-07],
       [-4.83465698e-09],
       [ 4.49404120e-09]]), 2.0296577645823146), (2.2598276662999533e-05, array([[ 2.49987898e-07],
       [-3.59449203e-09],
       [ 4.79298404e-10]]), 2.055967612894281), (2.2450227666730588e-05, array([[ 2.48689233e-07],
       [-2.76813046e-09],
       [-2.72975173e-09]]), 2.053874619432212), (2.2415744829448543e-05, array([[ 2.38621728e-07],
       [ 3.15086515e-08],
       [-6.52033464e-09]]), 2.0705902865984), (2.2299327523474577e-05, array([[ 2.15663179e-07],
       [-6.17036410e-09],
       [ 2.52945288e-09]]), 2.088482403677049), (2.2125773096094414e-05, array([[ 1.91652540e-07],
       [ 1.84747867e-08],
       [-1.98567966e-09]]), 2.11006876741133), (2.146470074079825e-05, array([[ 1.53738675e-07],
       [-2.96019234e-08],
       [ 1.72797240e-09]]), 2.093687598232782), (2.10361919146881e-05, array([[1.06921368e-07],
       [1.74527313e-09],
       [1.28533968e-09]]), 2.108443817070128), (2.07060681231477e-05, array([[ 5.40045339e-08],
       [ 1.61160457e-08],
       [-6.74182289e-10]]), 2.143050946483512), (1.99459253637161e-05, array([[ 2.93288040e-09],
       [-3.61265475e-10],
       [ 4.70270532e-10]]), 2.1429044536412385)]