[(1.9886150074115247e-05, Vec([[-7.18222801e-09],
     [ 5.74258762e-09],
     [ 1.78769606e-09]]), 2.13648245356014), (2.053878983731781e-05, Vec([[-8.45986771e-08],
     [-1.15994404e-09],
     [-8.76076643e-11]]), 2.125737862867549), (2.136995688785973e-05, Vec([[-1.53571241e-07],
     [ 1.78482521e-08],
     [-5.52181078e-10]]), 2.1418968629870045), (2.1739663428663632e-05, Vec([[-2.31098954e-07],
     [ 1.56808222e-08],
     [ 1.30465143e-09]]), 2.120507723820011), (2.1933417731094963e-05, Vec([[-3.00308530e-07],
     [ 6.90692377e-09],
     [-5.22616407e-10]]), 2.0917244118868226), (2.2231535674283516e-05, Vec([[-3.70797351e-07],
     [-1.65051370e-08],
     [-5.66128808e-09]]), 2.082133239828982), (2.2311296763844388e-05, Vec([[-4.13104412e-07],
     [ 1.78411474e-08],
     [ 1.66106054e-09]]), 2.06094219541341), (2.2645392573828545e-05, Vec([[-4.60790624e-07],
     [ 1.38148162e-08],
     [ 2.95252463e-09]]), 2.0717294160624653), (2.2518589084725953e-05, Vec([[-4.79905020e-07],
     [ 1.12101939e-08],
     [-2.23103799e-09]]), 2.048717720235487), (2.237058353433822e-05, Vec([[-5.01773149e-07],
     [-7.69564518e-10],
     [-7.58387948e-10]]), 2.0321790191345257), (2.2111976779626843e-05, Vec([[-4.90523991e-07],
     [ 5.58380541e-09],
     [ 1.44758461e-09]]), 2.0137546052739723), (2.172887178372931e-05, Vec([[-4.65415503e-07],
     [-1.75015895e-08],
     [-4.91541969e-09]]), 1.9919111707420196), (2.1639875389103145e-05, Vec([[-4.42985297e-07],
     [ 3.32977434e-09],
     [-2.03650981e-09]]), 2.0050452069590143), (2.1064892944580497e-05, Vec([[-4.13268605e-07],
     [ 8.26435963e-09],
     [ 6.09692794e-09]]), 1.9810099692427148), (2.0463310563563707e-05, Vec([[-3.39939645e-07],
     [ 1.49014389e-09],
     [-9.31648520e-10]]), 1.9617233430315297), (1.9965808755928147e-05, Vec([[-2.86977906e-07],
     [ 6.97984758e-09],
     [-1.92906114e-09]]), 1.9598971719414322), (1.9335250054089065e-05, Vec([[-2.12865686e-07],
     [-2.76170625e-08],
     [ 3.95024192e-09]]), 1.95265512632631), (1.8875846250061987e-05, Vec([[-1.34034787e-07],
     [-3.75884413e-10],
     [ 6.05799592e-10]]), 1.9709525948058384), (1.821592959802207e-05, Vec([[-6.36501930e-08],
     [ 4.21888911e-09],
     [ 5.53784564e-10]]), 1.9771040004481968), (1.7306317737876198e-05, Vec([[-6.61584888e-09],
     [ 1.72364414e-08],
     [ 3.01621119e-09]]), 1.963778559288373), (1.6696167065052785e-05, Vec([[ 7.62132275e-08],
     [ 6.27595615e-09],
     [-1.45580303e-09]]), 1.993190777601657), (1.6348596912034422e-05, Vec([[ 1.55818235e-07],
     [ 3.86877351e-09],
     [-2.47168850e-09]]), 2.067686105154945), (1.572708326734826e-05, Vec([[ 2.04270385e-07],
     [-1.64866158e-09],
     [-1.42619190e-09]]), 2.123851572826889), (1.470550996908369e-05, Vec([[2.73001566e-07],
     [7.51302269e-09],
     [1.70564689e-10]]), 2.1394699464291107), (1.388251962803355e-05, Vec([[ 3.22412073e-07],
     [ 3.35551848e-09],
     [-1.18108558e-10]]), 2.1986143931302347), (1.3717588164224426e-05, Vec([[ 3.66352338e-07],
     [-3.34281987e-09],
     [-5.11153644e-10]]), 2.2771591083861256), (1.421121708469831e-05, Vec([[ 3.01331616e-07],
     [ 1.06151930e-08],
     [-3.81774942e-11]]), 2.154146232926985), (1.5131162150492274e-05, Vec([[ 2.35791142e-07],
     [-6.57940078e-09],
     [-3.00422847e-10]]), 2.118378078631569), (1.5980842106644805e-05, Vec([[ 1.74032715e-07],
     [-3.33142702e-09],
     [-6.04615631e-10]]), 2.0863526865902355), (1.6572689741439704e-05, Vec([[ 1.32785789e-07],
     [-5.96493101e-09],
     [-8.20886348e-10]]), 2.0345178232581596), (1.7237314623034763e-05, Vec([[ 3.47328763e-08],
     [-2.49584480e-09],
     [-8.06751001e-10]]), 2.0045690313038027), (1.802073623158323e-05, Vec([[-2.66087799e-08],
     [ 2.99901070e-10],
     [-2.83394445e-09]]), 1.9983866724175354), (1.8542326834377382e-05, Vec([[-1.13536041e-07],
     [ 1.25842598e-08],
     [-6.77991251e-10]]), 1.972596135327845), (1.9127435911832392e-05, Vec([[-1.83255241e-07],
     [-1.24078712e-08],
     [-2.22331378e-09]]), 1.962909784902798), (1.9528632591232693e-05, Vec([[-2.48223974e-07],
     [ 1.03421570e-08],
     [-4.45766866e-11]]), 1.943213171090268), (2.0220300601381402e-05, Vec([[-3.17949779e-07],
     [ 1.36558245e-08],
     [ 1.78793122e-09]]), 1.9603904715253793), (2.053585660272903e-05, Vec([[-3.70652726e-07],
     [-1.85660281e-10],
     [-2.13401251e-09]]), 1.9488066861886455), (2.1292030304537338e-05, Vec([[-4.41780497e-07],
     [-8.63283500e-09],
     [ 3.87980157e-09]]), 1.9864826534160156), (2.1827707300226112e-05, Vec([[-4.58445180e-07],
     [ 1.58877879e-08],
     [-8.32465279e-09]]), 2.010640061291819), (2.182497501691692e-05, Vec([[-4.93419422e-07],
     [ 8.33094531e-09],
     [-8.52474909e-09]]), 1.9931436055956844), (2.2392277339617653e-05, Vec([[-4.92511812e-07],
     [ 7.20174005e-09],
     [ 6.24005739e-09]]), 2.035687123546533), (2.2197115843040067e-05, Vec([[-4.87213008e-07],
     [-2.04190243e-08],
     [ 3.38169261e-09]]), 2.0169285790898885), (2.2609529367600238e-05, Vec([[-4.82792248e-07],
     [-2.81841451e-08],
     [-3.73111943e-09]]), 2.0616655158147528), (2.24175247447515e-05, Vec([[-4.34863070e-07],
     [-1.34619740e-09],
     [ 3.50593336e-09]]), 2.0597333198604546), (2.234047991139414e-05, Vec([[-3.69096871e-07],
     [ 7.45945652e-09],
     [ 2.09970249e-09]]), 2.0768420370224248), (2.1949184952515003e-05, Vec([[-3.23875133e-07],
     [-1.16360298e-09],
     [ 2.34976086e-10]]), 2.0732444974667437), (2.1829693085414724e-05, Vec([[-2.71043868e-07],
     [-5.41789454e-09],
     [ 2.96760957e-09]]), 2.104233572277953), (2.1250161138713827e-05, Vec([[-1.85596225e-07],
     [-2.01531385e-08],
     [-6.98046811e-10]]), 2.099879484940048), (2.0857133752437298e-05, Vec([[-1.19066086e-07],
     [-3.14407854e-09],
     [-2.11033389e-09]]), 2.1229749863055125), (2.014054159805165e-05, Vec([[-4.23469755e-08],
     [-3.29595906e-10],
     [-1.08154320e-10]]), 2.122357391763047), (2.025289500035303e-05, Vec([[ 3.58748138e-08],
     [-2.81845472e-08],
     [-1.64428543e-10]]), 2.1341968982978226), (2.0673007649723662e-05, Vec([[ 1.16454865e-07],
     [ 1.40738024e-08],
     [-9.29687119e-10]]), 2.104233431735902), (2.155900184265583e-05, Vec([[ 1.95554105e-07],
     [ 9.95275303e-09],
     [-5.92508268e-11]]), 2.1303982303786766), (2.1594752550399567e-05, Vec([[ 2.69665384e-07],
     [-1.42926173e-08],
     [-3.81207075e-09]]), 2.0815869065949544), (2.205265644841625e-05, Vec([[ 3.29750086e-07],
     [-5.70446644e-09],
     [ 2.54416050e-10]]), 2.083018058990145), (2.2479625258572073e-05, Vec([[ 3.84016665e-07],
     [ 1.75507311e-09],
     [-4.38727794e-09]]), 2.0897774308645163), (2.2434035137670265e-05, Vec([[ 4.25725628e-07],
     [-1.32184994e-08],
     [ 4.56908136e-10]]), 2.0612503029710343), (2.2379724071503768e-05, Vec([[4.61236570e-07],
     [5.08586525e-09],
     [1.07196864e-09]]), 2.0407105615292984), (2.2351939492609122e-05, Vec([[ 4.95250884e-07],
     [-1.76936775e-08],
     [ 1.43693099e-09]]), 2.03099654385355), (2.220110930002194e-05, Vec([[ 5.05052158e-07],
     [-1.75106609e-08],
     [-2.76731930e-09]]), 2.01830799275352), (2.2037302849574634e-05, Vec([[ 4.99817597e-07],
     [ 9.90185330e-09],
     [-4.68747322e-10]]), 2.0125342285688457), (2.149590357426046e-05, Vec([[ 4.67452014e-07],
     [-9.72129332e-09],
     [ 9.19167817e-10]]), 1.9800762528837093), (2.115790172233418e-05, Vec([[4.17767441e-07],
     [4.98586255e-09],
     [3.68391038e-09]]), 1.9739688584390704), (2.0775401568097886e-05, Vec([[ 3.89355223e-07],
     [-7.35447150e-09],
     [ 1.95634845e-09]]), 1.9715389655955642), (2.0307247712003274e-05, Vec([[ 3.35436867e-07],
     [-7.20342027e-09],
     [ 6.58114688e-10]]), 1.968820132911232), (1.9634042507594855e-05, Vec([[ 2.33414458e-07],
     [-1.46152185e-08],
     [-3.75420360e-09]]), 1.9537020743394606), (1.9113412717066596e-05, Vec([[1.84073085e-07],
     [4.55561202e-09],
     [1.06918772e-09]]), 1.9614706863038927), (1.862145223170526e-05, Vec([[1.02161532e-07],
     [2.19118040e-08],
     [5.34196078e-09]]), 1.981013765670003), (1.7767466178216592e-05, Vec([[ 3.62313941e-08],
     [-5.00016648e-09],
     [ 4.41328518e-11]]), 1.9703006113007144), (1.7232060147307176e-05, Vec([[-4.04581076e-08],
     [-4.43934457e-09],
     [ 2.59053247e-09]]), 2.0039579756057653), (1.6540174691873503e-05, Vec([[-1.04536767e-07],
     [ 7.38472078e-09],
     [-9.16350562e-10]]), 2.0305261689824423), (1.575550860481877e-05, Vec([[-1.85981613e-07],
     [-9.01665150e-09],
     [-9.03234095e-10]]), 2.0569346400457387), (1.5153904626516903e-05, Vec([[-2.32589332e-07],
     [-5.80468116e-09],
     [ 2.34199671e-10]]), 2.1215620483878377), (1.4085764336118369e-05, Vec([[-2.98840438e-07],
     [-1.35767767e-08],
     [-2.42899141e-10]]), 2.135130017485817), (1.3445407435281942e-05, Vec([[-3.65523949e-07],
     [-3.88361091e-10],
     [-3.01780765e-11]]), 2.2319763241664483), (1.4061283067776179e-05, Vec([[-3.57714888e-07],
     [ 2.62574364e-09],
     [ 4.21788794e-10]]), 2.2269256710620833), (1.4662014077296882e-05, Vec([[-2.68766257e-07],
     [ 1.32675620e-09],
     [ 9.47748553e-11]]), 2.133141831765518), (1.5285059085139698e-05, Vec([[-2.05705702e-07],
     [ 9.38043912e-09],
     [ 7.73850974e-10]]), 2.0641587652889393), (1.6202841068248262e-05, Vec([[-1.44315240e-07],
     [-8.55126046e-09],
     [ 6.59616824e-10]]), 2.0492516587884837), (1.6739109258295777e-05, Vec([[-8.46787054e-08],
     [ 4.07735547e-09],
     [ 1.19285592e-09]]), 1.998317222683839), (1.738789398479081e-05, Vec([[ 1.52239897e-08],
     [-1.51126198e-08],
     [-2.14404107e-10]]), 1.97303516066739), (1.8285080363466097e-05, Vec([[ 7.27401854e-08],
     [ 1.91453220e-08],
     [-2.03987751e-09]]), 1.9846094233396137), (1.8962502825172584e-05, Vec([[ 1.32893065e-07],
     [-6.97383798e-09],
     [-1.51819677e-09]]), 1.9800009839116068), (1.9481362296245683e-05, Vec([[ 1.93736731e-07],
     [ 7.42662621e-09],
     [-1.62892978e-09]]), 1.9674109126682522), (1.9784411394532643e-05, Vec([[ 2.68900915e-07],
     [-2.33170043e-10],
     [-2.36344587e-09]]), 1.942090721927675), (2.0528371778112996e-05, Vec([[ 3.25347882e-07],
     [ 1.57490885e-08],
     [-1.41286468e-09]]), 1.9679604620407367), (2.0978368797015863e-05, Vec([[ 3.97949540e-07],
     [ 2.56366335e-09],
     [-5.16701813e-09]]), 1.9728729614090317), (2.1437983150107927e-05, Vec([[ 4.34078390e-07],
     [-6.61760905e-09],
     [ 2.32036122e-09]]), 1.9863388577383807), (2.1928592476773803e-05, Vec([[ 4.96007247e-07],
     [-1.44445579e-08],
     [ 3.28747930e-09]]), 2.0102198010042476), (2.2239921487602462e-05, Vec([[ 5.00150322e-07],
     [-1.76284594e-08],
     [ 3.65909199e-09]]), 2.0254066275003946), (2.207473998246645e-05, Vec([[ 4.96704597e-07],
     [-7.68354895e-10],
     [-2.42147246e-09]]), 2.005304125230341), (2.245620669246475e-05, Vec([[ 4.64347493e-07],
     [-3.67594640e-09],
     [-4.54610425e-10]]), 2.0430422353294238), (2.2449651215145666e-05, Vec([[ 4.62944439e-07],
     [ 1.52865191e-08],
     [-7.12061346e-10]]), 2.0538218823599133), (2.2331608559122884e-05, Vec([[ 4.05766170e-07],
     [ 1.47493673e-08],
     [-6.90828146e-10]]), 2.0628184393806324), (2.2160358604187433e-05, Vec([[ 3.48415097e-07],
     [ 1.52073805e-08],
     [-2.77291044e-09]]), 2.0754670272140734), (2.197186706778936e-05, Vec([[ 2.96797097e-07],
     [-2.68217790e-08],
     [ 3.03889341e-09]]), 2.0953912100653165), (2.157077862823559e-05, Vec([[ 2.23264775e-07],
     [-1.04616293e-08],
     [ 9.67644546e-10]]), 2.1040345376127543), (2.140720687596646e-05, Vec([[1.62021437e-07],
     [3.23707860e-10],
     [1.10810537e-09]]), 2.145630405038156), (2.0600178403048942e-05, Vec([[ 7.89501883e-08],
     [ 1.31200378e-08],
     [-9.43951063e-10]]), 2.1320914990630326), (2.0240783040200666e-05, Vec([[-4.93889911e-09],
     [-2.05762828e-08],
     [-1.97577196e-09]]), 2.1745826945153612)]