[(2.0023912071419043e-05, Vec([[ 3.29665088e-09],
     [-1.21061021e-08],
     [-2.09256537e-10]]), 2.151283010174166), (2.0653022432560516e-05, Vec([[-7.74826396e-08],
     [ 9.96077048e-09],
     [ 2.59030270e-10]]), 2.1375607869445967), (2.1358466136488503e-05, Vec([[-1.65384266e-07],
     [ 1.11185701e-08],
     [ 3.87579556e-11]]), 2.1407451524597185), (2.1683592265251462e-05, Vec([[-2.33589944e-07],
     [ 4.15943014e-09],
     [ 3.03755379e-09]]), 2.1150384884986253), (2.192861356296805e-05, Vec([[-2.96552234e-07],
     [-6.27711236e-09],
     [-2.33875494e-09]]), 2.091266252749333), (2.2386665583146248e-05, Vec([[-3.68336362e-07],
     [ 4.28627076e-09],
     [-1.67434938e-09]]), 2.0966622019513945), (2.2379950310097426e-05, Vec([[-4.00237521e-07],
     [ 4.64511179e-09],
     [ 1.71897909e-09]]), 2.0672838702983474), (2.272793410652701e-05, Vec([[-4.50894202e-07],
     [-4.56779902e-09],
     [ 1.45067893e-09]]), 2.07928078532139), (2.2475164835745467e-05, Vec([[-4.66939754e-07],
     [-9.75209337e-09],
     [ 1.10580052e-09]]), 2.044767027408352), (2.214310936101715e-05, Vec([[-4.95391826e-07],
     [-1.16891174e-08],
     [-1.58024547e-09]]), 2.0115149071899943), (2.1946312047784865e-05, Vec([[-4.81872227e-07],
     [ 3.51626503e-10],
     [ 6.17851729e-10]]), 1.9986673916791378), (2.1880658408518072e-05, Vec([[-4.78644635e-07],
     [-1.01771773e-08],
     [ 1.87359375e-09]]), 2.0058256287265515), (2.1324713505257963e-05, Vec([[-4.28482601e-07],
     [ 1.43477936e-08],
     [ 3.14816878e-09]]), 1.9758438454327758), (2.0933603273568054e-05, Vec([[-4.05701331e-07],
     [-1.45548678e-08],
     [-5.84225794e-10]]), 1.9686630682725317), (2.039296823366344e-05, Vec([[-3.53389702e-07],
     [ 2.01211631e-09],
     [ 1.19769461e-09]]), 1.9549799478150058), (2.0012139885896602e-05, Vec([[-2.85271867e-07],
     [ 3.97887760e-10],
     [ 1.55569038e-09]]), 1.9644451595390326), (1.9430135092390618e-05, Vec([[-2.01169487e-07],
     [-4.35381441e-09],
     [-1.83460258e-10]]), 1.9622375085521877), (1.8961805752579733e-05, Vec([[-1.55707246e-07],
     [ 5.14596210e-09],
     [ 9.79137728e-10]]), 1.979928197928004), (1.8042220896603405e-05, Vec([[-5.74581183e-08],
     [-1.34253280e-08],
     [-1.96950370e-09]]), 1.9582501633909433), (1.767732902512108e-05, Vec([[-5.99752916e-09],
     [-5.99052623e-09],
     [ 3.14310726e-10]]), 2.00587786788658), (1.6591095876461102e-05, Vec([[ 6.66079334e-08],
     [-4.94641030e-09],
     [-1.34858960e-09]]), 1.9806473642974776), (1.623676760691209e-05, Vec([[ 1.53974704e-07],
     [ 4.01672038e-10],
     [-1.42472803e-09]]), 2.0535425121851794), (1.5423476348537005e-05, Vec([[ 1.97831153e-07],
     [ 3.33765506e-09],
     [-1.00845275e-09]]), 2.082851215603809), (1.4782012395824574e-05, Vec([[ 2.70965445e-07],
     [-7.88788598e-10],
     [-8.27186345e-10]]), 2.1506001039812888), (1.4084700085698105e-05, Vec([[ 3.41595795e-07],
     [ 9.37569617e-09],
     [-2.47317459e-11]]), 2.2306342912568917), (1.3284836595497973e-05, Vec([[ 3.59623704e-07],
     [ 1.81567526e-08],
     [-1.23629725e-10]]), 2.2053211027107644), (1.4345115863934467e-05, Vec([[3.04852271e-07],
     [2.63050665e-09],
     [1.36584551e-10]]), 2.1744427036068723), (1.5033768967659518e-05, Vec([[ 2.34124396e-07],
     [ 5.56463888e-09],
     [-3.40988326e-10]]), 2.10474293405582), (1.592799570442329e-05, Vec([[ 1.81323645e-07],
     [-2.68958116e-09],
     [ 2.32632935e-10]]), 2.079453411037939), (1.6658548867992013e-05, Vec([[ 1.06985411e-07],
     [-3.84208084e-10],
     [ 2.80992287e-09]]), 2.0450581716255862), (1.727571712254246e-05, Vec([[ 2.29848582e-08],
     [ 1.10606695e-08],
     [-1.92428262e-09]]), 2.0090349509044647), (1.800526447461977e-05, Vec([[-3.34985812e-08],
     [-1.78252276e-08],
     [ 3.26275789e-09]]), 1.9966709515658827), (1.8327099566117943e-05, Vec([[-1.04790474e-07],
     [-3.83923703e-09],
     [ 4.13923645e-10]]), 1.949699522546831), (1.930187886222306e-05, Vec([[-1.89203668e-07],
     [ 9.83419132e-10],
     [ 3.27676310e-10]]), 1.9808115975559686), (1.957105237631322e-05, Vec([[-2.43186323e-07],
     [ 8.34178917e-09],
     [-5.94604738e-09]]), 1.9474341878305954), (2.0328895507351737e-05, Vec([[-3.10573220e-07],
     [-1.15550256e-08],
     [ 1.56096188e-09]]), 1.9709189212807647), (2.0741897789319602e-05, Vec([[-3.71631970e-07],
     [-5.28829790e-09],
     [-7.78884023e-10]]), 1.9683595322094245), (2.1224251746876467e-05, Vec([[-4.15359907e-07],
     [ 6.23938980e-09],
     [-2.56410696e-09]]), 1.9801591169969364), (2.1679512166731674e-05, Vec([[-4.60623683e-07],
     [ 2.43301397e-09],
     [ 4.07494018e-09]]), 1.9969891969021667), (2.186192355132544e-05, Vec([[-4.85596266e-07],
     [ 1.73022330e-08],
     [-3.66746387e-09]]), 1.996517892853076), (2.2220617422644296e-05, Vec([[-4.95949461e-07],
     [ 2.36356599e-08],
     [-1.62197908e-09]]), 2.0200814807031633), (2.256003685754301e-05, Vec([[-4.93053140e-07],
     [ 1.39872515e-08],
     [-5.49242609e-10]]), 2.0499051951187135), (2.2105294780082474e-05, Vec([[-4.54937312e-07],
     [ 1.53415744e-08],
     [-3.11308382e-09]]), 2.015686537479354), (2.241376507981787e-05, Vec([[-4.28520788e-07],
     [-1.43174508e-08],
     [ 2.39045247e-09]]), 2.0593878799769936), (2.246628258708762e-05, Vec([[-3.91184749e-07],
     [-1.39489277e-08],
     [ 4.32244138e-09]]), 2.0885370537045356), (2.1974287594702908e-05, Vec([[-3.36674034e-07],
     [ 2.00583434e-10],
     [ 3.15562381e-10]]), 2.07561560668563), (2.1713005542537607e-05, Vec([[-2.65730652e-07],
     [-1.07383750e-08],
     [-3.46111713e-09]]), 2.0929856887539877), (2.1347449795672944e-05, Vec([[-1.98603954e-07],
     [ 3.92726715e-09],
     [ 1.88647769e-09]]), 2.1094932687383094), (2.0800645608373468e-05, Vec([[-1.07729234e-07],
     [-2.42592893e-08],
     [ 8.74691812e-11]]), 2.117225254904556), (2.0407093420074813e-05, Vec([[-3.96716619e-08],
     [-2.98246199e-08],
     [ 3.59029354e-09]]), 2.1504459228983515), (2.0145667275924996e-05, Vec([[3.68536481e-08],
     [8.00504186e-09],
     [9.91295910e-10]]), 2.1228975222391475), (2.077814432543755e-05, Vec([[ 1.20955840e-07],
     [-1.77313603e-08],
     [ 2.34399820e-10]]), 2.114934927700457), (2.1520208580300347e-05, Vec([[ 2.05459483e-07],
     [-1.41955317e-08],
     [-3.46901458e-09]]), 2.126564792352375), (2.1771613315004373e-05, Vec([[ 2.65879152e-07],
     [-2.53427152e-08],
     [-7.84220365e-10]]), 2.0986350784150534), (2.2026471734069425e-05, Vec([[3.35971386e-07],
     [2.84853691e-08],
     [2.43124988e-09]]), 2.0805447409578472), (2.23026543599962e-05, Vec([[ 3.89607639e-07],
     [-8.43376631e-09],
     [ 2.89564000e-09]]), 2.0733256535101474), (2.2510865467363242e-05, Vec([[4.44661865e-07],
     [3.97903489e-09],
     [3.78588842e-09]]), 2.068309511864359), (2.251163649056069e-05, Vec([[ 4.70722919e-07],
     [-2.17596406e-08],
     [-1.38322231e-09]]), 2.0527390863630384), (2.2360507427909125e-05, Vec([[ 4.91853941e-07],
     [-2.18102153e-08],
     [-4.65238499e-09]]), 2.031775064526802), (2.2056727292764872e-05, Vec([[ 4.90129365e-07],
     [-4.98306959e-09],
     [ 1.04972742e-09]]), 2.005182191005566), (2.189107244295151e-05, Vec([[ 4.86301566e-07],
     [-1.38455718e-08],
     [-5.51857180e-09]]), 1.9991798856805434), (2.1563417355043585e-05, Vec([[ 4.48884928e-07],
     [ 3.11715026e-09],
     [-1.44072157e-09]]), 1.9862952254246509), (2.1066786177523447e-05, Vec([[ 4.18184143e-07],
     [-1.39656697e-08],
     [-4.39972051e-09]]), 1.9654680510179716), (2.0654303590169394e-05, Vec([[ 3.87075036e-07],
     [ 9.36004042e-09],
     [-5.25257660e-09]]), 1.9600470393693354), (2.0303288310409135e-05, Vec([[ 3.05093158e-07],
     [-8.29901315e-10],
     [ 3.64380907e-09]]), 1.9684362625963885), (1.965350986979696e-05, Vec([[ 2.56106227e-07],
     [-1.14298436e-08],
     [-1.59440947e-09]]), 1.9556391907484458), (1.9091997794852514e-05, Vec([[1.79254398e-07],
     [7.43628240e-09],
     [2.17110050e-09]]), 1.9592730284186062), (1.8563186859479724e-05, Vec([[ 9.35363315e-08],
     [ 2.97266669e-09],
     [-3.96048261e-12]]), 1.974815296130439), (1.7933912803734192e-05, Vec([[3.73026872e-08],
     [5.62662526e-09],
     [1.51417186e-09]]), 1.9887584985828273), (1.7517471282060593e-05, Vec([[-3.96461551e-08],
     [ 2.97560765e-09],
     [-2.32881718e-09]]), 2.0371491271527367), (1.652487527863725e-05, Vec([[-1.16870389e-07],
     [-1.53601315e-08],
     [ 8.67516972e-10]]), 2.028647962764853), (1.5800485943406043e-05, Vec([[-1.89314847e-07],
     [ 7.50626064e-09],
     [-7.69735579e-10]]), 2.0628065828739715), (1.5111255875601248e-05, Vec([[-2.29415682e-07],
     [-6.71619896e-09],
     [-4.34435934e-10]]), 2.1155911799163896), (1.4346290352552846e-05, Vec([[-2.85483060e-07],
     [-4.19038265e-09],
     [-8.18922273e-10]]), 2.1746207334137355), (1.3307836344468808e-05, Vec([[-3.53727274e-07],
     [ 2.94943491e-09],
     [ 6.43407237e-10]]), 2.2091391272229823), (1.3790898204759807e-05, Vec([[-3.35043384e-07],
     [-4.16238362e-09],
     [ 1.18953840e-10]]), 2.184104045921939), (1.4753754689837658e-05, Vec([[-2.72282081e-07],
     [-4.04112417e-09],
     [-7.14064724e-10]]), 2.146488957013852), (1.5411857718577422e-05, Vec([[-2.01918689e-07],
     [-1.74216771e-09],
     [ 1.51553293e-09]]), 2.081282186872019), (1.619388988231429e-05, Vec([[-1.34697601e-07],
     [ 5.66673908e-09],
     [-3.51129831e-09]]), 2.048119559019927), (1.6959352899323324e-05, Vec([[-8.17460501e-08],
     [-2.79507029e-09],
     [ 6.31592750e-10]]), 2.02460993959372), (1.7576491665140756e-05, Vec([[-1.64224260e-09],
     [ 9.32833133e-09],
     [ 5.15831279e-10]]), 1.9944356738564073), (1.8253173542982657e-05, Vec([[ 6.18507949e-08],
     [-1.25638871e-08],
     [ 4.75639441e-10]]), 1.9811463498752626), (1.8810584517366866e-05, Vec([[ 1.38457766e-07],
     [-1.29538665e-08],
     [-2.95296582e-10]]), 1.9641381834309553), (1.95273757279551e-05, Vec([[ 2.03250378e-07],
     [ 1.38089550e-08],
     [-6.69926177e-09]]), 1.972057781110911), (2.000624981662855e-05, Vec([[ 2.67021864e-07],
     [ 7.11138023e-09],
     [-1.60654439e-09]]), 1.9638669745908497), (2.0727083534270965e-05, Vec([[ 3.23931367e-07],
     [-7.66084194e-09],
     [ 1.18995008e-09]]), 1.9870100429665118), (2.112932838500042e-05, Vec([[ 3.95972456e-07],
     [-3.71985097e-09],
     [-4.99404374e-09]]), 1.987069684342158), (2.146908836906967e-05, Vec([[ 4.31176938e-07],
     [-4.12795502e-10],
     [ 2.33370324e-09]]), 1.9892209154706566), (2.1793253159022828e-05, Vec([[ 4.83725455e-07],
     [ 7.26421958e-09],
     [-3.06444180e-10]]), 1.9978130869533768), (2.2291351930079544e-05, Vec([[ 5.12925048e-07],
     [-6.03479643e-09],
     [-2.39169860e-09]]), 2.030090437158015), (2.2455274817224754e-05, Vec([[5.00309371e-07],
     [2.74295425e-08],
     [1.21610991e-09]]), 2.0398725085744154), (2.225404528080274e-05, Vec([[4.84939542e-07],
     [3.80673971e-10],
     [2.96560553e-09]]), 2.024649801200382), (2.2521700208728093e-05, Vec([[ 4.53744237e-07],
     [ 1.86793420e-08],
     [-3.46125083e-09]]), 2.060413334414267), (2.23243155654427e-05, Vec([[ 4.09224128e-07],
     [ 7.59877877e-10],
     [-1.25733400e-09]]), 2.062144769958121), (2.2235415196188062e-05, Vec([[ 3.55726337e-07],
     [-1.84837738e-08],
     [ 2.06244695e-09]]), 2.082496583217871), (2.1934170942475734e-05, Vec([[2.99483955e-07],
     [4.53346719e-09],
     [1.60448947e-09]]), 2.0917962434021744), (2.1583899034528328e-05, Vec([[ 2.33393097e-07],
     [-9.61669929e-09],
     [ 9.66397162e-10]]), 2.1053143146881768), (2.109829283577447e-05, Vec([[ 1.61485766e-07],
     [-1.27205684e-08],
     [-1.61383789e-10]]), 2.114668151951171), (2.066619845820146e-05, Vec([[7.75018019e-08],
     [4.83704463e-09],
     [9.53721595e-10]]), 2.1389244883510052), (1.9922154536916436e-05, Vec([[-3.37940831e-09],
     [-9.45699969e-09],
     [-4.02409705e-10]]), 2.1403506182243865)]