[(2.0094158266075187e-05, array([[-1.40906295e-09],
       [-2.58762325e-08],
       [ 1.10665956e-10]]), 2.158829959269536), (2.0743436387301926e-05, array([[-5.51598040e-08],
       [-1.16807111e-08],
       [-3.11851880e-10]]), 2.146918512908383), (2.107190183791022e-05, array([[-1.09840543e-07],
       [ 6.85966198e-11],
       [ 8.67252923e-10]]), 2.1120229994207675), (2.1761216644594954e-05, array([[-1.48263105e-07],
       [ 1.17417575e-08],
       [ 2.24748879e-09]]), 2.122610045275239), (2.198182958776779e-05, array([[-1.86229523e-07],
       [ 1.48958192e-08],
       [ 1.69292371e-09]]), 2.096341305782194), (2.2410845980591075e-05, array([[-2.20199181e-07],
       [ 7.84409968e-09],
       [-1.24189901e-11]]), 2.098926859238673), (2.2419841172122083e-05, array([[-2.36081995e-07],
       [ 3.37943553e-09],
       [ 1.01118036e-09]]), 2.0709686745312985), (2.2722349418009484e-05, array([[-2.57632002e-07],
       [-8.59937980e-09],
       [-3.15104800e-09]]), 2.0787698662263208), (2.238436696107035e-05, array([[-2.53831775e-07],
       [ 1.10806037e-08],
       [ 1.22999699e-09]]), 2.036506331584704), (2.2257433033502445e-05, array([[-2.34660302e-07],
       [ 6.65120775e-10],
       [ 5.40052189e-10]]), 2.0219002495418565), (2.2368757218199713e-05, array([[-2.16080754e-07],
       [ 3.11686593e-09],
       [-1.09285722e-09]]), 2.037139795837161), (2.1771993629563125e-05, array([[-1.91891675e-07],
       [ 5.08993069e-09],
       [ 5.36870572e-09]]), 1.9958642009441547), (2.1863495838106502e-05, array([[-1.40800568e-07],
       [-1.51553606e-08],
       [ 1.67349206e-11]]), 2.025764786041156), (2.1472334845928973e-05, array([[-1.13811986e-07],
       [ 6.63777239e-09],
       [ 1.08234826e-09]]), 2.0193271100220227), (2.0864915698070645e-05, array([[-4.24206430e-08],
       [-2.68314502e-09],
       [ 4.84109270e-10]]), 2.0002233777446996), (2.0332198639438477e-05, array([[ 3.97185530e-08],
       [ 4.15846631e-09],
       [-9.67761770e-10]]), 1.9958629825578764), (1.985583638594451e-05, array([[8.47704316e-08],
       [3.18697254e-09],
       [1.59592287e-09]]), 2.0052288229037685), (1.9386674962731503e-05, array([[ 1.52436334e-07],
       [ 1.64501987e-08],
       [-2.46012318e-09]]), 2.0242916167177167), (1.8682625794452054e-05, array([[ 2.45408218e-07],
       [-6.61042452e-09],
       [ 9.95490909e-10]]), 2.027757847784974), (1.806151373504416e-05, array([[ 3.07960178e-07],
       [ 5.51597903e-09],
       [-8.13918392e-10]]), 2.0494719881136794), (1.7327304536923262e-05, array([[ 3.60594167e-07],
       [-1.17312058e-08],
       [ 3.05470683e-09]]), 2.0685360579543057), (1.6757465922177107e-05, array([[ 4.38784997e-07],
       [-4.21444635e-09],
       [-7.81674926e-10]]), 2.119397745955028), (1.569134844088258e-05, array([[ 5.00484377e-07],
       [-5.53223909e-09],
       [-2.79990742e-10]]), 2.119025791332402), (1.4880055900813024e-05, array([[5.47515602e-07],
       [3.74018640e-09],
       [2.72530876e-10]]), 2.164864222179594), (1.4227538138892347e-05, array([[ 6.13184405e-07],
       [-3.94754541e-09],
       [-6.01640940e-10]]), 2.253255962830501), (1.370231079740418e-05, array([[6.22695585e-07],
       [8.90319632e-09],
       [7.35285334e-10]]), 2.2746230215324896), (1.4477446611169815e-05, array([[ 5.87301618e-07],
       [ 7.87241858e-09],
       [-1.52364147e-10]]), 2.194501490898523), (1.5491991662259007e-05, array([[ 5.36500784e-07],
       [ 3.28256367e-09],
       [-1.21061972e-09]]), 2.1688945769842816), (1.6214980599080103e-05, array([[4.65499405e-07],
       [6.63444734e-09],
       [6.55398068e-10]]), 2.1169202542732597), (1.690330561171042e-05, array([[ 4.05320023e-07],
       [-6.13249969e-09],
       [ 4.23134228e-10]]), 2.0751053133525317), (1.7734450900608304e-05, array([[3.33201160e-07],
       [9.19021865e-09],
       [5.74777937e-10]]), 2.062382212077904), (1.8370886371603016e-05, array([[2.43301546e-07],
       [1.95374693e-09],
       [2.10569977e-09]]), 2.0372161277832), (1.905147048916296e-05, array([[ 1.67596015e-07],
       [ 7.75211359e-09],
       [-9.85180566e-11]]), 2.026760578373617), (1.9687867682026224e-05, array([[ 1.31555072e-07],
       [-9.98440055e-09],
       [-3.29350765e-09]]), 2.020422825885116), (2.0127871533470164e-05, array([[5.52979250e-08],
       [1.66010428e-08],
       [9.54301776e-10]]), 2.0028409509538116), (2.073993381339043e-05, array([[-2.67513528e-08],
       [ 3.34494224e-09],
       [ 2.90605354e-09]]), 2.010769742219359), (2.1343796092594518e-05, array([[-8.62814360e-08],
       [-1.70489518e-08],
       [ 5.48085963e-10]]), 2.0254783298578203), (2.1557992740605217e-05, array([[-1.21010200e-07],
       [-1.00028146e-08],
       [ 3.64682256e-09]]), 2.011296152089109), (2.1781990138465518e-05, array([[-1.79279350e-07],
       [ 4.39562202e-09],
       [-7.34723706e-09]]), 2.0064288651428104), (2.2337123715806855e-05, array([[-1.98918397e-07],
       [ 2.34214575e-09],
       [ 7.18967070e-09]]), 2.039915063685116), (2.2281804824004823e-05, array([[-2.36722850e-07],
       [-2.09888027e-09],
       [-1.91255713e-09]]), 2.0256440415442856), (2.2339630200197732e-05, array([[-2.42387425e-07],
       [-1.38423646e-08],
       [-2.63163863e-09]]), 2.029878066848319), (2.261563634886428e-05, array([[-2.52109666e-07],
       [ 1.77599521e-08],
       [-3.44544975e-09]]), 2.0622223851096906), (2.240846600140608e-05, array([[-2.44507359e-07],
       [ 2.45396469e-08],
       [ 4.40780382e-10]]), 2.0589009980177426), (2.2139393645547466e-05, array([[-2.23323474e-07],
       [ 2.52427791e-08],
       [-3.48467335e-09]]), 2.0581484184594125), (2.2072976653757706e-05, array([[-1.95902938e-07],
       [-9.24786925e-09],
       [-1.17174971e-09]]), 2.0849374356778307), (2.180625336507905e-05, array([[-1.66338685e-07],
       [-1.98201750e-08],
       [ 1.20252953e-09]]), 2.10197414305638), (2.122489904007554e-05, array([[-1.27588081e-07],
       [-1.92624584e-09],
       [ 1.02121543e-09]]), 2.0973831573907744), (2.077692498158657e-05, array([[-8.18680722e-08],
       [-1.58765217e-08],
       [-1.97847780e-09]]), 2.1148108149375986), (2.0085482745669226e-05, array([[-3.50004057e-08],
       [-1.53040683e-09],
       [ 1.08096017e-10]]), 2.1165554344637885), (2.0250826407963956e-05, array([[2.04824712e-08],
       [3.41425871e-08],
       [1.51902022e-10]]), 2.1339789154632443), (2.0909290787689344e-05, array([[ 8.08517908e-08],
       [-8.12339757e-10],
       [ 1.17680029e-09]]), 2.1282838692284605), (2.1320670157518325e-05, array([[1.31128866e-07],
       [1.66669082e-08],
       [2.28895509e-09]]), 2.106846982321565), (2.175727281917595e-05, array([[ 1.62772766e-07],
       [-1.88392936e-08],
       [-4.04756009e-09]]), 2.0972527523948385), (2.1878710466783965e-05, array([[ 1.95517147e-07],
       [-1.97092673e-09],
       [-4.39064869e-09]]), 2.0665877200023517), (2.204665812913432e-05, array([[2.18143087e-07],
       [3.96398010e-08],
       [8.38846901e-09]]), 2.049527430030531), (2.2305794798323717e-05, array([[ 2.40992924e-07],
       [-7.37511944e-09],
       [-3.78249855e-09]]), 2.0494675168289493), (2.238374869113668e-05, array([[ 2.42162612e-07],
       [ 5.56883423e-09],
       [-2.38793928e-09]]), 2.041077549243927), (2.236661666288377e-05, array([[ 2.53546376e-07],
       [-1.64361689e-08],
       [-1.95938647e-09]]), 2.032330176763178), (2.224910338257989e-05, array([[ 2.18032979e-07],
       [ 1.25357544e-08],
       [-1.58092133e-09]]), 2.022671145924045), (2.2213186685766884e-05, array([[2.05153885e-07],
       [1.63650925e-08],
       [4.32850629e-09]]), 2.0285966406981846), (2.19104497819384e-05, array([[1.77151816e-07],
       [2.09833430e-08],
       [9.85914939e-09]]), 2.0182618122257665), (2.1594013174022613e-05, array([[ 1.40641469e-07],
       [ 6.29892586e-10],
       [-3.09876110e-09]]), 2.0146567506383657), (2.119674836852103e-05, array([[ 8.14497813e-08],
       [ 9.93202218e-09],
       [-3.74647052e-09]]), 2.0115238309826595), (2.0705579430272893e-05, array([[ 1.44364118e-08],
       [-1.04486994e-08],
       [-5.78041722e-09]]), 2.007439029850319), (2.035672700336252e-05, array([[-7.30637827e-08],
       [-1.48529357e-08],
       [ 4.47157440e-09]]), 2.0256134088457447), (1.961773627953515e-05, array([[-1.19875221e-07],
       [-1.56085806e-08],
       [-7.21970582e-10]]), 2.013225749559087), (1.8983471119820206e-05, array([[-1.81027224e-07],
       [-7.79145058e-09],
       [-9.23095691e-10]]), 2.019526572934691), (1.8516181532542508e-05, array([[-2.76444067e-07],
       [ 6.81678224e-09],
       [ 7.25871337e-10]]), 2.0533284502464397), (1.763872127665272e-05, array([[-3.58309683e-07],
       [ 1.14845504e-08],
       [-2.71035681e-09]]), 2.0512495824452524), (1.702609792495207e-05, array([[-3.88837548e-07],
       [ 1.48828909e-08],
       [-6.15547656e-10]]), 2.0901797010196432), (1.6100091144486047e-05, array([[-4.81155738e-07],
       [ 2.79501603e-09],
       [ 2.45351421e-10]]), 2.1019210495596647), (1.5703108658427445e-05, array([[-5.38004749e-07],
       [ 3.18507193e-09],
       [ 3.18024160e-11]]), 2.1984511710027532), (1.45531628458933e-05, array([[-5.96259255e-07],
       [ 3.75501925e-09],
       [-4.52770548e-10]]), 2.2059786107559503), (1.375343518013846e-05, array([[-6.37012118e-07],
       [-5.79916749e-09],
       [-2.67316411e-10]]), 2.283109816179642), (1.4229732681161871e-05, array([[-6.19950966e-07],
       [ 1.03185465e-08],
       [-6.74673308e-10]]), 2.2536035187749097), (1.494320471527482e-05, array([[-5.57561989e-07],
       [-1.18218432e-09],
       [-1.80691978e-10]]), 2.174051594190338), (1.5879523485118424e-05, array([[-4.73385121e-07],
       [-2.83306922e-09],
       [-4.15166662e-10]]), 2.144437741970246), (1.6569375151685186e-05, array([[-4.42804594e-07],
       [ 8.81498370e-09],
       [-4.94496975e-10]]), 2.095608996697424), (1.724556960914806e-05, array([[-3.76385330e-07],
       [-4.32774081e-09],
       [ 3.75070080e-10]]), 2.058778530755715), (1.797808717607791e-05, array([[-3.17537052e-07],
       [-1.65049862e-10],
       [ 1.23781607e-09]]), 2.0400054285454043), (1.8608867432876642e-05, array([[-2.47705189e-07],
       [-1.55024614e-09],
       [-6.41343509e-10]]), 2.0197523298149713), (1.914730842279748e-05, array([[-1.80026217e-07],
       [-7.98065616e-09],
       [ 1.52321791e-09]]), 1.9992977649590915), (1.994902275534272e-05, array([[-7.92532064e-08],
       [-2.06409620e-08],
       [ 9.38083665e-10]]), 2.0146396575917156), (2.0407437002250226e-05, array([[-1.76059429e-08],
       [-1.84239781e-08],
       [-3.58586862e-09]]), 2.0032485814233607), (2.1101268887292e-05, array([[ 1.95021374e-08],
       [-1.49305178e-09],
       [ 7.43139225e-10]]), 2.022881469506306), (2.1386167455187193e-05, array([[ 1.04186663e-07],
       [-1.48265036e-09],
       [ 4.39029247e-09]]), 2.011223652742075), (2.1620529614894542e-05, array([[ 1.21182518e-07],
       [-5.04220176e-09],
       [ 5.33099741e-09]]), 2.003252721967563), (2.2213710752403566e-05, array([[ 2.06749448e-07],
       [-2.65028707e-08],
       [ 1.60917586e-09]]), 2.036356927858432), (2.231664320709186e-05, array([[2.33040563e-07],
       [8.99175403e-10],
       [2.60965481e-09]]), 2.0323937330625106), (2.2397018081428e-05, array([[2.47872267e-07],
       [8.62836506e-09],
       [5.55178962e-09]]), 2.0345803749996376), (2.233796813452595e-05, array([[ 2.46286477e-07],
       [ 6.25967243e-10],
       [-1.54024637e-09]]), 2.0322850147969613), (2.255534618138988e-05, array([[2.51189533e-07],
       [6.97978813e-09],
       [7.36668048e-09]]), 2.0634914595149114), (2.231849382618964e-05, array([[ 2.38059896e-07],
       [ 2.63666876e-09],
       [-2.40145484e-09]]), 2.0616070034533625), (2.222890337005297e-05, array([[ 2.06966290e-07],
       [ 7.29900802e-11],
       [-1.48173362e-09]]), 2.0818867067861877), (2.203825898079904e-05, array([[ 1.83274703e-07],
       [ 3.30497479e-09],
       [-1.58755344e-09]]), 2.101722808127087), (2.171391356262976e-05, array([[ 1.50994209e-07],
       [-2.46497655e-08],
       [-3.14386078e-11]]), 2.1179960570689906), (2.124731747302192e-05, array([[ 1.07004589e-07],
       [-1.39969332e-08],
       [-7.11774168e-10]]), 2.1296047942992624), (2.0599398409976373e-05, array([[ 5.82634370e-08],
       [ 1.11337750e-08],
       [-1.81370234e-09]]), 2.132010770801033), (1.9983413646688525e-05, array([[ 2.11245388e-09],
       [ 2.58329493e-08],
       [-1.19756100e-09]]), 2.1469320335642594)]