[(2.0036075951657577e-05, array([[-9.86573014e-10],
       [ 8.61441250e-10],
       [-1.97680180e-09]]), 2.152589845162336), (2.0631871607609587e-05, array([[-5.65747280e-08],
       [ 1.18512225e-08],
       [ 2.21716278e-09]]), 2.1353717042486258), (2.124311992209637e-05, array([[-1.05231551e-07],
       [-1.09182763e-08],
       [-5.25463436e-10]]), 2.1291840765033934), (2.1598484845793023e-05, array([[-1.59467284e-07],
       [ 1.29575045e-08],
       [-2.56359590e-09]]), 2.106737028776941), (2.200820061299135e-05, array([[-1.75592555e-07],
       [ 1.06370728e-08],
       [-2.46818551e-09]]), 2.098856231540819), (2.2382714251056327e-05, array([[-2.12664690e-07],
       [-2.08398999e-09],
       [ 5.09911351e-09]]), 2.0962921330543756), (2.2426086934524776e-05, array([[-2.30374402e-07],
       [ 9.78863550e-09],
       [ 1.22641299e-09]]), 2.071545608961175), (2.2560079569273405e-05, array([[-2.52429685e-07],
       [ 8.03173704e-10],
       [ 2.69053550e-09]]), 2.06392449678216), (2.2580158461729985e-05, array([[-2.54324519e-07],
       [-1.42408328e-08],
       [ 5.34123377e-10]]), 2.054319237862432), (2.270611561982262e-05, array([[-2.43257468e-07],
       [ 1.62344668e-08],
       [ 8.97932538e-10]]), 2.062659281901084), (2.2232101618749155e-05, array([[-2.33147454e-07],
       [-9.70119500e-09],
       [ 1.85699272e-09]]), 2.0246944660743518), (2.2106017859989832e-05, array([[-2.06705352e-07],
       [ 9.98683157e-09],
       [-4.74644630e-09]]), 2.0264845940555762), (2.1538882842063702e-05, array([[-1.38735699e-07],
       [ 4.47914214e-09],
       [ 5.43390360e-09]]), 1.9956877305993317), (2.124521682716179e-05, array([[-1.04442999e-07],
       [ 7.29780845e-09],
       [-6.95363534e-09]]), 1.9979682044459945), (2.105407909527406e-05, array([[-5.07975782e-08],
       [-4.69155931e-09],
       [-6.43360861e-10]]), 2.018357601471032), (2.0395280299318248e-05, array([[ 2.45050153e-08],
       [ 1.17101888e-08],
       [-4.15001321e-09]]), 2.0020552469590376), (1.9955312003706286e-05, array([[1.23527179e-07],
       [1.82314747e-08],
       [5.83730752e-09]]), 2.015274804953322), (1.9435932449486747e-05, array([[1.73033511e-07],
       [7.10887379e-09],
       [3.76052434e-09]]), 2.0294349183767637), (1.8822397607768698e-05, array([[2.65851015e-07],
       [8.07619163e-09],
       [2.82232014e-10]]), 2.042928273744912), (1.799822766096844e-05, array([[ 3.15837596e-07],
       [ 9.90558515e-09],
       [-2.03010258e-09]]), 2.042290805076722), (1.7250498873843693e-05, array([[3.70442561e-07],
       [8.55302386e-09],
       [5.38413191e-10]]), 2.059366987069874), (1.6457778155580142e-05, array([[ 4.55149377e-07],
       [-4.64065042e-09],
       [ 7.42977826e-10]]), 2.0814947849724055), (1.5848313517498795e-05, array([[4.90708481e-07],
       [5.13938660e-11],
       [5.85382832e-10]]), 2.140223016474738), (1.4964953457146319e-05, array([[ 5.51292792e-07],
       [ 5.64200905e-09],
       [-2.02589587e-10]]), 2.1772157673271084), (1.404910789515662e-05, array([[6.12593408e-07],
       [5.36908396e-09],
       [5.82520347e-10]]), 2.22499745410454), (1.3713758291476318e-05, array([[6.27540878e-07],
       [9.37838672e-09],
       [1.99794158e-10]]), 2.2765233384892674), (1.4502519481713831e-05, array([[ 5.69461533e-07],
       [ 3.96637550e-09],
       [-2.87149204e-11]]), 2.1983020541654947), (1.5456358159622625e-05, array([[ 5.07482388e-07],
       [ 2.96833185e-09],
       [-1.00539480e-09]]), 2.1639058504014184), (1.6239632887280067e-05, array([[ 4.72635049e-07],
       [-5.85749019e-09],
       [ 2.27962600e-09]]), 2.1201386934126596), (1.6916790431972698e-05, array([[ 4.08874794e-07],
       [-4.46484860e-09],
       [ 3.16137477e-09]]), 2.0767607541768673), (1.7705755551336354e-05, array([[ 3.32962004e-07],
       [ 5.96134138e-09],
       [-6.60246983e-10]]), 2.0590451604691724), (1.848635256648693e-05, array([[ 2.49648175e-07],
       [ 9.55787199e-09],
       [-6.29033697e-10]]), 2.0500206049147374), (1.9092854837525323e-05, array([[ 1.97631840e-07],
       [-5.88970875e-09],
       [ 3.50542606e-09]]), 2.0311631868688633), (1.9510710434205755e-05, array([[ 1.10418718e-07],
       [-4.26416314e-09],
       [-6.74038181e-11]]), 2.0022424646063657), (2.0171587090652345e-05, array([[ 6.26961274e-08],
       [-6.76080578e-11],
       [-5.26991495e-09]]), 2.007190904597576), (2.0790078258900227e-05, array([[-1.83893231e-08],
       [ 2.06645135e-08],
       [ 2.60784500e-09]]), 2.0156313263824854), (2.110226049222489e-05, array([[-7.78663377e-08],
       [ 1.60937666e-08],
       [ 1.83009440e-09]]), 2.002557143658538), (2.1643009726892156e-05, array([[-1.16309064e-07],
       [ 2.46618667e-08],
       [ 2.32251160e-09]]), 2.0192279822663712), (2.2051865653248545e-05, array([[-1.57700515e-07],
       [-1.88860439e-10],
       [-1.74467287e-09]]), 2.0312882108414256), (2.2087960661262155e-05, array([[-2.13787681e-07],
       [ 1.11667254e-08],
       [-1.55942175e-11]]), 2.017160501605136), (2.2217891739101917e-05, array([[-2.42105693e-07],
       [-3.83448850e-09],
       [ 1.12846939e-09]]), 2.019833688180504), (2.2356390608170084e-05, array([[-2.46488419e-07],
       [-8.67177840e-09],
       [-1.66309284e-10]]), 2.031400991992093), (2.2440084468958326e-05, array([[-2.51581843e-07],
       [ 7.21083321e-09],
       [ 2.55798876e-09]]), 2.046214565966086), (2.2410722895349837e-05, array([[-2.50058792e-07],
       [-1.66316359e-08],
       [-2.46822920e-09]]), 2.0591083625554547), (2.250996813842347e-05, array([[-2.29701354e-07],
       [-9.54590432e-09],
       [ 2.12346439e-09]]), 2.09259820144105), (2.194972760502656e-05, array([[-1.88871648e-07],
       [ 3.46904075e-09],
       [ 1.88973700e-09]]), 2.0732957545560637), (2.1638703958392414e-05, array([[-1.74347963e-07],
       [ 1.76757812e-08],
       [-1.00945218e-10]]), 2.0858235226520634), (2.1331996789351986e-05, array([[-1.23424936e-07],
       [ 1.78162838e-09],
       [ 7.48225352e-10]]), 2.1079662473316385), (2.0813319720754942e-05, array([[-7.94949297e-08],
       [-3.83039106e-09],
       [ 1.45678488e-09]]), 2.118515308652059), (2.002598048462402e-05, array([[-2.50809649e-08],
       [ 1.84673958e-08],
       [-1.29925085e-09]]), 2.110285242426444), (2.0195242221635015e-05, array([[ 2.44019651e-08],
       [-4.39075747e-09],
       [ 1.36792322e-09]]), 2.128121599852041), (2.088687213103064e-05, array([[7.49817901e-08],
       [2.23812546e-08],
       [2.04200928e-09]]), 2.1260019522652804), (2.1326551877175732e-05, array([[1.25131709e-07],
       [2.84040333e-09],
       [3.25423117e-09]]), 2.1074281968527933), (2.1636798807203568e-05, array([[ 1.73589522e-07],
       [ 1.26139251e-08],
       [-7.97480615e-11]]), 2.0856398790673305), (2.197692820020138e-05, array([[ 2.02990600e-07],
       [-2.77610940e-09],
       [-1.09574152e-09]]), 2.0758650291963763), (2.2306935322580423e-05, array([[2.20489947e-07],
       [1.94154473e-08],
       [2.50936820e-09]]), 2.0737236254019384), (2.2242553723076924e-05, array([[ 2.35841521e-07],
       [-1.42553762e-08],
       [-3.54468280e-09]]), 2.0436568953909107), (2.239677438527634e-05, array([[ 2.56620373e-07],
       [-1.40681637e-08],
       [-5.35038916e-09]]), 2.0422653061401745), (2.2598021043608916e-05, array([[ 2.57081139e-07],
       [-2.74978379e-09],
       [ 4.57963397e-10]]), 2.053356607048601), (2.2345030557584715e-05, array([[ 2.39455460e-07],
       [-5.31226041e-09],
       [-3.74795063e-10]]), 2.031391907639961), (2.1908303776561764e-05, array([[1.97573701e-07],
       [7.84688605e-09],
       [1.53929941e-09]]), 2.000753519665213), (2.1819281016789746e-05, array([[ 1.68652978e-07],
       [-2.24626593e-08],
       [ 3.08062595e-09]]), 2.009863881603686), (2.1540769060266093e-05, array([[ 1.45814894e-07],
       [ 1.58285774e-08],
       [-1.15396124e-09]]), 2.0096892343019226), (2.109527250852579e-05, array([[ 8.06393388e-08],
       [-5.57754180e-09],
       [-5.30518307e-10]]), 2.001893999694337), (2.06200037652979e-05, array([[1.01700155e-08],
       [2.40720627e-09],
       [3.92923308e-10]]), 1.9991423323125996), (2.0098658003202645e-05, array([[-6.36747531e-08],
       [ 3.25186457e-09],
       [ 1.98427685e-09]]), 1.9999340338143405), (1.959926625406084e-05, array([[-1.38881961e-07],
       [-3.66318335e-09],
       [-4.28670851e-09]]), 2.0113303050312346), (1.894244312486603e-05, array([[-1.93093087e-07],
       [-1.30207536e-08],
       [ 3.77351962e-09]]), 2.0151618745335815), (1.8402603067913174e-05, array([[-2.74430561e-07],
       [ 6.93151153e-09],
       [-3.19162228e-11]]), 2.0407333105655696), (1.785260890931064e-05, array([[-3.40882160e-07],
       [-1.75424229e-10],
       [ 1.21028353e-09]]), 2.076123092848781), (1.692023164217506e-05, array([[-3.98145702e-07],
       [ 1.47946813e-08],
       [-4.21300497e-10]]), 2.077183208443466), (1.6300271055387076e-05, array([[-4.67010320e-07],
       [-1.46073904e-08],
       [ 8.67956348e-10]]), 2.1280552102079384), (1.5404078795899442e-05, array([[-5.27683396e-07],
       [-7.35748394e-09],
       [ 1.61719459e-10]]), 2.1565866863494763), (1.4692487239412316e-05, array([[-5.79738044e-07],
       [-9.07128178e-09],
       [ 1.82079965e-10]]), 2.2270974998465247), (1.3640968452677212e-05, array([[-6.25389750e-07],
       [ 2.21148391e-10],
       [ 8.04889005e-10]]), 2.2644400157917954), (1.4095622090026327e-05, array([[-6.15182937e-07],
       [ 8.80561324e-09],
       [ 7.42811384e-10]]), 2.232364040363052), (1.492266828167793e-05, array([[-5.35956855e-07],
       [-1.13033422e-08],
       [ 7.95491952e-10]]), 2.171063796923888), (1.5830296471770395e-05, array([[-4.99370172e-07],
       [ 4.39239822e-09],
       [-1.70583134e-09]]), 2.1377899187249887), (1.6618667582975593e-05, array([[-4.33341330e-07],
       [ 2.46338971e-10],
       [-3.05058930e-10]]), 2.1018432488364223), (1.737229684057227e-05, array([[-3.70065950e-07],
       [ 5.06475292e-09],
       [-3.14558601e-10]]), 2.073907245505727), (1.8169215873715295e-05, array([[-3.07699067e-07],
       [ 9.45180197e-09],
       [-3.95981224e-09]]), 2.0616931407537358), (1.857090670503363e-05, array([[-2.49590275e-07],
       [-7.56352221e-10],
       [-1.46379834e-09]]), 2.015632182859282), (1.9247359621408475e-05, array([[-1.80156597e-07],
       [ 9.18239499e-09],
       [-1.98246738e-09]]), 2.009744775752853), (1.9986860281834883e-05, array([[-9.37808298e-08],
       [ 2.52408076e-08],
       [-1.94368662e-09]]), 2.0184608463462306), (2.0223275135109732e-05, array([[-2.42607649e-08],
       [-1.52175930e-08],
       [ 1.58262368e-09]]), 1.9851707601339559), (2.1001577185050444e-05, array([[ 5.00695761e-08],
       [ 6.58217414e-09],
       [-2.22810792e-09]]), 2.0133244851275403), (2.1297782957313536e-05, array([[ 1.11355452e-07],
       [-1.71717957e-08],
       [ 7.55571195e-09]]), 2.0029116916096417), (2.1828062852170735e-05, array([[ 1.48443070e-07],
       [ 8.08531993e-09],
       [-7.21888944e-10]]), 2.0224817385493705), (2.2085625403407324e-05, array([[1.89729313e-07],
       [6.43239611e-09],
       [4.83306710e-09]]), 2.024615193634336), (2.219924767668882e-05, array([[ 2.22261125e-07],
       [ 1.73785306e-08],
       [-1.98570293e-09]]), 2.021702432490708), (2.2442573538427884e-05, array([[2.52772053e-07],
       [7.13171239e-09],
       [7.75305970e-10]]), 2.0387187044169344), (2.253828260058162e-05, array([[ 2.53747727e-07],
       [-4.40200028e-09],
       [ 3.33396914e-09]]), 2.050509415743383), (2.2312484277965967e-05, array([[2.52075940e-07],
       [3.92916844e-10],
       [3.80969440e-09]]), 2.0412730701571697), (2.2448088076314616e-05, array([[ 2.38765819e-07],
       [ 1.96792638e-08],
       [-1.22004202e-09]]), 2.0735779014783637), (2.2362826959755475e-05, array([[ 2.18811953e-07],
       [ 2.06231591e-08],
       [-1.23263459e-09]]), 2.0944295541091176), (2.176904293735519e-05, array([[ 1.95057286e-07],
       [ 9.81011278e-09],
       [-1.53166201e-09]]), 2.0760484797097356), (2.170698310275722e-05, array([[ 1.55085800e-07],
       [-1.31385284e-08],
       [ 2.42052067e-09]]), 2.1173200533333505), (2.1271209726711926e-05, array([[ 1.08456249e-07],
       [-2.81655335e-08],
       [ 6.97061043e-10]]), 2.131999499328236), (2.0623857180121858e-05, array([[ 5.82160430e-08],
       [-7.45124407e-09],
       [ 1.40689169e-10]]), 2.134542221494538), (1.9883922460393664e-05, array([[-2.85064983e-09],
       [ 5.00223405e-09],
       [-1.19995303e-09]]), 2.136243128320628)]