[(2.0055245869069404e-05, Vec([[ 1.42002060e-09],
     [-7.95818014e-09],
     [ 3.26929834e-10]]), 2.1546493786584575), (2.0727244530314197e-05, Vec([[-7.79797568e-08],
     [-1.38133209e-08],
     [-3.34805523e-10]]), 2.1452426769053083), (2.1041897989475877e-05, Vec([[-1.57830464e-07],
     [-5.55550619e-09],
     [-9.28660978e-10]]), 2.1090157332303723), (2.1651267008912345e-05, Vec([[-2.30377580e-07],
     [-8.12377862e-10],
     [-7.04518929e-10]]), 2.1118854518397785), (2.1920983361871658e-05, Vec([[-3.03775193e-07],
     [ 5.76590062e-09],
     [-6.04548254e-10]]), 2.0905385833046255), (2.2141272756453488e-05, Vec([[-3.54123758e-07],
     [ 1.57773918e-08],
     [ 1.64434451e-09]]), 2.073679508863592), (2.233288292297999e-05, Vec([[-4.20234642e-07],
     [-1.01269390e-08],
     [-4.72183028e-10]]), 2.0629361550953753), (2.2722514313027724e-05, Vec([[-4.63417171e-07],
     [-6.21629733e-11],
     [-1.24272433e-09]]), 2.078784951761214), (2.2437719695800177e-05, Vec([[-4.90266013e-07],
     [-1.05006491e-08],
     [ 1.46387389e-09]]), 2.041360307677645), (2.2230200241447297e-05, Vec([[-5.02932085e-07],
     [ 5.50601555e-09],
     [ 1.64750645e-09]]), 2.019426379847667), (2.2047767630494618e-05, Vec([[-4.83097232e-07],
     [ 1.40617426e-08],
     [ 2.23785393e-09]]), 2.0079070290461933), (2.1751352809547906e-05, Vec([[-4.60366824e-07],
     [ 1.11511382e-08],
     [ 8.51289848e-10]]), 1.9939720327556352), (2.1384836545445485e-05, Vec([[-4.48220944e-07],
     [ 1.51617871e-08],
     [ 6.11974835e-10]]), 1.9814145528138591), (2.102470138074466e-05, Vec([[-4.09645595e-07],
     [ 9.82097063e-09],
     [-2.12966908e-09]]), 1.97723022591111), (2.0281257114192887e-05, Vec([[-3.39126057e-07],
     [-1.16687329e-08],
     [-1.32278311e-09]]), 1.9442707172601135), (2.0154089753101663e-05, Vec([[-2.99258105e-07],
     [ 8.52906990e-09],
     [-1.25734622e-09]]), 1.978379338048584), (1.951083417515191e-05, Vec([[-2.04450526e-07],
     [-8.97576513e-09],
     [-7.97499607e-10]]), 1.9703872597683787), (1.868187206934522e-05, Vec([[-1.42995178e-07],
     [-1.51869410e-08],
     [ 1.76174501e-09]]), 1.9506984610444025), (1.8192271721189963e-05, Vec([[-7.68038568e-08],
     [ 3.21301015e-09],
     [-2.24319008e-11]]), 1.9745362433279698), (1.7662684611928716e-05, Vec([[-1.63587389e-08],
     [ 4.64985559e-10],
     [ 2.73316894e-09]]), 2.004216140355854), (1.709383940971358e-05, Vec([[ 8.14219941e-08],
     [-2.33055806e-09],
     [ 1.74212430e-09]]), 2.040664958160392), (1.6154896145202016e-05, Vec([[1.38806908e-07],
     [3.07732057e-09],
     [1.79207973e-09]]), 2.043187832533005), (1.5597546500594974e-05, Vec([[1.95825610e-07],
     [8.79679146e-09],
     [1.22987463e-09]]), 2.106358382186826), (1.4777575142680793e-05, Vec([[ 2.71860565e-07],
     [-1.05329251e-08],
     [ 1.39699794e-10]]), 2.1499545384914973), (1.3790260867400576e-05, Vec([[ 3.21065573e-07],
     [-1.17691779e-09],
     [-3.09705241e-10]]), 2.18400310897902), (1.3522369368764574e-05, Vec([[ 3.71989676e-07],
     [ 8.90540404e-10],
     [-2.62419035e-10]]), 2.2447522265868205), (1.4219400762740634e-05, Vec([[ 2.91877123e-07],
     [-1.41762466e-08],
     [ 1.41851422e-10]]), 2.155386720572856), (1.5059676790256161e-05, Vec([[ 2.49357099e-07],
     [-6.26905874e-09],
     [ 7.63599570e-10]]), 2.1083700555490634), (1.5973131415883713e-05, Vec([[ 1.80800490e-07],
     [ 8.50099607e-09],
     [-1.12100094e-09]]), 2.0853460299774293), (1.665212117296058e-05, Vec([[ 1.06947971e-07],
     [-6.25178602e-09],
     [-1.05505597e-09]]), 2.0442690866726942), (1.7217698126826217e-05, Vec([[5.96822547e-08],
     [1.26931022e-08],
     [4.93808225e-10]]), 2.002287781488371), (1.8095252404386605e-05, Vec([[-6.42241734e-09],
     [-3.37834977e-09],
     [ 6.89720712e-10]]), 2.0066500488243686), (1.8584332670200063e-05, Vec([[-1.39788672e-07],
     [ 7.48387644e-09],
     [-2.81096278e-09]]), 1.9770648597843359), (1.914770924980401e-05, Vec([[-1.67507555e-07],
     [ 8.41119813e-09],
     [-3.36552598e-10]]), 1.964990290291004), (1.955425916161646e-05, Vec([[-2.46924055e-07],
     [-6.62878719e-09],
     [ 6.19778927e-10]]), 1.9457631647402056), (2.0279253251223066e-05, Vec([[-3.14127144e-07],
     [-8.69738657e-09],
     [ 3.50745369e-10]]), 1.9661060251810392), (2.0656376519996086e-05, Vec([[-3.95087162e-07],
     [-2.09719362e-09],
     [ 9.15370755e-10]]), 1.9602437557559182), (2.15348557097381e-05, Vec([[-4.31557634e-07],
     [-8.59967969e-09],
     [-1.40119193e-09]]), 2.0091375364093595), (2.1504457280171454e-05, Vec([[-4.59636525e-07],
     [ 4.20193567e-10],
     [-4.84740297e-09]]), 1.9808641699810288), (2.1888546861312247e-05, Vec([[-5.02495411e-07],
     [ 3.84171559e-09],
     [-1.87644151e-09]]), 1.998949239510695), (2.2276098833178056e-05, Vec([[-5.00893255e-07],
     [ 2.88558673e-09],
     [ 2.48301615e-09]]), 2.0251253085955576), (2.2213804041410063e-05, Vec([[-4.95447485e-07],
     [-1.24308318e-08],
     [-6.79757168e-10]]), 2.0184449429483275), (2.2568146400461166e-05, Vec([[-4.82048225e-07],
     [ 1.39694756e-08],
     [ 2.65359708e-09]]), 2.0578919814388015), (2.225429699858659e-05, Vec([[-4.36434850e-07],
     [ 2.36865370e-08],
     [-5.23752505e-09]]), 2.0447358733836616), (2.1985065193188254e-05, Vec([[-3.97963647e-07],
     [ 6.84388329e-09],
     [-2.25860356e-09]]), 2.04380155488981), (2.205159967097865e-05, Vec([[-3.45047907e-07],
     [ 2.10658834e-09],
     [ 3.16775851e-09]]), 2.082918239429086), (2.1507369142352322e-05, Vec([[-2.66026197e-07],
     [ 6.20706886e-09],
     [-1.35540107e-10]]), 2.07316374186453), (2.1374084450900058e-05, Vec([[-1.91468150e-07],
     [-6.53588264e-09],
     [ 5.73289408e-10]]), 2.112125228361335), (2.088088103210641e-05, Vec([[-1.19773608e-07],
     [-1.41421887e-08],
     [ 1.44563400e-09]]), 2.125392139176503), (2.0253022112245192e-05, Vec([[-4.05809093e-08],
     [-2.04568502e-10],
     [-7.10031664e-10]]), 2.134210293015269), (2.0252012030212908e-05, Vec([[ 4.74011518e-08],
     [-4.56749860e-09],
     [ 1.57260939e-09]]), 2.1341038532228196), (2.0788666368763935e-05, Vec([[1.21364501e-07],
     [7.58740590e-09],
     [6.78629426e-10]]), 2.116005929835836), (2.137224322962526e-05, Vec([[ 2.02820940e-07],
     [-1.99061733e-08],
     [-1.77466447e-09]]), 2.1119432841983254), (2.161324311521172e-05, Vec([[ 2.65385287e-07],
     [-1.30833593e-08],
     [-4.70841131e-10]]), 2.0833692709688307), (2.179020939691608e-05, Vec([[ 3.23708596e-07],
     [ 2.63407598e-08],
     [-1.46807900e-09]]), 2.0582282134183734), (2.2373669012431714e-05, Vec([[ 3.90731271e-07],
     [-5.18989314e-09],
     [ 7.31899060e-10]]), 2.079927401369082), (2.241079314057287e-05, Vec([[ 4.37616917e-07],
     [-1.44771907e-08],
     [ 1.98235013e-09]]), 2.0591148167214732), (2.2445155339131958e-05, Vec([[ 4.95211100e-07],
     [-2.70051952e-09],
     [ 2.47955051e-09]]), 2.04667695675725), (2.2489284483773413e-05, Vec([[ 4.89671546e-07],
     [-3.45225282e-09],
     [ 3.15085650e-09]]), 2.0434763200475805), (2.2166190747606245e-05, Vec([[ 5.06496273e-07],
     [-1.07199994e-08],
     [-3.79254222e-10]]), 2.015133539059176), (2.188955842206259e-05, Vec([[ 4.96219142e-07],
     [-5.30339214e-09],
     [ 5.39773101e-09]]), 1.9990416192655234), (2.1762065185533355e-05, Vec([[ 4.54347122e-07],
     [-2.61049775e-09],
     [ 1.32866405e-09]]), 2.0045934956267306), (2.1178979253189167e-05, Vec([[4.42774417e-07],
     [7.92183753e-09],
     [5.11460742e-10]]), 1.9759353289363133), (2.0907625947764444e-05, Vec([[ 3.79963619e-07],
     [-2.67577795e-09],
     [ 1.25981739e-10]]), 1.9840867623666563), (2.0222259251991776e-05, Vec([[3.25763505e-07],
     [8.85071044e-09],
     [3.72145723e-09]]), 1.9605803658335472), (1.9649151838576137e-05, Vec([[2.55829355e-07],
     [1.13894074e-08],
     [7.78268863e-09]]), 1.9552055411506686), (1.9119068360802666e-05, Vec([[1.73513379e-07],
     [8.25784858e-09],
     [3.21141376e-09]]), 1.9620510839317102), (1.8395681194791586e-05, Vec([[ 1.07737933e-07],
     [ 5.73958904e-09],
     [-3.25529769e-09]]), 1.9569954707244526), (1.798005698612574e-05, Vec([[ 4.56883994e-08],
     [-1.00519519e-08],
     [ 3.64711282e-10]]), 1.9938755991227737), (1.7128853322166487e-05, Vec([[-5.91721419e-08],
     [-9.35795499e-10],
     [ 4.14650621e-10]]), 1.991955804152693), (1.6724597904568193e-05, Vec([[-1.00130293e-07],
     [ 2.07717344e-09],
     [-3.47481354e-10]]), 2.053166568284172), (1.599998888383914e-05, Vec([[-1.65036676e-07],
     [ 9.72322810e-09],
     [ 8.01824666e-10]]), 2.0888523627507514), (1.5088599603125706e-05, Vec([[-2.34392072e-07],
     [ 7.08311307e-09],
     [ 9.30124605e-10]]), 2.1124192787445994), (1.421572740853833e-05, Vec([[-3.02347387e-07],
     [-8.25369095e-10],
     [-1.56322578e-10]]), 2.154829910971683), (1.3402698484977817e-05, Vec([[-3.66441387e-07],
     [-7.55826267e-09],
     [ 1.60575983e-10]]), 2.224886515518577), (1.3705550805974744e-05, Vec([[-3.17022677e-07],
     [ 1.84757323e-09],
     [-2.72309201e-10]]), 2.1705873339407695), (1.4836307643028712e-05, Vec([[-2.78049339e-07],
     [ 7.33270231e-09],
     [ 5.72861606e-11]]), 2.1584993913825037), (1.5573065178491207e-05, Vec([[-2.18189386e-07],
     [ 4.06177706e-09],
     [ 1.16498198e-10]]), 2.103052321325377), (1.6274037054244527e-05, Vec([[-1.55820698e-07],
     [-2.02620228e-10],
     [-7.22302659e-10]]), 2.0582561594058375), (1.657049995540011e-05, Vec([[-8.13200353e-08],
     [ 1.48243356e-08],
     [-2.74899212e-09]]), 1.978188620338159), (1.742176616537647e-05, Vec([[-7.80077812e-09],
     [ 4.30515321e-09],
     [ 2.82612018e-09]]), 1.9768786970566987), (1.8225355454362053e-05, Vec([[ 6.72262763e-08],
     [-1.24106089e-08],
     [ 2.44936530e-09]]), 1.9781270554713912), (1.877148943698001e-05, Vec([[ 1.49559090e-07],
     [ 5.17575471e-09],
     [-2.93068870e-09]]), 1.960056006181161), (1.9482517200338174e-05, Vec([[ 2.10244126e-07],
     [-1.21640047e-09],
     [-7.99070860e-10]]), 1.9675275457291286), (1.97997533197493e-05, Vec([[2.80740505e-07],
     [7.17408884e-09],
     [1.80754454e-09]]), 1.9435967263280896), (2.0432578846255118e-05, Vec([[ 3.40447157e-07],
     [-4.27129570e-12],
     [ 1.12757386e-09]]), 1.958777234823454), (2.098232737476269e-05, Vec([[3.89036025e-07],
     [8.55530658e-09],
     [6.08918180e-09]]), 1.9732452387332566), (2.13366952045772e-05, Vec([[ 4.35553724e-07],
     [ 1.17732411e-08],
     [-3.92886572e-09]]), 1.9769540111966408), (2.1779698707519837e-05, Vec([[ 4.73921661e-07],
     [-4.28981008e-09],
     [ 1.78686469e-09]]), 1.996570534480758), (2.2157424419859505e-05, Vec([[ 4.99933668e-07],
     [-3.32741796e-08],
     [ 4.60357417e-09]]), 2.017893556564012), (2.222816194641016e-05, Vec([[ 4.86727603e-07],
     [ 3.02546816e-08],
     [-1.14891038e-09]]), 2.0192412179182564), (2.2566535826817954e-05, Vec([[ 4.86067289e-07],
     [-5.17782616e-09],
     [ 9.26999239e-10]]), 2.053079864763364), (2.2600747955237426e-05, Vec([[ 4.64579266e-07],
     [ 9.11200497e-09],
     [-1.68740987e-09]]), 2.0676450722250785), (2.233519107215829e-05, Vec([[ 4.15285953e-07],
     [ 4.39214785e-08],
     [-1.81249813e-09]]), 2.063149363771018), (2.2301485622547538e-05, Vec([[3.58188841e-07],
     [4.39353366e-09],
     [2.72060232e-09]]), 2.088684524208914), (2.2163012886240473e-05, Vec([[ 2.97255031e-07],
     [-5.12248601e-09],
     [ 3.64962741e-09]]), 2.1136202147551537), (2.1509122033169465e-05, Vec([[ 2.33867415e-07],
     [ 7.87987522e-09],
     [-1.73556810e-09]]), 2.0980204939045257), (2.115351177636963e-05, Vec([[ 1.59523978e-07],
     [-8.63416248e-09],
     [ 7.58270148e-10]]), 2.120202710409052), (2.075125151106286e-05, Vec([[ 7.77732116e-08],
     [-1.22632389e-08],
     [-8.19285214e-10]]), 2.147727367987635), (2.007866119536546e-05, Vec([[ 3.11928171e-09],
     [-8.16104645e-09],
     [-5.87580019e-10]]), 2.157165020629853)]