[(2.0147618637975996e-05, array([[ 2.49674193e-09],
       [-9.60137879e-09],
       [-1.84251765e-10]]), 2.164573511747074), (2.0788192602556257e-05, array([[-5.88608573e-08],
       [ 2.13712617e-09],
       [ 5.35343796e-10]]), 2.1515507226012796), (2.1173306149936794e-05, array([[-1.09510133e-07],
       [-1.09230279e-08],
       [-2.36507646e-10]]), 2.122186687581807), (2.1680517120033134e-05, array([[-1.49524848e-07],
       [-2.87137564e-09],
       [-2.85402829e-10]]), 2.1147385358701616), (2.1890745220902534e-05, array([[-1.78569690e-07],
       [ 3.55493766e-08],
       [ 2.46611352e-09]]), 2.087654862289933), (2.211989766114716e-05, array([[-2.09353847e-07],
       [-8.18417060e-09],
       [ 6.23023358e-10]]), 2.0716775870398427), (2.2526265022123707e-05, array([[-2.30985972e-07],
       [ 1.86091878e-08],
       [ 3.46412487e-09]]), 2.080799273146352), (2.2451350227331778e-05, array([[-2.42545429e-07],
       [ 4.72418236e-09],
       [ 5.57860010e-10]]), 2.0539773176659137), (2.2531938870946237e-05, array([[-2.55213099e-07],
       [ 7.23859687e-09],
       [ 3.71198422e-09]]), 2.049932269845498), (2.240267914870046e-05, array([[-2.38026011e-07],
       [ 2.55597466e-09],
       [ 1.25448969e-09]]), 2.035094635261082), (2.2415607959209544e-05, array([[-2.20344877e-07],
       [ 8.94280001e-09],
       [-1.66114933e-09]]), 2.0414065285860836), (2.210162637908951e-05, array([[-1.79083346e-07],
       [-5.48854987e-09],
       [-1.25826819e-10]]), 2.0260820218489513), (2.1607517696054446e-05, array([[-1.36609593e-07],
       [ 1.57739479e-08],
       [-2.78241875e-09]]), 2.0020471010924616), (2.134180607274736e-05, array([[-9.01150901e-08],
       [ 1.07355734e-08],
       [ 6.05241072e-10]]), 2.0070517663197744), (2.1049361195155658e-05, array([[-2.71099955e-08],
       [ 5.63072785e-09],
       [ 4.19494262e-09]]), 2.0179053181142597), (2.043950043444277e-05, array([[ 1.57262424e-08],
       [-7.25276444e-10],
       [-1.96749241e-09]]), 2.0063960136583927), (1.9781607705722464e-05, array([[1.13085915e-07],
       [1.92019928e-08],
       [3.70245456e-09]]), 1.9977325136990491), (1.931303690555674e-05, array([[1.82073168e-07],
       [1.57092585e-08],
       [1.14990628e-09]]), 2.0166025776175713), (1.8816569165943936e-05, array([[ 2.43895899e-07],
       [-1.75015824e-09],
       [ 1.85341746e-09]]), 2.0422956716267433), (1.812302377633466e-05, array([[ 3.09987782e-07],
       [-8.63975503e-09],
       [-1.99545796e-09]]), 2.0564516415614413), (1.7305281967011573e-05, array([[ 3.64787297e-07],
       [-1.22557441e-08],
       [-2.42432429e-09]]), 2.0659070004540996), (1.6670571301519236e-05, array([[ 4.56602201e-07],
       [-3.63233141e-09],
       [-2.97393377e-10]]), 2.1084077631012255), (1.59719750677414e-05, array([[ 5.09626181e-07],
       [-7.67923107e-09],
       [-1.86319857e-09]]), 2.156922793128572), (1.4980833631515481e-05, array([[5.48801459e-07],
       [2.67490680e-09],
       [8.09640145e-10]]), 2.1795261364253786), (1.4102675552111108e-05, array([[ 6.06821526e-07],
       [ 5.77044401e-09],
       [-6.09585084e-11]]), 2.233481117354587), (1.3646131034908531e-05, array([[ 6.35747094e-07],
       [-1.97548335e-09],
       [ 1.85725500e-10]]), 2.2652970192978126), (1.4698043632934092e-05, array([[ 5.99248090e-07],
       [-8.89991831e-09],
       [-8.60791199e-10]]), 2.2279397418657885), (1.5330258714126064e-05, array([[ 5.16402730e-07],
       [ 1.07224830e-08],
       [-4.44384528e-10]]), 2.1462517998790123), (1.6213089917746204e-05, array([[ 4.48119210e-07],
       [ 1.12019207e-08],
       [-2.56546164e-10]]), 2.116673419466048), (1.6918911738663205e-05, array([[4.11998813e-07],
       [8.69510690e-09],
       [9.97187590e-10]]), 2.077021172753319), (1.7781696599229706e-05, array([[ 3.51135889e-07],
       [-4.95506411e-10],
       [ 1.48195152e-10]]), 2.0678765287037786), (1.8423675852292564e-05, array([[2.69419056e-07],
       [5.31833242e-09],
       [2.29083992e-09]]), 2.0430701502436666), (1.8966402598894738e-05, array([[ 2.00504977e-07],
       [ 1.13161989e-08],
       [-2.28147103e-09]]), 2.0177107653117266), (1.9655904178049663e-05, array([[ 1.06320003e-07],
       [ 5.75584830e-09],
       [-5.68029939e-09]]), 2.0171426436900437), (2.030573141339498e-05, array([[5.90663406e-08],
       [3.97473861e-09],
       [2.14699088e-09]]), 2.0205390493569535), (2.060661787636543e-05, array([[-7.74172719e-09],
       [ 3.53541676e-09],
       [ 2.23049362e-09]]), 1.9978445489792334), (2.1119556802352986e-05, array([[-6.27973006e-08],
       [ 6.57538936e-09],
       [ 3.69719408e-09]]), 2.0041985246574465), (2.141453582343433e-05, array([[-1.25252200e-07],
       [-1.72088421e-09],
       [-2.56764755e-09]]), 1.9979120513999524), (2.1824396940787673e-05, array([[-1.89529323e-07],
       [ 6.15611132e-09],
       [-9.09720524e-09]]), 2.010335130443487), (2.211499110844587e-05, array([[-2.06352977e-07],
       [-6.91999650e-09],
       [ 3.76588870e-09]]), 2.0196290296524233), (2.2239175245707335e-05, array([[-2.45083430e-07],
       [ 1.76975406e-08],
       [-1.74490812e-09]]), 2.021768576699588), (2.2475268032592344e-05, array([[-2.50310239e-07],
       [-2.97938245e-08],
       [ 2.60605315e-09]]), 2.0422027230107216), (2.269137649465294e-05, array([[-2.67809584e-07],
       [ 1.98659040e-08],
       [-5.56159455e-10]]), 2.069128802496645), (2.211586106781871e-05, array([[-2.40912643e-07],
       [ 1.58095959e-08],
       [ 8.42032167e-10]]), 2.0320163112323932), (2.2010400550992237e-05, array([[-2.31140417e-07],
       [ 9.71884209e-09],
       [-1.90573273e-12]]), 2.0461568102969903), (2.2083312550859846e-05, array([[-2.03337117e-07],
       [ 2.74161762e-09],
       [-1.01992119e-09]]), 2.0859137289588685), (2.1839684013026106e-05, array([[-1.72716070e-07],
       [-4.86318323e-09],
       [ 2.89709962e-09]]), 2.105196629578657), (2.1358469933913964e-05, array([[-1.37677125e-07],
       [-1.97859080e-08],
       [ 3.53987882e-10]]), 2.110582246937697), (2.0881023557660263e-05, array([[-7.81176453e-08],
       [ 1.39663185e-08],
       [-7.90941183e-10]]), 2.1254066463561245), (2.014895079092311e-05, array([[-2.60042702e-08],
       [ 8.82434874e-09],
       [ 2.97858815e-10]]), 2.123243530428316), (2.034972852940708e-05, array([[2.44591262e-08],
       [1.78992345e-08],
       [2.12845350e-09]]), 2.144400961339417), (2.0946594887584172e-05, array([[ 8.17602314e-08],
       [-1.10661297e-08],
       [ 6.95850922e-10]]), 2.132080923603399), (2.130583738605681e-05, array([[ 1.22718074e-07],
       [ 5.03915408e-09],
       [-1.31508295e-09]]), 2.105381250730472), (2.174030900463864e-05, array([[ 1.77705364e-07],
       [ 2.62823225e-08],
       [-1.65326444e-09]]), 2.095617556337632), (2.2119521268127854e-05, array([[ 2.06567078e-07],
       [-8.25723712e-09],
       [ 5.57024783e-10]]), 2.0893338798208996), (2.231875923461956e-05, array([[ 2.21709184e-07],
       [-9.02419211e-09],
       [-5.09699219e-09]]), 2.0748228138554685), (2.236368557478047e-05, array([[2.43192585e-07],
       [1.52195942e-08],
       [2.37830954e-09]]), 2.054786550153915), (2.2450354190158648e-05, array([[ 2.49982774e-07],
       [-1.76414151e-08],
       [-3.13091914e-09]]), 2.0471510175706937), (2.2303015324186483e-05, array([[ 2.46519701e-07],
       [-1.45007779e-08],
       [-2.72894301e-09]]), 2.026551076514568), (2.2145894935353182e-05, array([[2.29909709e-07],
       [1.05432944e-08],
       [6.03686715e-09]]), 2.013288442062615), (2.2358957592402974e-05, array([[2.27269817e-07],
       [4.01103479e-09],
       [2.15431699e-09]]), 2.041909020218363), (2.2000814901698878e-05, array([[ 1.75806173e-07],
       [-8.70140582e-09],
       [ 4.27040578e-09]]), 2.0265857157596923), (2.1556510910349544e-05, array([[ 1.01439446e-07],
       [-1.14679771e-08],
       [-1.74619141e-09]]), 2.0111579017646393), (2.1032634854740282e-05, array([[6.61319720e-08],
       [5.81336282e-09],
       [5.15765632e-09]]), 1.9959498269789824), (2.052519150259761e-05, array([[ 1.33431624e-08],
       [-7.88933104e-09],
       [ 1.12291941e-09]]), 1.9899501318579382), (2.016894044617633e-05, array([[-4.55165972e-08],
       [ 7.09422927e-09],
       [-3.26529752e-09]]), 2.006927547991272), (1.96386393545332e-05, array([[-1.17983911e-07],
       [-4.10195141e-09],
       [ 1.20552689e-09]]), 2.0153708802832133), (1.916215271412758e-05, array([[-2.05631948e-07],
       [-1.15025845e-08],
       [ 1.85483443e-09]]), 2.0385353319503863), (1.8273808669584162e-05, array([[-2.74798122e-07],
       [ 2.16378689e-09],
       [-2.24120667e-10]]), 2.0264508192291917), (1.7524576723632494e-05, array([[-3.34875175e-07],
       [ 5.62893424e-09],
       [-1.89567929e-09]]), 2.0379754361480913), (1.722699414354883e-05, array([[-4.13959067e-07],
       [ 1.51054544e-08],
       [ 8.80392739e-11]]), 2.1148423806291134), (1.612424820741512e-05, array([[-4.67994529e-07],
       [-7.49540744e-09],
       [ 1.20784265e-09]]), 2.1050748353743214), (1.539022734171749e-05, array([[-5.29462594e-07],
       [-2.80246072e-09],
       [ 6.85989889e-12]]), 2.154647468686987), (1.4331967221348922e-05, array([[-5.67509939e-07],
       [ 1.06280540e-08],
       [ 4.95843450e-11]]), 2.172449623160282), (1.3567152096879573e-05, array([[-6.23151941e-07],
       [-5.35597956e-09],
       [ 1.90445448e-12]]), 2.252186288318707), (1.4199679343909246e-05, array([[-6.42164426e-07],
       [ 6.65833186e-09],
       [ 7.41106818e-10]]), 2.248843885681232), (1.504540652137375e-05, array([[-5.44774710e-07],
       [-2.24809214e-09],
       [ 2.33186366e-11]]), 2.188920693805321), (1.5763135795030217e-05, array([[-4.99188292e-07],
       [ 1.00791588e-08],
       [-8.83953361e-10]]), 2.1287202580319033), (1.6374335581251128e-05, array([[-4.50737917e-07],
       [ 5.52864477e-09],
       [ 1.85463909e-09]]), 2.070941399110194), (1.7300356727475237e-05, array([[-3.83730893e-07],
       [-6.46181322e-09],
       [-8.27486767e-10]]), 2.065319024664025), (1.811119074771645e-05, array([[-3.21302186e-07],
       [ 1.14603313e-08],
       [-1.59793907e-09]]), 2.055108926823169), (1.8643401435181863e-05, array([[-2.48337256e-07],
       [-1.24380591e-08],
       [ 1.04324757e-09]]), 2.023500549950635), (1.933457356702826e-05, array([[-1.75980837e-07],
       [ 3.12272300e-09],
       [ 4.82604466e-09]]), 2.01885136361892), (1.9586817048620755e-05, array([[-9.34323319e-08],
       [-4.38029116e-09],
       [ 2.99546864e-09]]), 1.9780607238806556), (2.023621838649992e-05, array([[-2.66075274e-08],
       [ 2.96867775e-09],
       [-1.51452188e-09]]), 1.9864413042980045), (2.081346652998209e-05, array([[ 4.77228792e-08],
       [ 4.62607983e-09],
       [-2.10267813e-09]]), 1.9952911829414506), (2.125777959296845e-05, array([[ 8.21059852e-08],
       [-2.80249052e-08],
       [ 5.30423899e-09]]), 1.9991496471606451), (2.1722076104933702e-05, array([[ 1.36295609e-07],
       [-7.66575063e-09],
       [-1.42705754e-09]]), 2.0126615239812313), (2.213157451390025e-05, array([[ 1.82354380e-07],
       [-3.33647138e-08],
       [-1.16770003e-09]]), 2.02882740250498), (2.2147112657935227e-05, array([[ 2.15819986e-07],
       [-1.73111695e-08],
       [-3.34889483e-09]]), 2.0169544565337225), (2.240122913931856e-05, array([[ 2.37891215e-07],
       [-4.10055308e-09],
       [-8.02652630e-10]]), 2.034962914126542), (2.2444393396926025e-05, array([[ 2.44757790e-07],
       [-2.62254085e-08],
       [-1.65007919e-10]]), 2.0419674740371643), (2.239299642976587e-05, array([[2.48278391e-07],
       [5.91756929e-09],
       [4.28417044e-11]]), 2.048638780099735), (2.227930328810449e-05, array([[ 2.42980155e-07],
       [-1.01566204e-08],
       [ 2.47574836e-09]]), 2.057986889640367), (2.220264816367074e-05, array([[2.17173032e-07],
       [3.83135976e-09],
       [2.36276984e-09]]), 2.079427729649928), (2.2038825169492748e-05, array([[ 1.82609039e-07],
       [ 1.74263551e-08],
       [-2.31909302e-10]]), 2.101776803848451), (2.145347362554459e-05, array([[ 1.49722359e-07],
       [ 1.80973704e-08],
       [-8.88465339e-10]]), 2.0925924945900913), (2.1213160499267863e-05, array([[ 9.78170244e-08],
       [-1.08421382e-08],
       [ 6.27681140e-10]]), 2.1261812630625423), (2.0872075059935222e-05, array([[ 5.48210340e-08],
       [ 2.23657374e-08],
       [-2.72072429e-10]]), 2.160232447137788), (2.0085892992910237e-05, array([[ 1.33503085e-09],
       [-3.59219398e-09],
       [ 1.46552798e-09]]), 2.15794197386135)]