[(2.0031807400332355e-05, array([[ 5.79490159e-09],
       [-1.87289122e-08],
       [ 5.17598368e-10]]), 2.1521312503627157), (2.0930343616968153e-05, array([[-5.96617875e-08],
       [-8.64269050e-09],
       [ 5.80231175e-10]]), 2.1662631665171017), (2.1096675504929753e-05, array([[-9.99672286e-08],
       [ 3.72945332e-09],
       [ 8.05789293e-10]]), 2.114506047933793), (2.1605512258664056e-05, array([[-1.49443516e-07],
       [-1.70732636e-08],
       [ 6.99141540e-10]]), 2.1074224894014995), (2.2053295122422276e-05, array([[-1.75959179e-07],
       [-1.42970949e-09],
       [ 1.89848479e-09]]), 2.1031567599570993), (2.2112048153482996e-05, array([[-2.10015277e-07],
       [-8.54898891e-11],
       [-2.94894025e-09]]), 2.0709424277119717), (2.2194230250215437e-05, array([[-2.23840319e-07],
       [-1.34653581e-08],
       [-6.75164241e-09]]), 2.050128511199465), (2.2614541863708706e-05, array([[-2.38938479e-07],
       [-1.86902694e-09],
       [ 1.43025879e-09]]), 2.068907017490512), (2.255783251611033e-05, array([[-2.50844095e-07],
       [-1.60119823e-08],
       [ 1.53894206e-09]]), 2.052288046643484), (2.249975790359391e-05, array([[-2.58058424e-07],
       [ 2.12446914e-09],
       [ 2.94709124e-09]]), 2.0439134221557262), (2.240751898285532e-05, array([[-2.23365939e-07],
       [-2.01282851e-08],
       [-7.88145639e-09]]), 2.0406698593345), (2.2041426929811844e-05, array([[-2.01636368e-07],
       [ 1.78300113e-08],
       [ 6.07093491e-09]]), 2.0205634677020905), (2.174549720226607e-05, array([[-1.47201211e-07],
       [-4.88833510e-09],
       [-2.07316442e-09]]), 2.0148316085174676), (2.1405542239417425e-05, array([[-1.07105765e-07],
       [ 6.98076221e-09],
       [-1.55517965e-10]]), 2.0130457194771387), (2.0703359135120915e-05, array([[-4.62183895e-08],
       [ 1.56732949e-08],
       [ 9.26499216e-10]]), 1.9847356940791472), (2.032254120840628e-05, array([[8.63869834e-09],
       [4.34213321e-09],
       [4.56095785e-09]]), 1.9949149833057749), (1.9951225283664485e-05, array([[ 7.87877166e-08],
       [ 1.63523828e-08],
       [-2.76037693e-09]]), 2.0148620895854235), (1.931312993632251e-05, array([[ 1.61528315e-07],
       [-5.68583471e-09],
       [ 4.00508722e-09]]), 2.0166122915783), (1.87488939488683e-05, array([[2.42413285e-07],
       [8.55585323e-09],
       [4.58645252e-09]]), 2.0349504004622148), (1.8097096818448637e-05, array([[ 3.20719762e-07],
       [-1.61692474e-09],
       [ 8.94440796e-11]]), 2.0535096636794155), (1.7395196755869225e-05, array([[3.91548505e-07],
       [3.08588859e-09],
       [1.47360449e-09]]), 2.0766410406216895), (1.643669317151934e-05, array([[ 4.49512380e-07],
       [-9.20167031e-09],
       [-3.30060495e-10]]), 2.0788280650817317), (1.5812073852765466e-05, array([[ 5.04767188e-07],
       [-1.79597381e-09],
       [ 2.13391424e-10]]), 2.1353290594940177), (1.5024777620537492e-05, array([[ 5.60755274e-07],
       [-4.47312418e-09],
       [-4.09066988e-10]]), 2.185919443698398), (1.415005601211281e-05, array([[ 6.12437242e-07],
       [-2.25941224e-09],
       [-4.97023883e-10]]), 2.240984896503043), (1.3743337289735608e-05, array([[6.36675346e-07],
       [3.27137815e-09],
       [3.95833986e-11]]), 2.2814335373155266), (1.4701689396270988e-05, array([[ 5.78587390e-07],
       [-6.86361664e-09],
       [-7.59868421e-10]]), 2.2284923692242695), (1.5276911060986812e-05, array([[5.15406669e-07],
       [5.28630894e-09],
       [2.30058225e-10]]), 2.138783074223134), (1.6089712705026256e-05, array([[ 4.77914865e-07],
       [-5.85422869e-09],
       [-8.36223375e-10]]), 2.100566109381604), (1.6997547647463033e-05, array([[4.15624606e-07],
       [1.06777461e-08],
       [6.08294976e-10]]), 2.0866747751858385), (1.7556447150956452e-05, array([[ 3.21646076e-07],
       [ 1.64419094e-08],
       [-1.36873909e-09]]), 2.041681725267085), (1.8191092698043444e-05, array([[ 2.59516753e-07],
       [ 5.25631332e-09],
       [-3.87344248e-09]]), 2.017278136548595), (1.9080629030767084e-05, array([[ 2.06847862e-07],
       [-2.88170658e-09],
       [-5.22119457e-10]]), 2.029862563738984), (1.974968178170837e-05, array([[ 1.19894248e-07],
       [-1.52127756e-08],
       [ 1.02319678e-09]]), 2.0267663578498984), (2.029957699023475e-05, array([[7.41969368e-08],
       [5.72025451e-09],
       [4.24709844e-09]]), 2.0199266482536222), (2.0692787947214503e-05, array([[-3.89688049e-09],
       [ 9.38201508e-10],
       [ 6.00838686e-09]]), 2.0061988751167807), (2.1064583330768204e-05, array([[-9.44528417e-08],
       [ 5.20279730e-09],
       [-3.16322919e-09]]), 1.9989816656259518), (2.144064407060109e-05, array([[-1.35964570e-07],
       [ 6.39124368e-09],
       [-5.12307978e-10]]), 2.000347872661057), (2.1865538072450387e-05, array([[-1.70283672e-07],
       [-7.26279595e-09],
       [ 5.72169197e-09]]), 2.014124809604481), (2.2181768567156372e-05, array([[-2.26405391e-07],
       [-1.89277588e-08],
       [ 5.68820413e-09]]), 2.0257274130285143), (2.236835496370484e-05, array([[-2.47117304e-07],
       [ 1.59708746e-08],
       [-9.56936863e-10]]), 2.033512334807015), (2.233574190075094e-05, array([[-2.42831634e-07],
       [-2.40357342e-08],
       [ 2.53060306e-09]]), 2.0295247586828005), (2.2322904039059783e-05, array([[-2.49023197e-07],
       [-6.76926746e-09],
       [ 5.47641428e-09]]), 2.0355293877156986), (2.2461739837165307e-05, array([[-2.38273420e-07],
       [ 2.20015985e-08],
       [-5.76392590e-10]]), 2.06379582453581), (2.2338372105989866e-05, array([[-2.24656890e-07],
       [ 1.09140229e-08],
       [ 1.86779844e-09]]), 2.076646088730946), (2.197268379025999e-05, array([[-2.09719719e-07],
       [ 9.57224041e-09],
       [-7.33244018e-09]]), 2.07546411683562), (2.187502199270234e-05, array([[-1.62556934e-07],
       [ 4.44393020e-09],
       [-1.12648197e-09]]), 2.1086029698748883), (2.1104733833257103e-05, array([[-1.25438748e-07],
       [ 8.38151857e-09],
       [-8.60185432e-10]]), 2.085508779076442), (2.081649536356583e-05, array([[-8.24226870e-08],
       [ 6.92249632e-09],
       [-1.64644344e-09]]), 2.1188385462710424), (2.0306057601202804e-05, array([[-2.44650777e-08],
       [ 2.95803294e-11],
       [-8.31516430e-10]]), 2.139799033589447), (2.0496623138166563e-05, array([[ 2.70412117e-08],
       [-6.61050215e-09],
       [ 3.45835054e-10]]), 2.1598803295179265), (2.070020327183715e-05, array([[ 8.05845710e-08],
       [-8.43387565e-09],
       [-3.14136676e-09]]), 2.107001579371586), (2.1354575904018314e-05, array([[ 1.21193744e-07],
       [-3.05420149e-09],
       [-1.16593044e-09]]), 2.1101974501618863), (2.1550703542296085e-05, array([[ 1.70190387e-07],
       [-1.89697401e-09],
       [-1.34693953e-09]]), 2.0773408825526456), (2.1911102849674145e-05, array([[ 2.11951401e-07],
       [-2.10134579e-08],
       [-1.38704469e-09]]), 2.069647393048626), (2.2131607045946248e-05, array([[ 2.24914613e-07],
       [ 2.27809121e-08],
       [-2.51805980e-11]]), 2.057424551405464), (2.2167883683390334e-05, array([[ 2.42533379e-07],
       [ 2.11171241e-09],
       [-2.45119106e-09]]), 2.036796175017499), (2.2477102876899974e-05, array([[ 2.59131060e-07],
       [-2.59057977e-08],
       [-2.78592074e-09]]), 2.049590115003962), (2.249902066435011e-05, array([[ 2.59110452e-07],
       [ 1.62972953e-08],
       [-4.98340533e-10]]), 2.0443609926778072), (2.2501025451158898e-05, array([[2.43047815e-07],
       [3.32705922e-09],
       [4.19559508e-09]]), 2.045573439574908), (2.207325165463778e-05, array([[ 1.92749978e-07],
       [-3.02851930e-08],
       [-2.88204874e-09]]), 2.0158172165624126), (2.1954466132007583e-05, array([[ 1.75444215e-07],
       [-2.81649414e-09],
       [ 6.39980754e-09]]), 2.022316339601623), (2.1539901416309544e-05, array([[ 1.40473069e-07],
       [ 8.29342619e-09],
       [-3.72928654e-09]]), 2.0096082857195485), (2.1128971700383573e-05, array([[ 7.09286133e-08],
       [ 9.01466041e-09],
       [-5.42517663e-10]]), 2.005091977342996), (2.074458698180665e-05, array([[1.51487955e-08],
       [1.37283175e-08],
       [6.06060875e-09]]), 2.011220874336799), (2.001207983623652e-05, array([[-6.75780003e-08],
       [-1.59277087e-08],
       [-3.45709566e-09]]), 1.9913189997820573), (1.9885328420378678e-05, array([[-1.36555406e-07],
       [ 4.34972697e-09],
       [ 3.53182114e-09]]), 2.040686786890281), (1.9136689877222874e-05, array([[-1.88253652e-07],
       [ 9.81825460e-09],
       [-1.51135950e-09]]), 2.0358265082886455), (1.827905401871318e-05, array([[-2.76268307e-07],
       [ 5.28142042e-09],
       [-8.30655813e-11]]), 2.0270324955634385), (1.7715425907110282e-05, array([[-3.54016592e-07],
       [ 1.19379985e-08],
       [ 4.76043524e-10]]), 2.0601697495440976), (1.699101472686331e-05, array([[-3.92113198e-07],
       [-1.50534544e-08],
       [ 1.76426265e-09]]), 2.085872772396585), (1.6168251264897575e-05, array([[-4.66337856e-07],
       [-3.35545490e-09],
       [ 3.52179705e-11]]), 2.1108195825274474), (1.551998561458261e-05, array([[-5.30820430e-07],
       [-2.81314212e-09],
       [-1.79739192e-09]]), 2.1728137587594003), (1.4655742872720703e-05, array([[-5.87595227e-07],
       [ 9.24959465e-09],
       [-2.74888089e-10]]), 2.221527763023966), (1.3660760663450249e-05, array([[-6.42081138e-07],
       [-1.01628263e-08],
       [ 4.99877259e-10]]), 2.26772557973331), (1.4227915012262351e-05, array([[-6.25937367e-07],
       [ 9.96551098e-09],
       [-1.77770075e-10]]), 2.253315649345476), (1.5189872538743626e-05, array([[-5.53674387e-07],
       [ 3.63501049e-09],
       [ 8.50478288e-11]]), 2.2099387137919084), (1.59226693210214e-05, array([[-5.25471103e-07],
       [-5.49127297e-09],
       [-1.80017066e-09]]), 2.1502643373971115), (1.6521210630377628e-05, array([[-4.26487898e-07],
       [-1.82823152e-08],
       [ 6.81221336e-10]]), 2.089517396787968), (1.7187057440398094e-05, array([[-3.56307315e-07],
       [ 1.00663054e-09],
       [-1.69224534e-09]]), 2.0517933398028756), (1.794891725686598e-05, array([[-3.12536989e-07],
       [-7.42865538e-09],
       [-1.63457700e-10]]), 2.0366954660916816), (1.858817364703574e-05, array([[-2.50343810e-07],
       [ 1.00320319e-08],
       [-3.17985056e-11]]), 2.0175062865070905), (1.910741311021264e-05, array([[-1.56730516e-07],
       [ 4.36528268e-09],
       [ 2.66662120e-09]]), 1.9951320301455107), (1.9751505657135065e-05, array([[-7.11211447e-08],
       [-9.23426755e-09],
       [-1.07498032e-09]]), 1.9946925261466422), (2.0506147884479622e-05, array([[-5.33663610e-08],
       [-4.38502671e-09],
       [ 3.81596085e-09]]), 2.0129383055555623), (2.095692445631813e-05, array([[4.27689627e-08],
       [1.19304005e-08],
       [1.72624421e-09]]), 2.009043833665396), (2.1290480792561598e-05, array([[ 9.89278301e-08],
       [-2.19851946e-08],
       [ 3.13593815e-09]]), 2.0022249726593624), (2.1615873535140065e-05, array([[ 1.51208277e-07],
       [-4.32856901e-09],
       [-3.55935592e-10]]), 2.0028213123486505), (2.1853370671668126e-05, array([[ 2.00112231e-07],
       [ 7.39990597e-09],
       [-2.87728904e-09]]), 2.0033241298730124), (2.236327807254999e-05, array([[ 2.20758642e-07],
       [ 4.60615895e-09],
       [-1.73095192e-09]]), 2.0366408058601437), (2.254465161332913e-05, array([[ 2.42300970e-07],
       [-2.58400942e-09],
       [ 2.95614818e-09]]), 2.0479916374099227), (2.2537481805467774e-05, array([[ 2.45190348e-07],
       [-1.37511562e-08],
       [ 4.56891734e-09]]), 2.050436560240143), (2.257798319544509e-05, array([[ 2.56177453e-07],
       [-1.22457344e-08],
       [ 2.50012530e-09]]), 2.065562422416398), (2.239702724533458e-05, array([[2.44635108e-07],
       [1.90687463e-08],
       [2.15136011e-09]]), 2.068861303325711), (2.235930070174762e-05, array([[ 2.19455964e-07],
       [-1.55111887e-08],
       [-5.37855029e-10]]), 2.0940992962664775), (2.204992225043406e-05, array([[ 1.91840732e-07],
       [-2.47663151e-09],
       [ 1.81304112e-09]]), 2.1028350992491136), (2.1501902309604407e-05, array([[1.44654746e-07],
       [2.45241288e-08],
       [1.47161488e-09]]), 2.097316275109521), (2.105332407973903e-05, array([[ 1.09711152e-07],
       [ 7.57828374e-09],
       [-7.98020501e-10]]), 2.110160962816903), (2.0665412152515716e-05, array([[ 5.04393171e-08],
       [ 9.55149652e-09],
       [-1.64141479e-09]]), 2.138843106741805), (2.0041298929230348e-05, array([[-2.80481842e-09],
       [-2.69354137e-08],
       [-1.14688578e-09]]), 2.153150979413961)]