[(2.0166656584877962e-05, Vec([[ 3.77974032e-09],
     [-9.84516467e-09],
     [-8.98101069e-10]]), 2.166618866899089), (2.0529335268155e-05, Vec([[-7.58763838e-08],
     [ 2.09897220e-08],
     [ 3.05004745e-09]]), 2.124759327335238), (2.1267605854301943e-05, Vec([[-1.59557616e-07],
     [ 2.19233755e-08],
     [ 1.99397089e-09]]), 2.131638285543386), (2.1620910536331073e-05, Vec([[-2.30605583e-07],
     [ 4.11671219e-10],
     [ 1.15302713e-09]]), 2.1089244522462134), (2.1914229683454758e-05, Vec([[-2.92549675e-07],
     [-1.58090460e-08],
     [ 6.67319974e-10]]), 2.0898945052048115), (2.2312868093503557e-05, Vec([[-3.51796670e-07],
     [-3.52701885e-09],
     [-2.61498810e-10]]), 2.0897505693744907), (2.2271912047495352e-05, Vec([[-4.05508647e-07],
     [-1.08572942e-08],
     [-3.37438146e-11]]), 2.0573041449389238), (2.228814387719801e-05, Vec([[-4.56666381e-07],
     [-9.89959800e-09],
     [-3.00681827e-10]]), 2.039046271743085), (2.2512897611906387e-05, Vec([[-4.88730026e-07],
     [-9.28448581e-09],
     [-8.24667023e-09]]), 2.0481999159815967), (2.2271507418580885e-05, Vec([[-4.96915890e-07],
     [-1.17426656e-09],
     [ 1.50327425e-10]]), 2.0231787888351973), (2.2061564433712454e-05, Vec([[-5.03291353e-07],
     [ 3.11293681e-09],
     [ 5.93293225e-09]]), 2.0091635144475157), (2.1918620187283256e-05, Vec([[-4.71547165e-07],
     [ 1.20324706e-09],
     [-2.83892538e-09]]), 2.009305629526235), (2.13497057775166e-05, Vec([[-4.30032285e-07],
     [ 1.05599266e-08],
     [ 1.18093154e-09]]), 1.9781595073671523), (2.110874870565771e-05, Vec([[-3.78083616e-07],
     [ 1.47130357e-08],
     [ 4.15884513e-10]]), 1.9851343054133876), (2.0583614544067608e-05, Vec([[-3.51258644e-07],
     [-1.38540360e-08],
     [-1.79379956e-09]]), 1.973256331600561), (1.98708268945685e-05, Vec([[-2.78434498e-07],
     [-1.10558244e-08],
     [-4.61307718e-09]]), 1.950573498468439), (1.9242421951143056e-05, Vec([[-1.97402467e-07],
     [-2.13045770e-08],
     [-3.94882720e-09]]), 1.9432804727491595), (1.863457540071191e-05, Vec([[-1.38258238e-07],
     [ 2.20034916e-08],
     [ 6.20572511e-10]]), 1.9457599014411113), (1.8136818774095338e-05, Vec([[-5.47388295e-08],
     [ 6.52269702e-09],
     [-1.41453858e-09]]), 1.968517541787241), (1.7503479980124963e-05, Vec([[ 1.73757483e-08],
     [-1.29128535e-08],
     [-5.72974761e-10]]), 1.9861509085017448), (1.687512095428121e-05, Vec([[7.33917955e-08],
     [8.10910658e-09],
     [4.58666124e-10]]), 2.014554318121843), (1.6209907088887398e-05, Vec([[ 1.57931149e-07],
     [-4.88470896e-09],
     [-1.34828872e-09]]), 2.05014533258648), (1.5426223946310915e-05, Vec([[ 2.07545859e-07],
     [-1.03079904e-08],
     [-1.13856500e-10]]), 2.0832222627811157), (1.4771644985761528e-05, Vec([[ 2.79893224e-07],
     [-2.10876743e-10],
     [ 8.10053526e-10]]), 2.149091773954052), (1.3909292685944542e-05, Vec([[3.37754147e-07],
     [4.63639758e-09],
     [2.15935866e-10]]), 2.202854518989834), (1.369218894127282e-05, Vec([[ 3.71159727e-07],
     [-2.59872561e-09],
     [-2.11805839e-10]]), 2.2729427642884787), (1.4311051871615824e-05, Vec([[ 3.04177336e-07],
     [-6.72647813e-09],
     [-3.82631392e-10]]), 2.1692792598079125), (1.4982629295690227e-05, Vec([[ 2.45430298e-07],
     [-5.68083846e-09],
     [-4.73957065e-10]]), 2.0975833280076728), (1.594065769817893e-05, Vec([[ 1.82172188e-07],
     [ 1.19368023e-08],
     [-8.39575881e-10]]), 2.081106476909773), (1.6541160990996856e-05, Vec([[ 1.18598393e-07],
     [-2.47228366e-09],
     [ 1.98973968e-09]]), 2.0306472503021813), (1.702616670659509e-05, Vec([[ 3.66865441e-08],
     [-2.31367364e-09],
     [ 3.07538816e-09]]), 1.9800141291293265), (1.791812046804651e-05, Vec([[-2.87821045e-08],
     [ 9.76524309e-10],
     [-6.60286796e-10]]), 1.9870072275604302), (1.8467758461112073e-05, Vec([[-1.14928011e-07],
     [ 3.10571941e-09],
     [-1.26567020e-09]]), 1.9646632967885025), (1.9050450825255188e-05, Vec([[-1.72928305e-07],
     [ 5.82522775e-10],
     [-1.17157319e-09]]), 1.9550093647717077), (1.9850682410171843e-05, Vec([[-2.56027952e-07],
     [ 5.50195927e-09],
     [-5.50851347e-09]]), 1.9752590118313524), (2.0072062682209894e-05, Vec([[-3.04240399e-07],
     [ 7.61640934e-10],
     [-3.73594851e-09]]), 1.9460185682588806), (2.0598999521878193e-05, Vec([[-3.54269785e-07],
     [ 8.46948053e-09],
     [ 1.15634269e-09]]), 1.9547988074526308), (2.1261430885301857e-05, Vec([[-4.35012203e-07],
     [ 1.71712839e-08],
     [-1.69063970e-09]]), 1.9836278192528807), (2.157138993911064e-05, Vec([[-4.71963775e-07],
     [-1.10491994e-08],
     [-2.03362335e-09]]), 1.9870296129943914), (2.207000216107728e-05, Vec([[-4.95059798e-07],
     [ 1.73223520e-08],
     [-2.60593416e-09]]), 2.015520459873962), (2.2472321574616285e-05, Vec([[-5.02683633e-07],
     [ 6.49732468e-09],
     [ 2.75677308e-09]]), 2.042963963504769), (2.231181895283306e-05, Vec([[-4.94187156e-07],
     [ 3.33614502e-08],
     [-1.54191409e-09]]), 2.0273510133326016), (2.2476738197283025e-05, Vec([[-4.70376537e-07],
     [ 2.87072050e-09],
     [ 1.14076516e-09]]), 2.0495568614417876), (2.253268516018524e-05, Vec([[-4.40003629e-07],
     [ 1.63303330e-08],
     [-5.19227539e-10]]), 2.0703143160899065), (2.212254323750174e-05, Vec([[-3.99301657e-07],
     [-4.57224137e-09],
     [-3.45112609e-10]]), 2.056581950956962), (2.2285514695773754e-05, Vec([[-3.33638487e-07],
     [-1.50203122e-08],
     [ 1.91225224e-09]]), 2.105013047918806), (2.1566232659574335e-05, Vec([[-2.79993632e-07],
     [-2.22215289e-08],
     [ 4.20396382e-10]]), 2.0788377835762604), (2.1353774400531724e-05, Vec([[-2.00991073e-07],
     [ 1.64483185e-08],
     [ 4.63189412e-10]]), 2.110118247904661), (2.0699925870497237e-05, Vec([[-1.15641909e-07],
     [ 1.15512023e-08],
     [-7.63875161e-10]]), 2.1069733436555578), (2.0208396683548958e-05, Vec([[-4.13904043e-08],
     [-2.34683068e-08],
     [ 1.03216561e-09]]), 2.129507782509632), (2.032260285512743e-05, Vec([[ 3.65923983e-08],
     [-3.07172152e-08],
     [-1.99775786e-10]]), 2.1415425290061205), (2.0705786053849116e-05, Vec([[1.17187251e-07],
     [3.82738016e-08],
     [4.13597109e-10]]), 2.1075698313042857), (2.1060166251065332e-05, Vec([[ 1.87737201e-07],
     [-1.03889029e-08],
     [ 1.72472146e-10]]), 2.081104739458719), (2.1833571451249465e-05, Vec([[ 2.68019362e-07],
     [-3.83394125e-08],
     [-3.02168419e-09]]), 2.104607420300602), (2.206233328184875e-05, Vec([[3.25343204e-07],
     [7.39265629e-09],
     [2.93419285e-09]]), 2.083932099384366), (2.2132045080636873e-05, Vec([[3.92645112e-07],
     [1.00551285e-08],
     [2.13027419e-09]]), 2.0574652725028963), (2.2307178609984084e-05, Vec([[ 4.42104664e-07],
     [-2.48042439e-09],
     [-7.68277389e-10]]), 2.049594662132355), (2.2230973705457994e-05, Vec([[4.51597591e-07],
     [2.32971477e-08],
     [1.02981902e-09]]), 2.0271466568961984), (2.2280714750358004e-05, Vec([[ 4.84862073e-07],
     [-1.97510888e-09],
     [-3.91559375e-09]]), 2.0245247472832024), (2.2284829451019257e-05, Vec([[ 5.02316079e-07],
     [-1.84928391e-08],
     [-3.07488690e-09]]), 2.025919011087286), (2.184095905184123e-05, Vec([[ 4.77792660e-07],
     [-9.45577936e-09],
     [-6.22063548e-09]]), 1.9946033312987517), (2.1724026161113603e-05, Vec([[ 4.65708876e-07],
     [-1.72238685e-08],
     [-3.53637757e-09]]), 2.0010895643462328), (2.1378523630972395e-05, Vec([[4.34862996e-07],
     [2.71374836e-08],
     [6.65029234e-09]]), 1.9945522217071547), (2.067549629277634e-05, Vec([[ 3.53305404e-07],
     [-8.01868767e-09],
     [ 6.91826295e-09]]), 1.9620581792666283), (2.0282225067760595e-05, Vec([[ 3.15950097e-07],
     [ 4.93226008e-09],
     [-2.54451387e-09]]), 1.9663941475456947), (1.974081718666033e-05, Vec([[ 2.44363309e-07],
     [ 8.21678084e-09],
     [-2.77140338e-09]]), 1.9643267794605002), (1.9146481232791974e-05, Vec([[ 1.53585781e-07],
     [ 8.32846882e-09],
     [-2.94296145e-09]]), 1.9648642678267256), (1.8524823638587892e-05, Vec([[ 1.00163759e-07],
     [-5.44066305e-09],
     [-1.87813724e-09]]), 1.970734085506449), (1.7800685398795542e-05, Vec([[2.81433087e-08],
     [1.26894655e-08],
     [2.64964095e-09]]), 1.973984414604862), (1.7233557259781586e-05, Vec([[-5.46909129e-08],
     [ 1.18509636e-08],
     [ 3.33178650e-10]]), 2.004132078438382), (1.6515336933441353e-05, Vec([[-9.48093845e-08],
     [-1.54649869e-08],
     [-1.71332869e-09]]), 2.027477004181291), (1.584984270062602e-05, Vec([[-1.62076392e-07],
     [-4.09817310e-10],
     [-1.93650259e-09]]), 2.069250273534332), (1.5352234055095958e-05, Vec([[-2.46133784e-07],
     [ 6.67027017e-09],
     [-1.09340882e-09]]), 2.149328369947991), (1.4299211960797662e-05, Vec([[-2.77741467e-07],
     [ 5.57465443e-09],
     [-3.77054975e-10]]), 2.167484557838676), (1.342272749672546e-05, Vec([[-3.61010187e-07],
     [-3.52781730e-09],
     [ 3.06811241e-11]]), 2.228211389103284), (1.3692622005396234e-05, Vec([[-3.31798108e-07],
     [ 6.06469990e-09],
     [ 5.50176646e-11]]), 2.1685397627649707), (1.4735743038471538e-05, Vec([[-2.74799477e-07],
     [ 1.11281318e-09],
     [-8.89104093e-10]]), 2.143868484356706), (1.5600834963216118e-05, Vec([[-2.26408638e-07],
     [ 8.41426823e-09],
     [-7.49008061e-10]]), 2.1068024700314316), (1.6055361648119076e-05, Vec([[-1.65309493e-07],
     [-4.14361674e-09],
     [-2.45631870e-10]]), 2.0305992233875623), (1.6862144190729905e-05, Vec([[-6.99455710e-08],
     [-1.02618446e-08],
     [ 3.72665808e-09]]), 2.013005150259974), (1.7691724522001863e-05, Vec([[-7.91715824e-09],
     [ 2.97780650e-09],
     [ 1.13082098e-09]]), 2.007511350442082), (1.8143531895123617e-05, Vec([[ 5.62874787e-08],
     [-4.93532623e-09],
     [-1.77860092e-09]]), 1.9692461644122392), (1.8592876494390177e-05, Vec([[1.21945843e-07],
     [1.71115132e-08],
     [3.77675729e-10]]), 1.9414058414150548), (1.94304413739708e-05, Vec([[ 2.12393598e-07],
     [-3.37766233e-09],
     [ 2.59546982e-09]]), 1.962268439742422), (1.991837312295353e-05, Vec([[ 2.61159164e-07],
     [ 3.44315837e-09],
     [-1.35927730e-09]]), 1.9552407633755342), (2.0480013859324977e-05, Vec([[ 3.49207715e-07],
     [ 1.25144314e-08],
     [-1.15463098e-09]]), 1.9633246110716471), (2.0955603453425916e-05, Vec([[ 3.94512092e-07],
     [-8.39122921e-09],
     [-3.13414599e-10]]), 1.9707320356173097), (2.119005181069111e-05, Vec([[ 4.37550389e-07],
     [ 2.31542773e-09],
     [-5.29200442e-10]]), 1.963366750237108), (2.1740653643056854e-05, Vec([[ 4.77952882e-07],
     [-6.67544647e-09],
     [ 9.01911392e-10]]), 1.9929912276101458), (2.2063186908331252e-05, Vec([[ 5.00315653e-07],
     [-9.72304016e-09],
     [-5.32264636e-09]]), 2.009311274449623), (2.2441707959987235e-05, Vec([[ 5.01060001e-07],
     [ 2.66979584e-08],
     [-4.73137791e-10]]), 2.038640073908983), (2.2314238456999813e-05, Vec([[4.86008508e-07],
     [1.87150573e-08],
     [2.43494285e-09]]), 2.0301261135149864), (2.2497157939920397e-05, Vec([[ 4.51276152e-07],
     [-1.45862760e-08],
     [-7.81468693e-10]]), 2.058168067962822), (2.248590714846867e-05, Vec([[ 4.18083860e-07],
     [-3.69170689e-08],
     [ 5.97880656e-09]]), 2.077071330050386), (2.198801069942988e-05, Vec([[3.53751147e-07],
     [1.03073344e-08],
     [1.67375130e-10]]), 2.0593254836622408), (2.1987745097327897e-05, Vec([[ 3.03049562e-07],
     [ 4.98306532e-09],
     [-6.59557156e-10]]), 2.096905450226408), (2.1741334997023716e-05, Vec([[ 2.31802492e-07],
     [-2.87771475e-08],
     [-3.86984810e-10]]), 2.1206707702089345), (2.1110006990727664e-05, Vec([[ 1.59454194e-07],
     [ 1.54213627e-08],
     [-8.90693017e-10]]), 2.115842254074), (2.0605574594533805e-05, Vec([[ 7.59702512e-08],
     [-2.29102932e-08],
     [-7.92093610e-10]]), 2.1326499978180964), (1.994443356190668e-05, Vec([[9.56974206e-11],
     [7.36160868e-09],
     [5.28670824e-10]]), 2.1427441808695784)]