[(1.986439391435029e-05, array([[-4.09965366e-09],
       [-1.39804927e-08],
       [-1.15039212e-09]]), 2.134145065306434), (2.0673314344837137e-05, array([[-5.52271287e-08],
       [ 2.63699019e-08],
       [ 6.18191806e-10]]), 2.139660973303096), (2.124548607459821e-05, array([[-1.07321068e-07],
       [ 1.24698730e-09],
       [-3.31564392e-10]]), 2.12942123442784), (2.1624021387593318e-05, array([[-1.55365591e-07],
       [-1.52893941e-08],
       [ 6.92587592e-10]]), 2.1092278876766137), (2.186421039310356e-05, array([[-1.82005947e-07],
       [ 1.75944989e-09],
       [ 1.85543280e-10]]), 2.085124315169881), (2.2096189628482608e-05, array([[-2.08186496e-07],
       [ 8.19951759e-09],
       [ 2.89768157e-09]]), 2.069457169899748), (2.250253528523283e-05, array([[-2.29724560e-07],
       [-1.08931358e-08],
       [ 1.89799944e-09]]), 2.0786073066030304), (2.2793657452060614e-05, array([[-2.49444141e-07],
       [ 1.08026528e-08],
       [-1.52681447e-09]]), 2.085293531085019), (2.2868349890942685e-05, array([[-2.50651550e-07],
       [ 1.23824929e-09],
       [ 9.79649129e-11]]), 2.0805385931527027), (2.239056909092699e-05, array([[-2.41779514e-07],
       [-1.95874469e-08],
       [-6.17718807e-09]]), 2.033994538551938), (2.2121557179182953e-05, array([[-2.18220990e-07],
       [ 1.78077047e-08],
       [-3.79372173e-09]]), 2.014627099575081), (2.2075334244815824e-05, array([[-1.82613013e-07],
       [ 7.21426999e-09],
       [-2.31934174e-09]]), 2.023671791051712), (2.1810516672739816e-05, array([[-1.50391697e-07],
       [ 1.71865687e-08],
       [-9.89045673e-10]]), 2.0208559952243355), (2.136006066720032e-05, array([[-1.03157962e-07],
       [-2.08632370e-09],
       [-5.42255572e-10]]), 2.0087684868220306), (2.0890386836528225e-05, array([[-2.65180333e-08],
       [ 1.14873378e-08],
       [ 8.89263881e-09]]), 2.002665178485133), (2.0341749191307124e-05, array([[9.45596768e-09],
       [2.58033437e-09],
       [1.89596243e-09]]), 1.996800490265511), (1.9965407181157216e-05, array([[ 9.66134955e-08],
       [-6.71557312e-09],
       [ 3.51618106e-09]]), 2.0162943107753613), (1.949116141057244e-05, array([[ 1.70577567e-07],
       [ 1.15781580e-08],
       [-1.22745138e-09]]), 2.0352017413693977), (1.865189394160937e-05, array([[ 2.41642048e-07],
       [-1.19965305e-08],
       [-2.84163148e-09]]), 2.0244223018898557), (1.808720247013367e-05, array([[ 3.03516687e-07],
       [-4.87921035e-09],
       [-1.09107005e-09]]), 2.052386934432596), (1.738022570775346e-05, array([[ 3.69067619e-07],
       [ 7.66137423e-09],
       [-1.58650683e-10]]), 2.074853794787415), (1.6651037177036372e-05, array([[ 4.46720135e-07],
       [-1.23203646e-09],
       [ 1.64377827e-09]]), 2.10593718792056), (1.5960723574867544e-05, array([[ 5.11346076e-07],
       [-9.38718872e-09],
       [ 3.62667679e-11]]), 2.1554033441353564), (1.5046689567485318e-05, array([[ 5.66989952e-07],
       [-1.26999433e-09],
       [ 5.40475111e-10]]), 2.1891073611566285), (1.413059974498044e-05, array([[ 6.09554761e-07],
       [ 1.04259444e-08],
       [-6.62960485e-10]]), 2.237903551754397), (1.3611781872750655e-05, array([[ 6.31470903e-07],
       [-2.78683325e-09],
       [ 3.07704835e-10]]), 2.2595949595379756), (1.4382725306892953e-05, array([[ 5.68661915e-07],
       [ 3.06495921e-09],
       [-1.05982524e-09]]), 2.1801435692954794), (1.533301516470161e-05, array([[ 5.31543953e-07],
       [ 1.11427993e-09],
       [-1.53328562e-10]]), 2.1466377057609263), (1.610075197714381e-05, array([[ 4.70530879e-07],
       [-4.63164228e-09],
       [-1.43817301e-09]]), 2.1020073234857644), (1.7024101851825586e-05, array([[ 4.12706156e-07],
       [ 1.87543567e-09],
       [-9.85439873e-10]]), 2.0899346565268235), (1.757803074072393e-05, array([[3.27477740e-07],
       [4.15897293e-09],
       [5.19563440e-10]]), 2.0441917331527937), (1.8343040383140344e-05, array([[ 2.62238804e-07],
       [-1.25450499e-08],
       [-2.54559963e-10]]), 2.034128182234862), (1.895408604193105e-05, array([[ 2.02157525e-07],
       [-3.53903222e-09],
       [-5.52371139e-09]]), 2.0164004878646655), (1.956214323143718e-05, array([[ 1.01305621e-07],
       [ 1.26906797e-08],
       [-2.60587939e-09]]), 2.007520638921828), (2.0179094205459485e-05, array([[ 4.10403126e-08],
       [-7.53533953e-10],
       [ 1.88646773e-10]]), 2.007937906432035), (2.0814280777576063e-05, array([[ 9.27624396e-10],
       [ 6.46992489e-09],
       [-1.32919996e-09]]), 2.0179777992631007), (2.116980279805678e-05, array([[-7.13600953e-08],
       [-1.53862886e-08],
       [ 2.39308853e-09]]), 2.0089667568415743), (2.1571543972117e-05, array([[-1.16023981e-07],
       [ 5.30967593e-09],
       [-7.05288527e-09]]), 2.012560441400441), (2.1989268625590754e-05, array([[-1.83512559e-07],
       [-9.46897619e-09],
       [ 4.94095632e-09]]), 2.0255221406905193), (2.2257373724683776e-05, array([[-1.94355248e-07],
       [ 1.74846837e-08],
       [-5.21830855e-09]]), 2.032631977004372), (2.232278927031538e-05, array([[-2.25685570e-07],
       [ 3.72090738e-09],
       [ 6.98431858e-10]]), 2.0293699470587048), (2.255779942999315e-05, array([[-2.43481566e-07],
       [ 8.71963558e-10],
       [ 3.32366061e-09]]), 2.049701892509452), (2.23574916159625e-05, array([[-2.62923676e-07],
       [-1.34862872e-09],
       [-3.05895697e-09]]), 2.0386832797501833), (2.255803450396713e-05, array([[-2.58212868e-07],
       [-2.99800096e-09],
       [ 2.91523747e-09]]), 2.072643426400642), (2.2130899162907213e-05, array([[-2.33868470e-07],
       [-1.01379406e-08],
       [ 2.51928338e-09]]), 2.0573587443476655), (2.198524303817482e-05, array([[-2.14333398e-07],
       [ 1.03265628e-08],
       [-1.72404221e-09]]), 2.0766504201852927), (2.1500220874140444e-05, array([[-1.69814905e-07],
       [ 1.11158521e-08],
       [-1.72114527e-09]]), 2.072474697547862), (2.1141051848805366e-05, array([[-1.24651314e-07],
       [-1.37469799e-08],
       [ 2.81992495e-09]]), 2.089097620369725), (2.0735148940364386e-05, array([[-8.19252200e-08],
       [ 7.31933561e-09],
       [ 2.35501168e-09]]), 2.110558577233499), (2.0042961128249768e-05, array([[-3.05459608e-08],
       [ 2.17208243e-08],
       [-4.23232162e-10]]), 2.1120746180666448), (2.0223495486554692e-05, array([[ 2.34681716e-08],
       [ 3.72073648e-08],
       [-8.62518475e-11]]), 2.1310988547263343), (2.0610543868727507e-05, array([[ 7.35969589e-08],
       [-4.57311449e-11],
       [ 8.18838435e-10]]), 2.0978754610684613), (2.1381941279107505e-05, array([[ 1.33574378e-07],
       [ 2.32465011e-08],
       [-1.45993209e-09]]), 2.112901617409013), (2.1702526951333266e-05, array([[ 1.60900620e-07],
       [-8.07047643e-09],
       [ 9.91247904e-10]]), 2.0919756240079517), (2.2041608965851017e-05, array([[2.06288438e-07],
       [5.74647643e-09],
       [1.14616591e-09]]), 2.081974551794375), (2.203512355179285e-05, array([[ 2.30493031e-07],
       [ 9.73012808e-09],
       [-2.18558384e-09]]), 2.048455139050344), (2.230607704135369e-05, array([[ 2.32503159e-07],
       [ 1.44339005e-08],
       [-1.59279520e-10]]), 2.0494934494588786), (2.2363944433469932e-05, array([[ 2.59066592e-07],
       [-2.05186030e-08],
       [-7.18218599e-10]]), 2.0392716843612924), (2.2551867421081467e-05, array([[ 2.59685847e-07],
       [-3.55138413e-09],
       [ 6.40126867e-10]]), 2.049162883820665), (2.238112392809985e-05, array([[2.34571541e-07],
       [9.26886538e-09],
       [3.72112953e-09]]), 2.0346731643200515), (2.2247857090378907e-05, array([[ 2.37513367e-07],
       [-1.23484259e-09],
       [-7.55450887e-11]]), 2.0317628800731344), (2.1910929498298522e-05, array([[ 1.65247958e-07],
       [-1.00236765e-08],
       [-6.82326053e-09]]), 2.018306000876386), (2.1456168930819965e-05, array([[ 1.25861364e-07],
       [-1.88716836e-08],
       [-1.70721900e-09]]), 2.0017962956193363), (2.1121711900841567e-05, array([[ 9.64902085e-08],
       [ 8.72963748e-09],
       [-8.41125204e-10]]), 2.0044030386655627), (2.0622759201244816e-05, array([[ 6.08005844e-09],
       [ 3.68559212e-09],
       [-1.07245929e-09]]), 1.9994094762330448), (2.041209396369397e-05, array([[-6.82399839e-08],
       [ 4.49949140e-09],
       [ 5.74635621e-10]]), 2.031122745255075), (1.9532135550035157e-05, array([[-1.17464649e-07],
       [-1.84484776e-08],
       [ 7.25745748e-11]]), 2.004441168588335), (1.9162235950812593e-05, array([[-2.07860310e-07],
       [-9.10291059e-09],
       [-9.58499362e-10]]), 2.0385441869535716), (1.8321693051881932e-05, array([[-2.74679447e-07],
       [-4.01714327e-09],
       [ 2.56081056e-09]]), 2.031760897029071), (1.7624731027903273e-05, array([[-3.30054089e-07],
       [ 8.35773349e-09],
       [ 2.48929648e-09]]), 2.0496226225621914), (1.693492902726284e-05, array([[-3.99382915e-07],
       [-6.78293115e-09],
       [ 6.00072786e-10]]), 2.0789875077082742), (1.615866156011381e-05, array([[-4.58475530e-07],
       [ 3.01703802e-09],
       [-5.87668576e-10]]), 2.1095676143141513), (1.5357987177769497e-05, array([[-5.22856474e-07],
       [ 8.14987619e-09],
       [-4.17221047e-10]]), 2.1501338129690954), (1.4573847740727244e-05, array([[-5.87462117e-07],
       [ 1.00518391e-08],
       [ 1.50447663e-10]]), 2.209114041593398), (1.375551017754962e-05, array([[-6.39097826e-07],
       [ 6.28100778e-09],
       [ 1.90207640e-10]]), 2.2834542717208155), (1.4270925174821718e-05, array([[-6.14424953e-07],
       [-3.48480057e-10],
       [ 1.18156075e-10]]), 2.260127291971425), (1.505298688103724e-05, array([[-5.61690288e-07],
       [-7.14420764e-10],
       [-1.05895696e-09]]), 2.190023542446222), (1.5760343597035428e-05, array([[-4.90585303e-07],
       [ 2.16176518e-09],
       [-6.50777415e-10]]), 2.128343187852896), (1.684361169631294e-05, array([[-4.48266958e-07],
       [ 1.63533009e-09],
       [ 5.99821682e-10]]), 2.130293018568139), (1.730336107035862e-05, array([[-3.74902033e-07],
       [-9.12761678e-09],
       [ 1.03815638e-09]]), 2.0656776835409145), (1.7994539411447818e-05, array([[-3.24580005e-07],
       [ 3.85542274e-09],
       [ 2.70195291e-09]]), 2.0418722928640385), (1.8627317678923802e-05, array([[-2.38247458e-07],
       [ 5.37359945e-09],
       [-1.91895284e-10]]), 2.0217548658410793), (1.943047971716043e-05, array([[-1.78599148e-07],
       [-5.54910389e-10],
       [ 9.78061342e-10]]), 2.028865562344459), (1.9873833467012903e-05, array([[-9.90092338e-08],
       [-8.84772311e-09],
       [ 1.16334660e-09]]), 2.0070463371592755), (2.052184535446756e-05, array([[-2.45420113e-08],
       [ 3.59639765e-08],
       [-2.64658291e-09]]), 2.014479211181379), (2.0980420626414876e-05, array([[ 6.26414273e-08],
       [-1.76205343e-08],
       [ 1.77331056e-09]]), 2.0112963032844955), (2.1396519809657638e-05, array([[ 9.06202827e-08],
       [-8.81169493e-09],
       [-1.72851836e-09]]), 2.0121972212982997), (2.1715025731983386e-05, array([[ 1.26271595e-07],
       [-1.05122702e-08],
       [-1.25546020e-09]]), 2.0120082708438116), (2.2097819764359634e-05, array([[1.98298568e-07],
       [2.45894636e-09],
       [3.54987777e-09]]), 2.0257330650103893), (2.2242103319190946e-05, array([[ 2.14639510e-07],
       [-1.55222133e-08],
       [ 8.34071798e-10]]), 2.025605328568735), (2.2583181533150322e-05, array([[ 2.51700886e-07],
       [-2.32282754e-08],
       [ 1.29212864e-09]]), 2.0514917559718446), (2.26567170386794e-05, array([[ 2.47284885e-07],
       [ 1.32513055e-08],
       [-4.31764494e-09]]), 2.0612844572481652), (2.2586389027958228e-05, array([[2.50714743e-07],
       [2.07465241e-08],
       [4.84510622e-10]]), 2.0663314358228644), (2.236438771760613e-05, array([[ 2.38082210e-07],
       [-1.25071151e-08],
       [ 1.16984274e-09]]), 2.0658463203488844), (2.2213750135205842e-05, array([[ 2.11809903e-07],
       [-2.10409975e-08],
       [ 5.73691120e-10]]), 2.0804675041531175), (2.2140515061603185e-05, array([[ 1.87162554e-07],
       [-1.12299592e-08],
       [ 9.39454640e-10]]), 2.1114746645456455), (2.1499248475012625e-05, array([[ 1.55579604e-07],
       [-3.49147411e-09],
       [ 2.94065581e-10]]), 2.0970574175256362), (2.116006269203458e-05, array([[ 1.02575627e-07],
       [-2.52275647e-08],
       [ 2.62752366e-10]]), 2.120859304420265), (2.0563660080435768e-05, array([[ 5.46177209e-08],
       [-6.83011846e-09],
       [ 1.39534657e-09]]), 2.128311900475087), (1.9916352571201316e-05, array([[ 1.68872654e-09],
       [-6.53571540e-09],
       [ 7.91443982e-10]]), 2.1397272799763947)]