[(2.024801079173684e-05, Vec([[-2.44172206e-09],
     [ 7.16552844e-09],
     [-1.04568496e-09]]), 2.175359213061092), (2.0733916239601198e-05, Vec([[-9.23497902e-08],
     [-3.61039740e-08],
     [-4.62796222e-10]]), 2.1459331900832392), (2.1114927256634216e-05, Vec([[-1.59832632e-07],
     [-9.56011774e-09],
     [ 9.14545356e-10]]), 2.116335409121789), (2.1436135138023218e-05, Vec([[-2.28753870e-07],
     [ 1.30610335e-09],
     [ 1.99006712e-09]]), 2.090901281806182), (2.1878637259141997e-05, Vec([[-3.13665498e-07],
     [-9.00612817e-09],
     [-9.68646886e-10]]), 2.0865001622106654), (2.2241516661149443e-05, Vec([[-3.62646866e-07],
     [-1.15453756e-08],
     [-1.70830871e-09]]), 2.083068026558262), (2.246834518263152e-05, Vec([[-4.13487622e-07],
     [ 6.53675784e-09],
     [ 1.21342987e-09]]), 2.0754490937092487), (2.22472894254848e-05, Vec([[-4.62209635e-07],
     [-1.94511159e-08],
     [-3.11990483e-09]]), 2.035308673946296), (2.265687117111533e-05, Vec([[-4.91066845e-07],
     [ 2.16188976e-08],
     [ 8.46790388e-11]]), 2.061298480056235), (2.2215034680345282e-05, Vec([[-4.94447982e-07],
     [ 2.24265094e-08],
     [ 5.28294766e-09]]), 2.0180487164068537), (2.21325725509759e-05, Vec([[-4.96329701e-07],
     [ 1.14902882e-09],
     [-2.39762085e-09]]), 2.0156302778932353), (2.1693393037352485e-05, Vec([[-4.81413189e-07],
     [-2.96004897e-09],
     [-7.02752538e-09]]), 1.9886587924347012), (2.1316196479137736e-05, Vec([[-4.47245996e-07],
     [-1.28990922e-08],
     [ 2.77483900e-09]]), 1.975054699372882), (2.1165938531278e-05, Vec([[-4.01206562e-07],
     [ 2.16891407e-08],
     [ 9.35337268e-09]]), 1.990512619701104), (2.036189110151351e-05, Vec([[-3.48888132e-07],
     [-5.35902386e-09],
     [-2.04496197e-09]]), 1.9520007262768475), (2.019711415447991e-05, Vec([[-2.81853664e-07],
     [ 3.59560080e-09],
     [ 3.44500722e-09]]), 1.9826027283262586), (1.9272190494360264e-05, Vec([[-2.11375895e-07],
     [ 4.30375125e-09],
     [ 9.73351959e-10]]), 1.9462867797973609), (1.8881243788130157e-05, Vec([[-1.45981360e-07],
     [ 1.61182248e-08],
     [-1.99991070e-10]]), 1.9715161876387153), (1.8108517738738925e-05, Vec([[-5.75397059e-08],
     [ 1.49832258e-09],
     [ 2.64607362e-10]]), 1.9654458297497686), (1.725719225094882e-05, Vec([[ 2.38015768e-08],
     [-8.34832076e-10],
     [-3.81362515e-11]]), 1.9582042031830615), (1.6733444876899297e-05, Vec([[8.03259673e-08],
     [1.06315378e-09],
     [1.06769702e-10]]), 1.997641008034315), (1.6107084175800163e-05, Vec([[ 1.44601681e-07],
     [-2.13387929e-09],
     [ 1.14554731e-09]]), 2.0371408215678293), (1.5470444154288427e-05, Vec([[2.22981580e-07],
     [1.48866232e-08],
     [1.24833230e-09]]), 2.089193945938587), (1.4700834627861291e-05, Vec([[ 2.71228298e-07],
     [ 2.40909883e-09],
     [-1.98965364e-10]]), 2.1387897420665523), (1.380321033069746e-05, Vec([[ 3.44870963e-07],
     [-1.19895796e-08],
     [-6.73548316e-10]]), 2.186053952568706), (1.3442234224292754e-05, Vec([[ 3.56817081e-07],
     [ 7.05604827e-09],
     [-2.09374774e-10]]), 2.231449562011152), (1.4264558965666951e-05, Vec([[ 3.03986264e-07],
     [-9.72545434e-10],
     [ 5.43145490e-10]]), 2.1622318325811882), (1.5109740155197855e-05, Vec([[ 2.52523861e-07],
     [-5.99250761e-09],
     [ 5.49629696e-10]]), 2.115378977519513), (1.587356441668647e-05, Vec([[ 1.66222049e-07],
     [ 7.68304923e-09],
     [-6.69238852e-10]]), 2.072347223351055), (1.6555626356591268e-05, Vec([[ 9.29538487e-08],
     [-5.30584726e-09],
     [-7.15327822e-10]]), 2.03242306609195), (1.73392919252614e-05, Vec([[ 4.39974944e-08],
     [-1.52685788e-09],
     [ 7.56961744e-10]]), 2.0164282185617908), (1.8102642906487376e-05, Vec([[-3.39607064e-08],
     [ 1.65387451e-08],
     [ 5.64465498e-10]]), 2.0074696091747812), (1.8447897060043687e-05, Vec([[-1.23571120e-07],
     [-1.25970328e-08],
     [ 2.89329524e-09]]), 1.9625503730255012), (1.9083659028497447e-05, Vec([[-1.81679826e-07],
     [-3.44380209e-09],
     [ 4.72093403e-10]]), 1.9584172814095537), (1.963170060552631e-05, Vec([[-2.61536767e-07],
     [-1.15934234e-09],
     [-7.37824860e-10]]), 1.9534690413852211), (2.0303682086142876e-05, Vec([[-3.37486579e-07],
     [ 6.32120773e-09],
     [-6.77564937e-09]]), 1.9684744397833418), (2.092741145131599e-05, Vec([[-3.85762209e-07],
     [-1.10035338e-08],
     [ 2.72560116e-09]]), 1.9859643622329186), (2.1357641218220494e-05, Vec([[-4.23143981e-07],
     [ 1.41826456e-08],
     [-4.12355609e-09]]), 1.9926039551445118), (2.1554231983416523e-05, Vec([[-4.64437612e-07],
     [ 2.69702939e-09],
     [-2.97886012e-10]]), 1.9854491229954208), (2.220245814976535e-05, Vec([[-4.89358474e-07],
     [-2.40130575e-08],
     [ 5.28709258e-09]]), 2.027616868079325), (2.2342932619095205e-05, Vec([[-5.09966327e-07],
     [-6.56234529e-09],
     [-1.26572111e-09]]), 2.031201183565572), (2.238188501889373e-05, Vec([[-4.86636641e-07],
     [ 4.17113004e-09],
     [ 2.90626327e-09]]), 2.0337175274356705), (2.2454757403224783e-05, Vec([[-4.78896200e-07],
     [ 1.57265291e-09],
     [ 2.13523984e-10]]), 2.0475525275884237), (2.2402514279661005e-05, Vec([[-4.36663132e-07],
     [-4.40169862e-09],
     [-4.83933208e-09]]), 2.0583541508645227), (2.223543048891153e-05, Vec([[-3.76586032e-07],
     [-2.14493917e-10],
     [-1.99475935e-09]]), 2.0670763087371724), (2.193972354448504e-05, Vec([[-3.35817864e-07],
     [ 2.89700885e-08],
     [-3.64401084e-09]]), 2.0723508054149042), (2.1726048487894352e-05, Vec([[-2.67976802e-07],
     [ 4.71447864e-09],
     [ 2.20072091e-09]]), 2.0942429397558073), (2.1303078155447435e-05, Vec([[-2.04836520e-07],
     [ 5.04815533e-09],
     [-1.54472462e-09]]), 2.105108591539183), (2.095450626519639e-05, Vec([[-1.21681198e-07],
     [ 1.43936742e-08],
     [ 6.49816679e-10]]), 2.1328861951703026), (2.018477403037038e-05, Vec([[-3.76059806e-08],
     [ 9.60606491e-09],
     [-1.80257104e-09]]), 2.1270184893422894), (2.0308969996272543e-05, Vec([[4.21490145e-08],
     [2.77033106e-08],
     [1.16163429e-09]]), 2.140105934134991), (2.0747492162159364e-05, Vec([[ 1.22636672e-07],
     [-2.07763581e-08],
     [ 2.55375578e-10]]), 2.111814950780899), (2.1259533583953457e-05, Vec([[ 1.95802112e-07],
     [-1.06030021e-08],
     [-1.40317767e-09]]), 2.100805642880872), (2.1723079098331958e-05, Vec([[ 2.60999022e-07],
     [-8.52083768e-09],
     [-1.25770593e-09]]), 2.093956710848148), (2.198390958509979e-05, Vec([[ 3.37055992e-07],
     [-1.84938011e-08],
     [-3.80565645e-09]]), 2.076524466795387), (2.2267564755152066e-05, Vec([[ 3.93743141e-07],
     [-3.04282071e-08],
     [-3.11774320e-09]]), 2.070063612287585), (2.2031076651384275e-05, Vec([[ 4.26788287e-07],
     [ 6.72874752e-10],
     [-2.43715807e-09]]), 2.024226276894377), (2.2444869279115643e-05, Vec([[ 4.71625569e-07],
     [-1.09965024e-09],
     [ 4.19432453e-09]]), 2.0466508721775356), (2.2250958232080657e-05, Vec([[ 4.96456385e-07],
     [-4.85481053e-09],
     [-9.62376110e-10]]), 2.0218209378084855), (2.2193923500412863e-05, Vec([[4.83156853e-07],
     [3.88608048e-09],
     [3.36598151e-09]]), 2.017654730045367), (2.1744868205944496e-05, Vec([[ 4.89571847e-07],
     [ 5.40219960e-09],
     [-4.77236604e-10]]), 1.9858279327057677), (2.1486363776479707e-05, Vec([[ 4.64132548e-07],
     [-1.56054525e-09],
     [-4.18568814e-10]]), 1.9791975028010376), (2.1275580177848244e-05, Vec([[ 4.15377057e-07],
     [-1.98194444e-08],
     [-8.44789878e-09]]), 1.9849479058674249), (2.071476746012525e-05, Vec([[ 3.69146004e-07],
     [-7.28347982e-09],
     [-2.31892860e-09]]), 1.965784924879656), (2.0272306236557937e-05, Vec([[3.34622213e-07],
     [9.13802115e-09],
     [3.55901963e-10]]), 1.9654325010023674), (1.9637741066641183e-05, Vec([[ 2.63960037e-07],
     [-1.57419657e-08],
     [ 4.53075482e-10]]), 1.954070102598444), (1.8930024686421988e-05, Vec([[1.87374201e-07],
     [4.32799642e-09],
     [3.13889119e-10]]), 1.9426509050511602), (1.8503141977663854e-05, Vec([[ 1.06107908e-07],
     [-1.05814040e-09],
     [-2.72320848e-10]]), 1.968427516275507), (1.7923413307498304e-05, Vec([[ 1.49081633e-08],
     [-1.15463049e-08],
     [ 1.49083837e-09]]), 1.987594170273747), (1.7348116261151338e-05, Vec([[-5.69088638e-08],
     [ 1.66868859e-08],
     [-6.15636655e-10]]), 2.0174544219370625), (1.6425845783010973e-05, Vec([[-8.72618905e-08],
     [ 1.25433998e-09],
     [ 7.94869071e-10]]), 2.016490776633736), (1.5922357239541088e-05, Vec([[-1.65006653e-07],
     [-6.45196560e-09],
     [-9.33732680e-11]]), 2.0787172904832945), (1.507172998117402e-05, Vec([[-2.32597763e-07],
     [ 7.07996940e-09],
     [ 1.56646823e-09]]), 2.1100575145270315), (1.4301965624427536e-05, Vec([[-3.00393633e-07],
     [-3.89501856e-09],
     [ 1.74692151e-10]]), 2.1679019600991363), (1.3468605625459193e-05, Vec([[-3.58745612e-07],
     [-3.28011303e-09],
     [-2.74417407e-10]]), 2.2358272904899574), (1.3925223009697898e-05, Vec([[-3.42223803e-07],
     [ 2.11850662e-09],
     [-8.19980820e-10]]), 2.2053774499872167), (1.4667095661188139e-05, Vec([[-2.75028419e-07],
     [-1.12250757e-08],
     [ 5.01488078e-10]]), 2.133881139415403), (1.5471573169190124e-05, Vec([[-2.09190635e-07],
     [-4.31895978e-10],
     [ 9.31510034e-10]]), 2.0893464128667505), (1.6342067752566046e-05, Vec([[-1.36449357e-07],
     [-5.57773401e-10],
     [ 2.59998625e-11]]), 2.066860330785208), (1.6928508562325723e-05, Vec([[-6.82838591e-08],
     [-1.79203457e-08],
     [-2.34942878e-10]]), 2.0209277382953434), (1.7484184011491612e-05, Vec([[-2.51466903e-08],
     [ 8.92941487e-09],
     [-1.06639499e-09]]), 1.9839613607275275), (1.82498074540583e-05, Vec([[ 6.33189110e-08],
     [ 1.37964385e-08],
     [-6.19300525e-10]]), 1.9807810043768406), (1.8721077897088654e-05, Vec([[ 1.34239570e-07],
     [-8.85822077e-09],
     [ 7.68053883e-10]]), 1.954792202161953), (1.924589669459114e-05, Vec([[ 1.88802582e-07],
     [-1.66537361e-08],
     [ 2.43342764e-09]]), 1.943631384973599), (1.9961010570013266e-05, Vec([[ 2.33459156e-07],
     [-2.44165916e-09],
     [ 5.61543442e-09]]), 1.9594261691826678), (2.049253493145599e-05, Vec([[ 3.53736067e-07],
     [ 1.59726307e-08],
     [-1.35270829e-09]]), 1.9645249485929337), (2.1187617228009384e-05, Vec([[ 4.01609149e-07],
     [ 1.19314500e-08],
     [-3.85686337e-09]]), 1.992551353743478), (2.1335024603088804e-05, Vec([[4.36248775e-07],
     [8.61106882e-09],
     [2.40902611e-09]]), 1.9767992214186583), (2.1698222414622687e-05, Vec([[ 4.81670912e-07],
     [-7.08408446e-11],
     [-2.87202266e-09]]), 1.989101507115333), (2.221598440997719e-05, Vec([[ 4.81184677e-07],
     [-1.54083482e-09],
     [-1.91023634e-09]]), 2.0232266595678525), (2.2112942616680692e-05, Vec([[ 4.92733584e-07],
     [-1.50516017e-08],
     [-5.16372049e-09]]), 2.008774512652586), (2.2281664373534017e-05, Vec([[ 4.75273623e-07],
     [ 1.18398177e-08],
     [-9.59345116e-10]]), 2.0271625574162577), (2.2510597181948596e-05, Vec([[ 4.51851948e-07],
     [-7.09048511e-10],
     [-1.50010840e-09]]), 2.0593975663231894), (2.235637013129107e-05, Vec([[ 4.19524325e-07],
     [ 1.12457080e-08],
     [-1.14828517e-09]]), 2.0651057187551283), (2.2197062481518092e-05, Vec([[ 3.68677754e-07],
     [-7.37834720e-09],
     [-3.18628564e-09]]), 2.078904592847885), (2.195369501682205e-05, Vec([[ 2.99736720e-07],
     [ 5.27843370e-09],
     [-5.19133131e-10]]), 2.0936581959455665), (2.147683960495978e-05, Vec([[2.32614402e-07],
     [1.27875557e-08],
     [1.76225232e-09]]), 2.0948716347427023), (2.1215552638010897e-05, Vec([[ 1.56600882e-07],
     [ 9.87733577e-09],
     [-2.12447534e-10]]), 2.1264210255710223), (2.053032143184866e-05, Vec([[ 8.38650313e-08],
     [-1.08208327e-09],
     [ 3.80601110e-10]]), 2.124861393986643), (1.9978224910669804e-05, Vec([[ 2.15429675e-09],
     [-5.28905762e-09],
     [-5.36728350e-10]]), 2.1463745780779613)]