[(1.9946147762986737e-05, Vec([[3.69047348e-09],
     [6.02405794e-08],
     [7.62717355e-10]]), 2.142928347262559), (2.0607435832224163e-05, Vec([[-8.61577388e-08],
     [-1.53564060e-08],
     [-5.46630395e-11]]), 2.1328426334826864), (2.110577736374263e-05, Vec([[-1.56933158e-07],
     [-5.70858047e-09],
     [-2.48490814e-09]]), 2.1154183213155764), (2.1800627091748142e-05, Vec([[-2.35249821e-07],
     [ 3.14855644e-09],
     [ 2.91326262e-10]]), 2.126454178274895), (2.182075265173169e-05, Vec([[-2.99665730e-07],
     [ 5.46038278e-09],
     [-6.81371979e-10]]), 2.080979880425261), (2.2129299006169374e-05, Vec([[-3.54687306e-07],
     [-4.66182251e-09],
     [-6.14558499e-10]]), 2.072558086401499), (2.243195310950148e-05, Vec([[-4.07687552e-07],
     [ 4.84655935e-09],
     [ 2.19439250e-09]]), 2.072087480088753), (2.251072706827248e-05, Vec([[-4.61409366e-07],
     [-3.79196527e-09],
     [-1.95018541e-09]]), 2.0594094490634447), (2.2676530724782658e-05, Vec([[-4.75932522e-07],
     [ 1.50027472e-08],
     [ 6.48744296e-10]]), 2.0630870857196997), (2.241586646877445e-05, Vec([[-5.00575337e-07],
     [ 1.37811201e-08],
     [ 6.39194936e-09]]), 2.036292592173195), (2.2145857854546526e-05, Vec([[-5.00971344e-07],
     [-4.40115556e-09],
     [ 1.47409719e-09]]), 2.0168401806312155), (2.17364360312942e-05, Vec([[-4.77558494e-07],
     [ 3.25338382e-08],
     [ 5.11314296e-09]]), 1.9926045941913706), (2.1399045815315263e-05, Vec([[-4.37403542e-07],
     [ 5.18300102e-09],
     [ 6.76750152e-09]]), 1.982731114389862), (2.0975066780968035e-05, Vec([[-3.87837788e-07],
     [-2.37114760e-09],
     [-1.99158505e-09]]), 1.9725624292488841), (2.046689178515539e-05, Vec([[-3.28696348e-07],
     [ 5.78468029e-09],
     [-5.67987759e-09]]), 1.9620666582527473), (1.9784162981784114e-05, Vec([[-2.73565816e-07],
     [ 2.47673271e-08],
     [ 5.13304103e-09]]), 1.942066337068074), (1.9137753486964483e-05, Vec([[-2.20542827e-07],
     [ 8.45617617e-09],
     [ 2.04216915e-09]]), 1.9327100683028116), (1.8777263360865498e-05, Vec([[-1.21088695e-07],
     [ 7.09289411e-10],
     [-4.12312752e-09]]), 1.9606588999594607), (1.8115903051752624e-05, Vec([[-5.96999950e-08],
     [ 1.03088068e-08],
     [ 1.37535519e-09]]), 1.9662474101371639), (1.745945711165038e-05, Vec([[ 2.36520507e-08],
     [ 8.70085655e-09],
     [-1.22008507e-09]]), 1.9811555555596485), (1.6833967920354164e-05, Vec([[7.79355790e-08],
     [1.35408306e-08],
     [9.38597199e-10]]), 2.0096414631309867), (1.614817976371501e-05, Vec([[ 1.71821734e-07],
     [-4.60807706e-09],
     [ 1.97649287e-09]]), 2.04233837928926), (1.5606241599563014e-05, Vec([[2.06153164e-07],
     [5.18725522e-09],
     [2.39413604e-10]]), 2.107532604978505), (1.4532895553521681e-05, Vec([[2.54698653e-07],
     [5.80820129e-09],
     [1.06340118e-09]]), 2.1143566824082267), (1.3944651625923963e-05, Vec([[ 3.29600651e-07],
     [ 1.85656645e-10],
     [-4.74972377e-10]]), 2.2084544155826396), (1.3585092204411176e-05, Vec([[ 3.63904824e-07],
     [ 7.37423824e-09],
     [-4.17574542e-11]]), 2.2551643977926137), (1.4366311544324494e-05, Vec([[ 3.10430123e-07],
     [-1.21796829e-08],
     [ 4.31757365e-10]]), 2.1776555596764386), (1.5258535322468867e-05, Vec([[ 2.60157307e-07],
     [-9.11608497e-09],
     [-3.26952203e-10]]), 2.136210452155648), (1.5865408203677767e-05, Vec([[1.71565756e-07],
     [2.38507348e-10],
     [1.48634442e-09]]), 2.071282402310364), (1.6326589275115973e-05, Vec([[ 1.10159787e-07],
     [-2.10469391e-09],
     [ 2.10770179e-09]]), 2.0043057217309226), (1.7413774995084374e-05, Vec([[ 3.26009993e-08],
     [ 1.26939137e-08],
     [-2.42694250e-09]]), 2.0250900349983283), (1.782451279568628e-05, Vec([[-2.68059068e-08],
     [ 2.89454345e-09],
     [ 2.70502957e-10]]), 1.9766267235412405), (1.8441108570100594e-05, Vec([[-9.77258816e-08],
     [ 1.73067329e-08],
     [-8.74383587e-10]]), 1.961828190251674), (1.9239822122441247e-05, Vec([[-1.70999514e-07],
     [ 3.89517801e-09],
     [ 1.27851332e-09]]), 1.974443165200562), (1.956873448053907e-05, Vec([[-2.57776854e-07],
     [ 3.57744315e-09],
     [-1.68988494e-09]]), 1.9472035436430672), (1.9979755035217175e-05, Vec([[-3.15082583e-07],
     [-6.82662976e-10],
     [-3.81618304e-09]]), 1.9370691943014484), (2.07068617343745e-05, Vec([[-3.64709983e-07],
     [ 1.57503843e-08],
     [-2.91184635e-09]]), 1.965034689255193), (2.116824533742003e-05, Vec([[-4.22310221e-07],
     [ 1.16280362e-08],
     [-5.16152969e-09]]), 1.9749338867453328), (2.1629472660427656e-05, Vec([[-4.55729015e-07],
     [-1.39691001e-08],
     [ 2.47789205e-09]]), 1.9923798517868838), (2.1954921231989778e-05, Vec([[-4.88496651e-07],
     [ 9.76053401e-09],
     [-5.65229290e-09]]), 2.0050108112828875), (2.2129508713454287e-05, Vec([[-4.95714616e-07],
     [ 3.69082394e-09],
     [ 6.60973790e-09]]), 2.0117987668314083), (2.2622144137663476e-05, Vec([[-5.04035009e-07],
     [ 4.02671592e-09],
     [ 1.19901973e-09]]), 2.0555485385661365), (2.2435518237271067e-05, Vec([[-4.81057948e-07],
     [ 7.16675612e-09],
     [ 3.34481879e-09]]), 2.0457981909830516), (2.209877387092566e-05, Vec([[-4.27596956e-07],
     [ 6.49143276e-10],
     [ 7.09744220e-10]]), 2.030446331085861), (2.222846229264222e-05, Vec([[-3.85644418e-07],
     [-3.06094485e-08],
     [ 3.44690185e-10]]), 2.066428523058811), (2.1909956292763282e-05, Vec([[-3.38350247e-07],
     [ 2.02501281e-08],
     [-1.67159559e-09]]), 2.069539093227397), (2.1911690475239028e-05, Vec([[-2.71776743e-07],
     [-1.03819548e-08],
     [ 8.94551407e-10]]), 2.1121375615751155), (2.1388572712329322e-05, Vec([[-1.95363932e-07],
     [ 1.06953067e-08],
     [-1.98899762e-09]]), 2.1135569164670938), (2.083921822536436e-05, Vec([[-1.27269177e-07],
     [-1.61027425e-08],
     [ 1.17638415e-09]]), 2.1211514272156693), (2.019439367788818e-05, Vec([[-4.40367794e-08],
     [ 8.37682696e-10],
     [-1.35475394e-09]]), 2.128032182539971), (2.0045145398013354e-05, Vec([[3.93759190e-08],
     [1.62859542e-08],
     [5.52742183e-10]]), 2.112304790679222), (2.0905178830202725e-05, Vec([[ 1.17528964e-07],
     [-2.28799634e-09],
     [ 1.06880556e-09]]), 2.1278653274004), (2.124122377853623e-05, Vec([[2.05352951e-07],
     [2.46879849e-08],
     [1.19714939e-09]]), 2.098996320847128), (2.1788148285663935e-05, Vec([[ 2.64296117e-07],
     [-1.60657880e-08],
     [-6.58774679e-10]]), 2.100228936846427), (2.2014219810856087e-05, Vec([[3.22388151e-07],
     [1.78340590e-08],
     [2.80667663e-09]]), 2.0793874664421694), (2.232100344490604e-05, Vec([[ 3.90430769e-07],
     [-4.77061962e-08],
     [-1.48576531e-09]]), 2.0750314427784535), (2.2316781180238976e-05, Vec([[ 4.36665928e-07],
     [-1.59179643e-08],
     [ 1.01198314e-09]]), 2.0504769510619094), (2.2452778281264306e-05, Vec([[ 4.71301180e-07],
     [ 1.65340490e-08],
     [-5.42718605e-09]]), 2.0473720599886263), (2.2291967409187406e-05, Vec([[4.79199832e-07],
     [1.88901884e-08],
     [1.91499378e-09]]), 2.02554721386599), (2.2231401066307052e-05, Vec([[ 5.03699632e-07],
     [-3.11307842e-08],
     [-4.53585289e-09]]), 2.021061824248228), (2.208238776532487e-05, Vec([[ 5.09518367e-07],
     [-5.38273929e-10],
     [ 1.87256044e-09]]), 2.0166515625619774), (2.164250192169667e-05, Vec([[ 4.69317900e-07],
     [-9.62617528e-09],
     [-1.91109214e-09]]), 1.9935800307299225), (2.117913451679285e-05, Vec([[4.09241346e-07],
     [1.23751503e-08],
     [8.04169597e-10]]), 1.9759498145654908), (2.065835650504413e-05, Vec([[ 3.78013485e-07],
     [-1.47916147e-08],
     [ 6.81424052e-09]]), 1.9604316518916782), (2.0103259745879292e-05, Vec([[ 3.11295780e-07],
     [ 2.29324664e-09],
     [-4.64626964e-10]]), 1.949043173459503), (1.9571030118532163e-05, Vec([[ 2.60598495e-07],
     [-1.31798876e-08],
     [ 3.33956081e-09]]), 1.9474319730511882), (1.9158816301988707e-05, Vec([[ 1.81227506e-07],
     [ 1.90435925e-10],
     [-2.10985101e-09]]), 1.966130126362879), (1.861229091492602e-05, Vec([[ 1.23903522e-07],
     [-1.18782640e-08],
     [ 2.99587949e-09]]), 1.980039153463312), (1.7941344613854885e-05, Vec([[ 5.01539336e-08],
     [-5.22920359e-09],
     [-3.06598192e-09]]), 1.9895826397336807), (1.7182478724290264e-05, Vec([[-1.37444910e-08],
     [-1.00355044e-08],
     [ 2.43199835e-10]]), 1.9981920319375526), (1.6514000269153757e-05, Vec([[-1.14713008e-07],
     [-9.26475643e-09],
     [ 1.25875926e-09]]), 2.027312910883266), (1.5779014733690358e-05, Vec([[-1.65994950e-07],
     [ 2.61485166e-09],
     [-2.03636147e-09]]), 2.060003444229855), (1.5184157860465794e-05, Vec([[-2.44724497e-07],
     [ 1.56632242e-10],
     [-7.05840994e-11]]), 2.1257975318865694), (1.4369455479609581e-05, Vec([[-3.16409260e-07],
     [-3.55085106e-10],
     [-1.33710639e-10]]), 2.178132119587568), (1.323511133050676e-05, Vec([[-3.34207620e-07],
     [ 6.57398933e-09],
     [-1.14127577e-10]]), 2.197066565635), (1.3992387925903962e-05, Vec([[-3.34359915e-07],
     [-1.17134090e-08],
     [ 3.78835533e-11]]), 2.216014550127586), (1.4741367137379919e-05, Vec([[-2.81995154e-07],
     [-3.27158182e-09],
     [-6.64703634e-10]]), 2.144686721236319), (1.559466278080573e-05, Vec([[-2.21502169e-07],
     [ 2.85913596e-09],
     [-3.14252742e-10]]), 2.1059689525191736), (1.6136550649300177e-05, Vec([[-1.53752044e-07],
     [ 7.60738240e-09],
     [-6.27493016e-10]]), 2.0408675889565973), (1.7033488948297003e-05, Vec([[-1.01036419e-07],
     [ 2.52588091e-09],
     [-6.35442817e-10]]), 2.0334603115699004), (1.7364930040612827e-05, Vec([[-9.24858811e-09],
     [ 5.09288736e-09],
     [-5.01096947e-10]]), 1.9704294012044903), (1.8227659723007814e-05, Vec([[ 5.61188023e-08],
     [-7.40933005e-10],
     [ 8.03505050e-10]]), 1.9783771540860753), (1.8953038030687336e-05, Vec([[ 1.24712020e-07],
     [-5.57082388e-09],
     [-1.64507174e-10]]), 1.979012701796841), (1.9379144826852956e-05, Vec([[ 2.18655278e-07],
     [ 1.09625633e-08],
     [-1.58580560e-09]]), 1.9570880326924847), (1.9787112723146378e-05, Vec([[ 2.82300179e-07],
     [-4.02120672e-09],
     [-4.63007145e-09]]), 1.9423558915671957), (2.0484689765574067e-05, Vec([[3.44674189e-07],
     [1.64095593e-08],
     [1.83582826e-09]]), 1.9637728686695648), (2.084184350967487e-05, Vec([[ 4.06488279e-07],
     [-1.49481386e-08],
     [-1.79071476e-09]]), 1.9600336863181125), (2.154467960835844e-05, Vec([[ 4.39234496e-07],
     [ 2.47513732e-08],
     [-5.66240494e-09]]), 1.9962248306641963), (2.1630192324500223e-05, Vec([[ 4.79190724e-07],
     [ 1.15039846e-08],
     [-1.28919148e-09]]), 1.9828651089345959), (2.2020232121399707e-05, Vec([[ 4.99332307e-07],
     [-3.65187413e-09],
     [ 2.74616775e-09]]), 2.005399349212723), (2.2288292784964077e-05, Vec([[ 4.96876296e-07],
     [-2.15491070e-10],
     [ 8.46081856e-10]]), 2.024703597937296), (2.2504541049363562e-05, Vec([[ 4.97285156e-07],
     [-1.27638037e-08],
     [ 1.78265050e-09]]), 2.047439644647663), (2.244152016809335e-05, Vec([[ 4.48571370e-07],
     [ 2.19786054e-08],
     [-1.43399622e-09]]), 2.0530780078915525), (2.2424990307117256e-05, Vec([[ 4.07783023e-07],
     [-8.02709525e-09],
     [ 3.43680003e-09]]), 2.0714443111423733), (2.2061352734828587e-05, Vec([[3.53187795e-07],
     [2.12343708e-08],
     [4.44264347e-10]]), 2.0661944598777255), (2.1994849231062215e-05, Vec([[ 3.01873819e-07],
     [-5.79137327e-09],
     [ 2.95224652e-09]]), 2.0975829502010845), (2.1558660203522513e-05, Vec([[ 2.36219738e-07],
     [ 1.11527856e-08],
     [-1.13433415e-09]]), 2.102852494786336), (2.1190936908952515e-05, Vec([[ 1.66403345e-07],
     [-4.13344092e-09],
     [-1.49794349e-09]]), 2.123953807076995), (2.0582788431713807e-05, Vec([[ 7.45971294e-08],
     [ 5.74729713e-09],
     [-2.02858503e-11]]), 2.130291659793335), (2.0102208929429684e-05, Vec([[6.51223913e-09],
     [2.80500360e-08],
     [1.60528427e-10]]), 2.159694887922507)]