[(1.998891520882887e-05, Vec([[7.14349876e-09],
     [3.14588628e-10],
     [9.17133580e-10]]), 2.1475230977439117), (2.0507170453289814e-05, Vec([[-7.83101663e-08],
     [ 4.87121769e-09],
     [-2.42758475e-10]]), 2.1224652980104546), (2.120901412884339e-05, Vec([[-1.60309809e-07],
     [-8.46667787e-09],
     [ 1.43236874e-09]]), 2.1257656750549683), (2.166392511209477e-05, Vec([[-2.25013017e-07],
     [-2.91011933e-09],
     [ 1.60834195e-09]]), 2.1131201354242477), (2.1856465081763217e-05, Vec([[-2.98936997e-07],
     [-1.47108580e-08],
     [-1.85332204e-09]]), 2.0843856680056816), (2.2118219769211226e-05, Vec([[-3.60326770e-07],
     [-1.11221648e-08],
     [-4.90624410e-09]]), 2.071520441144757), (2.242685463107298e-05, Vec([[-4.05193423e-07],
     [-9.41067563e-09],
     [-4.65593493e-09]]), 2.071616522733072), (2.224825367800841e-05, Vec([[-4.54686445e-07],
     [ 8.14141054e-09],
     [ 5.10753801e-09]]), 2.0353968892559298), (2.244971251751554e-05, Vec([[-4.77933545e-07],
     [-1.24607610e-09],
     [ 6.01874289e-09]]), 2.0424514020739877), (2.239554275539745e-05, Vec([[-5.04135740e-07],
     [ 7.02025634e-09],
     [ 5.63757001e-09]]), 2.0344463540608877), (2.2075980840012303e-05, Vec([[-4.98279269e-07],
     [ 3.79966276e-09],
     [ 7.50942661e-09]]), 2.0104764275745124), (2.1858184593739433e-05, Vec([[-4.80764533e-07],
     [-5.93858258e-09],
     [ 7.23273917e-09]]), 2.0037654277574295), (2.150445500807011e-05, Vec([[-4.44723226e-07],
     [-1.08448411e-08],
     [-2.48647676e-09]]), 1.992497815579322), (2.1022113398707264e-05, Vec([[-4.01766508e-07],
     [-5.76811945e-10],
     [-3.53031372e-09]]), 1.9769868437951987), (2.067998911883192e-05, Vec([[-3.50556857e-07],
     [ 9.72656717e-09],
     [ 1.26403809e-09]]), 1.9824953182446146), (1.9793401126615073e-05, Vec([[-2.94298118e-07],
     [-1.48850718e-09],
     [ 1.04242973e-09]]), 1.942973178065577), (1.9360001488752448e-05, Vec([[-2.24877439e-07],
     [-5.64164844e-10],
     [ 3.82716389e-09]]), 1.9551547586374611), (1.8831433162942414e-05, Vec([[-1.12980468e-07],
     [-1.79389571e-08],
     [-3.02813880e-09]]), 1.966315129118631), (1.820171732365137e-05, Vec([[-4.64094739e-08],
     [-1.87056419e-09],
     [-1.12846469e-09]]), 1.9755614415377343), (1.7159555570876067e-05, Vec([[ 9.75391995e-09],
     [-5.06885393e-09],
     [-1.31368482e-09]]), 1.9471251959770781), (1.6705315728833313e-05, Vec([[ 8.87485383e-08],
     [-7.32469124e-10],
     [-8.26735201e-11]]), 1.9942829463733087), (1.633473131556596e-05, Vec([[1.35605412e-07],
     [1.14682640e-08],
     [7.37290095e-10]]), 2.065932456122445), (1.5487655230060577e-05, Vec([[ 2.09200895e-07],
     [-8.49242049e-09],
     [ 5.05386137e-10]]), 2.091518202110398), (1.4810211519313844e-05, Vec([[ 2.74226487e-07],
     [-1.09423749e-09],
     [ 4.93556305e-10]]), 2.1547027279193753), (1.3820852077427906e-05, Vec([[ 3.37384289e-07],
     [-7.33641419e-10],
     [-5.66310619e-10]]), 2.1888479265244993), (1.351534683224075e-05, Vec([[ 3.46810080e-07],
     [-6.19141001e-09],
     [ 6.42709079e-10]]), 2.2435864653161253), (1.4351877470152684e-05, Vec([[3.08989839e-07],
     [2.96059744e-09],
     [1.78644122e-10]]), 2.1754676326102573), (1.4925201299580403e-05, Vec([[ 2.06843301e-07],
     [-5.38435233e-09],
     [-9.36089834e-10]]), 2.0895433501891265), (1.571015388651411e-05, Vec([[1.44841227e-07],
     [5.18098095e-09],
     [1.00072663e-11]]), 2.0510134290261313), (1.6682807898910315e-05, Vec([[ 1.11655406e-07],
     [-6.58220424e-09],
     [ 3.77415732e-10]]), 2.04803628993639), (1.7371792469945196e-05, Vec([[ 4.48185718e-08],
     [-2.96434061e-09],
     [ 1.06985137e-09]]), 2.020207785553425), (1.789424768104372e-05, Vec([[-4.13959518e-08],
     [-8.75130555e-10],
     [ 1.43753673e-09]]), 1.9843598851451842), (1.8528211033503612e-05, Vec([[-1.12860786e-07],
     [ 8.80342705e-09],
     [ 1.51278220e-09]]), 1.9710944481609982), (1.90979130355941e-05, Vec([[-1.71756284e-07],
     [-2.51412780e-09],
     [ 1.20649686e-09]]), 1.9598800666011011), (1.9441440216109627e-05, Vec([[-2.60758815e-07],
     [ 1.08310399e-09],
     [ 4.29527247e-09]]), 1.9345370197536993), (2.0038476494737134e-05, Vec([[-3.00810132e-07],
     [ 9.11025602e-09],
     [ 8.44842155e-10]]), 1.9427623336857918), (2.0879871545798223e-05, Vec([[-3.88911783e-07],
     [ 7.30141365e-09],
     [ 3.46633438e-09]]), 1.9814529319319547), (2.1215451130540506e-05, Vec([[-4.32101247e-07],
     [ 1.02899254e-08],
     [-4.81454528e-09]]), 1.9793380458524419), (2.146216989676603e-05, Vec([[-4.59555039e-07],
     [ 3.83331575e-10],
     [-3.02420555e-09]]), 1.9769689048488417), (2.164611902815229e-05, Vec([[-4.75668402e-07],
     [-3.39937676e-09],
     [ 3.14482252e-09]]), 1.976809764661049), (2.219481182259471e-05, Vec([[-4.92366240e-07],
     [ 8.62200303e-10],
     [ 3.89706101e-09]]), 2.017735487620835), (2.2358129697862308e-05, Vec([[-5.07538653e-07],
     [-1.18485284e-08],
     [-4.36024191e-09]]), 2.03155901340923), (2.2352334794394714e-05, Vec([[-4.69074285e-07],
     [ 8.24834848e-09],
     [-6.22258408e-09]]), 2.0382130514219123), (2.2455185830737653e-05, Vec([[-4.53122160e-07],
     [-2.26420245e-09],
     [ 2.64298186e-09]]), 2.063193639166491), (2.212302515752309e-05, Vec([[-3.94783032e-07],
     [-2.54505252e-08],
     [ 6.63382892e-10]]), 2.0566267517742585), (2.2122688711201864e-05, Vec([[-3.27260570e-07],
     [-2.67005059e-08],
     [ 4.40867187e-09]]), 2.089633065596519), (2.16977425120028e-05, Vec([[-2.66230723e-07],
     [ 7.17848958e-09],
     [-7.81828032e-10]]), 2.0915144366781857), (2.1538869625847413e-05, Vec([[-2.01064285e-07],
     [ 6.99065244e-09],
     [-1.01281840e-09]]), 2.1284088229202394), (2.0846093104014068e-05, Vec([[-1.16960548e-07],
     [-9.01576619e-09],
     [-2.50343632e-10]]), 2.1218511971639495), (2.006290950736558e-05, Vec([[-4.13305624e-08],
     [-2.35198584e-08],
     [-9.60807380e-10]]), 2.1141767258805797), (2.0273663897103505e-05, Vec([[ 4.54101027e-08],
     [-1.72809991e-08],
     [ 8.13006650e-10]]), 2.136385470105713), (2.0864493169031968e-05, Vec([[ 1.21560200e-07],
     [-1.57058175e-08],
     [-7.83796746e-10]]), 2.123724075683264), (2.1331696665667865e-05, Vec([[2.00142245e-07],
     [1.14187652e-08],
     [1.41728940e-09]]), 2.1079365899768954), (2.171171108721481e-05, Vec([[ 2.66819634e-07],
     [-7.64410175e-09],
     [-7.19559396e-10]]), 2.0928609120868398), (2.209212467932688e-05, Vec([[ 3.33486184e-07],
     [-7.88746998e-09],
     [ 4.92638667e-09]]), 2.0867460922969503), (2.2128028506644892e-05, Vec([[ 3.84706402e-07],
     [ 1.36323801e-08],
     [-1.30411659e-09]]), 2.057091879015181), (2.250775578279269e-05, Vec([[ 4.33761133e-07],
     [-2.68197702e-08],
     [-7.85302361e-09]]), 2.0680237924998375), (2.2429422330305657e-05, Vec([[4.64613639e-07],
     [9.78614858e-09],
     [4.11466253e-09]]), 2.0452423315056656), (2.2595720852790328e-05, Vec([[ 4.98037748e-07],
     [-9.30455381e-09],
     [ 5.39397745e-09]]), 2.053147601489853), (2.229274265238327e-05, Vec([[ 4.98689822e-07],
     [-1.37323438e-10],
     [-1.43473245e-09]]), 2.0266384020575936), (2.1996719287592688e-05, Vec([[ 4.87942418e-07],
     [-1.11329131e-08],
     [-1.39513919e-09]]), 2.0088279761221), (2.170687138606718e-05, Vec([[4.67500926e-07],
     [6.75967009e-09],
     [4.42986951e-09]]), 1.9995093673298272), (2.1272758875570835e-05, Vec([[ 4.32789933e-07],
     [-1.98104058e-08],
     [-1.98084211e-09]]), 1.9846846868153216), (2.085575342540923e-05, Vec([[ 3.82547821e-07],
     [ 5.97015078e-09],
     [-5.71029769e-09]]), 1.9791641764550525), (2.031293541080195e-05, Vec([[ 3.13276076e-07],
     [-1.44623687e-08],
     [ 6.11661849e-09]]), 1.9693715644032581), (1.981995520749838e-05, Vec([[2.47537416e-07],
     [1.32770314e-08],
     [5.95561822e-09]]), 1.9722014754336095), (1.9272712324133463e-05, Vec([[ 1.94897406e-07],
     [-6.39091800e-09],
     [ 3.75472229e-10]]), 1.977818447649641), (1.881627257609166e-05, Vec([[1.15694914e-07],
     [1.43740649e-08],
     [1.83529074e-09]]), 2.0017394201066057), (1.763864658730354e-05, Vec([[ 2.46319686e-08],
     [ 1.50972739e-08],
     [-1.79403681e-09]]), 1.9560153262647046), (1.7188201351201553e-05, Vec([[-4.56965567e-08],
     [ 1.00656962e-08],
     [ 4.47409255e-09]]), 1.9988575300696536), (1.6700567774119664e-05, Vec([[-1.00914840e-07],
     [ 1.50001289e-08],
     [ 7.84530141e-10]]), 2.050216550546828), (1.5750574915977333e-05, Vec([[-1.78681371e-07],
     [-3.42557356e-09],
     [-1.56054241e-10]]), 2.0562905303736425), (1.4997838215148948e-05, Vec([[-2.38609631e-07],
     [-9.74072189e-09],
     [ 8.32941913e-11]]), 2.0997125921884794), (1.4303200102971202e-05, Vec([[-3.02525647e-07],
     [ 4.28150963e-09],
     [-2.19412337e-10]]), 2.168089083220866), (1.355083591498661e-05, Vec([[-3.59317390e-07],
     [ 1.88979422e-09],
     [-5.80111774e-10]]), 2.249477755173752), (1.3993401318390222e-05, Vec([[-3.39200720e-07],
     [ 1.93411964e-09],
     [ 1.93235717e-10]]), 2.216175043997999), (1.4686448734205518e-05, Vec([[-2.63726085e-07],
     [-3.95453145e-09],
     [ 7.39415562e-10]]), 2.1366967723433854), (1.554232381601707e-05, Vec([[-1.90876962e-07],
     [ 3.46316311e-09],
     [-1.05938661e-09]]), 2.098900878242661), (1.6259180242074153e-05, Vec([[-1.46063394e-07],
     [-7.86491120e-09],
     [ 1.39740315e-09]]), 2.0563771465304894), (1.6755589392090063e-05, Vec([[-6.86961157e-08],
     [-1.29487580e-09],
     [-8.45156173e-10]]), 2.0002846233791263), (1.7671779205992512e-05, Vec([[-1.08100948e-08],
     [ 1.41288200e-09],
     [ 3.41142578e-10]]), 2.005248120069761), (1.8224504806118284e-05, Vec([[ 5.40175929e-08],
     [-9.27437569e-09],
     [ 2.56642372e-10]]), 1.9780347285859212), (1.8686752973035628e-05, Vec([[1.15757285e-07],
     [1.72756865e-08],
     [2.02505423e-09]]), 1.9512081086472794), (1.9331427518340643e-05, Vec([[ 1.98909619e-07],
     [ 1.40203753e-09],
     [-1.23329866e-09]]), 1.9522690907692921), (2.0010799165381684e-05, Vec([[ 2.69559648e-07],
     [-1.52544982e-09],
     [-3.54929196e-10]]), 1.9643135508284788), (2.0559499697628e-05, Vec([[ 3.42442722e-07],
     [-3.84829941e-09],
     [ 9.49201572e-10]]), 1.9709445523296911), (2.1028331795090252e-05, Vec([[4.10173302e-07],
     [1.36225479e-09],
     [2.39056118e-09]]), 1.9775716416985079), (2.162147139148067e-05, Vec([[ 4.39532626e-07],
     [-5.62676514e-09],
     [-5.71493905e-10]]), 2.003339982388249), (2.1880618180682398e-05, Vec([[4.79570384e-07],
     [1.31678539e-08],
     [3.09380592e-10]]), 2.005821940993655), (2.2205418035018004e-05, Vec([[ 4.97310114e-07],
     [-1.77166636e-08],
     [ 1.49714877e-09]]), 2.0222643717341064), (2.2414185980037634e-05, Vec([[ 5.16851914e-07],
     [-1.56808020e-08],
     [-1.95551124e-09]]), 2.036139933931285), (2.2404226896764324e-05, Vec([[ 4.85748736e-07],
     [-1.17965050e-08],
     [ 2.08252072e-09]]), 2.038313167795707), (2.2426152859090913e-05, Vec([[ 4.49282668e-07],
     [ 1.08653570e-08],
     [-5.38499443e-09]]), 2.0516721189893277), (2.2314653237590454e-05, Vec([[ 4.04091679e-07],
     [ 2.72138677e-08],
     [-2.53315296e-09]]), 2.0612522400712487), (2.2175971851058034e-05, Vec([[ 3.51979166e-07],
     [ 2.94425073e-09],
     [-2.18933276e-09]]), 2.0769293130753486), (2.2183598815528458e-05, Vec([[ 3.03398972e-07],
     [ 2.77780398e-09],
     [-6.24733881e-10]]), 2.115583433226665), (2.1596119336044025e-05, Vec([[ 2.23005783e-07],
     [ 1.31645185e-08],
     [-9.95531221e-10]]), 2.1065062946761137), (2.108504197378578e-05, Vec([[ 1.57470947e-07],
     [-1.20641005e-08],
     [ 1.42877895e-09]]), 2.113340026682862), (2.0601852678656715e-05, Vec([[ 7.16040365e-08],
     [ 1.94679668e-08],
     [-3.47464335e-10]]), 2.1322647843968086), (2.016689487717563e-05, Vec([[-2.19646441e-09],
     [-1.23504981e-08],
     [ 8.09176276e-10]]), 2.1666444679988945)]