[(2.002827946537022e-05, array([[-3.65011670e-09],
       [-1.57266993e-08],
       [ 9.68866346e-10]]), 2.151752224200496), (2.072881137477303e-05, array([[-5.33146684e-08],
       [-4.83055480e-09],
       [-4.18296059e-10]]), 2.1454048432557977), (2.1104810320454382e-05, array([[-1.07476926e-07],
       [ 1.38012981e-08],
       [-1.22940837e-09]]), 2.1153213951965233), (2.159126155259563e-05, array([[-1.46734311e-07],
       [ 2.16314424e-08],
       [ 6.80739746e-09]]), 2.106032461796558), (2.207297519016004e-05, array([[-1.89348705e-07],
       [-1.17576607e-08],
       [-2.90356757e-10]]), 2.1050335891234133), (2.226018128772698e-05, array([[-1.91866997e-07],
       [-1.42011875e-08],
       [ 9.74072653e-10]]), 2.084816094706836), (2.2355245043362787e-05, array([[-2.32457991e-07],
       [ 8.52998538e-09],
       [ 7.70114304e-09]]), 2.06500179197716), (2.2593516751986062e-05, array([[-2.42501744e-07],
       [ 2.38773891e-10],
       [-1.47196205e-10]]), 2.066983520589772), (2.2345412472674414e-05, array([[-2.55277691e-07],
       [ 1.38457277e-08],
       [ 5.61098293e-09]]), 2.0329622929080715), (2.25272620024967e-05, array([[-2.32934631e-07],
       [-7.31684131e-10],
       [-8.14151748e-10]]), 2.046411937790987), (2.2319389554484588e-05, array([[-2.17637169e-07],
       [-2.55411849e-09],
       [ 3.43238236e-09]]), 2.032643845016086), (2.2064927058422668e-05, array([[-1.91564172e-07],
       [-1.63627785e-09],
       [-1.64752247e-09]]), 2.022717752064375), (2.165908001168393e-05, array([[-1.46090000e-07],
       [ 2.07721535e-08],
       [ 8.07068292e-10]]), 2.0068246135297403), (2.1151359740606527e-05, array([[-8.33861572e-08],
       [-9.45607282e-09],
       [-8.17128030e-10]]), 1.9891415835541049), (2.0941035224908478e-05, array([[-5.26998673e-08],
       [ 3.94098035e-09],
       [ 2.76605524e-09]]), 2.007520606225617), (2.0464810658311294e-05, array([[ 4.16213604e-08],
       [ 4.58144021e-09],
       [-3.38213289e-09]]), 2.0088805329076513), (2.010189621398685e-05, array([[ 9.65371216e-08],
       [ 4.29338687e-09],
       [-2.27547832e-09]]), 2.030078255068636), (1.9370060910112274e-05, array([[ 1.91309511e-07],
       [ 4.65696751e-09],
       [-4.22386650e-09]]), 2.0225568330324557), (1.861114016477885e-05, array([[ 2.53932975e-07],
       [-1.46541460e-10],
       [-6.10017935e-12]]), 2.0199990055232653), (1.7906626707045557e-05, array([[2.92708082e-07],
       [2.43267610e-09],
       [2.16864958e-09]]), 2.0318966824188194), (1.7190388600764682e-05, array([[3.96050952e-07],
       [1.13919016e-08],
       [2.29483505e-09]]), 2.0521910141969752), (1.65934496537327e-05, array([[ 4.56352466e-07],
       [-4.14840651e-09],
       [ 1.83640280e-10]]), 2.0986538153837007), (1.600211318513682e-05, array([[ 5.12567065e-07],
       [-1.45034874e-09],
       [ 1.59667982e-09]]), 2.1609927714547625), (1.4955593580536997e-05, array([[ 5.46791394e-07],
       [-5.66313685e-09],
       [-1.51098289e-10]]), 2.1758540209646884), (1.4122002538886847e-05, array([[ 6.12222847e-07],
       [-2.70042551e-09],
       [ 5.31415218e-10]]), 2.2365419876028936), (1.361508578110783e-05, array([[ 6.28648945e-07],
       [-1.02615114e-09],
       [-8.15799965e-11]]), 2.2601434178324467), (1.466235299831887e-05, array([[ 5.85703986e-07],
       [-1.43436689e-08],
       [-3.80753830e-11]]), 2.222529730488935), (1.550474410915954e-05, array([[5.28481100e-07],
       [8.61079287e-09],
       [5.65300139e-10]]), 2.1706799325104673), (1.627472417100061e-05, array([[ 4.60309584e-07],
       [-6.69007577e-09],
       [ 1.15318753e-09]]), 2.1247199785275295), (1.6934210651228436e-05, array([[ 3.93509906e-07],
       [-3.04252718e-09],
       [-4.83447079e-10]]), 2.078899317506889), (1.7687287695130118e-05, array([[ 3.38347047e-07],
       [-1.07676300e-08],
       [-9.30095241e-10]]), 2.056897488779285), (1.8373767087099134e-05, array([[ 2.56878356e-07],
       [-1.08900845e-08],
       [ 2.03462185e-09]]), 2.037535581071927), (1.917051550250316e-05, array([[1.87734865e-07],
       [6.06445907e-09],
       [1.60676893e-09]]), 2.039424993974876), (1.9618084395934103e-05, array([[1.31574666e-07],
       [4.06216453e-09],
       [4.26190139e-09]]), 2.013261474216011), (2.0031825081295734e-05, array([[ 2.47569464e-08],
       [ 9.94242713e-09],
       [-2.77990696e-09]]), 1.9932837671607366), (2.0614208911599855e-05, array([[-2.56443341e-08],
       [ 1.92842753e-08],
       [-5.44480169e-09]]), 1.9985805119817597), (2.094745230880523e-05, array([[-7.31158361e-08],
       [-2.42250005e-09],
       [-1.03213146e-09]]), 1.9878661946145684), (2.1572848474710375e-05, array([[-1.18432035e-07],
       [-5.56665386e-10],
       [ 1.21694463e-09]]), 2.01268214758515), (2.1780691142324353e-05, array([[-1.7144148e-07],
       [ 4.9924571e-09],
       [-5.8821619e-10]]), 2.006309209255686), (2.2145557787686847e-05, array([[-2.19021094e-07],
       [-1.97780709e-08],
       [ 6.47496260e-09]]), 2.0224205004892157), (2.221836141761122e-05, array([[-2.45196985e-07],
       [ 7.19737454e-09],
       [ 5.06714360e-09]]), 2.019876386762658), (2.239557140471727e-05, array([[-2.48259371e-07],
       [ 1.66496262e-09],
       [ 4.22455973e-09]]), 2.034961133267488), (2.2306953222242085e-05, array([[-2.46290892e-07],
       [-9.35620045e-09],
       [-5.83526415e-09]]), 2.0340749014923256), (2.231806387663376e-05, array([[-2.46177101e-07],
       [-8.56431523e-09],
       [ 2.55170192e-09]]), 2.0505948058444377), (2.229145475088787e-05, array([[-2.32831554e-07],
       [-1.04960095e-08],
       [-2.23302301e-09]]), 2.0722845022418377), (2.2120280946976585e-05, array([[-2.00840828e-07],
       [ 2.15033721e-08],
       [ 4.48479249e-11]]), 2.0894056364713802), (2.163487158877172e-05, array([[-1.67349637e-07],
       [ 3.32033706e-08],
       [-2.43519461e-09]]), 2.085454108350832), (2.131596747243815e-05, array([[-1.25747149e-07],
       [-1.32280156e-10],
       [ 1.36965996e-11]]), 2.106382276578417), (2.0727402352775073e-05, array([[-7.46850099e-08],
       [-3.33103831e-09],
       [ 2.00579305e-10]]), 2.10977007906896), (2.0529440799178875e-05, array([[-2.91713146e-08],
       [ 1.88530725e-08],
       [ 4.93337901e-10]]), 2.1633385684679944), (2.0385402735021634e-05, array([[ 3.17801008e-08],
       [-9.42644967e-09],
       [-8.50046688e-10]]), 2.148160215459408), (2.102845387372774e-05, array([[ 8.07203480e-08],
       [-2.15845935e-08],
       [ 8.64806635e-11]]), 2.140413064637246), (2.1181831693746773e-05, array([[ 1.24513838e-07],
       [-1.11893650e-08],
       [ 2.35511905e-09]]), 2.093127366743529), (2.1713881328819888e-05, array([[ 1.62082938e-07],
       [-1.53892780e-08],
       [-1.78246651e-09]]), 2.093070108580235), (2.2136014165280276e-05, array([[ 2.12480828e-07],
       [ 1.53026548e-08],
       [-1.52222437e-11]]), 2.0908917421443762), (2.2379578159565654e-05, array([[ 2.27431447e-07],
       [-1.24767798e-08],
       [-5.30204074e-10]]), 2.0804767344729096), (2.2175795590257147e-05, array([[ 2.38547315e-07],
       [-1.54268180e-08],
       [-7.66346800e-09]]), 2.0375231249543346), (2.2380329959235664e-05, array([[2.49628156e-07],
       [6.10860829e-09],
       [9.80725080e-09]]), 2.040765809819654), (2.2314560620267877e-05, array([[ 2.42604013e-07],
       [-1.95144563e-08],
       [ 4.63539466e-09]]), 2.0276001334184146), (2.232601133549363e-05, array([[ 2.33737438e-07],
       [-2.34065920e-08],
       [-3.71357215e-09]]), 2.029662865750944), (2.2214653358567082e-05, array([[2.11141021e-07],
       [3.84765321e-09],
       [6.87566528e-09]]), 2.0287305830972455), (2.1984676329707545e-05, array([[ 1.70361800e-07],
       [-3.29378250e-09],
       [-4.87129442e-09]]), 2.025099125393993), (2.1706707382744013e-05, array([[ 1.35060858e-07],
       [-1.46297360e-10],
       [ 8.01371300e-10]]), 2.0251707827698064), (2.104665706383025e-05, array([[5.42892919e-08],
       [1.35470075e-08],
       [3.20748620e-09]]), 1.997280503140114), (2.0688627032002193e-05, array([[ 9.55308400e-09],
       [-3.64002104e-09],
       [-4.71126320e-09]]), 2.005795467734476), (2.0269618717964156e-05, array([[-3.74278536e-08],
       [ 3.74765890e-09],
       [-5.47628889e-10]]), 2.0169456249286473), (1.9537475864450427e-05, array([[-1.11683529e-07],
       [-6.53582671e-09],
       [ 3.76215721e-09]]), 2.004989206258858), (1.8896148434474473e-05, array([[-1.62939136e-07],
       [ 1.59306360e-08],
       [ 1.11869003e-09]]), 2.010236887062037), (1.832904164379638e-05, array([[-2.80691388e-07],
       [ 6.95409119e-09],
       [ 2.28436407e-09]]), 2.032575809802564), (1.7653751238679044e-05, array([[-3.21127566e-07],
       [-1.74291381e-09],
       [ 1.33515637e-11]]), 2.052997453101357), (1.687392575233869e-05, array([[-4.05468633e-07],
       [-8.60773865e-10],
       [-4.33522670e-10]]), 2.0714985453221653), (1.621099530455151e-05, array([[-4.51105488e-07],
       [-6.48679280e-09],
       [-1.89845543e-09]]), 2.1163999606685104), (1.554356006806559e-05, array([[-5.37691464e-07],
       [-1.01921758e-08],
       [ 5.39963711e-10]]), 2.176114206205365), (1.4410421617152213e-05, array([[-5.76692696e-07],
       [ 3.30986920e-09],
       [ 6.96094691e-10]]), 2.184341795390779), (1.3715561186194421e-05, array([[-6.37007404e-07],
       [-1.20419790e-08],
       [-8.52917386e-10]]), 2.276822624200402), (1.421942725579743e-05, array([[-6.29173665e-07],
       [-5.67282638e-09],
       [-4.50325291e-10]]), 2.2519714190451285), (1.493113670973188e-05, array([[-5.51704306e-07],
       [ 2.75348285e-09],
       [ 2.68874163e-10]]), 2.1722958485394397), (1.5888528591946782e-05, array([[-5.01563559e-07],
       [ 4.97686806e-09],
       [ 6.24425861e-10]]), 2.1456538295292527), (1.6455859677044765e-05, array([[-4.29750382e-07],
       [-4.92395045e-09],
       [-1.51220428e-09]]), 2.081252145715228), (1.7226029231299585e-05, array([[-3.91908838e-07],
       [-8.44058216e-09],
       [-2.59878388e-09]]), 2.0564457976938884), (1.7798306534686897e-05, array([[-3.30105284e-07],
       [ 2.39774583e-08],
       [ 3.12380482e-09]]), 2.019605400400416), (1.8624886618799117e-05, array([[-2.36980913e-07],
       [-3.10904466e-09],
       [ 2.47765744e-09]]), 2.0214910056481656), (1.9318040356842685e-05, array([[-1.72166084e-07],
       [ 1.08172541e-08],
       [ 1.50606196e-09]]), 2.0171250212296026), (1.9929691335657614e-05, array([[-9.84687125e-08],
       [-1.17585992e-08],
       [-6.09750679e-10]]), 2.0126873892920196), (2.0528288842574862e-05, array([[-3.86011321e-08],
       [ 4.16441674e-09],
       [-1.53414136e-09]]), 2.0151117212025516), (2.103841599431831e-05, array([[ 5.06857046e-08],
       [-2.30266648e-09],
       [-6.22920093e-09]]), 2.016856052116458), (2.1165844391624338e-05, array([[ 9.37014684e-08],
       [ 1.46560136e-08],
       [-6.46945476e-09]]), 1.9905037665066976), (2.1726035941630008e-05, array([[ 1.59967054e-07],
       [-5.92844158e-10],
       [-1.99369280e-09]]), 2.0130284231174564), (2.1969979046716615e-05, array([[ 1.96327252e-07],
       [ 1.05757471e-08],
       [-2.15709282e-10]]), 2.0140137564294673), (2.246811823478104e-05, array([[2.31184786e-07],
       [2.02620021e-09],
       [5.50591003e-09]]), 2.046188679467942), (2.23416778397779e-05, array([[ 2.4962596e-07],
       [-1.5963136e-08],
       [ 1.4374025e-09]]), 2.0295531803436493), (2.2500363391412926e-05, array([[ 2.58230739e-07],
       [ 1.47214880e-08],
       [-2.71261081e-09]]), 2.0470595656897705), (2.270883519140424e-05, array([[ 2.45606431e-07],
       [ 1.34220597e-08],
       [-4.84155133e-09]]), 2.0775335078500135), (2.2498207608355607e-05, array([[2.42347902e-07],
       [1.69982221e-08],
       [6.71217745e-10]]), 2.0782075498350223), (2.2192724338318404e-05, array([[2.20077945e-07],
       [1.69606589e-08],
       [2.77612480e-10]]), 2.078498296481879), (2.2145173103602116e-05, array([[ 1.93459488e-07],
       [-1.39895650e-08],
       [ 5.19055169e-09]]), 2.111918888071601), (2.157946729117864e-05, array([[ 1.46593082e-07],
       [-1.74798424e-08],
       [ 7.43052678e-10]]), 2.1048820381704734), (2.1303263839601072e-05, array([[ 1.03442957e-07],
       [ 6.66225633e-09],
       [-5.95822549e-10]]), 2.135212262189826), (2.0548649967039585e-05, array([[ 4.53748657e-08],
       [-1.19371287e-08],
       [ 1.07402784e-09]]), 2.126758373386834), (1.9981298682463945e-05, array([[-2.65740540e-09],
       [-8.91911429e-10],
       [ 1.60263698e-09]]), 2.146704810902312)]