[(2.0069536417105373e-05, Vec([[-1.55899290e-09],
     [-7.75316959e-09],
     [-1.25905362e-10]]), 2.156184693690116), (2.0712494069869453e-05, Vec([[-8.03266322e-08],
     [ 3.84717150e-10],
     [ 2.69015436e-10]]), 2.1437160235576433), (2.116432745683491e-05, Vec([[-1.62093010e-07],
     [-1.79739185e-08],
     [ 4.91646622e-10]]), 2.1212867590190325), (2.1560819595272194e-05, Vec([[-2.40436540e-07],
     [ 3.47050812e-09],
     [ 1.56125188e-09]]), 2.103063123938851), (2.2033514185708308e-05, Vec([[-3.00743692e-07],
     [ 2.45881464e-08],
     [ 1.84389171e-09]]), 2.1012703112183813), (2.2346437699893537e-05, Vec([[-3.63820921e-07],
     [-4.22655146e-08],
     [-2.11927649e-09]]), 2.0928945893979662), (2.2192295388170938e-05, Vec([[-4.15456331e-07],
     [ 5.15348694e-11],
     [-2.49176337e-09]]), 2.049949783854657), (2.2196667251058695e-05, Vec([[-4.56985897e-07],
     [-8.78052273e-09],
     [-7.68046483e-10]]), 2.0306774692753375), (2.248361835545898e-05, Vec([[-4.80576150e-07],
     [ 1.89119289e-09],
     [-1.49561167e-09]]), 2.045536119804429), (2.2308466031111793e-05, Vec([[-4.84273257e-07],
     [ 2.80495628e-09],
     [ 1.75312886e-09]]), 2.0265361673696622), (2.2401731263964517e-05, Vec([[-5.06408915e-07],
     [ 3.08183969e-08],
     [ 8.91113567e-09]]), 2.0401427673568566), (2.1808793813281836e-05, Vec([[-4.71890244e-07],
     [-3.61534561e-08],
     [ 1.03183585e-10]]), 1.9992377169630375), (2.1295129184031472e-05, Vec([[-4.52243823e-07],
     [ 1.26465729e-08],
     [-1.38106872e-08]]), 1.9731027066595748), (2.084837694520071e-05, Vec([[-3.72583602e-07],
     [ 2.17719648e-09],
     [-7.93927132e-10]]), 1.9606481115109737), (2.0470912500064583e-05, Vec([[-3.32623383e-07],
     [-3.13248260e-09],
     [-8.35043632e-10]]), 1.9624521056742943), (1.9771104152534224e-05, Vec([[-2.92536237e-07],
     [-1.83207660e-08],
     [ 3.48706352e-09]]), 1.9407844474722857), (1.934788739030561e-05, Vec([[-2.06793164e-07],
     [-2.35573279e-09],
     [-2.06394859e-09]]), 1.9539313632137212), (1.8685338927352666e-05, Vec([[-1.29166143e-07],
     [-1.76684881e-08],
     [-1.68493762e-09]]), 1.9510604587368545), (1.816030964066427e-05, Vec([[-7.59678655e-08],
     [-8.91646552e-09],
     [ 8.87952061e-10]]), 1.9710671720994086), (1.759261100479401e-05, Vec([[ 2.64750214e-08],
     [ 9.82999168e-10],
     [-1.75682059e-09]]), 1.9962647639078204), (1.6861269452735176e-05, Vec([[ 8.90597538e-08],
     [ 1.28921522e-08],
     [-2.90235284e-09]]), 2.0129007239148655), (1.638981887138904e-05, Vec([[ 1.54193230e-07],
     [-2.88799864e-10],
     [ 9.34296436e-10]]), 2.0728996456834325), (1.548867766233564e-05, Vec([[ 2.12105010e-07],
     [-1.71817302e-09],
     [ 4.62121541e-10]]), 2.091656275671693), (1.4678773183932298e-05, Vec([[ 2.69839070e-07],
     [ 4.71571433e-10],
     [-2.42259325e-10]]), 2.1355800746452833), (1.3851531209540202e-05, Vec([[ 3.35562316e-07],
     [ 6.74523413e-09],
     [-3.87704399e-10]]), 2.1937066685423847), (1.3257415276096105e-05, Vec([[ 3.49244300e-07],
     [-1.70801741e-08],
     [ 4.64550139e-11]]), 2.2007690847836785), (1.436704320958638e-05, Vec([[ 2.93901156e-07],
     [-9.04550068e-10],
     [ 7.20133509e-10]]), 2.1777664660089693), (1.535026123897063e-05, Vec([[ 2.41199965e-07],
     [ 3.13648106e-09],
     [-1.82665395e-09]]), 2.149052173685505), (1.6027696762901693e-05, Vec([[ 1.65555567e-07],
     [-1.73362599e-09],
     [ 8.70474012e-10]]), 2.0924697195543605), (1.65731716019443e-05, Vec([[ 1.25327665e-07],
     [-3.06731091e-09],
     [-4.78964178e-10]]), 2.0345769780363048), (1.710424577260006e-05, Vec([[ 2.79902157e-08],
     [-9.52706391e-09],
     [ 1.73461562e-09]]), 1.9890941326640725), (1.790988323342901e-05, Vec([[-1.79959861e-08],
     [-3.66626546e-09],
     [-2.04882482e-09]]), 1.986093769882251), (1.8500502669374928e-05, Vec([[-1.23835455e-07],
     [ 5.78281457e-09],
     [-1.46139164e-09]]), 1.9681467376344444), (1.9057753753245184e-05, Vec([[-1.96155505e-07],
     [-8.61324336e-09],
     [-2.87815359e-10]]), 1.9557588112148212), (1.9689018374759116e-05, Vec([[-2.48647119e-07],
     [ 5.49348768e-10],
     [ 9.56378296e-11]]), 1.9591724946910458), (2.025497598245842e-05, Vec([[-3.04971695e-07],
     [-3.74601087e-09],
     [ 2.89189667e-09]]), 1.9637523051598038), (2.0741851740081686e-05, Vec([[-3.73890465e-07],
     [-9.85538743e-09],
     [ 7.62012125e-10]]), 1.9683551622401319), (2.1029222202255664e-05, Vec([[-4.30035221e-07],
     [-1.66640797e-08],
     [ 1.68558560e-09]]), 1.961963444637298), (2.1613948333663345e-05, Vec([[-4.76941178e-07],
     [ 9.24814606e-10],
     [-2.33547709e-09]]), 1.9909498420800658), (2.1833821244684977e-05, Vec([[-4.90908574e-07],
     [ 2.06039970e-08],
     [-3.16563651e-09]]), 1.9939514783330363), (2.2333003176622334e-05, Vec([[-5.20738869e-07],
     [ 1.74765277e-09],
     [-6.13577819e-09]]), 2.0302984956486863), (2.230764691773203e-05, Vec([[-4.99707354e-07],
     [ 1.28490035e-08],
     [ 3.22367246e-09]]), 2.0269719236847514), (2.2411539998195915e-05, Vec([[-4.67473679e-07],
     [ 8.13896705e-10],
     [ 2.08739260e-10]]), 2.0436117187293634), (2.2328600292290364e-05, Vec([[-4.28073199e-07],
     [-2.01921982e-08],
     [ 2.13225153e-09]]), 2.0515628969538207), (2.2322066329371392e-05, Vec([[-3.90097477e-07],
     [-1.67451980e-08],
     [ 4.35867745e-09]]), 2.0751302518974555), (2.2018841130067576e-05, Vec([[-3.19313774e-07],
     [-5.08130767e-08],
     [-1.33544094e-09]]), 2.079823980355874), (2.1562248904591614e-05, Vec([[-2.62975857e-07],
     [-2.68043915e-09],
     [-7.18037367e-10]]), 2.0784537767583187), (2.138648180940496e-05, Vec([[-1.96536606e-07],
     [ 4.65532982e-09],
     [ 2.07210226e-09]]), 2.113350299485359), (2.0788791202551597e-05, Vec([[-1.25526100e-07],
     [ 2.57343277e-09],
     [-2.13299014e-09]]), 2.1160186362322086), (2.0231962328432897e-05, Vec([[-4.35665704e-08],
     [ 1.63042164e-08],
     [-3.08141837e-10]]), 2.131991068292569), (2.0182965671692134e-05, Vec([[ 4.10011441e-08],
     [ 4.14988548e-09],
     [-9.42834564e-10]]), 2.1268279292528773), (2.0929314163770007e-05, Vec([[ 1.22027709e-07],
     [-1.74228180e-08],
     [-5.07613217e-10]]), 2.130321978925852), (2.129886002531365e-05, Vec([[ 1.99748390e-07],
     [ 2.55856300e-08],
     [-2.88704589e-10]]), 2.1046917681148836), (2.177180368171982e-05, Vec([[ 2.66108810e-07],
     [-9.46751256e-09],
     [-3.14797919e-10]]), 2.098653428468447), (2.1713193643270964e-05, Vec([[ 3.18106530e-07],
     [ 1.29846612e-09],
     [-4.31091687e-09]]), 2.0509535702911488), (2.2217903066578586e-05, Vec([[ 3.90815345e-07],
     [-2.63609645e-08],
     [-4.96168936e-10]]), 2.0654469038342307), (2.2577689528272683e-05, Vec([[4.32418514e-07],
     [5.76447523e-09],
     [2.53980865e-10]]), 2.074449339806594), (2.2317379886205267e-05, Vec([[ 4.60963866e-07],
     [-1.15924202e-08],
     [ 1.70991641e-09]]), 2.0350256640309152), (2.2247894336595512e-05, Vec([[ 4.85649223e-07],
     [-1.35138848e-08],
     [-1.07232912e-09]]), 2.021542538650188), (2.2074512529325942e-05, Vec([[ 5.10514991e-07],
     [-1.75732103e-08],
     [-3.09397618e-09]]), 2.0067990509840077), (2.201383703805459e-05, Vec([[4.92786236e-07],
     [1.22983746e-09],
     [3.81745311e-09]]), 2.010391237241477), (2.171033608902609e-05, Vec([[4.69667427e-07],
     [2.51887495e-08],
     [2.50262855e-09]]), 1.9998285153958077), (2.1199843360690228e-05, Vec([[ 4.49969093e-07],
     [-1.92593828e-08],
     [-1.82104783e-09]]), 1.9778818876738813), (2.0822386497836995e-05, Vec([[3.81675303e-07],
     [9.02503118e-10],
     [1.66638401e-09]]), 1.9759977299411193), (2.0242050806256873e-05, Vec([[ 3.32681171e-07],
     [-8.46578267e-09],
     [-8.01410239e-10]]), 1.9624991886622902), (1.9821040516862765e-05, Vec([[ 2.48628365e-07],
     [-6.51634676e-09],
     [-2.37122911e-11]]), 1.9723094700636343), (1.9118128400841238e-05, Vec([[1.79362353e-07],
     [9.62771372e-09],
     [2.98441065e-10]]), 1.9619546226697717), (1.856211649613744e-05, Vec([[ 1.04706903e-07],
     [-5.65493721e-09],
     [-1.81031775e-09]]), 1.9747014272179102), (1.784010089335423e-05, Vec([[ 2.60467568e-08],
     [ 7.51455582e-09],
     [-1.33802039e-09]]), 1.9783553458476588), (1.7240514630331308e-05, Vec([[-1.78442595e-08],
     [ 2.09207284e-09],
     [-1.35268485e-09]]), 2.0049411678962397), (1.648097626305386e-05, Vec([[-1.15699482e-07],
     [-8.82439748e-09],
     [ 3.12714995e-09]]), 2.0232587754318776), (1.5786580007969117e-05, Vec([[-1.62287273e-07],
     [-2.30733205e-09],
     [-1.16787274e-09]]), 2.0609911162318024), (1.5211121763002796e-05, Vec([[-2.33945459e-07],
     [ 4.33579845e-09],
     [ 7.01422739e-10]]), 2.1295725056447408), (1.442915277107987e-05, Vec([[-2.91909113e-07],
     [-8.56834464e-09],
     [-6.64656340e-11]]), 2.187181076814119), (1.34800334065628e-05, Vec([[-3.60109574e-07],
     [-6.48624934e-09],
     [-6.64369815e-10]]), 2.2377243350372336), (1.3629185175661505e-05, Vec([[-3.46522580e-07],
     [ 2.39841195e-09],
     [ 1.05282358e-10]]), 2.158493090356334), (1.4832924412776984e-05, Vec([[-2.77129713e-07],
     [ 1.38575250e-10],
     [-4.05417884e-10]]), 2.158007173196216), (1.5640729486685935e-05, Vec([[-1.99638801e-07],
     [-5.30045604e-09],
     [ 8.40968804e-10]]), 2.11218999453157), (1.6061304020646346e-05, Vec([[-1.55281371e-07],
     [-5.51965883e-09],
     [ 4.60218498e-10]]), 2.031350783975446), (1.665142199689317e-05, Vec([[-9.25848197e-08],
     [-7.41447087e-09],
     [ 2.15127846e-09]]), 1.9878491050578089), (1.7745952410651793e-05, Vec([[-1.92210930e-08],
     [ 1.44509121e-08],
     [-4.99687974e-10]]), 2.013664685117843), (1.8108967630989807e-05, Vec([[ 6.92191597e-08],
     [ 1.40608885e-09],
     [-3.88451142e-09]]), 1.9654946597457452), (1.897691614904701e-05, Vec([[ 1.34005398e-07],
     [ 3.46187516e-10],
     [-3.44728522e-09]]), 1.9815059748780375), (1.9337727456824286e-05, Vec([[ 1.98582496e-07],
     [-2.77642066e-09],
     [-1.02576052e-10]]), 1.9529053177196138), (2.029988288497119e-05, Vec([[ 2.80616342e-07],
     [-1.48689778e-08],
     [-1.12390311e-09]]), 1.9926907816936978), (2.0552190198439554e-05, Vec([[3.38325918e-07],
     [1.17937694e-08],
     [2.48150663e-09]]), 1.9702438243052933), (2.0997840752964457e-05, Vec([[ 3.94968093e-07],
     [ 1.26801693e-08],
     [-3.69636806e-09]]), 1.9747041664835745), (2.130202292067732e-05, Vec([[ 4.46426860e-07],
     [-2.55842636e-08],
     [ 4.43718224e-09]]), 1.9737414466417273), (2.1661933343000656e-05, Vec([[ 4.62655387e-07],
     [ 1.29890737e-08],
     [-2.22354138e-09]]), 1.9857748453420372), (2.192109456267442e-05, Vec([[ 4.84470680e-07],
     [-1.31206284e-08],
     [-4.05436780e-09]]), 1.9963708160594773), (2.237449670627622e-05, Vec([[ 4.85558345e-07],
     [ 5.74741928e-09],
     [-2.57154725e-09]]), 2.0325344978326325), (2.2507030178838937e-05, Vec([[4.83149755e-07],
     [1.58976916e-09],
     [1.16513758e-09]]), 2.047666103048098), (2.2412461456024645e-05, Vec([[ 4.52832758e-07],
     [-9.60139359e-09],
     [ 2.45894556e-09]]), 2.050419551501832), (2.2213934362583973e-05, Vec([[ 4.01958989e-07],
     [ 2.03611539e-09],
     [-4.65886348e-09]]), 2.0519486221967465), (2.236438073884792e-05, Vec([[ 3.67107057e-07],
     [ 6.09789714e-09],
     [-6.24557183e-10]]), 2.094575075999424), (2.1869621303080988e-05, Vec([[ 2.86719137e-07],
     [-1.67285435e-08],
     [-9.18744157e-10]]), 2.0856403374619408), (2.1680637350455445e-05, Vec([[ 2.30995365e-07],
     [ 8.79538220e-09],
     [-3.05665070e-09]]), 2.1147502632614343), (2.1138035635255292e-05, Vec([[ 1.59174988e-07],
     [ 2.07879665e-08],
     [-6.31044879e-10]]), 2.118651546863056), (2.067508165898922e-05, Vec([[ 8.23533213e-08],
     [-2.10888470e-08],
     [ 6.81458030e-10]]), 2.13984388800442), (2.015528794900076e-05, Vec([[-4.21625440e-09],
     [ 3.34748792e-08],
     [ 1.99821976e-09]]), 2.1653974695455527)]