[(2.0112413604201154e-05, Vec([[ 2.47355256e-09],
     [-1.04256559e-08],
     [ 4.48886574e-10]]), 2.1607912342998743), (2.0645912137276324e-05, Vec([[-7.52091041e-08],
     [ 8.40130127e-09],
     [ 2.11409005e-09]]), 2.136824880690066), (2.1003970013047847e-05, Vec([[-1.50413341e-07],
     [ 2.70317108e-09],
     [-1.12037496e-10]]), 2.105214236851276), (2.1745538559790425e-05, Vec([[-2.28530797e-07],
     [ 1.33678417e-08],
     [ 6.65473199e-10]]), 2.121080789772651), (2.205046171959138e-05, Vec([[-2.99206501e-07],
     [-1.09739006e-08],
     [ 6.99217937e-10]]), 2.102886546808252), (2.2135208715025247e-05, Vec([[-3.49866788e-07],
     [ 2.41322616e-08],
     [-1.70198850e-10]]), 2.0731115704894543), (2.222044895941279e-05, Vec([[-4.16208480e-07],
     [-2.60692501e-08],
     [-3.83701680e-09]]), 2.0525503894374726), (2.24032040449267e-05, Vec([[-4.50251772e-07],
     [-2.22119602e-08],
     [ 4.91156407e-09]]), 2.049572630839023), (2.2487428118556566e-05, Vec([[-4.90637228e-07],
     [-1.18766069e-08],
     [-3.52046574e-09]]), 2.0458827280727596), (2.242770791474605e-05, Vec([[-4.89968468e-07],
     [ 8.25649278e-10],
     [-1.49547266e-09]]), 2.0373682877634667), (2.2244140129192788e-05, Vec([[-4.93985003e-07],
     [ 6.72881735e-09],
     [ 5.07620961e-09]]), 2.025790822410473), (2.1975686069869334e-05, Vec([[-4.78557361e-07],
     [-1.18525295e-08],
     [ 2.44601973e-09]]), 2.0145369259378865), (2.147859325703049e-05, Vec([[-4.29784759e-07],
     [-2.86973676e-10],
     [-2.45414709e-09]]), 1.9901015919859244), (2.1067134899315056e-05, Vec([[-3.89105572e-07],
     [ 2.39783445e-09],
     [-4.94335728e-09]]), 1.9812208098433024), (2.0506473541226024e-05, Vec([[-3.57138719e-07],
     [-1.49651200e-08],
     [ 3.28682789e-11]]), 1.9658611789194178), (1.9964650102141953e-05, Vec([[-2.80315818e-07],
     [-5.53026177e-09],
     [ 2.22877720e-10]]), 1.9597834353877779), (1.931129030787092e-05, Vec([[-2.10602691e-07],
     [ 9.14582073e-10],
     [-8.21926011e-10]]), 1.9502354461490454), (1.871322117013562e-05, Vec([[-1.14955569e-07],
     [-1.12112092e-09],
     [ 2.03234169e-09]]), 1.9539718290687618), (1.8405200733198575e-05, Vec([[-5.35698980e-08],
     [-1.66244138e-09],
     [ 5.87479328e-09]]), 1.9976469387875866), (1.7577348577684e-05, Vec([[ 1.74602320e-08],
     [-3.62369247e-10],
     [ 1.18128671e-09]]), 1.9945329092420676), (1.7039970008002314e-05, Vec([[ 8.74732082e-08],
     [-1.00612458e-10],
     [ 5.77610729e-10]]), 2.034234021391045), (1.6024359955651624e-05, Vec([[1.50270428e-07],
     [1.16759830e-08],
     [3.74097314e-10]]), 2.0266782894324264), (1.5390505073729144e-05, Vec([[ 2.19482401e-07],
     [-3.90605186e-09],
     [ 1.97942374e-09]]), 2.078398635766315), (1.4667306005572051e-05, Vec([[ 2.74338060e-07],
     [-7.07070661e-09],
     [-8.71669578e-10]]), 2.133911741923489), (1.3767020753141336e-05, Vec([[ 3.36632248e-07],
     [-6.08856524e-09],
     [-8.26739905e-10]]), 2.1803225055239257), (1.3402837824120714e-05, Vec([[ 3.56026351e-07],
     [-1.24393712e-09],
     [-5.14872985e-10]]), 2.2249096462172546), (1.4400314613202514e-05, Vec([[ 2.95388667e-07],
     [-9.61637714e-09],
     [-1.28035450e-11]]), 2.1828097686576253), (1.5026890828505256e-05, Vec([[2.26768774e-07],
     [5.01640907e-09],
     [1.39771012e-09]]), 2.1037799875840784), (1.5733548498781984e-05, Vec([[ 1.80861430e-07],
     [ 5.51320436e-09],
     [-1.41219070e-10]]), 2.0540676743425603), (1.6497495285440514e-05, Vec([[ 1.00428490e-07],
     [ 2.31416286e-09],
     [-2.85722934e-09]]), 2.0252867048743997), (1.7124436829390176e-05, Vec([[ 3.85470013e-08],
     [-8.59370044e-09],
     [-4.28886871e-10]]), 1.9914421995199545), (1.810101013156366e-05, Vec([[-3.68399363e-08],
     [ 5.21863012e-09],
     [-2.39395024e-11]]), 2.0072885446719395), (1.845889036441027e-05, Vec([[-1.17178656e-07],
     [-1.15065760e-09],
     [-3.99713493e-09]]), 1.9637198783363339), (1.9184042022538496e-05, Vec([[-1.79456562e-07],
     [ 8.78811413e-09],
     [ 4.86105205e-10]]), 1.9687188587955289), (1.962168743627333e-05, Vec([[-2.54933853e-07],
     [ 6.04990121e-09],
     [-4.44280840e-10]]), 1.95247267247481), (2.0341654699810052e-05, Vec([[-3.12982979e-07],
     [-1.35868597e-08],
     [ 8.42722370e-09]]), 1.9721559453889985), (2.087946907794231e-05, Vec([[-3.75117296e-07],
     [ 1.27828259e-08],
     [ 2.20238138e-09]]), 1.9814147386360164), (2.134023166759894e-05, Vec([[-4.24864970e-07],
     [-3.13822444e-09],
     [ 2.65954202e-09]]), 1.9909796962166955), (2.141431384031009e-05, Vec([[-4.71259853e-07],
     [-7.43359035e-09],
     [-7.21360365e-10]]), 1.9725606862960499), (2.2270586003404403e-05, Vec([[-5.04988352e-07],
     [ 2.14049809e-08],
     [-2.50109699e-09]]), 2.0338385748963264), (2.2100389469692738e-05, Vec([[-4.80686902e-07],
     [-3.14197764e-09],
     [ 1.03426853e-09]]), 2.0091515296311115), (2.234645349368281e-05, Vec([[-4.89806318e-07],
     [ 1.49052487e-08],
     [-1.06947048e-08]]), 2.0304980616138955), (2.254764758918902e-05, Vec([[-4.74083553e-07],
     [-2.06088898e-08],
     [ 4.47052241e-09]]), 2.0560227832070352), (2.2370421391870993e-05, Vec([[-4.27208512e-07],
     [ 5.58383989e-09],
     [ 2.04166207e-09]]), 2.055405440377336), (2.229332192493306e-05, Vec([[-3.78436002e-07],
     [-9.74136692e-09],
     [-3.76038535e-09]]), 2.072458080677165), (2.190837240533264e-05, Vec([[-3.24319214e-07],
     [-5.78073736e-09],
     [-1.55378175e-09]]), 2.0693894846698453), (2.1540918997956534e-05, Vec([[-2.71928692e-07],
     [-3.16933963e-08],
     [ 4.71877576e-09]]), 2.076397719192165), (2.136335802934387e-05, Vec([[-1.95164790e-07],
     [ 1.04113775e-09],
     [-1.78946818e-09]]), 2.1110652743955445), (2.0884828992316008e-05, Vec([[-1.14970324e-07],
     [ 3.30892934e-08],
     [-1.74512470e-09]]), 2.1257939882930392), (2.0068105464993104e-05, Vec([[-3.71990567e-08],
     [ 1.52167012e-08],
     [-1.17919392e-10]]), 2.1147242622526465), (2.0480075409962394e-05, Vec([[3.68362835e-08],
     [9.88073075e-10],
     [2.09706363e-09]]), 2.158136573368171), (2.0734032729128996e-05, Vec([[ 1.21290764e-07],
     [-2.15198830e-08],
     [-1.92118477e-09]]), 2.1104449619803054), (2.1248960484311203e-05, Vec([[1.99579966e-07],
     [3.57836303e-08],
     [9.27968397e-10]]), 2.0997608397433303), (2.1610045889537594e-05, Vec([[2.57942104e-07],
     [3.02832866e-08],
     [1.53057663e-09]]), 2.083061080213454), (2.175214716154344e-05, Vec([[3.31447765e-07],
     [4.21816963e-09],
     [4.09878617e-09]]), 2.0546329856129524), (2.2090732123175663e-05, Vec([[ 3.86160946e-07],
     [-1.02982824e-08],
     [-1.28928877e-09]]), 2.0536246886358773), (2.240456106442367e-05, Vec([[ 4.32819762e-07],
     [-1.38755896e-08],
     [-8.39986378e-09]]), 2.058542210466208), (2.25469897027921e-05, Vec([[4.60809687e-07],
     [3.58296742e-09],
     [3.12035319e-09]]), 2.055962793382576), (2.2414258524311275e-05, Vec([[4.81673241e-07],
     [1.20373042e-09],
     [1.18986877e-09]]), 2.03665912799061), (2.2286012148677575e-05, Vec([[4.96460968e-07],
     [1.21956676e-08],
     [3.04814637e-09]]), 2.0260265304055567), (2.211903107875513e-05, Vec([[ 4.99734420e-07],
     [-7.24204933e-09],
     [ 9.95385668e-10]]), 2.019997975824524), (2.148325284564757e-05, Vec([[ 4.64749441e-07],
     [ 8.78719714e-11],
     [-3.10517983e-10]]), 1.978910942143385), (2.0958913137335865e-05, Vec([[ 4.19935226e-07],
     [ 2.82927325e-09],
     [-1.65734165e-09]]), 1.9554038194703482), (2.0575746130620747e-05, Vec([[ 3.92900958e-07],
     [-1.07142197e-08],
     [-4.14505774e-09]]), 1.9525921128288937), (2.03150468095535e-05, Vec([[ 3.17927868e-07],
     [-7.11234328e-09],
     [-3.65465123e-10]]), 1.9695762678879258), (1.9753466793803263e-05, Vec([[ 2.62870068e-07],
     [-2.62837014e-09],
     [ 5.05390319e-10]]), 1.9655854893622011), (1.8893017575722714e-05, Vec([[1.83912263e-07],
     [1.16067459e-08],
     [3.50306957e-09]]), 1.938853134140442), (1.843313933419824e-05, Vec([[ 1.11479507e-07],
     [-9.20390356e-09],
     [ 2.67239605e-09]]), 1.9609803956850647), (1.81277392703926e-05, Vec([[ 2.37925746e-08],
     [ 1.46746844e-09],
     [-3.86507415e-09]]), 2.0102526385976556), (1.7329842332672325e-05, Vec([[-2.78081231e-08],
     [-9.63167730e-10],
     [ 2.65766618e-10]]), 2.015329302571872), (1.6489122985433077e-05, Vec([[-1.21868257e-07],
     [-1.21679362e-09],
     [-1.43487646e-10]]), 2.0242588938278803), (1.5793514250846143e-05, Vec([[-1.49791572e-07],
     [-1.46884681e-09],
     [-8.27709583e-10]]), 2.061896404961859), (1.529623492687635e-05, Vec([[-2.66158874e-07],
     [-1.00851661e-08],
     [ 5.31243430e-11]]), 2.141488435086211), (1.4359626620760469e-05, Vec([[-2.90427761e-07],
     [ 4.64969554e-09],
     [ 2.24992991e-10]]), 2.1766422542834496), (1.3586641566544553e-05, Vec([[-3.74912232e-07],
     [ 3.65628840e-09],
     [ 1.38428160e-10]]), 2.25542159636513), (1.3902761207891306e-05, Vec([[-3.31021317e-07],
     [ 4.61346480e-09],
     [-1.28860919e-10]]), 2.201820110104341), (1.4734126348628301e-05, Vec([[-2.79142091e-07],
     [-9.72230997e-09],
     [-5.73711269e-10]]), 2.1436332759661387), (1.5409636133966213e-05, Vec([[-2.04417437e-07],
     [-5.92321969e-10],
     [-1.85418703e-09]]), 2.0809821747279695), (1.6348933639316005e-05, Vec([[-1.55294530e-07],
     [ 1.26492364e-09],
     [-9.88039468e-10]]), 2.0677286926824916), (1.6856567852364078e-05, Vec([[-7.89222722e-08],
     [ 3.18803640e-09],
     [-1.50306164e-09]]), 2.01233944619986), (1.738546118820059e-05, Vec([[-1.28504670e-08],
     [ 1.82384844e-09],
     [-1.52247133e-09]]), 1.9727591069247425), (1.8072766285567683e-05, Vec([[ 5.20702497e-08],
     [ 2.14194770e-09],
     [-1.73977563e-09]]), 1.9615654710392045), (1.8809046860636257e-05, Vec([[ 1.36920864e-07],
     [-2.33025333e-09],
     [-5.99260634e-09]]), 1.9639776264692719), (1.944217114672471e-05, Vec([[ 2.06985967e-07],
     [-1.00733663e-09],
     [ 3.15015126e-09]]), 1.9634530223485163), (2.009489678999853e-05, Vec([[ 2.75856342e-07],
     [ 1.91933976e-09],
     [-1.90564090e-09]]), 1.9725687985205924), (2.0442509508872327e-05, Vec([[ 3.38566374e-07],
     [-2.40053245e-08],
     [ 2.63393319e-09]]), 1.9597292417143937), (2.1258010653510814e-05, Vec([[ 3.91923101e-07],
     [-3.53419532e-09],
     [ 4.70585679e-09]]), 1.9991713768337616), (2.1475217459285252e-05, Vec([[ 4.26726280e-07],
     [-2.06877330e-08],
     [ 6.28456682e-09]]), 1.989788807047609), (2.1807177072019617e-05, Vec([[ 4.76095466e-07],
     [ 1.13308021e-08],
     [-1.87164689e-09]]), 1.9990895083946185), (2.2118556943531675e-05, Vec([[ 4.95123731e-07],
     [ 5.20785962e-09],
     [-5.49365974e-09]]), 2.0143538658239852), (2.2358437959950375e-05, Vec([[4.97439349e-07],
     [3.00030406e-09],
     [4.30669804e-09]]), 2.03107569604023), (2.241646730284525e-05, Vec([[ 4.71982698e-07],
     [ 1.51463564e-08],
     [-1.46359572e-10]]), 2.0394267871590928), (2.256185222954283e-05, Vec([[4.46824120e-07],
     [5.97315075e-09],
     [4.93604721e-10]]), 2.0640866698340457), (2.2387733136027162e-05, Vec([[ 4.18121561e-07],
     [-2.25417937e-08],
     [ 2.82461910e-09]]), 2.0680027865732704), (2.2130500110352416e-05, Vec([[ 3.55583171e-07],
     [-2.13624389e-09],
     [ 2.76008004e-09]]), 2.072670577908188), (2.220214182772587e-05, Vec([[ 3.00775704e-07],
     [ 8.46027753e-09],
     [-1.59349879e-09]]), 2.117351824808805), (2.1797275545359334e-05, Vec([[ 2.31964746e-07],
     [-1.96229557e-08],
     [-9.73520097e-10]]), 2.126127265209865), (2.0886085812032498e-05, Vec([[ 1.64207137e-07],
     [-2.92449267e-08],
     [ 2.65603638e-10]]), 2.093398780148416), (2.0480229574040137e-05, Vec([[ 7.54878812e-08],
     [-3.58277488e-09],
     [-1.68359826e-09]]), 2.1196769522737493), (2.0044390940461444e-05, Vec([[-5.75981397e-10],
     [ 3.84720859e-09],
     [ 7.26735538e-10]]), 2.1534831718049885)]