[(1.990002247841298e-05, array([[ 3.72685102e-09],
       [-5.61410367e-09],
       [ 1.09889589e-09]]), 2.1379728450265802), (2.0571411850763305e-05, array([[-5.26880917e-08],
       [-9.68598730e-09],
       [ 1.94255730e-10]]), 2.129114198556913), (2.1108630377784838e-05, array([[-1.05095335e-07],
       [-1.41265176e-08],
       [ 4.37390780e-11]]), 2.1157042770551753), (2.1393055698619558e-05, array([[-1.45448059e-07],
       [ 1.16263609e-08],
       [ 6.71992425e-10]]), 2.0866992717661894), (2.1989416405066097e-05, array([[-1.82559766e-07],
       [-1.89025060e-08],
       [-1.18395371e-09]]), 2.097064837843907), (2.209895174333968e-05, array([[-2.15142250e-07],
       [-1.08053797e-08],
       [ 2.25465123e-09]]), 2.0697158605831265), (2.2333474994459273e-05, array([[-2.30322341e-07],
       [-1.71971445e-08],
       [ 3.34982809e-09]]), 2.062990846004079), (2.237128293138631e-05, array([[-2.50640538e-07],
       [-1.16158086e-08],
       [-4.05710262e-09]]), 2.046652305669146), (2.2369626331672337e-05, array([[-2.69649592e-07],
       [-3.04577236e-09],
       [ 1.38680915e-09]]), 2.03516524451475), (2.2547738362055267e-05, array([[-2.44752810e-07],
       [-5.00295574e-09],
       [ 1.89360315e-09]]), 2.0482720425226897), (2.2535938252204998e-05, array([[-2.25519329e-07],
       [ 1.37850369e-08],
       [-4.98673293e-10]]), 2.052365100227531), (2.2077444715269762e-05, array([[-1.69811624e-07],
       [ 5.19907963e-09],
       [-1.77415243e-09]]), 2.023865260354424), (2.190085261471692e-05, array([[-1.39058047e-07],
       [-9.41427483e-09],
       [-1.96077954e-09]]), 2.0292260825848443), (2.147138713260692e-05, array([[-1.11139529e-07],
       [-2.21573629e-08],
       [-3.31918105e-09]]), 2.0192379840272263), (2.0899583869381003e-05, array([[-3.85500081e-08],
       [-4.71975040e-10],
       [-9.77426445e-10]]), 2.003546855669178), (2.0280906680754238e-05, array([[3.06462402e-08],
       [2.75032388e-09],
       [1.94708869e-09]]), 1.9908280267493002), (1.9915759250436307e-05, array([[8.99429283e-08],
       [5.03010634e-09],
       [2.13677101e-09]]), 2.0112803964912183), (1.9425457082022217e-05, array([[1.58232674e-07],
       [1.43326837e-09],
       [1.04953070e-09]]), 2.0283411156188773), (1.865821903612452e-05, array([[ 2.46790453e-07],
       [-4.87465564e-09],
       [-8.40927919e-10]]), 2.0251088092460585), (1.7967046931880687e-05, array([[ 3.25955581e-07],
       [ 2.50299828e-10],
       [-1.17646127e-09]]), 2.038752672461053), (1.7397295332007378e-05, array([[ 3.85433089e-07],
       [ 1.46711648e-08],
       [-1.30595785e-09]]), 2.0768915689368628), (1.6491923657430263e-05, array([[ 4.40502730e-07],
       [-1.38386349e-09],
       [ 1.46728386e-10]]), 2.0858133317020684), (1.575408713406285e-05, array([[5.04085773e-07],
       [8.52426597e-09],
       [1.21367166e-09]]), 2.1274982887384954), (1.4913496323269998e-05, array([[5.71140231e-07],
       [3.30614537e-09],
       [2.80080512e-10]]), 2.169729390337176), (1.3928909333000191e-05, array([[ 5.78298987e-07],
       [-7.10453181e-09],
       [ 1.21236249e-10]]), 2.2059612635662584), (1.3737634024840657e-05, array([[ 6.40784707e-07],
       [-3.38692300e-09],
       [ 5.03329288e-10]]), 2.2804867789315013), (1.455153992233591e-05, array([[ 5.94219342e-07],
       [ 9.70823832e-09],
       [-2.65612348e-10]]), 2.205732606867147), (1.5478413197436963e-05, array([[ 5.27042672e-07],
       [ 2.22576182e-09],
       [-8.35956743e-10]]), 2.166993578109614), (1.6458077767691786e-05, array([[5.08586328e-07],
       [1.55904148e-08],
       [2.02653350e-10]]), 2.148657407262499), (1.699779913314874e-05, array([[ 3.97163650e-07],
       [-1.31881065e-08],
       [ 1.15770429e-09]]), 2.086705648394584), (1.7728577532571114e-05, array([[ 3.34440332e-07],
       [-4.32806710e-09],
       [-2.67402027e-09]]), 2.0616991838954823), (1.8377305475371083e-05, array([[ 2.5536863e-07],
       [-9.4510998e-09],
       [-1.0392186e-09]]), 2.0379279661484095), (1.8921942558606252e-05, array([[ 2.03134390e-07],
       [-9.87568634e-09],
       [-1.53071111e-09]]), 2.012980954191852), (1.952305934684957e-05, array([[ 1.12142753e-07],
       [ 1.09044616e-08],
       [-5.89649712e-09]]), 2.003509743794919), (2.0276327534214523e-05, array([[ 3.37847972e-08],
       [ 3.03805920e-09],
       [-2.18805632e-10]]), 2.0176131913872424), (2.065643149778261e-05, array([[-7.46756787e-09],
       [-7.50815178e-09],
       [-4.49554985e-10]]), 2.0026740592176586), (2.1198329149875347e-05, array([[-7.67030611e-08],
       [-1.05593042e-09],
       [ 4.56923627e-09]]), 2.0116738435841452), (2.1446241609556063e-05, array([[-1.18947759e-07],
       [ 4.87303102e-09],
       [ 1.32066000e-10]]), 2.0008701062797787), (2.187101815395386e-05, array([[-1.54786607e-07],
       [-2.15491391e-09],
       [ 1.34403186e-09]]), 2.0146296024926422), (2.202353019630736e-05, array([[-2.15743578e-07],
       [ 1.53810398e-08],
       [-5.85037822e-09]]), 2.0112764550423945), (2.249908753375934e-05, array([[-2.33578645e-07],
       [-1.97124981e-09],
       [-3.04354008e-09]]), 2.0453972630548996), (2.2377201850862613e-05, array([[-2.61460037e-07],
       [ 2.11704845e-08],
       [-6.74273532e-10]]), 2.0332919939785565), (2.2398900412883774e-05, array([[-2.53251368e-07],
       [ 7.75800372e-09],
       [-2.53623644e-09]]), 2.0424591694326244), (2.2398944068773834e-05, array([[-2.47414563e-07],
       [-5.90953125e-09],
       [ 1.95979791e-09]]), 2.0580261181130513), (2.2044184858291022e-05, array([[-2.19656357e-07],
       [ 2.75011536e-09],
       [-2.22789121e-09]]), 2.0492975069099586), (2.1809071407388446e-05, array([[-1.94999006e-07],
       [ 2.10487768e-08],
       [-3.84563437e-09]]), 2.0600098540354437), (2.1751180266527626e-05, array([[-1.63816556e-07],
       [-1.53737581e-08],
       [ 9.40656731e-10]]), 2.096665471860324), (2.128645370842732e-05, array([[-1.26132556e-07],
       [ 6.07911077e-09],
       [ 3.03447462e-10]]), 2.1034658117495084), (2.089544594969089e-05, array([[-7.84936466e-08],
       [ 1.68646435e-08],
       [ 1.12697724e-10]]), 2.12687465139877), (2.0200237823233827e-05, array([[-2.38997555e-08],
       [ 1.01799679e-08],
       [ 1.33309520e-09]]), 2.128648023231865), (2.041992312999198e-05, array([[ 2.57071990e-08],
       [-3.30779100e-08],
       [ 2.47343806e-09]]), 2.151797884043205), (2.083301587787948e-05, array([[ 8.50313492e-08],
       [-1.21503901e-08],
       [-1.19359284e-09]]), 2.120520111871814), (2.1234512204967653e-05, array([[ 1.23456227e-07],
       [-1.59635553e-08],
       [-1.51485816e-09]]), 2.0983331025516843), (2.1520520043609823e-05, array([[1.68953754e-07],
       [3.87700698e-09],
       [4.01944077e-09]]), 2.074431399079107), (2.1894002538420108e-05, array([[ 1.94022331e-07],
       [-3.19906693e-09],
       [-4.00498283e-09]]), 2.0680321564788358), (2.2210165189690556e-05, array([[2.19488201e-07],
       [2.63479749e-08],
       [1.67427525e-09]]), 2.0647275661985987), (2.220773457145615e-05, array([[ 2.36107762e-07],
       [-6.35220893e-09],
       [-1.82845497e-09]]), 2.0404576944274155), (2.248490976099223e-05, array([[ 2.56492610e-07],
       [-1.26283925e-08],
       [-2.62640589e-09]]), 2.0503019911097087), (2.2436504365077582e-05, array([[2.66971131e-07],
       [1.78642541e-09],
       [3.58496671e-09]]), 2.0386804839327386), (2.217868032875201e-05, array([[2.18307822e-07],
       [5.67260195e-09],
       [1.92456596e-10]]), 2.016268969776262), (2.2255417707021986e-05, array([[ 2.26250787e-07],
       [-1.28657543e-08],
       [-3.49822550e-09]]), 2.0324533456844276), (2.1829755232344284e-05, array([[ 1.74852585e-07],
       [-1.88470086e-08],
       [-6.66477162e-09]]), 2.010828704757803), (2.1475825920335585e-05, array([[ 1.28884170e-07],
       [-4.03797659e-09],
       [ 1.67408295e-09]]), 2.003630233864429), (2.1179158015611302e-05, array([[ 8.90736562e-08],
       [-1.01892044e-08],
       [ 1.73372418e-09]]), 2.0098545459839348), (2.0748068799145107e-05, array([[-1.31844398e-08],
       [ 1.13006123e-08],
       [-3.03265390e-09]]), 2.011558442094493), (2.0193235067079494e-05, array([[-4.19659143e-08],
       [-9.71098407e-10],
       [-8.70091589e-10]]), 2.0093450048769563), (1.943437840731715e-05, array([[-1.02403581e-07],
       [-2.28525106e-09],
       [ 1.21693104e-10]]), 1.9944090632465727), (1.9012891506476935e-05, array([[-1.95017844e-07],
       [-6.50469550e-09],
       [-1.85778181e-09]]), 2.0226564142721504), (1.836813465780446e-05, array([[-2.62545091e-07],
       [ 2.46323377e-08],
       [ 2.40073743e-10]]), 2.036910979973995), (1.7713285356928528e-05, array([[-3.48926117e-07],
       [ 3.11740623e-10],
       [-4.11841346e-10]]), 2.059920819783393), (1.693787362953496e-05, array([[-4.09241834e-07],
       [ 4.54501807e-09],
       [-1.40367434e-09]]), 2.0793489967543195), (1.6342148225446827e-05, array([[-4.70802316e-07],
       [-1.56019151e-09],
       [-1.36067565e-09]]), 2.1335224156078736), (1.5333919840177894e-05, array([[-5.41624757e-07],
       [ 4.56122340e-09],
       [ 3.26989532e-10]]), 2.1467643612470133), (1.4727341970956625e-05, array([[-5.88166556e-07],
       [-5.03217407e-09],
       [-6.15240604e-10]]), 2.2323808044507945), (1.35429373750529e-05, array([[-6.39282242e-07],
       [ 3.63350760e-09],
       [-1.53215382e-10]]), 2.2481665748162674), (1.4252225794127558e-05, array([[-6.17256927e-07],
       [-5.29404681e-09],
       [ 1.93364939e-10]]), 2.2571658174957268), (1.4925691954240885e-05, array([[-5.56733843e-07],
       [-9.50091559e-09],
       [ 8.54540607e-11]]), 2.171503703910445), (1.5756180653611058e-05, array([[-5.06864885e-07],
       [-3.38308576e-09],
       [ 2.41618903e-10]]), 2.1277810064369818), (1.656795551984455e-05, array([[-4.62516614e-07],
       [-4.10616979e-09],
       [ 1.60168662e-10]]), 2.095429448993904), (1.7461051176427053e-05, array([[-3.67292846e-07],
       [ 3.16369911e-09],
       [ 3.81646749e-09]]), 2.0845027506302656), (1.7824287029681118e-05, array([[-3.12646453e-07],
       [-4.77056672e-10],
       [-1.22757833e-09]]), 2.022553453233035), (1.883399005529484e-05, array([[-2.37423721e-07],
       [ 2.53040011e-10],
       [-2.29253895e-09]]), 2.044186484271889), (1.916500281519963e-05, array([[-1.69182749e-07],
       [ 9.84794679e-09],
       [ 3.27066382e-10]]), 2.001145354103256), (2.0066861632036825e-05, array([[-1.10252224e-07],
       [ 2.32263759e-08],
       [ 1.45953213e-09]]), 2.026540133976225), (2.0316141012377742e-05, array([[-8.16748121e-09],
       [ 2.36377024e-08],
       [-3.92493249e-09]]), 1.9942867229508083), (2.1174118916674526e-05, array([[4.18502957e-08],
       [1.89485100e-08],
       [2.06215080e-09]]), 2.029865266323361), (2.130319350124276e-05, array([[ 1.26132416e-07],
       [-1.46479947e-08],
       [ 2.38198328e-09]]), 2.0034205164819543), (2.1829469204198647e-05, array([[ 1.81776500e-07],
       [ 2.50117894e-09],
       [-3.69427900e-09]]), 2.0226120442624196), (2.230590080183565e-05, array([[ 1.94323983e-07],
       [-5.98420816e-09],
       [-5.69464246e-09]]), 2.0448080978557863), (2.2256698183549656e-05, array([[ 2.19695145e-07],
       [-1.84216423e-08],
       [ 3.92774319e-09]]), 2.026934494007385), (2.2523874082436413e-05, array([[ 2.50733751e-07],
       [-4.98708108e-11],
       [ 5.26389450e-09]]), 2.0461041738001873), (2.23889556289183e-05, array([[ 2.42314965e-07],
       [-3.31223115e-09],
       [-1.36292129e-09]]), 2.0369238037938646), (2.2401170733834773e-05, array([[ 2.43203302e-07],
       [-7.07602541e-09],
       [-2.04658097e-10]]), 2.0493866119662028), (2.2190896017006833e-05, array([[ 2.34936263e-07],
       [-7.53315257e-09],
       [-1.33845618e-09]]), 2.049820520947635), (2.2270288806340214e-05, array([[ 2.08714860e-07],
       [-2.63470005e-08],
       [ 3.56723634e-10]]), 2.0857627319875496), (2.2330222807686734e-05, array([[1.93344172e-07],
       [7.42993516e-09],
       [3.53893413e-09]]), 2.129566524577309), (2.1680062738390803e-05, array([[ 1.55705969e-07],
       [ 2.66747428e-08],
       [-4.44455824e-09]]), 2.1146942150468306), (2.1180469684647963e-05, array([[ 1.02879350e-07],
       [ 1.78699451e-08],
       [-1.12996281e-09]]), 2.1229046840010923), (2.070744672417646e-05, array([[4.85563503e-08],
       [8.64467332e-09],
       [3.01754025e-09]]), 2.143193629885399), (2.0115307353204265e-05, array([[-8.58046426e-10],
       [-2.29667067e-08],
       [ 2.48579363e-10]]), 2.1611021262496544)]