[(2.0044247535602974e-05, array([[-2.74704256e-09],
       [-2.69874202e-08],
       [ 4.69579880e-10]]), 2.1534677650036356), (2.063482045172866e-05, array([[-5.26769453e-08],
       [ 2.91009406e-09],
       [-7.89797719e-10]]), 2.1356769057549103), (2.0908852492324966e-05, array([[-9.93119546e-08],
       [-1.75466408e-09],
       [ 2.15762843e-09]]), 2.0956806696887154), (2.161980143553241e-05, array([[-1.48190400e-07],
       [ 9.34446678e-09],
       [-1.25240687e-09]]), 2.1088162694853447), (2.187603975220876e-05, array([[-1.84911849e-07],
       [-2.48259678e-09],
       [ 4.51436952e-10]]), 2.086252445747645), (2.221308824188665e-05, array([[-2.14138108e-07],
       [-9.67493885e-09],
       [-9.36389788e-10]]), 2.080405513380132), (2.2192147385493028e-05, array([[-2.28306114e-07],
       [ 4.11841147e-09],
       [ 2.39335440e-09]]), 2.049936112530791), (2.263596878868465e-05, array([[-2.52701128e-07],
       [-2.99587062e-08],
       [-7.19804818e-09]]), 2.070867274554889), (2.244388238803621e-05, array([[-2.53738299e-07],
       [-2.02212805e-09],
       [-2.83439945e-09]]), 2.0419209829819813), (2.2624484097221997e-05, array([[-2.31914600e-07],
       [-3.49799915e-09],
       [-2.29487806e-09]]), 2.05524374590157), (2.226564426028975e-05, array([[-2.14413383e-07],
       [ 1.59189075e-08],
       [-3.87333350e-09]]), 2.0277492200454064), (2.202319733768664e-05, array([[-2.02215321e-07],
       [-1.34346502e-08],
       [-1.54985051e-09]]), 2.018892339603325), (2.174104432580669e-05, array([[-1.52617662e-07],
       [-3.39321701e-08],
       [ 8.50452639e-10]]), 2.014419026723833), (2.1163015609490104e-05, array([[-9.93820484e-08],
       [-1.54583103e-09],
       [-2.01620426e-09]]), 1.990237738778786), (2.1124352787529353e-05, array([[-4.03515296e-08],
       [ 1.85004516e-08],
       [-2.46494094e-09]]), 2.0250944167126326), (2.0285834969911083e-05, array([[ 2.09441027e-08],
       [-3.12995590e-08],
       [ 3.49638070e-10]]), 1.991311800790166), (1.9932042524976424e-05, array([[ 9.31616245e-08],
       [-4.91458713e-10],
       [ 6.94133410e-10]]), 2.012924834469273), (1.925961375981055e-05, array([[ 1.64126652e-07],
       [-1.87220642e-08],
       [-1.35129694e-09]]), 2.0110243118097113), (1.8776381937374276e-05, array([[ 2.27273916e-07],
       [ 3.30915658e-09],
       [-1.74040572e-09]]), 2.0379338667600497), (1.8043002990111603e-05, array([[ 3.02578032e-07],
       [-2.09534899e-09],
       [ 1.30067548e-09]]), 2.047371541065059), (1.7333169105824296e-05, array([[ 3.97802341e-07],
       [-3.47330404e-09],
       [-1.51305443e-09]]), 2.06923617101634), (1.671143602883999e-05, array([[ 4.51486704e-07],
       [ 6.32089048e-09],
       [-1.12278614e-09]]), 2.113576122766994), (1.5634882953908718e-05, array([[ 4.87336811e-07],
       [ 4.73241442e-09],
       [-9.32079563e-11]]), 2.1114004541175317), (1.5039707113148862e-05, array([[ 5.69529676e-07],
       [ 5.07586793e-09],
       [-6.34933594e-11]]), 2.1880915003509465), (1.3914118181995488e-05, array([[5.96965562e-07],
       [1.73625853e-09],
       [1.86285069e-10]]), 2.203618746619678), (1.3641924053830454e-05, array([[ 6.26784702e-07],
       [-4.26876429e-09],
       [ 6.30131606e-10]]), 2.2645986483330294), (1.4584445162294618e-05, array([[5.75335746e-07],
       [2.64947062e-09],
       [9.60934769e-10]]), 2.210720406172312), (1.557311356002172e-05, array([[5.30365271e-07],
       [1.04392271e-08],
       [4.88994109e-10]]), 2.1802517251139726), (1.6146517978769246e-05, array([[ 4.63490521e-07],
       [-1.19437937e-08],
       [-8.16235926e-10]]), 2.107982228926199), (1.7009674858367447e-05, array([[ 4.23464340e-07],
       [-1.47927105e-08],
       [-1.09550134e-10]]), 2.0881635514265318), (1.767774805147121e-05, array([[ 3.17363074e-07],
       [-5.29742434e-09],
       [-1.46829501e-09]]), 2.055788100532535), (1.8375894585367836e-05, array([[2.68809173e-07],
       [5.31082768e-09],
       [2.83500572e-09]]), 2.0377715072922067), (1.9031681606789935e-05, array([[2.01991493e-07],
       [2.21955362e-10],
       [3.37481693e-09]]), 2.0246553693974105), (1.9650880412074418e-05, array([[ 1.10610284e-07],
       [ 4.56223439e-09],
       [-3.52215820e-11]]), 2.016627091086165), (2.0135678781618017e-05, array([[4.97774534e-08],
       [8.63147907e-09],
       [1.64839416e-09]]), 2.0036178178112323), (2.05576356413383e-05, array([[-3.07129101e-09],
       [ 1.53471367e-08],
       [-2.19984080e-09]]), 1.9930956429805438), (2.1190456931285806e-05, array([[-6.81475634e-08],
       [-2.28109026e-11],
       [ 3.48049146e-09]]), 2.010926787714053), (2.1341650078719958e-05, array([[-1.44072878e-07],
       [-4.38481715e-09],
       [-2.39847219e-09]]), 1.9911120297258544), (2.174910751308885e-05, array([[-1.69228549e-07],
       [ 8.99083729e-09],
       [-8.96114771e-10]]), 2.003399911025302), (2.22333582350368e-05, array([[-2.13208120e-07],
       [-1.69771059e-08],
       [ 3.18848664e-09]]), 2.0304387868821374), (2.248912587184188e-05, array([[-2.48757160e-07],
       [-2.14459633e-08],
       [-2.00191571e-09]]), 2.0444916460608384), (2.270594335408769e-05, array([[-2.52948879e-07],
       [-1.78150580e-08],
       [ 2.60448981e-09]]), 2.0631629077349274), (2.2288110876043732e-05, array([[-2.45534234e-07],
       [-6.34999529e-09],
       [ 1.57013049e-09]]), 2.0323567491697982), (2.2507763549066523e-05, array([[-2.38147692e-07],
       [-6.70330921e-09],
       [ 2.42404700e-09]]), 2.06802450606894), (2.1918112946451904e-05, array([[-2.25264944e-07],
       [ 2.06241492e-08],
       [-4.16845448e-10]]), 2.0375774611797985), (2.1743091147805444e-05, array([[-1.98224363e-07],
       [ 1.84324724e-08],
       [-1.43913177e-09]]), 2.053777585711229), (2.157116054964144e-05, array([[-1.63074569e-07],
       [-2.08443491e-09],
       [ 1.06606742e-09]]), 2.07931279857895), (2.1415952731714157e-05, array([[-1.24638453e-07],
       [ 9.21792841e-09],
       [ 1.54563173e-09]]), 2.116262530821176), (2.0830438446965788e-05, array([[-8.73480147e-08],
       [-3.24462466e-09],
       [ 9.83000969e-10]]), 2.120257764157902), (2.0401896791795257e-05, array([[-3.07688129e-08],
       [-1.52587348e-09],
       [ 8.24480371e-10]]), 2.1498983158547333), (2.016253112242841e-05, array([[3.12969591e-08],
       [1.36921658e-09],
       [1.05103765e-10]]), 2.1246745901052644), (2.0793750428025756e-05, array([[ 8.57639535e-08],
       [ 2.78485282e-08],
       [-1.07405713e-09]]), 2.11652341851716), (2.1476902538148837e-05, array([[ 1.29732411e-07],
       [-1.45372904e-09],
       [ 1.00726502e-09]]), 2.122285414474048), (2.1719108635713364e-05, array([[ 1.67976330e-07],
       [-3.16913891e-08],
       [-2.06117276e-09]]), 2.0935739853234767), (2.204820625174514e-05, array([[ 1.98206278e-07],
       [-7.57870471e-09],
       [-4.61286435e-09]]), 2.08259770872288), (2.230058509275506e-05, array([[ 2.37572173e-07],
       [ 3.60045275e-09],
       [-1.36015506e-09]]), 2.073133287848834), (2.226551858739107e-05, array([[2.60694484e-07],
       [2.02709498e-08],
       [1.10832257e-10]]), 2.0457669185425518), (2.2437085947888897e-05, array([[ 2.46801398e-07],
       [-3.73922250e-08],
       [-2.34508161e-09]]), 2.0459411437560613), (2.258451153663134e-05, array([[ 2.45557428e-07],
       [-3.22636675e-09],
       [ 2.50134018e-10]]), 2.052129073214694), (2.233605250951898e-05, array([[ 2.61371725e-07],
       [ 3.02575481e-09],
       [-1.01549501e-10]]), 2.030575711209165), (2.2032194209863677e-05, array([[2.14358994e-07],
       [2.03869021e-08],
       [2.19148820e-09]]), 2.0120676872525203), (2.1924610575197653e-05, array([[ 1.55888511e-07],
       [-7.26731263e-09],
       [-4.26166379e-09]]), 2.019566221242944), (2.162974033774049e-05, array([[ 1.38618102e-07],
       [-3.20143577e-09],
       [ 2.78459781e-09]]), 2.0179899880030616), (2.124744845279058e-05, array([[1.07917315e-07],
       [5.32736140e-09],
       [9.12750112e-10]]), 2.016335155152195), (2.0700303993429864e-05, array([[2.53415291e-08],
       [6.76784420e-09],
       [2.38230271e-09]]), 2.0069275678140173), (2.0087714934811662e-05, array([[-5.01181819e-08],
       [ 2.87585155e-09],
       [ 4.66708385e-09]]), 1.998845134500466), (1.9482787002442325e-05, array([[-1.34538520e-07],
       [-3.92299631e-09],
       [-2.17692476e-09]]), 1.9993768856710004), (1.9226123814668145e-05, array([[-1.89893205e-07],
       [-2.59722471e-09],
       [ 1.51772182e-10]]), 2.045340796379211), (1.832816852913852e-05, array([[-2.45257683e-07],
       [ 5.68811535e-10],
       [-3.55941686e-09]]), 2.032478986860741), (1.7818611957921597e-05, array([[-3.60038558e-07],
       [-6.11691185e-09],
       [-1.90523409e-09]]), 2.072169505100133), (1.7096655184846525e-05, array([[-4.28419492e-07],
       [ 2.26419959e-09],
       [ 1.18970691e-10]]), 2.0988415419793873), (1.6083268017315232e-05, array([[-4.66699095e-07],
       [ 9.89516678e-09],
       [ 2.88332033e-10]]), 2.0997247337250267), (1.5478672060617955e-05, array([[-5.46922584e-07],
       [-8.98582270e-09],
       [ 2.04356101e-09]]), 2.1670298192180324), (1.468570524453429e-05, array([[-5.71784833e-07],
       [-1.11691928e-08],
       [ 4.08223349e-10]]), 2.226069480315815), (1.3594604574797347e-05, array([[-6.32069962e-07],
       [-4.59460211e-09],
       [ 2.79666375e-10]]), 2.256743478649094), (1.4140534049067737e-05, array([[-5.96732718e-07],
       [-5.90856267e-09],
       [ 8.81108923e-10]]), 2.2394768759446215), (1.5130351004392238e-05, array([[-5.79119297e-07],
       [ 6.11933670e-09],
       [ 1.72814269e-10]]), 2.2012790662055366), (1.57815336984077e-05, array([[-5.07508939e-07],
       [-1.33140950e-08],
       [-1.95746879e-09]]), 2.131204788402904), (1.665100468572169e-05, array([[-4.41791082e-07],
       [-1.27921904e-08],
       [-3.92394287e-10]]), 2.1059330785868795), (1.73342783341762e-05, array([[-3.84611729e-07],
       [ 3.33020646e-09],
       [ 1.31182215e-10]]), 2.06936859085334), (1.8242767587496523e-05, array([[-3.27869717e-07],
       [-2.64500974e-09],
       [ 8.20389778e-10]]), 2.0700391841299286), (1.859308000661382e-05, array([[-2.30775341e-07],
       [-1.17460374e-08],
       [ 8.77691401e-10]]), 2.0180388085009455), (1.936245568863138e-05, array([[-1.66845824e-07],
       [ 8.32693223e-09],
       [-3.22696095e-09]]), 2.0217627212976352), (1.9843763046876298e-05, array([[-9.98493242e-08],
       [ 1.80761726e-08],
       [-6.69984495e-10]]), 2.0040095437448504), (2.0551139504763824e-05, array([[-1.74386406e-08],
       [-3.46755544e-09],
       [-1.53080070e-09]]), 2.0173548033009836), (2.099030384068576e-05, array([[ 3.60248294e-08],
       [ 1.32956003e-08],
       [-4.69080070e-10]]), 2.012243761520989), (2.113208622174576e-05, array([[ 8.16195574e-08],
       [-3.57848423e-09],
       [-2.50968956e-09]]), 1.9873290401385746), (2.1652821526304018e-05, array([[ 1.62484308e-07],
       [-5.41534826e-09],
       [ 2.50139279e-09]]), 2.0062447328285735), (2.180382741133049e-05, array([[ 1.72889367e-07],
       [ 1.53416423e-08],
       [-9.08567604e-09]]), 1.9987824410691137), (2.228222568428152e-05, array([[ 2.31570817e-07],
       [ 8.40405531e-09],
       [-3.83056699e-10]]), 2.0292593029863495), (2.2554270913680498e-05, array([[ 2.47112077e-07],
       [-2.98598285e-08],
       [ 6.03084065e-09]]), 2.0488654697944377), (2.2385897880918538e-05, array([[ 2.48829195e-07],
       [-2.04879512e-08],
       [ 4.37680244e-09]]), 2.036645613073853), (2.261285593257196e-05, array([[ 2.47015933e-07],
       [-6.17324854e-09],
       [ 2.38891456e-09]]), 2.0687527789133684), (2.2430800457836394e-05, array([[ 2.32672559e-07],
       [ 1.31849608e-08],
       [-1.84283398e-09]]), 2.071981007189471), (2.2348689341117317e-05, array([[ 2.12074040e-07],
       [ 9.91415933e-09],
       [-1.36228231e-11]]), 2.0931054707830796), (2.197589227440929e-05, array([[ 1.89157467e-07],
       [ 3.32719679e-09],
       [-8.40725211e-10]]), 2.0957750819749754), (2.160342485356612e-05, array([[ 1.46279978e-07],
       [ 3.64805556e-08],
       [-2.48969500e-09]]), 2.1072188818963777), (2.121301610390958e-05, array([[ 1.00377629e-07],
       [-1.53939374e-08],
       [ 1.70308962e-10]]), 2.12616679040981), (2.079800000127506e-05, array([[6.42747647e-08],
       [1.60269909e-09],
       [7.34899003e-10]]), 2.1525657755307805), (1.9994636949157848e-05, array([[ 1.72813955e-09],
       [-3.35729381e-09],
       [ 1.08438217e-09]]), 2.1481378169213867)]