[(2.0120102887827975e-05, Vec([[ 3.34184146e-09],
     [ 6.25783071e-09],
     [-3.55937714e-10]]), 2.1616173378688366), (2.0511372865459632e-05, Vec([[-7.86840618e-08],
     [-1.15128183e-09],
     [-3.54316536e-11]]), 2.1229002421690693), (2.106695314162373e-05, Vec([[-1.55109100e-07],
     [ 2.90598246e-08],
     [ 1.34360513e-09]]), 2.1115269948145095), (2.1703213353438434e-05, Vec([[-2.34884265e-07],
     [ 9.09794886e-10],
     [ 1.75707462e-09]]), 2.1169523483514583), (2.1779780890044565e-05, Vec([[-3.03632433e-07],
     [-3.53471145e-09],
     [-2.92773697e-10]]), 2.0770725261237253), (2.209844537355441e-05, Vec([[-3.75702621e-07],
     [-8.93313303e-09],
     [-5.14751402e-09]]), 2.069668435637904), (2.2435615044013062e-05, Vec([[-4.08642003e-07],
     [-1.42378423e-08],
     [ 6.83002950e-10]]), 2.072425740810737), (2.240324968276865e-05, Vec([[-4.50842467e-07],
     [-3.66696082e-09],
     [ 4.42297310e-09]]), 2.049576806048587), (2.2350025939639713e-05, Vec([[-4.87509865e-07],
     [ 1.09001323e-09],
     [ 1.50198112e-09]]), 2.0333820213150324), (2.2219475809263763e-05, Vec([[-4.86092683e-07],
     [-8.10193499e-09],
     [ 2.29470388e-09]]), 2.0184521555480615), (2.201390169419475e-05, Vec([[-4.97653347e-07],
     [-9.62264065e-09],
     [-3.14070783e-10]]), 2.004822832374614), (2.1920740292819674e-05, Vec([[-4.77062205e-07],
     [ 7.34185119e-09],
     [ 5.50019927e-10]]), 2.009499982088263), (2.1391885963705403e-05, Vec([[-4.33733579e-07],
     [ 1.50250103e-09],
     [ 3.99450223e-09]]), 1.9820677174943273), (2.112248046958022e-05, Vec([[-3.97940468e-07],
     [-2.20454107e-08],
     [-1.09511623e-09]]), 1.98642568445326), (2.075495391818328e-05, Vec([[-3.23542789e-07],
     [-4.31049174e-09],
     [ 5.12475211e-09]]), 1.989681848319327), (1.9944656123084772e-05, Vec([[-2.66412499e-07],
     [-2.43676792e-09],
     [-5.01559702e-09]]), 1.9578207729437438), (1.9451129737120258e-05, Vec([[-2.29410255e-07],
     [ 1.29703692e-09],
     [-4.11053621e-09]]), 1.9643577449361003), (1.882988267911737e-05, Vec([[-1.47130231e-07],
     [ 7.41244827e-09],
     [-1.85677168e-09]]), 1.9661532327947424), (1.8391661322442734e-05, Vec([[-6.96523283e-08],
     [-1.45484850e-09],
     [-1.25903351e-09]]), 1.9961774105362264), (1.768387623060582e-05, Vec([[-4.18484650e-09],
     [-1.02068399e-08],
     [-1.48577336e-09]]), 2.006620790901685), (1.680544204136306e-05, Vec([[ 9.43714809e-08],
     [-2.91893281e-09],
     [ 6.67238267e-10]]), 2.006236039676219), (1.623670997883233e-05, Vec([[ 1.60653477e-07],
     [-7.17087080e-09],
     [-3.17415812e-10]]), 2.053535223683271), (1.535365998017432e-05, Vec([[2.00299966e-07],
     [1.33168809e-09],
     [2.81922482e-09]]), 2.0734229191272457), (1.4637638794635548e-05, Vec([[ 2.72921116e-07],
     [-7.92084211e-09],
     [-1.11856308e-09]]), 2.1295955294067888), (1.3775823158392235e-05, Vec([[ 3.34958991e-07],
     [ 2.50712669e-09],
     [-1.76873509e-10]]), 2.181716567653664), (1.3626140098204848e-05, Vec([[3.84112437e-07],
     [3.50499063e-09],
     [7.35770466e-11]]), 2.2619784662799667), (1.4285453990550815e-05, Vec([[ 2.94169355e-07],
     [-8.14099331e-09],
     [ 1.11482474e-09]]), 2.1653991150786847), (1.525709975132057e-05, Vec([[2.33349851e-07],
     [1.90425352e-09],
     [6.06746417e-10]]), 2.136009470735938), (1.5888152240294286e-05, Vec([[1.53931659e-07],
     [1.37044414e-08],
     [1.06498528e-09]]), 2.0742517127873787), (1.653575155140452e-05, Vec([[ 1.20985411e-07],
     [-2.19895395e-09],
     [-5.63571075e-10]]), 2.0299831697313055), (1.735874728407062e-05, Vec([[3.18061384e-08],
     [6.97621833e-09],
     [3.11617585e-09]]), 2.018690729319107), (1.7741873004983765e-05, Vec([[-4.91605537e-08],
     [ 1.64481663e-08],
     [-4.67445920e-10]]), 1.967462488838008), (1.8573946185417553e-05, Vec([[-1.09453022e-07],
     [-9.29144137e-09],
     [ 1.51306240e-10]]), 1.9759599100159155), (1.8961253035675685e-05, Vec([[-1.89177184e-07],
     [-1.03878574e-08],
     [ 2.02690870e-09]]), 1.945855643657996), (1.9680933043011476e-05, Vec([[-2.39881850e-07],
     [ 1.09726034e-08],
     [-3.40081867e-09]]), 1.95836795688886), (2.0465420419388642e-05, Vec([[-3.17830902e-07],
     [ 8.44215197e-09],
     [-3.42701465e-09]]), 1.984155229778805), (2.0756589581560086e-05, Vec([[-3.85811648e-07],
     [-2.51039427e-09],
     [-1.08816873e-09]]), 1.969753750308247), (2.1333801551945844e-05, Vec([[-4.38792669e-07],
     [ 7.39755174e-09],
     [ 2.91084926e-09]]), 1.9903797856857763), (2.1483086839743137e-05, Vec([[-4.68289164e-07],
     [-7.68827219e-09],
     [-7.40780868e-09]]), 1.9788956506554933), (2.188131961606735e-05, Vec([[-5.01662794e-07],
     [ 1.61967075e-08],
     [-4.02727688e-09]]), 1.9982892187026629), (2.2397741347440517e-05, Vec([[-4.98184989e-07],
     [ 6.62392714e-09],
     [-5.89114009e-10]]), 2.0361838577642835), (2.2494062889858477e-05, Vec([[-4.95448073e-07],
     [-1.73778728e-08],
     [ 7.00907327e-10]]), 2.04391050725747), (2.248422140767884e-05, Vec([[-4.93314290e-07],
     [ 2.45454657e-09],
     [-6.10040819e-09]]), 2.0502392231384774), (2.23435551392492e-05, Vec([[-4.33335301e-07],
     [ 2.49770060e-08],
     [-2.49078481e-09]]), 2.052936955728162), (2.2212111428130747e-05, Vec([[-3.92559227e-07],
     [-1.35548452e-09],
     [-1.88912094e-09]]), 2.0649084947114447), (2.1918214183491976e-05, Vec([[-3.18575559e-07],
     [-1.95786678e-08],
     [ 2.40214312e-09]]), 2.0703191051754937), (2.1904343278648717e-05, Vec([[-2.75007004e-07],
     [ 1.04331505e-09],
     [-2.70656037e-09]]), 2.111429341919119), (2.1391104730342893e-05, Vec([[-2.08679122e-07],
     [ 2.15651977e-08],
     [-8.32685752e-10]]), 2.1138071231665863), (2.0939321962533986e-05, Vec([[-1.23880050e-07],
     [ 2.35030505e-09],
     [-5.40021473e-10]]), 2.1313406378986564), (2.01880366528745e-05, Vec([[-4.33982007e-08],
     [-1.46846455e-08],
     [ 7.87791428e-10]]), 2.127362295935297), (2.019907045434814e-05, Vec([[ 4.23327793e-08],
     [-1.98492784e-08],
     [-5.51366532e-10]]), 2.1285250089637833), (2.0859782213620104e-05, Vec([[ 1.16749866e-07],
     [ 3.92617627e-10],
     [-1.36844587e-09]]), 2.1232445639430746), (2.138324662998259e-05, Vec([[2.01206604e-07],
     [1.78636457e-08],
     [3.22043360e-09]]), 2.113030608408439), (2.16233828914294e-05, Vec([[ 2.64484966e-07],
     [-2.73191415e-09],
     [-3.31788323e-09]]), 2.084346676260291), (2.190925783511645e-05, Vec([[ 3.28022530e-07],
     [-1.25435950e-08],
     [ 3.36812657e-09]]), 2.0694731193210245), (2.2293394502403995e-05, Vec([[3.89420053e-07],
     [5.31777015e-08],
     [1.90912315e-09]]), 2.0724648277096005), (2.2145196016796597e-05, Vec([[ 4.28774031e-07],
     [-1.04334752e-08],
     [-6.10596330e-10]]), 2.0347116209302354), (2.2402302402785098e-05, Vec([[ 4.73442878e-07],
     [-2.07429678e-08],
     [-2.70685102e-09]]), 2.0427693822261173), (2.231846891835396e-05, Vec([[4.95992184e-07],
     [3.27497635e-08],
     [1.28680630e-09]]), 2.027955258749163), (2.219971290925309e-05, Vec([[ 4.92925907e-07],
     [ 1.04296718e-09],
     [-5.08560171e-09]]), 2.018181046545035), (2.1952536527685387e-05, Vec([[ 5.01780328e-07],
     [-9.50626240e-09],
     [ 1.99370530e-09]]), 2.004793030592103), (2.1538722009790713e-05, Vec([[ 4.34316246e-07],
     [-4.32866360e-09],
     [ 2.09551071e-09]]), 1.9840204354153337), (2.108331203503781e-05, Vec([[4.26274311e-07],
     [1.11465597e-08],
     [3.78087300e-09]]), 1.9670098640257294), (2.0970958996839487e-05, Vec([[ 3.55818588e-07],
     [ 1.78226216e-08],
     [-1.20476073e-09]]), 1.9900969265337434), (2.0160629217365857e-05, Vec([[3.33725447e-07],
     [1.67445426e-09],
     [4.93150900e-09]]), 1.9546052354424501), (1.963325119739319e-05, Vec([[ 2.47165729e-07],
     [-1.27682722e-08],
     [ 1.00173780e-09]]), 1.9536233343458076), (1.897534873612225e-05, Vec([[ 1.51310791e-07],
     [ 1.57227469e-09],
     [-3.29872358e-09]]), 1.9473021829881587), (1.8633819416776066e-05, Vec([[ 8.54751017e-08],
     [-2.15395122e-09],
     [-3.24813987e-10]]), 1.9823294291082254), (1.8104383029608334e-05, Vec([[4.04318786e-08],
     [1.29270526e-08],
     [1.17990241e-09]]), 2.00766257791971), (1.7325359654210345e-05, Vec([[-3.18633058e-08],
     [ 5.80797682e-09],
     [ 6.00148709e-10]]), 2.0148080010455796), (1.6666526299116307e-05, Vec([[-9.62411940e-08],
     [-1.24527661e-08],
     [-2.84947207e-09]]), 2.0460375072711217), (1.5872333063031676e-05, Vec([[-1.75148625e-07],
     [-4.64501252e-09],
     [-7.23902106e-10]]), 2.0721864659899167), (1.5036866727275674e-05, Vec([[-2.30770558e-07],
     [-2.32893202e-09],
     [-2.08592201e-10]]), 2.1051766235502853), (1.432616853074238e-05, Vec([[-2.97673460e-07],
     [-1.19890083e-09],
     [-2.70718598e-10]]), 2.171570653579313), (1.3748818988173988e-05, Vec([[-3.73348206e-07],
     [ 2.27557359e-09],
     [-2.96128193e-10]]), 2.28234351503019), (1.396380424651835e-05, Vec([[-3.27749655e-07],
     [-3.72404331e-09],
     [ 2.69735889e-11]]), 2.2114876709594182), (1.4604834364701697e-05, Vec([[-2.73631489e-07],
     [-3.45879281e-09],
     [ 9.62507189e-10]]), 2.124822890300717), (1.5556151637320273e-05, Vec([[-2.12763155e-07],
     [-6.58947399e-09],
     [ 3.24858075e-10]]), 2.1007682454794416), (1.6057286361468923e-05, Vec([[-1.45055817e-07],
     [-1.06013531e-08],
     [-5.37554963e-10]]), 2.0308426511918745), (1.667949578931897e-05, Vec([[-8.19969991e-08],
     [-9.67107651e-09],
     [-6.84800219e-10]]), 1.9912005583546875), (1.7471464073222473e-05, Vec([[-1.35443641e-08],
     [-3.30650811e-09],
     [ 2.23668734e-10]]), 1.9825180067785972), (1.82626505838767e-05, Vec([[ 4.44752031e-08],
     [ 9.78934352e-09],
     [-2.59744593e-09]]), 1.9821749603210375), (1.8799429966717355e-05, Vec([[1.30727938e-07],
     [9.52686944e-09],
     [1.48761114e-09]]), 1.9629734626414714), (1.9287090914062303e-05, Vec([[1.98057484e-07],
     [1.23142012e-08],
     [2.17946243e-09]]), 1.9477915641075827), (1.9828700120345542e-05, Vec([[ 2.92811345e-07],
     [-6.87240954e-09],
     [ 2.84782075e-10]]), 1.9464382216723983), (2.034246020930993e-05, Vec([[ 3.32658946e-07],
     [-9.86092798e-09],
     [ 9.36619748e-09]]), 1.9501379761273396), (2.1018907561782126e-05, Vec([[ 3.93004590e-07],
     [-9.75158282e-10],
     [-1.67535402e-09]]), 1.976685356627656), (2.1535058581822986e-05, Vec([[ 4.54715329e-07],
     [-4.17896032e-09],
     [ 9.12056256e-11]]), 1.9953333933155943), (2.1752403410822818e-05, Vec([[ 4.61379806e-07],
     [-1.21105116e-08],
     [ 1.39343812e-09]]), 1.9940683426071688), (2.227251572639434e-05, Vec([[4.82669077e-07],
     [8.48711481e-09],
     [3.22474325e-09]]), 2.028375009709127), (2.2413928912491395e-05, Vec([[ 4.89778718e-07],
     [ 2.76421675e-08],
     [-2.41309257e-09]]), 2.0361165815107656), (2.255030056623457e-05, Vec([[ 4.76028011e-07],
     [-1.37567136e-10],
     [-4.45241758e-10]]), 2.051602797708911), (2.2407577731857797e-05, Vec([[ 4.47750814e-07],
     [ 2.88687134e-09],
     [-1.65424330e-09]]), 2.0499727606156326), (2.2439072851886046e-05, Vec([[4.03971283e-07],
     [5.48178631e-09],
     [4.36782554e-10]]), 2.072745145918585), (2.231240329150604e-05, Vec([[3.66056446e-07],
     [1.38092348e-08],
     [2.51842300e-09]]), 2.0897070375329143), (2.1865791323316303e-05, Vec([[ 2.91577638e-07],
     [-2.23345406e-08],
     [ 7.39728783e-10]]), 2.0852750837532374), (2.1677035563002195e-05, Vec([[ 2.31095072e-07],
     [-1.40622331e-09],
     [ 2.65335968e-09]]), 2.1143989414417916), (2.1249548782904976e-05, Vec([[ 1.62281939e-07],
     [-8.46213930e-09],
     [-2.63785575e-11]]), 2.1298284370358367), (2.0442107720028032e-05, Vec([[ 8.03493342e-08],
     [-1.38087227e-09],
     [ 4.06253808e-10]]), 2.1157313902850388), (1.9785986978744858e-05, Vec([[-2.56662225e-09],
     [-8.24353377e-09],
     [-6.23068149e-10]]), 2.1257213612946413)]