[(2.0036680921861667e-05, Vec([[-1.34946020e-09],
     [-7.49729984e-09],
     [ 4.68622681e-10]]), 2.152654840559692), (2.063535160666714e-05, Vec([[-7.92918652e-08],
     [ 5.12706457e-09],
     [-5.46941883e-10]]), 2.1357318795957596), (2.093799761609039e-05, Vec([[-1.49194082e-07],
     [-1.15320012e-08],
     [ 7.62529169e-10]]), 2.0986018664647363), (2.1673305951573105e-05, Vec([[-2.31101667e-07],
     [ 1.60487825e-08],
     [ 2.53740308e-09]]), 2.114035151548347), (2.208261720019036e-05, Vec([[-2.97691704e-07],
     [-1.12108587e-08],
     [ 5.65258905e-10]]), 2.105953118765685), (2.2307896018069574e-05, Vec([[-3.59550975e-07],
     [ 5.31666072e-09],
     [-2.07079898e-10]]), 2.0892849009796612), (2.260148493929496e-05, Vec([[-4.18484596e-07],
     [ 4.90860976e-09],
     [ 1.65616492e-09]]), 2.0877474977553736), (2.254017025693493e-05, Vec([[-4.54231667e-07],
     [ 4.01398609e-09],
     [-4.06304175e-10]]), 2.0621030795605013), (2.2578853086844323e-05, Vec([[-4.79987798e-07],
     [-1.03525381e-08],
     [ 1.18795908e-09]]), 2.0542004762184525), (2.2589793243707648e-05, Vec([[-5.07300833e-07],
     [-1.35186463e-08],
     [-7.43582811e-09]]), 2.05209237416558), (2.2133111310293075e-05, Vec([[-4.88203040e-07],
     [-1.15704435e-08],
     [-5.06974901e-09]]), 2.0156793431155315), (2.1722584540442905e-05, Vec([[-4.54314194e-07],
     [ 1.27613104e-08],
     [ 5.72537892e-09]]), 1.9913348117731786), (2.153216427983343e-05, Vec([[-4.36124886e-07],
     [-8.89204219e-11],
     [-4.04979877e-09]]), 1.9950652214233202), (2.1147433664252237e-05, Vec([[-3.91238618e-07],
     [ 6.98900562e-10],
     [-7.10990311e-09]]), 1.9887723627648835), (2.0366252143165916e-05, Vec([[-3.49327932e-07],
     [ 1.55278216e-08],
     [ 3.96592818e-09]]), 1.9524187992559425), (1.999495507966977e-05, Vec([[-2.75640655e-07],
     [ 1.99820994e-09],
     [ 1.03891746e-10]]), 1.9627582530111751), (1.9483360732465783e-05, Vec([[-2.15935340e-07],
     [ 1.26155954e-08],
     [ 7.20479659e-10]]), 1.9676127335249203), (1.8796928233385095e-05, Vec([[-1.31123131e-07],
     [-9.94322365e-09],
     [-4.58504366e-10]]), 1.962712240032566), (1.799252773641929e-05, Vec([[-4.93488781e-08],
     [-1.52659027e-08],
     [-4.35392756e-09]]), 1.9528566123637372), (1.7448723237997722e-05, Vec([[ 2.50460743e-09],
     [ 7.66579103e-09],
     [-7.41443892e-10]]), 1.9799375638842114), (1.686137247423889e-05, Vec([[7.70656464e-08],
     [7.67888963e-09],
     [1.09106101e-09]]), 2.0129130226365004), (1.610296978645815e-05, Vec([[ 1.60906219e-07],
     [-2.35388685e-09],
     [-1.27337745e-09]]), 2.036620454852603), (1.5468606453240116e-05, Vec([[ 2.16603881e-07],
     [-4.33521614e-09],
     [ 2.01464254e-10]]), 2.088945775047933), (1.4866346625769237e-05, Vec([[ 2.82473495e-07],
     [ 9.00495423e-09],
     [-2.58308244e-10]]), 2.16286969210174), (1.3720719162763682e-05, Vec([[ 3.17186690e-07],
     [ 3.64667724e-09],
     [-2.52866516e-10]]), 2.1729895900477207), (1.3472520325321558e-05, Vec([[3.76743169e-07],
     [1.14969094e-08],
     [1.25467061e-10]]), 2.2364771419318776), (1.4488586018297068e-05, Vec([[3.16461920e-07],
     [2.35109313e-10],
     [2.02622691e-10]]), 2.1961900100279683), (1.521786649342364e-05, Vec([[ 2.37336672e-07],
     [-6.51993348e-09],
     [-4.56321754e-10]]), 2.1305167747582234), (1.597105356823821e-05, Vec([[ 1.82288419e-07],
     [-1.05153046e-08],
     [-2.19006244e-13]]), 2.085074759978727), (1.642459584599827e-05, Vec([[ 1.08075419e-07],
     [-5.00387652e-09],
     [ 2.43182812e-09]]), 2.01633733026082), (1.7188586153313765e-05, Vec([[3.57996316e-08],
     [1.43856497e-08],
     [1.27356838e-09]]), 1.9989022796384937), (1.7871116971465424e-05, Vec([[-3.61315910e-08],
     [ 1.33126776e-08],
     [ 3.63101983e-09]]), 1.9817948344640797), (1.864443759520672e-05, Vec([[-1.06861354e-07],
     [-1.04632767e-08],
     [-1.76760524e-09]]), 1.9834590272392254), (1.929296007345761e-05, Vec([[-2.05231880e-07],
     [-6.63760481e-09],
     [ 2.30533076e-09]]), 1.9798963270608605), (1.9972610467218803e-05, Vec([[-2.48018878e-07],
     [-2.14579522e-08],
     [ 3.31113681e-09]]), 1.9873915666977624), (2.0307846528952053e-05, Vec([[-3.22899216e-07],
     [ 1.23896948e-08],
     [-2.13200406e-09]]), 1.968878189171804), (2.0807353759239088e-05, Vec([[-4.04842541e-07],
     [-1.36380408e-08],
     [ 6.04373251e-09]]), 1.974571156798442), (2.103039938173564e-05, Vec([[-4.11983729e-07],
     [ 5.41027831e-09],
     [ 3.08605526e-09]]), 1.9620732719568859), (2.1519742683807196e-05, Vec([[-4.67189367e-07],
     [ 2.24635199e-08],
     [-6.84747920e-09]]), 1.9822721714939826), (2.20240397034853e-05, Vec([[-5.01717122e-07],
     [-7.34982465e-09],
     [-3.25571030e-09]]), 2.011322985266274), (2.2062373158533912e-05, Vec([[-5.04747608e-07],
     [-8.63904517e-09],
     [-1.88339137e-10]]), 2.0056954579713593), (2.2349399023075072e-05, Vec([[-4.96615219e-07],
     [-8.29102033e-10],
     [-7.05579687e-10]]), 2.03076570550303), (2.2509293647415534e-05, Vec([[-4.81182660e-07],
     [-7.38239326e-09],
     [ 5.05634331e-09]]), 2.052525452596374), (2.2164239195952487e-05, Vec([[-4.29615853e-07],
     [ 6.13026820e-09],
     [-4.83568766e-09]]), 2.0364613176996182), (2.232022696937619e-05, Vec([[-3.91408355e-07],
     [ 1.19033652e-10],
     [ 1.90485975e-09]]), 2.07495925914464), (2.1813057044694797e-05, Vec([[-3.23738673e-07],
     [-7.31705818e-09],
     [-4.31091900e-11]]), 2.0603863236233653), (2.170478184174933e-05, Vec([[-2.55900862e-07],
     [-9.84774285e-09],
     [-1.94380503e-09]]), 2.092192980069566), (2.13139884640143e-05, Vec([[-1.95691534e-07],
     [-4.81813796e-09],
     [ 1.11413584e-09]]), 2.1061867166877115), (2.0495596319781883e-05, Vec([[-1.23611277e-07],
     [ 1.53844766e-08],
     [ 5.60267775e-10]]), 2.086175350495014), (2.018284788716435e-05, Vec([[-4.01296782e-08],
     [ 2.47257032e-10],
     [-1.52652130e-10]]), 2.1268155174285996), (2.017148496368888e-05, Vec([[3.86630524e-08],
     [1.22969497e-09],
     [6.77645572e-10]]), 2.125618122387716), (2.0670789551188556e-05, Vec([[1.19445939e-07],
     [1.88316982e-08],
     [3.53711736e-09]]), 2.104007659213029), (2.129160686894697e-05, Vec([[ 1.99734658e-07],
     [-1.02113923e-08],
     [ 9.18744005e-10]]), 2.103975032173164), (2.1831365952151278e-05, Vec([[ 2.60933600e-07],
     [-3.04050735e-09],
     [-1.24348543e-09]]), 2.104394825225267), (2.1837564764780967e-05, Vec([[ 3.24765701e-07],
     [-1.96450308e-08],
     [-4.26098255e-09]]), 2.062701238547269), (2.232216325573399e-05, Vec([[ 3.84249844e-07],
     [-1.47855721e-08],
     [ 2.49839854e-09]]), 2.0751392624802696), (2.2614693197775596e-05, Vec([[ 4.40233205e-07],
     [ 1.55318534e-09],
     [-6.74532978e-10]]), 2.0778492553592733), (2.2443566091469055e-05, Vec([[ 4.77202215e-07],
     [-3.26497842e-08],
     [-1.18041043e-08]]), 2.0465320401139433), (2.2208716827830904e-05, Vec([[ 4.96702921e-07],
     [-4.64486361e-09],
     [ 3.31395938e-09]]), 2.017982696117328), (2.2283911036398343e-05, Vec([[4.89625770e-07],
     [2.81626289e-08],
     [3.69479571e-09]]), 2.025835517801207), (2.231387340118459e-05, Vec([[ 4.73341112e-07],
     [-1.02348430e-08],
     [-1.18621112e-08]]), 2.0377917523923634), (2.1794771972773996e-05, Vec([[ 4.60684120e-07],
     [ 6.23678298e-09],
     [-9.38572877e-10]]), 2.0076062525689813), (2.111985419365756e-05, Vec([[4.21035753e-07],
     [6.73092695e-10],
     [4.11456127e-09]]), 1.970419137973693), (2.0763602897800325e-05, Vec([[ 3.82503402e-07],
     [-1.93922769e-09],
     [-2.11853242e-09]]), 1.9704192982737263), (2.02766162072872e-05, Vec([[ 3.36090655e-07],
     [ 5.17740022e-09],
     [-3.71181031e-10]]), 1.9658503595553516), (1.9704587185566452e-05, Vec([[ 2.65142696e-07],
     [-8.53229721e-09],
     [ 1.74881858e-09]]), 1.9607216824325675), (1.9186198644274338e-05, Vec([[ 1.90367992e-07],
     [-1.32123608e-08],
     [ 2.11761210e-09]]), 1.968940177216207), (1.8543538964632806e-05, Vec([[ 1.11442776e-07],
     [ 6.42548066e-09],
     [-1.17362788e-09]]), 1.9727250858893757), (1.783881979617018e-05, Vec([[1.69470858e-08],
     [7.67255120e-10],
     [2.88131823e-09]]), 1.9782132802014065), (1.7279361559916177e-05, Vec([[-2.65549838e-08],
     [-4.02676894e-09],
     [ 2.02179449e-09]]), 2.009458771346084), (1.6749941364851713e-05, Vec([[-1.27870930e-07],
     [-2.55631989e-09],
     [ 7.01137502e-10]]), 2.056277814705501), (1.595283305104385e-05, Vec([[-1.97773517e-07],
     [ 3.88350869e-09],
     [-8.02076473e-10]]), 2.0826960101765684), (1.52640553727765e-05, Vec([[-2.53534757e-07],
     [ 1.28412395e-08],
     [ 2.84395199e-10]]), 2.1369832648086557), (1.4180515004683278e-05, Vec([[-3.05762384e-07],
     [-3.51979777e-09],
     [ 4.52313799e-10]]), 2.1494923901481964), (1.3321550828381205e-05, Vec([[-3.56522242e-07],
     [-2.75107056e-09],
     [-5.93609704e-10]]), 2.211415771016633), (1.3737362661545133e-05, Vec([[-3.37589735e-07],
     [-2.10630627e-09],
     [-7.07297405e-11]]), 2.1756254686168415), (1.447325109275221e-05, Vec([[-2.81883939e-07],
     [ 1.00008004e-08],
     [ 2.48472529e-10]]), 2.1056791505473464), (1.5575333503112736e-05, Vec([[-2.39009818e-07],
     [-1.24177184e-09],
     [-1.00331132e-09]]), 2.1033586454373068), (1.6075071954417218e-05, Vec([[-1.41494716e-07],
     [-2.47776340e-09],
     [ 1.54587466e-09]]), 2.033092081134334), (1.696563824290128e-05, Vec([[-5.73924306e-08],
     [-3.03145558e-09],
     [ 1.03694486e-09]]), 2.0253602847959953), (1.752935655081251e-05, Vec([[-2.07554763e-08],
     [-1.09411558e-08],
     [ 1.67975706e-09]]), 1.9890871688590193), (1.817531727985585e-05, Vec([[5.97992830e-08],
     [2.07962438e-08],
     [3.43156848e-10]]), 1.9726960575934638), (1.8620984576748545e-05, Vec([[ 1.56512586e-07],
     [ 5.03080828e-09],
     [-1.78325483e-09]]), 1.9443407931584271), (1.9247695116504854e-05, Vec([[ 2.13002342e-07],
     [-2.21766236e-08],
     [-8.59525055e-09]]), 1.9438130065072894), (1.997792827402448e-05, Vec([[2.69138263e-07],
     [3.71977074e-09],
     [2.35227667e-09]]), 1.9610868562428636), (2.0701778924295243e-05, Vec([[ 3.42744428e-07],
     [ 1.42183714e-08],
     [-1.30777856e-09]]), 1.9845842065447126), (2.0931331649702994e-05, Vec([[3.93362809e-07],
     [2.87498886e-09],
     [1.17354795e-09]]), 1.9684494374919304), (2.1496840834706375e-05, Vec([[ 4.41890852e-07],
     [-1.04996875e-09],
     [ 4.61828252e-09]]), 1.991792323448088), (2.1985153323693213e-05, Vec([[ 4.85470090e-07],
     [-3.57445899e-09],
     [-2.58490206e-09]]), 2.015404800203781), (2.2117446981238733e-05, Vec([[ 4.91568133e-07],
     [ 2.52393865e-08],
     [-5.38854181e-09]]), 2.014252780710638), (2.2346003667741135e-05, Vec([[ 4.99294952e-07],
     [-1.65932647e-08],
     [ 5.98233517e-09]]), 2.029946145364602), (2.2597493380665215e-05, Vec([[ 4.85857179e-07],
     [-3.65347901e-09],
     [ 4.71902152e-09]]), 2.055896350685435), (2.2320492171594305e-05, Vec([[4.35638544e-07],
     [7.32055218e-09],
     [9.20411650e-10]]), 2.0420056778492834), (2.2247215419040372e-05, Vec([[ 4.09532318e-07],
     [-1.21483998e-08],
     [-3.17187393e-09]]), 2.0550228645541018), (2.2054162878044716e-05, Vec([[ 3.53909172e-07],
     [ 3.16501014e-09],
     [-1.57588793e-10]]), 2.0655210813033147), (2.1899088945302385e-05, Vec([[ 2.95845010e-07],
     [-3.28978712e-09],
     [ 1.38477975e-09]]), 2.0884505783168286), (2.1560397741048014e-05, Vec([[ 2.28246520e-07],
     [ 2.63962539e-09],
     [-2.31869364e-09]]), 2.1030219758712354), (2.137207610628757e-05, Vec([[ 1.60295412e-07],
     [ 3.29382295e-10],
     [-1.07576229e-09]]), 2.142109270870016), (2.0405564669270677e-05, Vec([[ 7.64437575e-08],
     [-2.78494843e-08],
     [ 3.86839588e-10]]), 2.111949232366539), (1.998726972140349e-05, Vec([[ 9.47458391e-10],
     [-3.74905757e-08],
     [ 2.92166041e-10]]), 2.1473463136505218)]