[(2.0007117486306094e-05, Vec([[ 3.07740209e-09],
     [-1.29643735e-09],
     [-6.48371344e-10]]), 2.149478672166311), (2.0740533327960497e-05, Vec([[-7.84016370e-08],
     [-2.57095551e-08],
     [-2.27586994e-09]]), 2.146618050066652), (2.0913111087330498e-05, Vec([[-1.47766311e-07],
     [-5.48811867e-09],
     [-2.16635718e-09]]), 2.096107505892969), (2.1615486492112758e-05, Vec([[-2.29052376e-07],
     [-3.24558776e-08],
     [-1.47018500e-09]]), 2.10839538574539), (2.1832818051542115e-05, Vec([[-2.93797669e-07],
     [ 4.04609279e-09],
     [ 1.82470297e-09]]), 2.082130521498716), (2.2427875481521145e-05, Vec([[-3.55232791e-07],
     [-7.54327049e-09],
     [-4.98768834e-11]]), 2.100521786843481), (2.252104429915001e-05, Vec([[-4.22167822e-07],
     [-2.11159697e-08],
     [-4.92132879e-09]]), 2.0803170238006077), (2.248528397674583e-05, Vec([[-4.48028439e-07],
     [-1.65898917e-08],
     [-1.17512521e-09]]), 2.0570817702219553), (2.2625008882116045e-05, Vec([[-4.95166335e-07],
     [-6.40260127e-09],
     [ 2.41988561e-09]]), 2.058399682274789), (2.243588158498884e-05, Vec([[-5.00221142e-07],
     [-2.41618888e-08],
     [-6.34146287e-10]]), 2.038110796833524), (2.1975805855328653e-05, Vec([[-4.85273740e-07],
     [ 3.01670323e-08],
     [ 8.46864243e-09]]), 2.001353415247283), (2.1639599480490084e-05, Vec([[-4.70644415e-07],
     [ 2.19739686e-08],
     [ 7.45221834e-09]]), 1.983727473961535), (2.131437688541982e-05, Vec([[-4.37765502e-07],
     [-1.51070748e-08],
     [-2.02801186e-09]]), 1.9748861047022974), (2.1044871430976926e-05, Vec([[-3.90735281e-07],
     [ 1.21436671e-08],
     [ 8.68825245e-09]]), 1.9791270820069549), (2.0366919482932855e-05, Vec([[-3.49740513e-07],
     [-9.28337691e-09],
     [-1.31482726e-09]]), 1.952482774046066), (1.9779918436754964e-05, Vec([[-2.72633898e-07],
     [-2.60811427e-09],
     [ 4.45834324e-09]]), 1.9416496811789736), (1.9368211247759267e-05, Vec([[-1.98176732e-07],
     [ 5.22753986e-09],
     [-1.23192358e-09]]), 1.955983857199193), (1.878275961245685e-05, Vec([[-1.28292180e-07],
     [-1.18798997e-08],
     [ 2.30265104e-09]]), 1.961232800127547), (1.8183882791722337e-05, Vec([[-4.37516839e-08],
     [-7.78544921e-09],
     [-5.81700945e-10]]), 1.9736257333306253), (1.7591678016789585e-05, Vec([[2.42455599e-08],
     [1.31167005e-10],
     [2.65088450e-09]]), 1.996158896104691), (1.6931169791270634e-05, Vec([[7.64527883e-08],
     [1.12906694e-10],
     [5.78557341e-10]]), 2.0212454361818946), (1.6104937531907658e-05, Vec([[ 1.66447413e-07],
     [ 4.58549973e-09],
     [-8.35022105e-10]]), 2.036869325134641), (1.5685753603916263e-05, Vec([[ 2.09669990e-07],
     [ 3.64450646e-09],
     [-1.94956191e-09]]), 2.118270240980908), (1.4570039050110926e-05, Vec([[ 2.86808138e-07],
     [-5.59226219e-09],
     [-8.57788070e-11]]), 2.1197606020835766), (1.4013688480478635e-05, Vec([[ 3.53208753e-07],
     [-5.66037519e-09],
     [ 7.11538409e-10]]), 2.219387979960523), (1.346324145022724e-05, Vec([[ 3.71034922e-07],
     [-4.88696758e-09],
     [-6.00029327e-10]]), 2.23493682196574), (1.4344534499201589e-05, Vec([[ 2.83566556e-07],
     [ 1.69319159e-09],
     [-3.79861900e-10]]), 2.174354579933733), (1.5208216742007353e-05, Vec([[ 2.51772639e-07],
     [ 4.98533105e-09],
     [-1.04535394e-09]]), 2.1291657997530526), (1.56450829199893e-05, Vec([[ 1.71686320e-07],
     [-2.96426755e-09],
     [ 2.16128553e-10]]), 2.042518195488243), (1.6549268525738748e-05, Vec([[ 1.02770297e-07],
     [ 4.87269979e-09],
     [-1.97435080e-09]]), 2.0316425578951196), (1.7241627281305586e-05, Vec([[ 3.91332833e-08],
     [ 6.57169174e-09],
     [-1.12950472e-09]]), 2.005070560770622), (1.7788883490051198e-05, Vec([[-1.57931734e-08],
     [-1.03436938e-08],
     [-2.04922313e-09]]), 1.9726756569136825), (1.8496599556755565e-05, Vec([[-1.09494825e-07],
     [-7.87687023e-09],
     [-3.14197709e-10]]), 1.9677315111670504), (1.9246710053511402e-05, Vec([[-1.81868900e-07],
     [-1.45923521e-08],
     [-3.77570129e-09]]), 1.975150023524786), (1.9886292210540293e-05, Vec([[-2.56759110e-07],
     [-1.88173011e-08],
     [-1.57398284e-09]]), 1.9788023952593827), (2.00627050785636e-05, Vec([[-3.27384513e-07],
     [ 1.68792917e-09],
     [ 4.99397209e-09]]), 1.9451113336244337), (2.0888273222460936e-05, Vec([[-3.73083377e-07],
     [ 2.24643693e-08],
     [-4.50194459e-10]]), 1.9822502321844955), (2.104774593890195e-05, Vec([[-4.26625025e-07],
     [-1.63782588e-08],
     [ 1.50428151e-09]]), 1.9636916537840063), (2.165868607429914e-05, Vec([[-4.72657856e-07],
     [ 5.32947238e-09],
     [ 4.63028633e-09]]), 1.995070819713529), (2.1870225129332866e-05, Vec([[-4.81524106e-07],
     [ 9.11455718e-09],
     [-7.64192123e-09]]), 1.9972760260059907), (2.2311580027263484e-05, Vec([[-5.01758110e-07],
     [-8.85639110e-09],
     [-2.34681873e-09]]), 2.0283509121745187), (2.2520858486089072e-05, Vec([[-5.02844707e-07],
     [ 1.50029498e-08],
     [-1.75197288e-09]]), 2.0463452741980674), (2.2391925262002903e-05, Vec([[-4.69521725e-07],
     [-1.22598187e-08],
     [-3.62619980e-10]]), 2.0418231354929124), (2.255679901508436e-05, Vec([[-4.35122446e-07],
     [-3.13660620e-09],
     [ 5.16634072e-10]]), 2.0725299090677893), (2.244611373099139e-05, Vec([[-3.92256902e-07],
     [ 2.74712572e-09],
     [-2.29191433e-09]]), 2.0866620927213586), (2.1977197445580834e-05, Vec([[-3.34509874e-07],
     [-1.18259441e-08],
     [ 2.07237228e-09]]), 2.0758904611886173), (2.1471222650047313e-05, Vec([[-2.52735727e-07],
     [ 1.20388609e-09],
     [-2.44442315e-09]]), 2.069679466463557), (2.0989054962776696e-05, Vec([[-1.94192269e-07],
     [-2.16707214e-09],
     [ 2.09054015e-09]]), 2.07407772754807), (2.0850438022059235e-05, Vec([[-1.24683317e-07],
     [ 3.00258197e-09],
     [-1.04709581e-09]]), 2.1222934512357186), (2.0333954966357392e-05, Vec([[-3.83023596e-08],
     [ 1.99933379e-08],
     [ 7.91291936e-11]]), 2.1427387846809607), (1.9987274253005255e-05, Vec([[ 3.79970943e-08],
     [-2.79322485e-08],
     [ 6.87925287e-10]]), 2.1062064813671424), (2.0932271139747013e-05, Vec([[ 1.29570694e-07],
     [-1.23821919e-08],
     [-1.29949758e-09]]), 2.1306229592095667), (2.1214435793171834e-05, Vec([[ 1.96921050e-07],
     [-9.07587128e-09],
     [-1.87960254e-09]]), 2.0963492095832477), (2.1601360773542214e-05, Vec([[ 2.59628137e-07],
     [-1.74297647e-08],
     [-3.66833587e-09]]), 2.0822238942491302), (2.1798500850837848e-05, Vec([[ 3.22856698e-07],
     [-3.43310799e-09],
     [-4.34238910e-09]]), 2.059011395630218), (2.2310300310701567e-05, Vec([[ 3.91988896e-07],
     [ 4.93329613e-09],
     [-2.47142525e-10]]), 2.07403644539559), (2.2344866957438136e-05, Vec([[4.33597827e-07],
     [1.08213055e-08],
     [4.24009626e-09]]), 2.0530574862356166), (2.2450775103733455e-05, Vec([[ 4.79380579e-07],
     [-6.48784307e-09],
     [ 2.54492134e-09]]), 2.0471893988650676), (2.2247911787185598e-05, Vec([[ 4.73566598e-07],
     [-1.03747239e-09],
     [-4.70207971e-09]]), 2.021544124288346), (2.194984166411114e-05, Vec([[ 4.87329701e-07],
     [-2.38380480e-08],
     [-2.96479553e-09]]), 1.9954651937282228), (2.203046662785988e-05, Vec([[ 4.95733046e-07],
     [-2.76669899e-09],
     [ 4.62835888e-10]]), 2.0119099175862845), (2.146108478776637e-05, Vec([[ 4.54098100e-07],
     [ 5.75188061e-09],
     [-5.39555737e-09]]), 1.9768689509876525), (2.1083370887630572e-05, Vec([[4.09228806e-07],
     [9.41253445e-09],
     [2.78039716e-09]]), 1.9670153547963585), (2.086762713928737e-05, Vec([[ 3.66275371e-07],
     [-1.59813250e-08],
     [-4.78383033e-09]]), 1.9802909652442053), (2.020125842419285e-05, Vec([[ 3.27213545e-07],
     [-1.00036676e-08],
     [-7.50027176e-09]]), 1.9585443020023128), (1.9638534531551712e-05, Vec([[ 2.37869471e-07],
     [-1.38951004e-08],
     [-5.18238405e-10]]), 1.954149056998233), (1.9308718883320885e-05, Vec([[1.97346906e-07],
     [7.82324343e-10],
     [7.07503228e-10]]), 1.9815135392278043), (1.859304473111941e-05, Vec([[ 1.11118960e-07],
     [ 1.03085481e-08],
     [-3.17032368e-09]]), 1.9779916786163934), (1.788189425786303e-05, Vec([[ 3.79136119e-08],
     [ 2.80844598e-10],
     [-3.64899554e-09]]), 1.9829899679605718), (1.73166745219157e-05, Vec([[-5.96927949e-08],
     [ 2.22004077e-09],
     [ 3.21436719e-10]]), 2.0137979859932718), (1.6638232014445317e-05, Vec([[-9.20525709e-08],
     [ 2.78797569e-09],
     [ 2.45616263e-10]]), 2.0425640079564307), (1.5884321669540263e-05, Vec([[-1.71712335e-07],
     [-3.13385237e-09],
     [-9.85051825e-10]]), 2.0737516188917944), (1.5075698012372937e-05, Vec([[-2.46748322e-07],
     [-4.34125773e-09],
     [ 9.47511573e-10]]), 2.1106130429275276), (1.4446268019648276e-05, Vec([[-3.10879745e-07],
     [ 2.61617414e-10],
     [ 4.87947977e-10]]), 2.189775418172041), (1.3410451743262928e-05, Vec([[-3.44927293e-07],
     [ 6.61874600e-09],
     [-1.73242021e-10]]), 2.226173578704339), (1.3890897227267723e-05, Vec([[-3.36351981e-07],
     [-1.07359395e-09],
     [-1.91603246e-10]]), 2.1999411775144555), (1.450371433497428e-05, Vec([[-2.71010306e-07],
     [ 5.69374201e-09],
     [ 1.73285852e-10]]), 2.1101111757774764), (1.5169101918639928e-05, Vec([[-2.06137283e-07],
     [-5.23123262e-09],
     [ 8.02486892e-10]]), 2.0484994210695064), (1.6163656485400788e-05, Vec([[-1.49993948e-07],
     [-1.26016897e-08],
     [-1.59994172e-10]]), 2.0442957951185945), (1.6668541447105762e-05, Vec([[-5.95189674e-08],
     [-7.85754190e-09],
     [ 6.83308560e-10]]), 1.989892827437227), (1.768242188021054e-05, Vec([[-1.39792659e-08],
     [ 5.92176834e-09],
     [-2.63769715e-10]]), 2.006455763183646), (1.844072176498079e-05, Vec([[ 6.22365355e-08],
     [-7.14410073e-09],
     [-3.63461273e-10]]), 2.0015022882309816), (1.8781594869857466e-05, Vec([[ 1.23910360e-07],
     [-7.83693302e-09],
     [ 4.18833264e-09]]), 1.9611111816094622), (1.9494640757573628e-05, Vec([[ 2.21352594e-07],
     [-7.46653382e-09],
     [ 1.81818003e-09]]), 1.9687518963901696), (1.997120149343638e-05, Vec([[2.75856902e-07],
     [2.30262544e-09],
     [3.29082515e-09]]), 1.9604265374743102), (2.0517193317616e-05, Vec([[ 3.45905403e-07],
     [ 3.17504992e-10],
     [-6.26332383e-09]]), 1.9668888345136073), (2.0923014060167835e-05, Vec([[3.96485850e-07],
     [6.11783008e-09],
     [7.22763814e-09]]), 1.9676672247442761), (2.165600636597445e-05, Vec([[ 4.57310147e-07],
     [ 6.05734316e-09],
     [-2.58442628e-09]]), 2.0065398245239425), (2.180845882185637e-05, Vec([[ 4.80555602e-07],
     [-2.68101785e-08],
     [-5.12102246e-09]]), 1.9992070079060216), (2.2158657477065616e-05, Vec([[ 4.91530736e-07],
     [ 7.16043123e-09],
     [-4.78003066e-09]]), 2.01800585202507), (2.2315300456465743e-05, Vec([[ 4.91721089e-07],
     [-4.38980468e-09],
     [ 5.61107762e-09]]), 2.0271570173260716), (2.2480935247615092e-05, Vec([[ 4.80413539e-07],
     [ 3.05564463e-08],
     [-5.14528727e-09]]), 2.0452920134545853), (2.244953740970644e-05, Vec([[ 4.51324726e-07],
     [-1.56730774e-08],
     [-3.75777735e-09]]), 2.0538114707905226), (2.2502439938675085e-05, Vec([[ 4.33461519e-07],
     [ 2.63405844e-09],
     [-1.21048901e-09]]), 2.0785984992375903), (2.213859602765823e-05, Vec([[ 3.61927542e-07],
     [ 2.31347609e-08],
     [-1.74210001e-09]]), 2.0734288151607245), (2.2080236376620587e-05, Vec([[ 3.08273577e-07],
     [ 1.57155560e-08],
     [-7.21514166e-10]]), 2.1057260667466), (2.159246633813709e-05, Vec([[ 2.29993747e-07],
     [-7.81631718e-09],
     [ 1.45339149e-09]]), 2.1061499777394617), (2.1188582816876274e-05, Vec([[1.65835331e-07],
     [1.78332153e-08],
     [3.27316866e-09]]), 2.123717857961153), (2.062740857839787e-05, Vec([[ 8.17914993e-08],
     [ 2.05880379e-08],
     [-2.34782295e-09]]), 2.134909786567322), (2.0018036772547813e-05, Vec([[ 3.91323597e-09],
     [-1.01346518e-08],
     [ 1.33127470e-11]]), 2.1506517933272136)]