[(1.98673947838898e-05, array([[-1.78991941e-10],
       [-8.75805622e-09],
       [-4.09957913e-10]]), 2.134467465826027), (2.0772615389922282e-05, array([[-5.00549735e-08],
       [ 1.36606159e-09],
       [-1.25964825e-09]]), 2.149938501484249), (2.1162104080443904e-05, array([[-1.12775945e-07],
       [-2.72750783e-09],
       [ 1.17954003e-11]]), 2.1210639114512007), (2.1846542024811692e-05, array([[-1.42244344e-07],
       [-5.92501196e-09],
       [ 2.55188810e-10]]), 2.130932765099361), (2.2067970092525787e-05, array([[-1.90070918e-07],
       [-1.82189882e-08],
       [-3.90198049e-09]]), 2.104556267940103), (2.212483083064085e-05, array([[-2.17840041e-07],
       [ 1.74256152e-08],
       [ 1.73572462e-09]]), 2.0721396116309916), (2.238697667285143e-05, array([[-2.47648530e-07],
       [-1.34522291e-08],
       [-2.15559541e-09]]), 2.06793291045201), (2.2468490992892806e-05, array([[-2.43936110e-07],
       [ 8.95291401e-09],
       [ 2.66076589e-10]]), 2.05554545246909), (2.257412720650889e-05, array([[-2.52709411e-07],
       [-5.33049419e-09],
       [ 2.05808524e-09]]), 2.0537705205604633), (2.243576558536012e-05, array([[-2.29559665e-07],
       [ 6.00760066e-09],
       [-5.61785113e-09]]), 2.0381002592446706), (2.2162332031863703e-05, array([[-2.39385808e-07],
       [-3.55789265e-09],
       [-4.17343792e-10]]), 2.0183404965356315), (2.214219627524567e-05, array([[-2.01195050e-07],
       [ 1.60598330e-08],
       [ 9.90438424e-10]]), 2.0298011118299506), (2.189077576824617e-05, array([[-1.51432567e-07],
       [ 1.47326902e-08],
       [ 6.65349781e-09]]), 2.0282924111863663), (2.1537406085152352e-05, array([[-1.07172828e-07],
       [ 8.22549343e-09],
       [ 2.51144516e-09]]), 2.025446617676376), (2.112618478060765e-05, array([[-4.74168820e-08],
       [ 1.36861849e-09],
       [-2.88625812e-09]]), 2.0252700414520803), (2.0343398915131327e-05, array([[1.68207335e-08],
       [2.64191184e-09],
       [1.89162195e-09]]), 1.9969624315671162), (1.9664006062648515e-05, array([[ 1.06640327e-07],
       [-1.95421529e-08],
       [-1.47911745e-09]]), 1.9858559953933457), (1.9191886209263213e-05, array([[ 1.73293261e-07],
       [-2.81603455e-09],
       [ 1.35727240e-09]]), 2.003952427999963), (1.8709401495462832e-05, array([[2.37255629e-07],
       [1.99421218e-08],
       [3.65262797e-09]]), 2.030664004470437), (1.782296148419949e-05, array([[ 3.05708103e-07],
       [ 3.67346753e-09],
       [-1.75157499e-09]]), 2.0224030412369287), (1.7315883253097864e-05, array([[3.68749652e-07],
       [1.14849057e-08],
       [1.86993074e-09]]), 2.0671725834813643), (1.6591704770605246e-05, array([[ 4.52634029e-07],
       [ 5.08344553e-09],
       [-5.15066671e-10]]), 2.098433131577184), (1.57604105559579e-05, array([[ 5.13374390e-07],
       [-5.32585636e-09],
       [-1.88474998e-09]]), 2.1283522302678404), (1.507297899737227e-05, array([[ 5.68120311e-07],
       [ 5.01530817e-10],
       [-9.18022021e-11]]), 2.192932148278608), (1.4147633807465214e-05, array([[ 6.16714547e-07],
       [ 4.91383864e-09],
       [-6.70664560e-10]]), 2.2406012850157913), (1.358991907872581e-05, array([[ 6.32604453e-07],
       [ 4.91586859e-09],
       [-2.55119829e-10]]), 2.2559656728184425), (1.4617930839912768e-05, array([[ 5.79094578e-07],
       [-5.54063997e-09],
       [ 5.93615288e-10]]), 2.215796188624176), (1.5252935088798218e-05, array([[ 4.96334004e-07],
       [-1.91563573e-11],
       [-1.42624736e-10]]), 2.1354264137503267), (1.6192899345537363e-05, array([[ 4.76082382e-07],
       [-3.52674556e-09],
       [-8.74184090e-10]]), 2.1140374723557147), (1.691616156184092e-05, array([[4.14584467e-07],
       [2.36500016e-08],
       [3.50959494e-10]]), 2.0766835520140576), (1.7892284152554924e-05, array([[ 3.47272050e-07],
       [ 7.52805832e-09],
       [-1.32669405e-12]]), 2.0807370228985733), (1.8478230309061734e-05, array([[ 2.81596013e-07],
       [-8.17555327e-09],
       [-1.64337463e-09]]), 2.049119897486369), (1.895291648348977e-05, array([[ 1.88878168e-07],
       [-3.83077925e-09],
       [ 1.51455727e-09]]), 2.0162760662383015), (1.9521734687960908e-05, array([[ 1.11807098e-07],
       [ 8.06762803e-10],
       [-4.72635846e-09]]), 2.0033738036769546), (2.0162980592034907e-05, array([[ 6.46857392e-08],
       [-1.80586779e-08],
       [ 4.55737513e-09]]), 2.0063345076433987), (2.0557900593844955e-05, array([[-3.79211416e-09],
       [ 3.27513186e-09],
       [-1.43721385e-09]]), 1.9931213305496702), (2.100389110008035e-05, array([[-9.47573514e-08],
       [ 1.33225520e-10],
       [-2.63243028e-09]]), 1.9932221091948616), (2.138536758259485e-05, array([[-1.22151274e-07],
       [-2.29329057e-08],
       [ 4.94958991e-09]]), 1.9951907418944925), (2.183625403528907e-05, array([[-1.91397444e-07],
       [-6.57765690e-09],
       [-2.88709988e-10]]), 2.0114273362756037), (2.2027429310342302e-05, array([[-2.20647439e-07],
       [ 1.95836399e-08],
       [ 1.67957092e-10]]), 2.0116325376587643), (2.240093088483175e-05, array([[-2.56558954e-07],
       [ 5.82473325e-09],
       [-5.26270357e-09]]), 2.0364738193478655), (2.2392026644084832e-05, array([[-2.50028717e-07],
       [-1.37110807e-09],
       [ 5.77073328e-09]]), 2.034639040565168), (2.2496565486453232e-05, array([[-2.48910714e-07],
       [ 5.36846686e-09],
       [-1.78717105e-09]]), 2.0513648264679363), (2.227582375958132e-05, array([[-2.47285134e-07],
       [ 1.50530805e-08],
       [ 1.95067166e-09]]), 2.046713762887271), (2.215149784681752e-05, array([[-2.25115620e-07],
       [-1.41727180e-08],
       [ 2.23101207e-09]]), 2.05927366349094), (2.1999653589928914e-05, array([[-2.08507829e-07],
       [ 5.09941574e-09],
       [ 3.59554618e-09]]), 2.0780115913264656), (2.1635308891475412e-05, array([[-1.70264122e-07],
       [ 1.38737992e-08],
       [-1.08973823e-09]]), 2.0854962613498116), (2.1251029009997485e-05, array([[-1.35774744e-07],
       [-1.29644014e-08],
       [ 2.96111534e-09]]), 2.0999652454710964), (2.0956738699739297e-05, array([[-7.89214900e-08],
       [-4.94291371e-09],
       [-1.24576166e-09]]), 2.1331134269054686), (2.02320059039265e-05, array([[-2.53477381e-08],
       [-7.87682734e-09],
       [ 4.06682975e-10]]), 2.131995660163671), (2.0279932062784887e-05, array([[ 2.79763275e-08],
       [-1.15242691e-09],
       [ 2.04641982e-10]]), 2.137045992947262), (2.067061804748928e-05, array([[ 7.37229093e-08],
       [-2.53686647e-10],
       [-1.51063559e-09]]), 2.103990202448934), (2.1387760627072026e-05, array([[ 1.40676475e-07],
       [-1.86701677e-08],
       [ 9.86259204e-10]]), 2.1134766685498803), (2.164087930907182e-05, array([[ 1.71273178e-07],
       [ 1.28836291e-08],
       [-2.09503141e-09]]), 2.0860332116253884), (2.1987264129500116e-05, array([[2.08487128e-07],
       [1.11366340e-08],
       [1.52400363e-09]]), 2.0768413255185934), (2.214859510123192e-05, array([[2.22274728e-07],
       [4.36552748e-09],
       [2.72250570e-09]]), 2.0590038150329453), (2.2446658166790686e-05, array([[2.34104118e-07],
       [2.05763824e-08],
       [5.40817303e-09]]), 2.0624101131629686), (2.239647118032728e-05, array([[2.51916301e-07],
       [1.42287630e-08],
       [1.06995454e-09]]), 2.042237658187953), (2.265952871849747e-05, array([[2.61255732e-07],
       [1.81008159e-08],
       [4.44229322e-09]]), 2.058945467700288), (2.243681951542103e-05, array([[ 2.28306582e-07],
       [-9.69513968e-09],
       [-8.75391785e-10]]), 2.0397364630738366), (2.209073229812201e-05, array([[ 2.04990265e-07],
       [-3.08085038e-09],
       [-8.50287000e-09]]), 2.0174136185172964), (2.206747710714252e-05, array([[1.76341374e-07],
       [1.10594436e-08],
       [3.60095894e-09]]), 2.032726246187167), (2.1624569957425865e-05, array([[ 1.24545815e-07],
       [-2.19771188e-08],
       [-7.61070202e-10]]), 2.0175076070060567), (2.111972961515217e-05, array([[ 3.87621272e-08],
       [-1.25529852e-08],
       [-2.62062643e-09]]), 2.004214924204103), (2.064601450290698e-05, array([[3.72078603e-08],
       [3.04995196e-09],
       [4.85181707e-09]]), 2.0016641149097736), (2.0295555447539588e-05, array([[-4.43933141e-08],
       [ 6.40221697e-09],
       [-2.05925224e-09]]), 2.0195264812323606), (1.968710446795558e-05, array([[-1.21602179e-07],
       [-2.45680062e-09],
       [-3.39258247e-09]]), 2.020344502769872), (1.9024861120670558e-05, array([[-2.04424643e-07],
       [ 8.15425519e-09],
       [-2.79879126e-09]]), 2.023929782760938), (1.8322924862751957e-05, array([[-2.82830266e-07],
       [ 1.11009706e-08],
       [ 3.72678148e-09]]), 2.031897497132084), (1.7665469436846767e-05, array([[-3.38610460e-07],
       [ 9.73275560e-09],
       [-2.75478251e-09]]), 2.054360190723974), (1.6974540494578554e-05, array([[-4.08879248e-07],
       [ 2.71041040e-09],
       [ 3.53284985e-09]]), 2.0838503415340783), (1.634070481953572e-05, array([[-4.56381237e-07],
       [ 5.73967841e-09],
       [ 7.94321111e-10]]), 2.133333974111463), (1.5487282991948962e-05, array([[-5.46866975e-07],
       [ 8.15617329e-09],
       [-4.88551592e-10]]), 2.1682353583555276), (1.4378254832415276e-05, array([[-5.87863768e-07],
       [-4.26783000e-09],
       [ 5.59569997e-10]]), 2.1794659316450167), (1.3816936943930963e-05, array([[-6.33148848e-07],
       [-6.14166222e-10],
       [ 4.52806177e-11]]), 2.2936512916990646), (1.4122771868586995e-05, array([[-6.03788284e-07],
       [ 2.50799097e-09],
       [ 3.79627623e-10]]), 2.2366638285508706), (1.5053473370601533e-05, array([[-5.52084733e-07],
       [ 3.42124486e-09],
       [ 8.10519373e-10]]), 2.1900943206650156), (1.5892209918991853e-05, array([[-5.05926408e-07],
       [-1.06422906e-08],
       [ 6.74122438e-10]]), 2.1461509714405564), (1.6630475866505162e-05, array([[-4.59002786e-07],
       [-7.85974849e-09],
       [-5.23920834e-10]]), 2.103336699553398), (1.7414181927983613e-05, array([[-4.00773944e-07],
       [-1.11296818e-08],
       [-2.15463837e-09]]), 2.0789074931447242), (1.791499867892526e-05, array([[-3.01273748e-07],
       [ 1.08840705e-08],
       [-1.03823975e-09]]), 2.0328466649122277), (1.865849242886851e-05, array([[-2.32846188e-07],
       [-6.25479294e-09],
       [ 5.59686514e-10]]), 2.0251384824990706), (1.9193241690248812e-05, array([[-1.67843552e-07],
       [ 3.24527133e-09],
       [ 1.62262133e-09]]), 2.004093962780994), (1.9870754662994786e-05, array([[-1.06402501e-07],
       [-7.58995487e-09],
       [ 4.12687435e-10]]), 2.0067354106167117), (2.0445315367530554e-05, array([[-1.25496475e-08],
       [ 7.05691818e-09],
       [-1.80313182e-09]]), 2.006966823038223), (2.0699082382858767e-05, array([[ 4.00043400e-08],
       [ 1.78492007e-08],
       [-3.98624487e-09]]), 1.9843257015357139), (2.1365159959081313e-05, array([[ 1.01923461e-07],
       [ 1.78204663e-09],
       [-1.78797027e-09]]), 2.009248040555293), (2.1766104138305633e-05, array([[ 1.53622106e-07],
       [ 2.68045300e-08],
       [-2.02318618e-09]]), 2.0167409466071433), (2.2010546914303706e-05, array([[ 1.93332866e-07],
       [ 2.38851971e-08],
       [-2.31719131e-09]]), 2.0177326604491608), (2.2286478482929232e-05, array([[ 2.40197601e-07],
       [-1.40111265e-09],
       [-3.66123778e-09]]), 2.0296466086057197), (2.245611212182109e-05, array([[ 2.43449108e-07],
       [ 2.63896254e-08],
       [-3.56817923e-09]]), 2.0399485706418474), (2.247309517382382e-05, array([[ 2.60365699e-07],
       [ 2.08347989e-08],
       [-4.31087786e-09]]), 2.0445787317279334), (2.2489039093411716e-05, array([[ 2.44324523e-07],
       [ 2.81884235e-08],
       [-2.25545654e-09]]), 2.0574253096696418), (2.2505223422769437e-05, array([[2.40029287e-07],
       [1.69564863e-08],
       [2.42287520e-10]]), 2.078855615615945), (2.2227215521428465e-05, array([[ 2.20232233e-07],
       [-2.75538626e-08],
       [ 3.63114528e-10]]), 2.081728628380073), (2.20316263488779e-05, array([[ 1.82963052e-07],
       [ 4.22551000e-09],
       [-2.59193363e-09]]), 2.1010902738693353), (2.1653435727664884e-05, array([[ 1.48714745e-07],
       [ 5.08498116e-09],
       [-1.77694990e-09]]), 2.112096990757143), (2.1130344628085946e-05, array([[ 1.03954122e-07],
       [-1.43279494e-08],
       [ 6.09687337e-10]]), 2.117880682222772), (2.064774208929439e-05, array([[5.66600005e-08],
       [2.17153462e-08],
       [6.22368359e-10]]), 2.1370142783285266), (2.014495371184713e-05, array([[ 2.54780555e-09],
       [-1.41746025e-08],
       [ 1.97474942e-09]]), 2.1642872035429646)]