[(1.9797571415493075e-05, array([[-3.34022885e-09],
       [ 2.24181039e-09],
       [ 1.58694236e-09]]), 2.1269659433658172), (2.056595758263546e-05, array([[-4.70001746e-08],
       [-3.08747979e-08],
       [-1.57964120e-09]]), 2.128549688945323), (2.1257327394208054e-05, array([[-9.82450463e-08],
       [ 1.89427860e-08],
       [-5.26516278e-10]]), 2.130608082181397), (2.175905550075562e-05, array([[-1.51420288e-07],
       [-2.75787291e-08],
       [-1.26891615e-09]]), 2.1223992452222102), (2.1704310048322815e-05, array([[-1.81744829e-07],
       [-1.61962563e-08],
       [ 4.38473815e-10]]), 2.069875097799948), (2.229721921459122e-05, array([[-2.12181837e-07],
       [ 1.81462178e-08],
       [-3.56880068e-09]]), 2.0882849463322137), (2.236019889736206e-05, array([[-2.37565062e-07],
       [-1.47720330e-08],
       [ 1.24862513e-09]]), 2.0654593900650298), (2.270345890466055e-05, array([[-2.53470222e-07],
       [-3.82854714e-09],
       [ 9.81703121e-10]]), 2.077041654535492), (2.2547808133993073e-05, array([[-2.57239837e-07],
       [ 6.05935039e-09],
       [ 1.87947185e-09]]), 2.0513760388262634), (2.2311256402267616e-05, array([[-2.44461690e-07],
       [-1.17970249e-08],
       [-7.08069254e-09]]), 2.026789649077449), (2.242648918320234e-05, array([[-2.13291915e-07],
       [ 7.51363690e-09],
       [-2.53133106e-09]]), 2.0423974899616715), (2.199857775822989e-05, array([[-1.98448975e-07],
       [-5.17372925e-09],
       [-1.82109113e-09]]), 2.016635433868551), (2.1745970919308516e-05, array([[-1.39907478e-07],
       [-3.05453570e-09],
       [-1.08236977e-09]]), 2.014875500825918), (2.1349620842416778e-05, array([[-1.20881429e-07],
       [ 6.92439197e-09],
       [-1.98614971e-09]]), 2.0077866922775365), (2.09654925673385e-05, array([[-3.46256231e-08],
       [ 4.11438039e-09],
       [ 3.23920316e-09]]), 2.009865219009773), (2.03505934526569e-05, array([[ 3.42793493e-08],
       [-7.87947140e-09],
       [-2.32101510e-09]]), 1.9976686666073378), (1.9901570813078467e-05, array([[7.49920121e-08],
       [3.61683117e-08],
       [6.01919932e-09]]), 2.0098475148442865), (1.9431421128486437e-05, array([[ 1.74312706e-07],
       [-9.56287783e-09],
       [-8.41838306e-10]]), 2.0289638613595704), (1.8633424817003097e-05, array([[2.46992793e-07],
       [9.45901075e-09],
       [8.24000029e-10]]), 2.022417716839867), (1.8009460316341603e-05, array([[ 3.18566142e-07],
       [-5.30799830e-09],
       [-6.52518658e-10]]), 2.043565394398367), (1.7227772306600405e-05, array([[ 3.85778914e-07],
       [ 3.00990124e-09],
       [-1.10487413e-09]]), 2.0566538862689914), (1.665408832106122e-05, array([[ 4.56813807e-07],
       [ 5.02176639e-09],
       [-1.95280150e-10]]), 2.106323080859198), (1.5659882832383217e-05, array([[ 4.81499552e-07],
       [-1.05749204e-09],
       [ 6.07964180e-10]]), 2.1147765430156418), (1.5024282765113486e-05, array([[ 5.39095828e-07],
       [ 4.47950028e-09],
       [-4.41853501e-10]]), 2.1858474483504153), (1.428289010449328e-05, array([[ 6.06866002e-07],
       [ 2.09089371e-10],
       [-4.13743827e-10]]), 2.2620222121511584), (1.3571791916076439e-05, array([[ 6.16815570e-07],
       [-6.66214722e-09],
       [ 3.53994169e-10]]), 2.252956511656726), (1.4453346802910263e-05, array([[ 5.81604768e-07],
       [-1.23919030e-09],
       [ 5.65348176e-10]]), 2.190848425093732), (1.5259946223537177e-05, array([[ 5.30989448e-07],
       [-1.59643234e-09],
       [-3.55963376e-10]]), 2.1364079797390874), (1.6056396284255404e-05, array([[ 4.72322458e-07],
       [-3.36358616e-09],
       [-5.18095258e-10]]), 2.096216538594346), (1.692963396379483e-05, array([[3.90955012e-07],
       [6.27816890e-09],
       [8.94350986e-10]]), 2.0783374683260725), (1.7889605956944897e-05, array([[ 3.41455977e-07],
       [-7.41950087e-09],
       [ 5.99905268e-10]]), 2.080425569049929), (1.8418687059723292e-05, array([[ 2.81537329e-07],
       [-2.02987685e-09],
       [ 2.43470971e-09]]), 2.0425169244234906), (1.892752293541293e-05, array([[ 2.05190678e-07],
       [ 1.51194392e-08],
       [-5.07619338e-10]]), 2.0135746137590056), (1.956907631650205e-05, array([[1.43586164e-07],
       [2.79120447e-09],
       [1.21150118e-09]]), 2.0082321310724818), (2.0193531040558452e-05, array([[ 6.19380679e-08],
       [-2.18559331e-09],
       [-3.77196412e-09]]), 2.0093744559693416), (2.0734344044770746e-05, array([[-2.14315110e-08],
       [-4.72730143e-09],
       [ 1.96491715e-09]]), 2.010227805214757), (2.099672150579853e-05, array([[-7.37644845e-08],
       [-1.15722645e-08],
       [ 8.87132653e-10]]), 1.9925417307940982), (2.1693813986170433e-05, array([[-1.38621218e-07],
       [-9.08935317e-09],
       [ 5.42691313e-11]]), 2.023967867487859), (2.165957127868252e-05, array([[-1.84323316e-07],
       [-2.87236932e-09],
       [-2.72298595e-09]]), 1.9951523595367993), (2.211028078761219e-05, array([[-2.06600340e-07],
       [-1.13629075e-08],
       [ 2.66716019e-09]]), 2.019198864401711), (2.239715023398529e-05, array([[-2.37117721e-07],
       [ 2.92977665e-08],
       [-3.59613932e-09]]), 2.0361301195030466), (2.2503613094563244e-05, array([[-2.58229429e-07],
       [ 6.85652613e-09],
       [-1.22626918e-09]]), 2.0447782812935835), (2.2223416982882573e-05, array([[-2.52663144e-07],
       [ 2.31790249e-08],
       [-2.87189984e-09]]), 2.026457591940754), (2.235035453459752e-05, array([[-2.45073022e-07],
       [-2.20423144e-08],
       [ 3.37751950e-09]]), 2.053561687553523), (2.220325627976122e-05, array([[-2.28285421e-07],
       [-1.10065324e-08],
       [ 4.63718880e-09]]), 2.064085291966882), (2.188894630655706e-05, array([[-2.01030692e-07],
       [ 7.83110123e-09],
       [ 8.79246268e-10]]), 2.067554562212321), (2.1697026002330472e-05, array([[-1.57245891e-07],
       [ 2.40058230e-08],
       [-2.54613048e-09]]), 2.091445370031142), (2.1291125266215247e-05, array([[-1.26682572e-07],
       [ 7.73092739e-09],
       [ 5.98430087e-10]]), 2.103927441583633), (2.0827342458527135e-05, array([[-8.41902674e-08],
       [-2.09206939e-08],
       [-1.30742763e-09]]), 2.1199426342799828), (2.0247837365104804e-05, array([[-3.24227956e-08],
       [-4.00296551e-08],
       [-4.98067989e-10]]), 2.133663937974901), (2.0069864099425043e-05, array([[2.92048203e-08],
       [1.77806433e-08],
       [1.65770164e-09]]), 2.114909582531541), (2.075240668825923e-05, array([[ 8.26192400e-08],
       [-8.80846498e-10],
       [ 1.53468201e-09]]), 2.1123151832722575), (2.125125051114555e-05, array([[ 1.22868070e-07],
       [-4.56923662e-09],
       [-1.50448217e-09]]), 2.09998713357414), (2.2062535928024893e-05, array([[ 1.74770920e-07],
       [ 1.31745750e-08],
       [-8.30768047e-10]]), 2.126678034715782), (2.1915508922871496e-05, array([[ 2.05085653e-07],
       [-1.87633155e-08],
       [-1.28151959e-09]]), 2.07006357556436), (2.2120310734829708e-05, array([[ 2.19271620e-07],
       [-1.31904770e-08],
       [-1.02702099e-09]]), 2.056374410411038), (2.2283935683112727e-05, array([[ 2.40898780e-07],
       [-1.16610343e-08],
       [-5.98686589e-09]]), 2.0474590904547), (2.2651997326287894e-05, array([[ 2.55161095e-07],
       [ 5.06885879e-09],
       [-5.93058437e-10]]), 2.0655379858927385), (2.2401358761798262e-05, array([[ 2.40731407e-07],
       [-7.60395834e-09],
       [-4.03075624e-09]]), 2.035486998248172), (2.2405762725747297e-05, array([[2.35613555e-07],
       [3.41119381e-08],
       [1.58370337e-09]]), 2.0369130831255333), (2.2137223367250404e-05, array([[2.19090702e-07],
       [2.12136506e-08],
       [5.03037863e-09]]), 2.021659368034935), (2.1836350645287155e-05, array([[1.54727578e-07],
       [1.62645866e-08],
       [1.19432469e-09]]), 2.0114362354206117), (2.1417025039984834e-05, array([[ 1.31844335e-07],
       [ 3.62083824e-09],
       [-1.94887014e-09]]), 1.9981442878483993), (2.0982955715518647e-05, array([[ 8.44917840e-08],
       [-8.20238157e-09],
       [ 3.02064019e-10]]), 1.9912353882023526), (2.0615269347566618e-05, array([[ 1.40816275e-08],
       [ 2.18896659e-10],
       [-8.50085552e-10]]), 1.9986833229441638), (2.024863212733521e-05, array([[-5.37867377e-08],
       [-2.95850711e-09],
       [-2.31366979e-09]]), 2.014857336404813), (1.9728018255982397e-05, array([[-1.35089568e-07],
       [ 9.47355584e-09],
       [ 3.96494346e-09]]), 2.024543187592316), (1.911513890341882e-05, array([[-2.04274201e-07],
       [ 1.33672406e-08],
       [-1.98808760e-09]]), 2.03353384200042), (1.8577204975311815e-05, array([[-2.69432238e-07],
       [ 5.78140428e-09],
       [ 4.47939527e-10]]), 2.0600955674811665), (1.7771869544797853e-05, array([[-3.44662990e-07],
       [-5.28723535e-09],
       [-4.30036672e-10]]), 2.066733716762717), (1.699424632965907e-05, array([[-4.15718057e-07],
       [-3.78258220e-09],
       [-9.07914352e-11]]), 2.0862694945695237), (1.624255214605704e-05, array([[-4.55155373e-07],
       [-7.27573548e-10],
       [ 1.94150164e-09]]), 2.120519812464555), (1.556675281039531e-05, array([[-5.52396214e-07],
       [-1.16481118e-08],
       [ 6.55232526e-10]]), 2.1793612137019456), (1.4606227496896462e-05, array([[-5.81893472e-07],
       [ 1.44319595e-09],
       [-4.81944336e-10]]), 2.2140221876979367), (1.3671530507059054e-05, array([[-6.41555468e-07],
       [ 2.82766764e-09],
       [ 4.34988613e-11]]), 2.269513404763197), (1.4185059488988484e-05, array([[-6.11936974e-07],
       [ 9.59880244e-09],
       [ 7.58338422e-10]]), 2.246528497386058), (1.499392706313584e-05, array([[-5.61421511e-07],
       [ 5.44598762e-09],
       [ 4.75560035e-10]]), 2.1814310688966976), (1.5807278303063964e-05, array([[-4.94868856e-07],
       [ 5.52493952e-09],
       [ 8.06836680e-10]]), 2.134681448261667), (1.6543665459964552e-05, array([[-4.45316092e-07],
       [ 1.36544880e-08],
       [ 1.20563563e-09]]), 2.092357367666223), (1.756488032403502e-05, array([[-3.85523306e-07],
       [-5.14240518e-09],
       [-1.67220668e-09]]), 2.096897888906739), (1.790471369538162e-05, array([[-3.10139822e-07],
       [ 4.98524720e-09],
       [ 9.79665292e-10]]), 2.0316796095933816), (1.8834775663533698e-05, array([[-2.32181557e-07],
       [-3.00755080e-09],
       [ 1.09630843e-09]]), 2.0442717519044558), (1.9419722365111417e-05, array([[-1.75841844e-07],
       [-6.54913190e-09],
       [-5.57190443e-09]]), 2.027742315701455), (1.9747734352286932e-05, array([[-6.75921944e-08],
       [-3.57748068e-09],
       [-3.23151279e-09]]), 1.9943116643670404), (2.0544276499626914e-05, array([[-3.37126397e-08],
       [ 3.34464526e-09],
       [-1.02288744e-09]]), 2.0166811123664825), (2.085856692980582e-05, array([[ 3.26142313e-08],
       [-1.02862919e-08],
       [-3.69793341e-09]]), 1.9996147505694475), (2.1222384835071854e-05, array([[8.19757170e-08],
       [2.19409052e-09],
       [4.28619012e-09]]), 1.9958210108159666), (2.1873084445083703e-05, array([[ 1.41921737e-07],
       [ 2.18038460e-08],
       [-8.28404411e-10]]), 2.0266532195517644), (2.1935455227281268e-05, array([[ 1.87075422e-07],
       [-4.89737253e-09],
       [-1.36307787e-09]]), 2.0108489173952826), (2.2110062752063776e-05, array([[ 2.32519556e-07],
       [-1.21686923e-08],
       [ 1.16686665e-09]]), 2.013580293322664), (2.254910052999985e-05, array([[ 2.50233432e-07],
       [ 2.71580655e-08],
       [-3.03880183e-09]]), 2.048395784002801), (2.26573846006083e-05, array([[ 2.58188444e-07],
       [-5.30022203e-10],
       [ 6.74015758e-09]]), 2.0613451913353646), (2.2532321465130296e-05, array([[ 2.51382342e-07],
       [ 7.39198965e-09],
       [-4.73510987e-09]]), 2.061385027408868), (2.2496967553791274e-05, array([[ 2.43793624e-07],
       [-1.93311736e-08],
       [ 1.55384766e-09]]), 2.078093003343023), (2.236454593511709e-05, array([[ 2.04305929e-07],
       [-1.48442595e-08],
       [-1.66319601e-09]]), 2.0945905477440743), (2.195546721220133e-05, array([[ 1.93802692e-07],
       [-3.33753044e-09],
       [ 8.32604454e-10]]), 2.0938272049154816), (2.171664056120853e-05, array([[ 1.45760355e-07],
       [ 1.52352430e-08],
       [-2.18150586e-09]]), 2.118262051138683), (2.105037219374887e-05, array([[ 1.03649966e-07],
       [-2.86700920e-09],
       [ 1.45071889e-09]]), 2.1098650972063453), (2.082681700140492e-05, array([[ 5.42435484e-08],
       [-6.49790262e-09],
       [-5.17593715e-10]]), 2.155548297322742), (2.008938679775621e-05, array([[-9.14864224e-09],
       [-5.47721080e-09],
       [-3.77314946e-10]]), 2.1583173332306482)]