[(2.019119230394829e-05, Vec([[3.08596139e-09],
     [1.29747701e-09],
     [4.51700850e-10]]), 2.169254879052466), (2.0756509891018936e-05, Vec([[-8.68527809e-08],
     [-3.24361116e-09],
     [-2.26708301e-09]]), 2.1482716034298646), (2.11495349002785e-05, Vec([[-1.58506799e-07],
     [ 1.12806835e-08],
     [-2.52321102e-09]]), 2.1198041107081353), (2.1608542630255562e-05, Vec([[-2.38625912e-07],
     [ 1.75229084e-08],
     [ 3.83057060e-09]]), 2.1077180747672495), (2.1845494633591862e-05, Vec([[-2.99262256e-07],
     [ 5.71599982e-09],
     [ 2.90875699e-09]]), 2.0833394491933337), (2.201479216063733e-05, Vec([[-3.55076600e-07],
     [-1.82678516e-08],
     [ 2.62288827e-09]]), 2.0618337481118134), (2.243497081120814e-05, Vec([[-4.02359099e-07],
     [ 1.03620184e-08],
     [-7.49679623e-11]]), 2.072366231648837), (2.2577076363491682e-05, Vec([[-4.62169376e-07],
     [ 2.73858239e-08],
     [ 1.40931926e-09]]), 2.0654794602673796), (2.2422265125211908e-05, Vec([[-4.89617418e-07],
     [ 2.68814139e-08],
     [ 8.21749672e-09]]), 2.039954266983724), (2.2398109965017985e-05, Vec([[-5.01450943e-07],
     [-2.21626669e-08],
     [-3.88356457e-09]]), 2.034679563423557), (2.2082723476534696e-05, Vec([[-4.88466767e-07],
     [ 7.39327668e-09],
     [-7.68107197e-11]]), 2.0110904846298348), (2.1789843928981356e-05, Vec([[-4.74593673e-07],
     [ 4.74488726e-09],
     [ 3.58305995e-09]]), 1.9975005588354509), (2.1578978242342775e-05, Vec([[-4.52777874e-07],
     [ 9.96139785e-09],
     [ 4.17492274e-09]]), 1.9994027746421053), (2.1141191469689624e-05, Vec([[-3.77346036e-07],
     [-1.87569841e-08],
     [-5.95124458e-09]]), 1.9881853268045764), (2.049454661458332e-05, Vec([[-3.52674574e-07],
     [-1.78755823e-09],
     [ 2.83365728e-09]]), 1.9647177993898477), (1.9886412376839987e-05, Vec([[-2.71928427e-07],
     [ 1.01436027e-08],
     [-6.10893799e-09]]), 1.9521034110805768), (1.925359032135598e-05, Vec([[-2.18229023e-07],
     [-1.31956018e-08],
     [ 1.69714108e-09]]), 1.944408359654577), (1.8864691581399703e-05, Vec([[-1.19698478e-07],
     [ 7.60633736e-09],
     [ 6.09310339e-09]]), 1.9697878616938562), (1.800257344404887e-05, Vec([[-7.80374134e-08],
     [-3.94738142e-09],
     [-2.21639251e-09]]), 1.9539469442424864), (1.7410727301016644e-05, Vec([[-3.31499975e-09],
     [ 2.71514545e-09],
     [ 5.21399494e-10]]), 1.9756260975449444), (1.7083987572394612e-05, Vec([[6.61625835e-08],
     [2.96286429e-09],
     [3.01668301e-09]]), 2.0394888444326074), (1.6078943930026093e-05, Vec([[ 1.56201060e-07],
     [-2.45395035e-09],
     [-5.62058030e-10]]), 2.0335817886125387), (1.5584246198265085e-05, Vec([[ 2.20806948e-07],
     [ 4.80112803e-09],
     [-1.78913944e-09]]), 2.10456225333431), (1.4823914105700358e-05, Vec([[ 2.68122611e-07],
     [-6.25739109e-09],
     [-1.85427874e-10]]), 2.1566962848802644), (1.388600217452699e-05, Vec([[3.28180283e-07],
     [4.85014073e-10],
     [1.47623761e-10]]), 2.1991659339924396), (1.3504422823511834e-05, Vec([[3.49239758e-07],
     [3.78060901e-09],
     [3.07305585e-12]]), 2.241773048432681), (1.4427317157571894e-05, Vec([[2.93367032e-07],
     [7.19787050e-09],
     [2.88681185e-10]]), 2.186902833233732), (1.5231749692652652e-05, Vec([[ 2.43496960e-07],
     [ 1.11611823e-09],
     [-6.08286490e-10]]), 2.1324604367595628), (1.5925506252175344e-05, Vec([[1.87947044e-07],
     [1.09872489e-08],
     [1.94641272e-12]]), 2.079128404674008), (1.664051813216221e-05, Vec([[ 8.09433704e-08],
     [-6.58107220e-09],
     [ 1.63854445e-09]]), 2.042844659275779), (1.723160284004196e-05, Vec([[6.08168896e-08],
     [1.11745938e-08],
     [9.76853461e-11]]), 2.003904794237224), (1.7970192933943892e-05, Vec([[-3.21230364e-08],
     [-3.25485472e-09],
     [-1.08998263e-09]]), 1.9927817375755579), (1.827064322696967e-05, Vec([[-1.08255164e-07],
     [-9.05961873e-09],
     [-1.38864573e-09]]), 1.943693504132132), (1.9118902583476345e-05, Vec([[-1.79406076e-07],
     [-4.45073793e-09],
     [ 4.83314731e-10]]), 1.9620340714090982), (1.9814820508713372e-05, Vec([[-2.38146467e-07],
     [-1.91469684e-08],
     [ 3.17996703e-09]]), 1.9716905428702571), (2.0224526776490465e-05, Vec([[-3.28475989e-07],
     [-1.50694613e-08],
     [-1.89426388e-09]]), 1.9608002059590124), (2.0585548956588676e-05, Vec([[-3.74781103e-07],
     [-4.21074109e-09],
     [-7.65950845e-09]]), 1.9535223790047545), (2.105139751393435e-05, Vec([[-4.24917404e-07],
     [ 8.10704341e-11],
     [-6.21778355e-09]]), 1.9640323347973132), (2.168927622990206e-05, Vec([[-4.59073609e-07],
     [ 9.75062620e-09],
     [ 7.04603446e-09]]), 1.997888604993971), (2.192981804430009e-05, Vec([[-4.92793160e-07],
     [ 5.49548171e-09],
     [-5.21423276e-09]]), 2.0027182882451764), (2.2262262659334994e-05, Vec([[-5.06755069e-07],
     [ 2.44070312e-08],
     [-5.29455731e-09]]), 2.023867458824215), (2.234042465623336e-05, Vec([[-4.90546122e-07],
     [-1.84697407e-08],
     [ 9.62211716e-09]]), 2.029950254653907), (2.252675128331682e-05, Vec([[-4.65097107e-07],
     [ 8.37413713e-09],
     [-1.26882220e-09]]), 2.0541173391562464), (2.2372286530883433e-05, Vec([[-4.36432997e-07],
     [ 6.55733201e-09],
     [-4.07170615e-09]]), 2.0555768102771723), (2.2263558559981823e-05, Vec([[-3.92054397e-07],
     [ 1.17276703e-08],
     [-3.13012608e-09]]), 2.0696911836481338), (2.200553957294107e-05, Vec([[-3.34381140e-07],
     [-7.93579303e-09],
     [ 2.14743857e-10]]), 2.0785675610318797), (2.1690333221955275e-05, Vec([[-2.60057720e-07],
     [-1.12959132e-08],
     [ 8.26193524e-10]]), 2.090800231636285), (2.1281932288317887e-05, Vec([[-1.96170497e-07],
     [ 8.51277403e-09],
     [-3.23393589e-09]]), 2.103019018086693), (2.0843107683992955e-05, Vec([[-1.13509202e-07],
     [-4.34186117e-10],
     [ 2.27575391e-09]]), 2.1215473216600733), (2.022724403073117e-05, Vec([[-4.16682600e-08],
     [ 1.99389517e-09],
     [ 1.19979071e-10]]), 2.131493866469319), (2.0131213729542095e-05, Vec([[3.36685541e-08],
     [1.27633802e-08],
     [1.68485940e-10]]), 2.1213744454711474), (2.1020819928506105e-05, Vec([[ 1.19928277e-07],
     [-6.87850972e-09],
     [-1.03040627e-09]]), 2.1396360319469094), (2.1433581966583417e-05, Vec([[ 1.98218288e-07],
     [-1.33047886e-08],
     [ 4.13431382e-10]]), 2.1180046008410454), (2.1818473193548262e-05, Vec([[2.60273903e-07],
     [1.65401565e-08],
     [1.75982224e-09]]), 2.1031520512024904), (2.195821133091387e-05, Vec([[ 3.28847170e-07],
     [-1.05250399e-08],
     [ 1.19541736e-09]]), 2.074097098116289), (2.222164707617489e-05, Vec([[3.90826583e-07],
     [1.02111630e-08],
     [1.90118056e-09]]), 2.0657949588691924), (2.229177635149109e-05, Vec([[ 4.27422441e-07],
     [-6.36329807e-09],
     [ 1.46889747e-09]]), 2.0481794949637964), (2.2257130414320873e-05, Vec([[ 4.65097917e-07],
     [ 1.53737456e-08],
     [-9.45174781e-11]]), 2.0295317744186834), (2.2513361962202106e-05, Vec([[ 4.97060537e-07],
     [-2.14690017e-08],
     [-1.22501455e-09]]), 2.0456641067266537), (2.2316996174358584e-05, Vec([[ 4.82509230e-07],
     [-1.21206492e-08],
     [ 4.52877660e-09]]), 2.028843295362414), (2.1897771414275188e-05, Vec([[ 4.67412233e-07],
     [-6.44190606e-09],
     [-5.55499952e-09]]), 1.999791662410987), (2.1591000377757698e-05, Vec([[ 4.67135543e-07],
     [ 1.40755124e-08],
     [-2.39416096e-09]]), 1.9888360113037038), (2.1228753272755736e-05, Vec([[ 4.26738196e-07],
     [-1.96021778e-08],
     [ 3.17609474e-09]]), 1.9805790958784781), (2.090199018398659e-05, Vec([[ 3.78837211e-07],
     [ 9.25155207e-09],
     [-4.27823151e-09]]), 1.9835519410370899), (2.0245057921279454e-05, Vec([[ 3.33505740e-07],
     [ 4.24226125e-09],
     [-3.68541061e-09]]), 1.9627907332715055), (1.9477296059205573e-05, Vec([[ 2.64918729e-07],
     [ 1.17466853e-08],
     [-7.66068388e-10]]), 1.9381048858722858), (1.9261521667548762e-05, Vec([[ 1.84821597e-07],
     [ 2.08256973e-09],
     [-2.26126427e-09]]), 1.9766700318655885), (1.8353078036485882e-05, Vec([[ 1.03844090e-07],
     [ 9.39589858e-09],
     [-5.54902163e-10]]), 1.9524632010596341), (1.775495571189825e-05, Vec([[ 3.26927100e-08],
     [-9.46282426e-10],
     [ 3.49721471e-10]]), 1.9689132790166712), (1.72608777943895e-05, Vec([[-3.27813927e-08],
     [-4.20762922e-09],
     [-9.84324586e-11]]), 2.0073092495228213), (1.636382943102641e-05, Vec([[-8.70820790e-08],
     [-1.96446801e-08],
     [-7.65082861e-10]]), 2.008877445580386), (1.5889769937230867e-05, Vec([[-1.62506469e-07],
     [ 4.08079333e-09],
     [ 6.87512791e-10]]), 2.0744629085633712), (1.52975895693879e-05, Vec([[-2.41634465e-07],
     [ 8.95647461e-09],
     [-5.80412086e-10]]), 2.14167808641453), (1.4099879969226943e-05, Vec([[-2.83165166e-07],
     [ 4.34189209e-09],
     [-1.63110001e-10]]), 2.1372696750327385), (1.3402160580382069e-05, Vec([[-3.53968548e-07],
     [ 3.66458828e-09],
     [-2.13820005e-10]]), 2.2247972218078327), (1.3884661667759508e-05, Vec([[-3.25309835e-07],
     [ 4.30095480e-09],
     [-3.73368683e-10]]), 2.1989536340964517), (1.4822701627086317e-05, Vec([[-2.81366988e-07],
     [ 1.13054258e-09],
     [-1.01704478e-09]]), 2.1565198842276625), (1.5419647050179444e-05, Vec([[-2.08299476e-07],
     [ 2.60639334e-09],
     [-2.96891140e-10]]), 2.0823340910231583), (1.6180196322313933e-05, Vec([[-1.70936006e-07],
     [-1.06810362e-09],
     [ 1.84346055e-10]]), 2.0463876682714313), (1.6951265413945952e-05, Vec([[-7.19505730e-08],
     [ 5.95171642e-09],
     [-2.33881816e-10]]), 2.0236444544494137), (1.747222176632742e-05, Vec([[-9.90247311e-09],
     [ 2.76973670e-09],
     [ 1.96700645e-09]]), 1.98260398355867), (1.795649656248943e-05, Vec([[ 5.15251861e-08],
     [-2.13385257e-09],
     [ 2.76777552e-09]]), 1.9489458935758628), (1.8676730598874397e-05, Vec([[ 1.16552828e-07],
     [-4.07999865e-09],
     [ 6.03401804e-11]]), 1.9501616059317186), (1.9387830962145558e-05, Vec([[1.86243595e-07],
     [4.44581230e-09],
     [3.10323070e-09]]), 1.9579652402051684), (1.9873273906958083e-05, Vec([[ 2.77286541e-07],
     [-1.10533915e-08],
     [ 5.64015710e-09]]), 1.9508137037474083), (2.0547611854400477e-05, Vec([[ 3.47116719e-07],
     [-2.90861210e-09],
     [-6.74172528e-10]]), 1.9698049195471417), (2.097056198118574e-05, Vec([[ 4.09310424e-07],
     [-4.79593542e-09],
     [-2.99252415e-09]]), 1.97213878345578), (2.128324419201139e-05, Vec([[ 4.25291493e-07],
     [-1.09602796e-09],
     [ 8.68705278e-09]]), 1.972001501321923), (2.1766391317228436e-05, Vec([[ 4.80824801e-07],
     [-1.88912586e-08],
     [ 1.44443887e-09]]), 1.995350630399281), (2.217701767087651e-05, Vec([[ 4.95508138e-07],
     [-7.70792634e-09],
     [-1.25086169e-09]]), 2.019677928891326), (2.2348467137109614e-05, Vec([[ 4.88404134e-07],
     [ 1.56469180e-08],
     [-6.26122967e-09]]), 2.0301699307994885), (2.2519863485116782e-05, Vec([[ 4.85622046e-07],
     [-4.94807177e-09],
     [ 3.22186489e-10]]), 2.048833663852272), (2.2558010461095338e-05, Vec([[ 4.38494111e-07],
     [ 3.05906040e-08],
     [-5.05475007e-09]]), 2.0637352029881333), (2.2318730217506425e-05, Vec([[ 3.96331842e-07],
     [-1.71521213e-08],
     [ 4.60311291e-09]]), 2.0616288394248232), (2.2309487436937106e-05, Vec([[ 3.72375927e-07],
     [-2.18612955e-09],
     [ 4.74606375e-09]]), 2.0894339480887374), (2.1877603339744614e-05, Vec([[ 3.01579411e-07],
     [-2.59829225e-09],
     [-3.23513464e-09]]), 2.0864015604118054), (2.1522350181373717e-05, Vec([[ 2.32643607e-07],
     [ 2.99202810e-08],
     [-1.52819548e-09]]), 2.0993107802298407), (2.1166240612424845e-05, Vec([[ 1.61775828e-07],
     [ 1.18497714e-08],
     [-9.87836487e-10]]), 2.1214785133579865), (2.082006265080045e-05, Vec([[ 8.47290317e-08],
     [-1.66903973e-08],
     [ 7.99675924e-10]]), 2.1548492308766303), (2.0258496678320012e-05, Vec([[-1.58030199e-10],
     [-2.09000037e-08],
     [ 6.53388031e-10]]), 2.176485771626298)]