[(1.9926109512363786e-05, array([[-2.36699819e-09],
       [ 4.49704227e-08],
       [-1.81386433e-09]]), 2.1407755237800643), (2.0651847555948814e-05, array([[-5.17202504e-08],
       [-8.76136799e-09],
       [-1.04422877e-10]]), 2.1374391887532007), (2.1101481529623717e-05, array([[-1.11396715e-07],
       [-1.97022398e-08],
       [ 7.12234761e-10]]), 2.114987752659238), (2.1507581714984846e-05, array([[-1.47355789e-07],
       [-6.80385246e-09],
       [ 8.67646387e-10]]), 2.0978702497842177), (2.2011077124866704e-05, array([[-1.81509243e-07],
       [-8.90758577e-10],
       [-1.28914687e-10]]), 2.0991305558702287), (2.2079974806061697e-05, array([[-2.12031571e-07],
       [ 1.81400312e-08],
       [ 2.10979072e-09]]), 2.067938542431311), (2.2325197019720024e-05, array([[-2.35113083e-07],
       [ 6.51065263e-09],
       [ 9.19051340e-10]]), 2.0622261917747324), (2.2502852869661212e-05, array([[-2.51477848e-07],
       [-2.29241065e-08],
       [-4.36193510e-10]]), 2.058689072552519), (2.232195721245636e-05, array([[-2.45948377e-07],
       [ 2.91931751e-08],
       [ 2.04998650e-09]]), 2.0308283578262305), (2.2370267882357218e-05, array([[-2.42997273e-07],
       [-1.95214105e-08],
       [ 5.80963224e-10]]), 2.032150344811742), (2.2478554274867425e-05, array([[-2.27119762e-07],
       [-3.23789075e-08],
       [-4.72632976e-09]]), 2.0471390976053256), (2.2139599562991112e-05, array([[-2.16682976e-07],
       [-1.44769418e-08],
       [-5.92434327e-10]]), 2.0295630681708716), (2.187229675923728e-05, array([[-1.50386458e-07],
       [-2.52872572e-08],
       [-3.72728516e-09]]), 2.0265802364267427), (2.1340968849594243e-05, array([[-8.80232386e-08],
       [-2.33354330e-08],
       [-3.67314717e-09]]), 2.0069730311741854), (2.0860109880407243e-05, array([[-3.52888405e-08],
       [ 1.02338564e-08],
       [ 2.72301901e-09]]), 1.9997626661377792), (2.0332505816424564e-05, array([[3.68538192e-08],
       [2.05002837e-09],
       [3.57465150e-10]]), 1.9958931358721586), (1.9768006634822545e-05, array([[ 7.80194852e-08],
       [-1.91185382e-08],
       [-1.87401323e-09]]), 1.996358949832952), (1.9398503712355748e-05, array([[ 1.70219603e-07],
       [-8.57360568e-09],
       [-2.61890975e-09]]), 2.0255267351042705), (1.8740876875842066e-05, array([[ 2.34901311e-07],
       [ 4.08402684e-09],
       [-1.21067367e-09]]), 2.0340802506811255), (1.7988415209004146e-05, array([[ 3.13129613e-07],
       [ 7.83948946e-09],
       [-2.22824109e-09]]), 2.0411773687540227), (1.7300454934341687e-05, array([[ 3.71747480e-07],
       [-5.29470472e-09],
       [ 1.11448976e-10]]), 2.0653307486135835), (1.667236744589869e-05, array([[ 4.53103364e-07],
       [ 1.78869366e-09],
       [-6.69654206e-10]]), 2.1086349301661564), (1.5824645286039774e-05, array([[5.03987059e-07],
       [1.63438446e-08],
       [1.95029496e-09]]), 2.1370267587989975), (1.4781427236097597e-05, array([[ 5.54835005e-07],
       [-1.15842613e-08],
       [-2.17780098e-09]]), 2.1505149704733486), (1.4288535109329048e-05, array([[ 6.24237992e-07],
       [ 7.12328075e-09],
       [-1.87263980e-10]]), 2.262916227734334), (1.373723159805447e-05, array([[ 6.20459271e-07],
       [ 5.63723270e-09],
       [-3.26036648e-10]]), 2.280419974926989), (1.4307161942827453e-05, array([[5.61425205e-07],
       [8.13244245e-09],
       [5.81722192e-10]]), 2.168689621679392), (1.540547143854971e-05, array([[ 5.15992432e-07],
       [ 5.21628171e-09],
       [-1.86163799e-10]]), 2.156781657735834), (1.6313262082033e-05, array([[ 4.56204115e-07],
       [ 7.73480148e-10],
       [-1.36311726e-11]]), 2.1297512324302614), (1.697771948633212e-05, array([[ 4.06438074e-07],
       [ 6.83447420e-09],
       [-5.91771009e-10]]), 2.084240605002684), (1.7624148861272717e-05, array([[ 3.43029152e-07],
       [-2.19099620e-08],
       [-2.97531304e-09]]), 2.0495549209958988), (1.8450926753932165e-05, array([[ 2.44713220e-07],
       [-6.79500811e-09],
       [ 2.29172962e-09]]), 2.0460921043940465), (1.911621834369022e-05, array([[2.09090535e-07],
       [1.41388918e-08],
       [2.62024050e-09]]), 2.033648676547706), (1.9552994465313624e-05, array([[ 1.19680742e-07],
       [-1.18161436e-08],
       [-2.73199488e-09]]), 2.0065817675212654), (2.0314376676463213e-05, array([[ 4.39188572e-08],
       [-1.18435422e-08],
       [ 6.84571459e-09]]), 2.0213993036007283), (2.059543883869674e-05, array([[-1.70004183e-09],
       [ 2.22442522e-09],
       [-4.75020872e-09]]), 1.9967607234042055), (2.1130478920066598e-05, array([[-7.40990765e-08],
       [ 7.80800443e-09],
       [ 8.89390603e-10]]), 2.005235009107031), (2.1471490188704574e-05, array([[-1.32913085e-07],
       [ 3.07845763e-08],
       [-5.31522156e-09]]), 2.0032257230896624), (2.1988778486912748e-05, array([[-1.93154236e-07],
       [ 6.97081667e-09],
       [-3.22049830e-10]]), 2.025476991997254), (2.2190508088297634e-05, array([[-2.05408286e-07],
       [-3.57524378e-10],
       [-4.27064470e-09]]), 2.026525540891899), (2.242903021211026e-05, array([[-2.34776337e-07],
       [ 1.65190097e-08],
       [-1.51835344e-09]]), 2.0390283357042693), (2.2460916105960458e-05, array([[-2.33624390e-07],
       [-1.38433997e-08],
       [-5.08774379e-10]]), 2.0408986431837053), (2.2437738928841877e-05, array([[-2.39281635e-07],
       [ 1.55705131e-08],
       [-2.05366833e-09]]), 2.0460006862742346), (2.2457567196768576e-05, array([[-2.37175614e-07],
       [ 7.57662671e-09],
       [-9.26457823e-10]]), 2.063412440261463), (2.2361686021599345e-05, array([[-2.17910316e-07],
       [-8.61405702e-09],
       [-6.18258624e-10]]), 2.0788134244451917), (2.1993025637945405e-05, array([[-2.05719713e-07],
       [ 1.18784027e-08],
       [-3.36062193e-09]]), 2.0773855377846595), (2.1691668200348154e-05, array([[-1.67472060e-07],
       [-1.41036780e-08],
       [ 4.32787295e-09]]), 2.0909289144510885), (2.137624052050148e-05, array([[-1.21117054e-07],
       [-5.36659221e-09],
       [ 6.15319199e-10]]), 2.112338284925686), (2.0929092178607977e-05, array([[-8.19856331e-08],
       [ 3.35806277e-09],
       [-6.03951364e-10]]), 2.130299383829521), (2.0323236040122996e-05, array([[-2.21240730e-08],
       [-9.42932608e-09],
       [ 6.30890932e-10]]), 2.1416092523784367), (2.01341938280026e-05, array([[ 2.53028542e-08],
       [-3.47770162e-09],
       [-1.68774949e-10]]), 2.121688480422246), (2.09762522232022e-05, array([[ 8.08358054e-08],
       [-3.44405579e-08],
       [ 1.26415454e-09]]), 2.135099640481032), (2.1504186282943057e-05, array([[ 1.30105354e-07],
       [ 1.11022416e-08],
       [-5.36840993e-10]]), 2.1249815152514366), (2.1832062007041886e-05, array([[1.69666970e-07],
       [2.22243034e-08],
       [6.26377137e-10]]), 2.1044619201708183), (2.2044350843537315e-05, array([[ 2.00599198e-07],
       [-3.14213074e-08],
       [-2.74145416e-09]]), 2.08223354012757), (2.234063879929925e-05, array([[2.26534486e-07],
       [1.99434562e-08],
       [3.62127655e-09]]), 2.0768568077472187), (2.263223428970449e-05, array([[2.51482791e-07],
       [1.13315558e-08],
       [1.76438405e-09]]), 2.079460939607381), (2.2519247367944714e-05, array([[ 2.60971857e-07],
       [ 1.20075656e-08],
       [-2.45219761e-09]]), 2.0534330894620245), (2.2482698527978826e-05, array([[ 2.54460244e-07],
       [-3.67049605e-09],
       [ 3.11535471e-09]]), 2.0428778908391796), (2.232617568987367e-05, array([[2.26442913e-07],
       [1.16864604e-08],
       [3.67587491e-09]]), 2.0296778072457315), (2.208480741668198e-05, array([[ 1.98067048e-07],
       [-1.19766236e-08],
       [ 4.39430909e-09]]), 2.0168725347567444), (2.1883392002630355e-05, array([[ 1.81206329e-07],
       [-8.91019621e-09],
       [-2.12885080e-10]]), 2.015769408681131), (2.1534396210049328e-05, array([[1.25823643e-07],
       [6.44020011e-10],
       [9.07131662e-09]]), 2.0090946664646916), (2.110704243243357e-05, array([[ 6.31534908e-08],
       [ 8.37735776e-09],
       [-4.82521109e-09]]), 2.0030109390483233), (2.055905681879863e-05, array([[ 4.28123824e-09],
       [-5.26135133e-09],
       [-5.79911753e-09]]), 1.9932334284075026), (2.0092453397214836e-05, array([[-5.44733360e-08],
       [ 1.24554947e-08],
       [ 2.55842890e-09]]), 1.9993166392261323), (1.9588602394480147e-05, array([[-1.28710890e-07],
       [-1.15971566e-08],
       [ 3.87744128e-09]]), 2.010235950596471), (1.9052345614693115e-05, array([[-2.13168703e-07],
       [-6.04262173e-09],
       [-3.07112223e-09]]), 2.0268536772200645), (1.8333594402811743e-05, array([[-2.72682451e-07],
       [ 3.24686754e-09],
       [ 1.42857501e-09]]), 2.0330806822351946), (1.7696011616573034e-05, array([[-3.55073378e-07],
       [-5.60448911e-09],
       [ 5.88180497e-10]]), 2.0579120147155123), (1.7033185218142203e-05, array([[-4.07154910e-07],
       [ 5.72795798e-09],
       [-4.02264849e-10]]), 2.0910497604088523), (1.6242207288475167e-05, array([[-4.78081959e-07],
       [-5.49425716e-09],
       [ 8.56039422e-10]]), 2.120474790147356), (1.550543274274703e-05, array([[-5.32540297e-07],
       [-5.62506866e-09],
       [ 4.49740649e-10]]), 2.170776341912564), (1.4701433649900642e-05, array([[-5.84688946e-07],
       [-7.75969348e-09],
       [ 4.95432316e-10]]), 2.2284536030104403), (1.3632569472007511e-05, array([[-6.40941009e-07],
       [ 2.77761137e-09],
       [-5.92466731e-10]]), 2.2630457608320897), (1.4201455630476231e-05, array([[-6.13037021e-07],
       [ 4.40752261e-09],
       [-3.99672671e-11]]), 2.249125201272143), (1.4948750895956369e-05, array([[-5.59870100e-07],
       [ 2.04566974e-09],
       [-3.07134564e-10]]), 2.174858494930985), (1.589105826157655e-05, array([[-5.00911056e-07],
       [-1.31888678e-08],
       [-4.26999672e-10]]), 2.1459954467719786), (1.6651953110317036e-05, array([[-4.55095082e-07],
       [ 1.28971792e-08],
       [-1.23032363e-10]]), 2.1060530304315637), (1.7241004334699676e-05, array([[-3.89167840e-07],
       [ 1.56236776e-10],
       [-9.03486112e-10]]), 2.0582335276485777), (1.8136133842200707e-05, array([[-3.26136215e-07],
       [ 2.34394842e-09],
       [-2.03904763e-09]]), 2.057939263980523), (1.855753009627083e-05, array([[-2.44237745e-07],
       [ 1.13376055e-08],
       [ 1.34148531e-09]]), 2.0141803246625836), (1.9137683497214142e-05, array([[-1.64860774e-07],
       [ 4.14129883e-09],
       [ 1.76760223e-09]]), 1.9982927624918125), (1.991380818579648e-05, array([[-1.06921226e-07],
       [ 7.46417505e-09],
       [-9.37131121e-10]]), 2.0110833596615887), (2.0475952454309158e-05, array([[-2.91697332e-08],
       [ 5.48574096e-09],
       [-1.94414985e-09]]), 2.0099742413936696), (2.1028565484558155e-05, array([[ 4.28165679e-08],
       [-3.74110540e-09],
       [-8.60045471e-10]]), 2.0159117291107926), (2.1335246251402687e-05, array([[ 9.93831288e-08],
       [ 1.47613895e-09],
       [-8.50996195e-10]]), 2.0064348597200388), (2.1616278283710814e-05, array([[1.34396648e-07],
       [4.16202028e-09],
       [6.10549811e-09]]), 2.0028588143752195), (2.2004291908076525e-05, array([[ 1.89299703e-07],
       [-5.60214842e-09],
       [-3.94415491e-09]]), 2.0171592566893617), (2.2236861000454718e-05, array([[ 2.20422865e-07],
       [-2.03162866e-08],
       [ 5.58453933e-09]]), 2.025127906599519), (2.2344798650029863e-05, array([[ 2.60091412e-07],
       [-1.41927393e-08],
       [ 6.84444011e-10]]), 2.0298366796590344), (2.2275877603926768e-05, array([[ 2.48603141e-07],
       [-1.57322584e-08],
       [ 3.41848039e-09]]), 2.0266360831601364), (2.2507809388859676e-05, array([[ 2.35080744e-07],
       [-2.89350335e-09],
       [ 4.93253018e-09]]), 2.0591425231425786), (2.2466690162650355e-05, array([[ 2.36704247e-07],
       [ 2.45773823e-09],
       [-1.72200514e-09]]), 2.0752962159742823), (2.22856214463279e-05, array([[ 2.10414273e-07],
       [ 1.19025333e-09],
       [-5.67377456e-10]]), 2.0871987371218967), (2.2297451187993867e-05, array([[1.90554056e-07],
       [3.61379440e-11],
       [3.22081500e-09]]), 2.126441193278328), (2.1796716119381225e-05, array([[ 1.53057787e-07],
       [ 1.33713226e-08],
       [-1.79509617e-09]]), 2.126072698260778), (2.1140276809833956e-05, array([[ 1.08074389e-07],
       [-3.04248546e-08],
       [ 4.73627110e-09]]), 2.118876178331647), (2.0628717853178745e-05, array([[ 5.32371680e-08],
       [-5.56756487e-09],
       [ 1.28933400e-09]]), 2.1350452947933003), (2.0055870077118948e-05, array([[-6.67879254e-09],
       [ 2.50793830e-09],
       [ 2.01536853e-09]]), 2.154716440887208)]