[(2.013153719643671e-05, array([[-5.13224015e-09],
       [-1.49825102e-09],
       [-1.06575038e-09]]), 2.1628457908182575), (2.0826797906508223e-05, array([[-5.83720292e-08],
       [-1.20937194e-08],
       [-1.34564303e-09]]), 2.155546321025929), (2.109893539093233e-05, array([[-1.11183811e-07],
       [-2.20097079e-08],
       [ 1.01584365e-09]]), 2.1147325548362184), (2.1744910945040422e-05, array([[-1.47446500e-07],
       [-2.90196661e-08],
       [-2.34856773e-09]]), 2.1210195716250313), (2.193139669896809e-05, array([[-1.96005681e-07],
       [-6.76417408e-09],
       [-3.48222796e-09]]), 2.091531672100948), (2.2228179235492667e-05, array([[-2.13732879e-07],
       [ 4.19709226e-09],
       [ 1.13077606e-09]]), 2.081818886701233), (2.2376095233228852e-05, array([[-2.37970617e-07],
       [ 1.66943048e-08],
       [-8.21247986e-10]]), 2.0669277686038074), (2.250359053930361e-05, array([[-2.52776951e-07],
       [-1.89619047e-08],
       [-3.67856782e-09]]), 2.0587565587704115), (2.2496315405462537e-05, array([[-2.45996019e-07],
       [ 2.63250985e-09],
       [ 3.77146589e-09]]), 2.046691284155051), (2.2286750528491874e-05, array([[-2.37710403e-07],
       [-4.96996449e-09],
       [-3.42936217e-09]]), 2.024563496931879), (2.2407040371848914e-05, array([[-2.20200178e-07],
       [ 7.62762913e-09],
       [-2.16428467e-09]]), 2.0406262718647827), (2.2150262104237656e-05, array([[-1.80290666e-07],
       [ 7.95847075e-09],
       [-3.44196942e-09]]), 2.0305405158372247), (2.1799198489176693e-05, array([[-1.57033556e-07],
       [ 1.69652885e-08],
       [-3.00398408e-09]]), 2.0198073075911274), (2.115861487965235e-05, array([[-9.82665429e-08],
       [-2.75014858e-08],
       [-4.40653779e-09]]), 1.989823880056434), (2.0814246779593743e-05, array([[-1.78470095e-08],
       [ 5.93259574e-09],
       [ 8.67935347e-10]]), 1.995365981878398), (2.057029988988294e-05, array([[ 3.31133930e-08],
       [-1.43845786e-08],
       [ 1.46230949e-09]]), 2.019235637935198), (1.9890589140093055e-05, array([[ 1.05792567e-07],
       [-7.37623543e-09],
       [-3.95007237e-10]]), 2.0087384823781624), (1.9430967376920328e-05, array([[ 1.85152200e-07],
       [-9.03517885e-09],
       [-2.30059067e-09]]), 2.0289164821419834), (1.8668285058204338e-05, array([[ 2.46026044e-07],
       [ 1.46676260e-08],
       [-1.65351971e-09]]), 2.0262013459961326), (1.7771100618252625e-05, array([[2.98468347e-07],
       [3.17573405e-09],
       [2.85338634e-09]]), 2.016518296824217), (1.747278637970214e-05, array([[ 3.77742584e-07],
       [-6.37022935e-09],
       [-5.13863440e-10]]), 2.0859037008513575), (1.653741262360093e-05, array([[ 4.55730579e-07],
       [-6.99836212e-09],
       [-1.57154315e-09]]), 2.0915665412157063), (1.5935062277510584e-05, array([[ 5.16532767e-07],
       [-1.23134366e-08],
       [-4.36406382e-10]]), 2.151937934445213), (1.478259713293299e-05, array([[5.46459987e-07],
       [1.09641568e-08],
       [5.18898939e-10]]), 2.150685176003453), (1.4141318768506768e-05, array([[ 6.04015854e-07],
       [-2.28971173e-11],
       [-7.88655760e-10]]), 2.239601154209624), (1.3545205695751505e-05, array([[ 6.26055811e-07],
       [-3.29956210e-09],
       [-1.96979536e-10]]), 2.2485431225794548), (1.4511500878569944e-05, array([[ 5.93321768e-07],
       [-1.65141214e-09],
       [ 4.57134496e-11]]), 2.199663460587528), (1.5139524189770019e-05, array([[ 5.22932158e-07],
       [-8.35346087e-09],
       [-2.76992412e-10]]), 2.1195487726286615), (1.6236660795722785e-05, array([[ 4.78771736e-07],
       [ 2.47564851e-09],
       [-7.43070822e-10]]), 2.119750676863597), (1.6899933213460306e-05, array([[ 4.14446441e-07],
       [-4.95876132e-09],
       [-5.82308940e-10]]), 2.074691306667194), (1.798292349198233e-05, array([[3.58012235e-07],
       [6.46167749e-09],
       [1.62657119e-09]]), 2.0912776910251045), (1.840229979792353e-05, array([[ 2.75690610e-07],
       [-5.99832471e-09],
       [-1.81991769e-09]]), 2.0406996798249786), (1.874643402820262e-05, array([[ 2.04933835e-07],
       [ 6.44162026e-09],
       [-8.54745796e-10]]), 1.9943097565647339), (1.9779917285496483e-05, array([[ 9.72787060e-08],
       [ 3.29693268e-09],
       [-4.65855788e-09]]), 2.029869207939724), (2.0101728204382017e-05, array([[6.65183709e-08],
       [1.73181956e-08],
       [1.55054554e-09]]), 2.0002395367901267), (2.0609117864332286e-05, array([[-1.27084615e-08],
       [ 1.05128678e-08],
       [-1.42024635e-09]]), 1.9980869268096013), (2.116740998388816e-05, array([[-8.28484848e-08],
       [ 1.84281521e-09],
       [ 1.49125680e-09]]), 2.0087396841491207), (2.15757413279453e-05, array([[-1.23352246e-07],
       [ 1.68795890e-08],
       [-4.36439021e-10]]), 2.01295204212728), (2.1955834804208083e-05, array([[-1.83251623e-07],
       [-1.45390272e-08],
       [ 3.45121701e-09]]), 2.022442413637675), (2.2452296340254606e-05, array([[-2.27679930e-07],
       [-4.21944101e-09],
       [ 1.70335186e-09]]), 2.0504330862615348), (2.2243436781264975e-05, array([[-2.29911287e-07],
       [-3.44329698e-09],
       [ 5.36985271e-09]]), 2.0221559938849705), (2.24834231140489e-05, array([[-2.49030284e-07],
       [ 1.61692655e-08],
       [ 2.54005388e-09]]), 2.0429437299492283), (2.2373563089306554e-05, array([[-2.59099035e-07],
       [-8.84029308e-09],
       [ 3.40022347e-10]]), 2.040148768122058), (2.2419691545253028e-05, array([[-2.48396013e-07],
       [-2.14141660e-08],
       [ 2.31495876e-09]]), 2.0599324065679006), (2.2467069025943666e-05, array([[-2.31731981e-07],
       [-2.19568978e-08],
       [ 6.16641083e-10]]), 2.0886101635608263), (2.1984460547636992e-05, array([[-2.00194350e-07],
       [-3.49726570e-09],
       [-1.49168311e-09]]), 2.0765765088211405), (2.1918998248646755e-05, array([[-1.70512799e-07],
       [ 3.02628647e-08],
       [-4.61911098e-09]]), 2.1128419811051082), (2.1329543512957065e-05, array([[-1.26449516e-07],
       [ 6.20488698e-08],
       [-2.80135645e-09]]), 2.1077238216512426), (2.0914497605263353e-05, array([[-8.72393915e-08],
       [ 1.80706958e-08],
       [-7.96562337e-10]]), 2.128813853050738), (2.0235833203565118e-05, array([[-2.60413214e-08],
       [ 3.77948453e-09],
       [ 5.96314842e-10]]), 2.1323989709504723), (2.0391177215084606e-05, array([[ 3.12912463e-08],
       [-1.47242360e-08],
       [ 7.28752970e-10]]), 2.14876871500673), (2.0819491641478923e-05, array([[ 8.05776099e-08],
       [ 3.13833480e-09],
       [-8.33215661e-10]]), 2.119143526961919), (2.1171936100429977e-05, array([[ 1.27432151e-07],
       [-3.02789553e-08],
       [-2.18137716e-09]]), 2.0921495128222527), (2.170009864457375e-05, array([[ 1.69308003e-07],
       [-3.52855120e-08],
       [-4.97383301e-09]]), 2.091741551793232), (2.18330211249887e-05, array([[ 1.97905057e-07],
       [-1.91031994e-08],
       [ 1.04989188e-09]]), 2.0622720619642587), (2.2228270831889045e-05, array([[ 2.25591911e-07],
       [-1.65963519e-08],
       [-2.15859896e-09]]), 2.0664107242585077), (2.232195469827807e-05, array([[2.30420160e-07],
       [6.72197397e-09],
       [2.12993643e-09]]), 2.0509522964716878), (2.2334785294228384e-05, array([[ 2.51490799e-07],
       [-1.35410030e-08],
       [-2.24942256e-09]]), 2.0366127881557268), (2.2488938189266515e-05, array([[ 2.54758161e-07],
       [ 9.81833070e-09],
       [-2.25839043e-09]]), 2.0434448541899126), (2.2514212480432817e-05, array([[ 2.52378581e-07],
       [-3.18281996e-09],
       [-1.74690377e-09]]), 2.0467722754629962), (2.2263387737658827e-05, array([[2.34561794e-07],
       [2.45841801e-08],
       [4.18599872e-09]]), 2.033181200611543), (2.200078767002217e-05, array([[1.81597741e-07],
       [1.47548935e-08],
       [2.69992937e-09]]), 2.0265832073377417), (2.1592019746152744e-05, array([[ 1.07604013e-07],
       [-2.49552253e-08],
       [-8.48922000e-09]]), 2.0144707697888324), (2.121147114535525e-05, array([[8.98236351e-08],
       [2.08195534e-08],
       [3.75757092e-09]]), 2.0129209894498636), (2.0640531816318677e-05, array([[2.59932942e-08],
       [5.92891182e-09],
       [5.22799949e-09]]), 2.001132559679317), (1.9952398337260554e-05, array([[-7.14793875e-08],
       [-6.63138559e-09],
       [ 2.59905687e-09]]), 1.9853803415406925), (1.967017289821702e-05, array([[-1.47902560e-07],
       [ 1.50606434e-09],
       [-5.54047567e-09]]), 2.018606938777146), (1.9030697393759833e-05, array([[-1.99310313e-07],
       [ 2.46533082e-08],
       [ 1.61444198e-09]]), 2.024550665449689), (1.8415565076700356e-05, array([[-2.76625260e-07],
       [ 6.69377698e-09],
       [ 1.81966182e-09]]), 2.0421707160785956), (1.7550292404890512e-05, array([[-3.31779422e-07],
       [ 1.17915382e-08],
       [ 2.45745471e-10]]), 2.040965974952774), (1.698164151744939e-05, array([[-4.07993162e-07],
       [ 1.24367820e-08],
       [ 1.39412920e-09]]), 2.0847220864239833), (1.627133605348001e-05, array([[-4.67521525e-07],
       [ 1.15503457e-09],
       [ 6.10631403e-10]]), 2.124277648389704), (1.536518167813222e-05, array([[-5.25871844e-07],
       [ 1.88210413e-09],
       [-2.03107936e-11]]), 2.1511410503315345), (1.4746096680227757e-05, array([[-5.86443717e-07],
       [-1.77966659e-09],
       [ 1.38799725e-09]]), 2.235223656409586), (1.3687867193760502e-05, array([[-6.31878792e-07],
       [ 1.73725227e-09],
       [ 1.10162929e-10]]), 2.2722253417653646), (1.4083504250377724e-05, array([[-6.04182741e-07],
       [ 4.78316161e-09],
       [-4.44863841e-10]]), 2.2304449033923204), (1.501177348517705e-05, array([[-5.72344619e-07],
       [ 2.32468106e-10],
       [-1.43872818e-10]]), 2.1840275027292364), (1.57861542320437e-05, array([[-4.91851952e-07],
       [ 1.30524328e-08],
       [ 6.59450652e-11]]), 2.131828764728539), (1.643254004960632e-05, array([[-4.22298535e-07],
       [-3.52090366e-10],
       [ 6.54023217e-10]]), 2.0783027996709587), (1.7454021379916713e-05, array([[-3.87702804e-07],
       [-1.65894509e-08],
       [ 9.67095119e-10]]), 2.0836635325319897), (1.8058253982516075e-05, array([[-3.17679860e-07],
       [ 1.49561386e-08],
       [-1.14438680e-09]]), 2.049102098214501), (1.859563910844483e-05, array([[-2.31199414e-07],
       [-1.36216345e-08],
       [-4.84688138e-10]]), 2.0183165659681346), (1.9418200201831024e-05, array([[-1.42259149e-07],
       [-8.01348817e-11],
       [-1.58982095e-09]]), 2.02758337651391), (1.9902044143617256e-05, array([[-8.89397678e-08],
       [ 1.67615003e-08],
       [ 2.22351839e-10]]), 2.0098953162071043), (2.060747376819584e-05, array([[-2.39170191e-08],
       [-1.55719613e-08],
       [ 3.35475226e-09]]), 2.0228847252256856), (2.1028754659672988e-05, array([[1.85048910e-08],
       [1.76392396e-09],
       [1.20343082e-10]]), 2.015929864457834), (2.1219171579618468e-05, array([[8.78876787e-08],
       [2.24904758e-09],
       [1.07132771e-09]]), 1.9955188259862773), (2.1759312661362014e-05, array([[ 1.46258643e-07],
       [-4.22008217e-10],
       [ 4.47130588e-09]]), 2.016111681509765), (2.208374910217986e-05, array([[1.92415111e-07],
       [7.21289665e-09],
       [5.59505574e-09]]), 2.024443190899363), (2.231967879448173e-05, array([[2.17769569e-07],
       [8.84522444e-09],
       [3.94216157e-09]]), 2.032670186323428), (2.257097500240824e-05, array([[ 2.43468531e-07],
       [-1.09595394e-08],
       [-2.80981433e-09]]), 2.0503828955063854), (2.267672845261933e-05, array([[ 2.57445813e-07],
       [ 1.74948295e-09],
       [-3.47549380e-09]]), 2.063105074791806), (2.2494796308214316e-05, array([[ 2.52338224e-07],
       [-7.59028154e-09],
       [-3.31016083e-10]]), 2.057952012451334), (2.228273617642052e-05, array([[ 2.45147259e-07],
       [-1.52792330e-08],
       [ 6.74564828e-09]]), 2.058303992875447), (2.2136647754551396e-05, array([[ 2.08268630e-07],
       [ 4.12661631e-08],
       [-1.47297637e-09]]), 2.0732463462456017), (2.2142651285656532e-05, array([[ 1.89111238e-07],
       [ 2.42115942e-08],
       [-1.67588281e-09]]), 2.1116783898408285), (2.146488505790706e-05, array([[ 1.58282040e-07],
       [-2.31360726e-09],
       [-1.65529041e-09]]), 2.093705576701223), (2.1018148531537267e-05, array([[1.01517259e-07],
       [3.87530876e-09],
       [1.64228456e-09]]), 2.1066353405265743), (2.061323256589253e-05, array([[ 5.35930734e-08],
       [ 1.70653815e-08],
       [-1.19944216e-09]]), 2.133442587829432), (1.9740044218642546e-05, array([[ 1.75772068e-09],
       [-1.54246731e-08],
       [ 1.26176684e-10]]), 2.120785468703019)]