[(2.0182775381023735e-05, Vec([[-1.29728147e-10],
     [-1.74755880e-08],
     [-9.72479702e-10]]), 2.1683506010462024), (2.0481633646137292e-05, Vec([[-8.79541163e-08],
     [ 3.26568851e-09],
     [-3.58914766e-10]]), 2.1198222718978728), (2.1358244860704833e-05, Vec([[-1.59317923e-07],
     [-1.74353876e-09],
     [-2.73595057e-10]]), 2.1407229741320135), (2.145216101372959e-05, Vec([[-2.25978063e-07],
     [-8.37729003e-09],
     [-4.86399061e-10]]), 2.092464461168542), (2.1766875369904314e-05, Vec([[-2.93937837e-07],
     [ 5.71976557e-09],
     [ 3.06059811e-11]]), 2.0758417652885277), (2.218656419226087e-05, Vec([[-3.63304299e-07],
     [ 9.09124420e-09],
     [ 2.15285529e-09]]), 2.0779213572611015), (2.253733537218425e-05, Vec([[-4.14125845e-07],
     [-5.02104446e-09],
     [-3.41868995e-09]]), 2.081821865055699), (2.249761755397138e-05, Vec([[-4.67981810e-07],
     [ 1.82037638e-09],
     [-2.32740159e-09]]), 2.0582101160724475), (2.2618709498793463e-05, Vec([[-5.09707951e-07],
     [-2.70777220e-12],
     [ 3.01788868e-09]]), 2.0578265709581354), (2.240201516149226e-05, Vec([[-4.92493180e-07],
     [ 3.33412420e-09],
     [-4.65863577e-09]]), 2.035034317617985), (2.223121369517858e-05, Vec([[-4.96431567e-07],
     [-1.17512274e-08],
     [ 5.93375789e-09]]), 2.0246136021969523), (2.177338123652863e-05, Vec([[-4.82672309e-07],
     [-1.14898461e-09],
     [-4.35980157e-09]]), 1.995991404502752), (2.1374198285537806e-05, Vec([[-4.36369993e-07],
     [ 2.51735270e-09],
     [ 2.81113406e-10]]), 1.9804288635871543), (2.1086771714595575e-05, Vec([[-4.11128446e-07],
     [ 3.53293748e-09],
     [-3.77302940e-09]]), 1.9830675188171971), (2.0306813855584743e-05, Vec([[-3.42390098e-07],
     [ 8.96712861e-09],
     [-1.03091619e-09]]), 1.946720724359624), (1.9904252169474014e-05, Vec([[-2.54763441e-07],
     [-2.68912221e-10],
     [ 1.67447529e-09]]), 1.9538546128254635), (1.942863579695832e-05, Vec([[-2.02584651e-07],
     [ 2.79199584e-09],
     [ 3.94882118e-10]]), 1.9620860956196646), (1.865809729309323e-05, Vec([[-1.44581729e-07],
     [ 1.59489634e-08],
     [ 2.45733524e-09]]), 1.9482159785996944), (1.810886304772174e-05, Vec([[-5.94332518e-08],
     [ 1.62940830e-08],
     [-1.74040071e-10]]), 1.9654833085821082), (1.762229216357515e-05, Vec([[ 3.03790950e-08],
     [-1.60905985e-08],
     [ 1.79082714e-09]]), 1.9996327376219323), (1.6692509515518652e-05, Vec([[ 8.54955862e-08],
     [-3.22301505e-09],
     [ 9.40286370e-10]]), 1.9927541388227294), (1.6244509828805254e-05, Vec([[ 1.33641253e-07],
     [-5.39844932e-09],
     [-2.42830885e-10]]), 2.054521708425545), (1.5684440847925288e-05, Vec([[2.41055780e-07],
     [8.65192633e-09],
     [1.33720463e-09]]), 2.1180929608820636), (1.4547263895366644e-05, Vec([[ 2.74901867e-07],
     [-1.02549746e-08],
     [-2.30053041e-10]]), 2.116447098559856), (1.3861902408147925e-05, Vec([[ 3.32676325e-07],
     [-1.74399754e-10],
     [ 3.56628085e-10]]), 2.195349184969079), (1.347848855478586e-05, Vec([[ 3.65378522e-07],
     [-3.09943369e-09],
     [-1.04576279e-09]]), 2.237467885196865), (1.4503129355151678e-05, Vec([[ 3.10087139e-07],
     [-4.12949097e-09],
     [ 8.88706635e-12]]), 2.1983944992080877), (1.5337532416031197e-05, Vec([[2.54618615e-07],
     [1.26537669e-08],
     [1.71682483e-10]]), 2.1472701255378808), (1.608430630977446e-05, Vec([[1.62813718e-07],
     [7.68934644e-09],
     [4.40593552e-10]]), 2.0998602862977456), (1.648825728107447e-05, Vec([[1.03263354e-07],
     [5.41160099e-09],
     [3.27268305e-10]]), 2.024152617117537), (1.7318207855448994e-05, Vec([[ 1.72917763e-08],
     [-1.14429393e-08],
     [-2.39499546e-09]]), 2.013976301060481), (1.779542519720779e-05, Vec([[-2.53314309e-08],
     [-1.22671397e-08],
     [-7.59671510e-10]]), 1.9734010912260544), (1.8457545242550792e-05, Vec([[-1.00232890e-07],
     [-2.30360404e-09],
     [ 3.01687700e-09]]), 1.963576779673191), (1.9178138960628437e-05, Vec([[-1.55695949e-07],
     [-5.71267998e-10],
     [ 5.26718669e-10]]), 1.9681130704380323), (1.9790620466746865e-05, Vec([[-2.64565856e-07],
     [ 1.38911720e-08],
     [-7.65450996e-09]]), 1.969282497141988), (2.030198164189433e-05, Vec([[-3.16317626e-07],
     [-9.20092121e-09],
     [ 3.55936325e-09]]), 1.9683095789947747), (2.099727429871722e-05, Vec([[-3.76207935e-07],
     [ 2.16372814e-08],
     [ 1.89718362e-09]]), 1.9925941896009964), (2.1187825312772915e-05, Vec([[-4.14269834e-07],
     [ 1.98700650e-09],
     [-3.93393596e-09]]), 1.976760639799715), (2.159785990150888e-05, Vec([[-4.65412043e-07],
     [ 7.01504977e-09],
     [-1.42695668e-09]]), 1.9894678703013433), (2.1964507240101045e-05, Vec([[-5.02953022e-07],
     [-4.94179718e-09],
     [-5.58136071e-09]]), 2.0058862437063087), (2.2174599823216878e-05, Vec([[-5.06348930e-07],
     [-5.72865829e-09],
     [ 4.19019866e-10]]), 2.0158980100721897), (2.2513153936580313e-05, Vec([[-4.85785125e-07],
     [-4.46691103e-09],
     [ 1.92722089e-09]]), 2.0456452045942903), (2.232511625008309e-05, Vec([[-4.72454682e-07],
     [ 1.42831686e-08],
     [-3.41902844e-09]]), 2.035731109702313), (2.2454363664197144e-05, Vec([[-4.34108104e-07],
     [-2.27219424e-08],
     [ 2.19892338e-09]]), 2.063118098095956), (2.236197572969591e-05, Vec([[-3.83396365e-07],
     [ 1.96537343e-08],
     [-5.42200081e-10]]), 2.0788403566308835), (2.2158780284312816e-05, Vec([[-3.28695982e-07],
     [-2.17672352e-08],
     [ 1.70533339e-09]]), 2.0930421514244935), (2.1669654720032704e-05, Vec([[-2.62995326e-07],
     [-1.31695276e-08],
     [ 2.46555679e-09]]), 2.088806965042951), (2.1161902360239504e-05, Vec([[-2.02081164e-07],
     [-1.83185353e-08],
     [ 1.20987672e-10]]), 2.091158007626332), (2.097144144102913e-05, Vec([[-1.15467670e-07],
     [-3.49282070e-08],
     [ 2.02512329e-09]]), 2.134609967722578), (2.0232151892027753e-05, Vec([[-3.75021154e-08],
     [-3.11067353e-10],
     [-4.99039410e-10]]), 2.1320110440064695), (2.0241290374517598e-05, Vec([[ 4.70437585e-08],
     [-2.48099038e-08],
     [ 1.07899480e-09]]), 2.132974033296871), (2.08374643730838e-05, Vec([[ 1.22074160e-07],
     [-1.01480894e-08],
     [-3.49584530e-09]]), 2.1209729087017886), (2.1238427154157744e-05, Vec([[2.02249549e-07],
     [6.03231459e-09],
     [3.87920469e-09]]), 2.098719966511689), (2.1771058314784993e-05, Vec([[2.65561421e-07],
     [1.40972501e-08],
     [1.24284448e-09]]), 2.0985815801780565), (2.190241430375929e-05, Vec([[3.28981110e-07],
     [7.22270305e-09],
     [1.48136902e-09]]), 2.0688267028932543), (2.227531077213842e-05, Vec([[3.95659333e-07],
     [3.46560939e-09],
     [5.68322011e-09]]), 2.0707837066526364), (2.2442025476773838e-05, Vec([[ 4.38739478e-07],
     [-9.22580520e-09],
     [-2.97050759e-09]]), 2.061984459300781), (2.2371701592102028e-05, Vec([[ 4.65626552e-07],
     [ 1.65381880e-08],
     [-3.22918455e-09]]), 2.0399790262166877), (2.2545181015742304e-05, Vec([[4.98818093e-07],
     [9.53483668e-09],
     [1.43737973e-09]]), 2.048555327320294), (2.238309754631227e-05, Vec([[ 5.01121035e-07],
     [-8.39622612e-09],
     [ 4.46553960e-09]]), 2.0348525864092344), (2.16858609553e-05, Vec([[ 4.89593711e-07],
     [-6.38605320e-09],
     [-3.55683090e-09]]), 1.9804391556641128), (2.1429854488914194e-05, Vec([[ 4.70257243e-07],
     [-3.94946622e-09],
     [ 5.14959105e-09]]), 1.9739921994747875), (2.1168192523841688e-05, Vec([[ 4.29870812e-07],
     [-6.77809085e-09],
     [ 8.13756563e-10]]), 1.9749289593966601), (2.0701610064838904e-05, Vec([[ 3.73906023e-07],
     [-1.21413269e-08],
     [ 1.78771561e-09]]), 1.9645363176068795), (2.013409570927794e-05, Vec([[ 3.36181955e-07],
     [-1.15523310e-09],
     [ 8.05748493e-10]]), 1.9520327694115476), (1.9707733958539944e-05, Vec([[2.49306872e-07],
     [1.05125586e-08],
     [4.70962811e-10]]), 1.9610348047497574), (1.887692202910863e-05, Vec([[ 1.66637203e-07],
     [-3.66516144e-10],
     [ 4.70453634e-09]]), 1.9372013651271887), (1.8682111965741242e-05, Vec([[ 1.13333101e-07],
     [-3.85282275e-09],
     [ 3.29399670e-09]]), 1.9874669556066378), (1.7979665433427034e-05, Vec([[ 4.00143231e-08],
     [ 9.64578152e-09],
     [-4.45738576e-09]]), 1.993832178383211), (1.7154658314269924e-05, Vec([[-2.64025609e-08],
     [-5.66738700e-09],
     [ 2.84176959e-09]]), 1.9949567291317185), (1.6458309048629506e-05, Vec([[-1.10097979e-07],
     [-3.89213776e-09],
     [-2.59770634e-09]]), 2.020476073741962), (1.599815920158855e-05, Vec([[-1.81095649e-07],
     [-1.81217673e-09],
     [ 5.26302893e-10]]), 2.0886134915790286), (1.5045918696777378e-05, Vec([[-2.32601207e-07],
     [-1.15433526e-08],
     [-4.66358631e-10]]), 2.1064439084798985), (1.4087364444881518e-05, Vec([[-2.99055209e-07],
     [-5.28075212e-09],
     [-6.95642007e-10]]), 2.135372563092141), (1.321088383091256e-05, Vec([[-3.37633237e-07],
     [ 3.68407409e-09],
     [-8.90161241e-11]]), 2.193044730986381), (1.3827744827263358e-05, Vec([[-3.24893440e-07],
     [ 3.36833758e-09],
     [-1.21044946e-11]]), 2.1899395510568254), (1.4803134449007475e-05, Vec([[-2.64933620e-07],
     [-4.32273232e-09],
     [-1.16927260e-09]]), 2.1536731016594874), (1.5514127391591627e-05, Vec([[-1.77825393e-07],
     [-5.21623277e-09],
     [-9.34606895e-10]]), 2.0950931143142784), (1.6084543667359752e-05, Vec([[-1.29383296e-07],
     [ 3.12745069e-09],
     [-6.33976293e-10]]), 2.0342900144706726), (1.6773485990107946e-05, Vec([[-7.30747019e-08],
     [-2.62062036e-09],
     [ 3.16867628e-09]]), 2.0024211217730805), (1.7569908096763974e-05, Vec([[-1.36705886e-08],
     [-5.97938880e-09],
     [ 2.29884138e-09]]), 1.9936886246794678), (1.7886551063733864e-05, Vec([[5.50241618e-08],
     [7.77996623e-09],
     [2.03054407e-09]]), 1.9413542126430385), (1.8618583946057006e-05, Vec([[ 1.24811520e-07],
     [-4.55441112e-09],
     [-4.09057813e-09]]), 1.9440901273483764), (1.918460740076069e-05, Vec([[ 1.98401926e-07],
     [-6.50030753e-09],
     [ 4.75714194e-09]]), 1.937441816519498), (2.00032394989426e-05, Vec([[ 2.75183867e-07],
     [-4.25858612e-09],
     [-9.53787269e-10]]), 1.9635714737578278), (2.0449213277676045e-05, Vec([[3.45151802e-07],
     [3.12443427e-10],
     [6.24942710e-09]]), 1.9603719011564076), (2.104379363735142e-05, Vec([[ 4.02567639e-07],
     [-9.84940329e-09],
     [-1.88716135e-10]]), 1.9790257228439858), (2.1745997174317822e-05, Vec([[4.40783804e-07],
     [2.81656214e-09],
     [1.44761303e-09]]), 2.014877933486903), (2.163826870505442e-05, Vec([[ 4.69658929e-07],
     [-8.20105458e-09],
     [-1.56835139e-10]]), 1.983605480215958), (2.2009880980013264e-05, Vec([[ 4.83992755e-07],
     [-1.09391060e-08],
     [-3.22533236e-09]]), 2.0044566628647527), (2.2390425810559133e-05, Vec([[ 4.94270088e-07],
     [-3.88691237e-09],
     [-3.96161750e-10]]), 2.033981522737801), (2.2589857680883004e-05, Vec([[ 4.88996532e-07],
     [-1.19354532e-08],
     [ 4.06649784e-09]]), 2.0552016626927125), (2.2543443353053567e-05, Vec([[ 4.67836600e-07],
     [-2.92354483e-08],
     [ 3.03248770e-09]]), 2.0624025210247403), (2.2371935839291558e-05, Vec([[ 4.11816316e-07],
     [ 1.79676597e-09],
     [-1.32691858e-10]]), 2.0665435564908385), (2.2120462303999026e-05, Vec([[ 3.60692969e-07],
     [ 2.28227355e-08],
     [-1.46028031e-09]]), 2.0717304696507304), (2.2075469128943972e-05, Vec([[ 3.00548467e-07],
     [-1.00910378e-08],
     [-9.01809711e-10]]), 2.1052714286019687), (2.164144399245787e-05, Vec([[2.38444470e-07],
     [2.83287800e-08],
     [3.69069854e-10]]), 2.1109273053472504), (2.1221398504760422e-05, Vec([[ 1.65080791e-07],
     [-1.35684167e-08],
     [ 6.47626334e-10]]), 2.1270069529885625), (2.0685804896760502e-05, Vec([[ 8.05285610e-08],
     [ 2.86735426e-08],
     [-1.78154910e-09]]), 2.1409537290770198), (2.0035887495680276e-05, Vec([[-6.24566234e-09],
     [ 8.70649125e-10],
     [ 1.93880705e-09]]), 2.152569598262494)]