[(2.0159417180299754e-05, Vec([[ 5.58542922e-09],
     [-8.31810393e-09],
     [-1.34854236e-09]]), 2.165841096400631), (2.0553154792014165e-05, Vec([[-7.65365232e-08],
     [-1.80293798e-08],
     [ 1.08029386e-09]]), 2.127224616874883), (2.1158141793689823e-05, Vec([[-1.70129233e-07],
     [-2.07608329e-08],
     [-7.42153188e-11]]), 2.1206667740300373), (2.16193106795322e-05, Vec([[-2.31178584e-07],
     [-5.12964677e-09],
     [ 2.70493281e-10]]), 2.1087684006720875), (2.184538603045797e-05, Vec([[-2.96151211e-07],
     [-2.96086012e-08],
     [ 1.12385551e-09]]), 2.0833290920374563), (2.203283847948626e-05, Vec([[-3.59416022e-07],
     [-1.05914037e-08],
     [-5.82216437e-09]]), 2.0635239075718896), (2.2483675014297873e-05, Vec([[-4.24309509e-07],
     [-1.97280101e-08],
     [-1.69885214e-09]]), 2.0768651430435465), (2.2605378609713254e-05, Vec([[-4.51659695e-07],
     [ 2.97660652e-09],
     [ 2.26068331e-10]]), 2.0680687108554054), (2.2424988758248763e-05, Vec([[-4.80087915e-07],
     [ 1.38814578e-08],
     [-1.34241648e-10]]), 2.040202060273305), (2.2229106712342694e-05, Vec([[-4.96881083e-07],
     [-6.81565240e-09],
     [-1.21923919e-09]]), 2.019327041942611), (2.2281949886213647e-05, Vec([[-4.95627079e-07],
     [ 1.51073824e-08],
     [-1.64020169e-09]]), 2.0292341858457674), (2.1858501814057514e-05, Vec([[-4.78488149e-07],
     [-1.61236341e-09],
     [ 5.22094301e-10]]), 2.0037945077161803), (2.1297617624700623e-05, Vec([[-4.39532736e-07],
     [-5.85488422e-09],
     [ 5.87397558e-09]]), 1.9733332734233278), (2.0917664980284016e-05, Vec([[-3.97127873e-07],
     [ 9.87341804e-09],
     [ 1.98708318e-09]]), 1.967164180147562), (2.0591424495387293e-05, Vec([[-3.37781679e-07],
     [ 2.83977448e-09],
     [ 2.89557875e-09]]), 1.9740050356660233), (2.0113826207503822e-05, Vec([[-2.84072865e-07],
     [ 1.12240929e-08],
     [ 4.62857247e-09]]), 1.9744269607562734), (1.9371748227707204e-05, Vec([[-1.88806487e-07],
     [ 6.54226459e-09],
     [ 3.89068921e-09]]), 1.9563410546498459), (1.854628548309804e-05, Vec([[-1.31480020e-07],
     [-1.15906638e-08],
     [-3.06763638e-09]]), 1.9365409641860107), (1.8159504154764746e-05, Vec([[-6.03706001e-08],
     [ 1.57239485e-08],
     [ 2.84511734e-09]]), 1.9709797470033859), (1.7570933812179346e-05, Vec([[ 8.46464502e-09],
     [-2.06600333e-09],
     [-2.29650883e-11]]), 1.9938050144263304), (1.6928528566319312e-05, Vec([[7.59689114e-08],
     [1.11967463e-08],
     [3.70884693e-10]]), 2.0209301263749175), (1.638548755644468e-05, Vec([[ 1.45021078e-07],
     [-3.33194998e-09],
     [-2.63802482e-09]]), 2.0723518433383328), (1.5483930664909267e-05, Vec([[ 2.01888408e-07],
     [-1.02810062e-08],
     [-1.30110874e-09]]), 2.0910152211430924), (1.4688735787039883e-05, Vec([[2.72832306e-07],
     [1.39067533e-08],
     [7.11140128e-10]]), 2.137029510263748), (1.3986602507307776e-05, Vec([[ 3.23281553e-07],
     [ 4.17245659e-09],
     [-5.09190458e-10]]), 2.2150982968150275), (1.3506614390335142e-05, Vec([[ 3.58260286e-07],
     [-1.32493034e-08],
     [ 1.80950642e-10]]), 2.242136854831706), (1.4414746758272868e-05, Vec([[3.06503126e-07],
     [3.33051091e-11],
     [8.35150262e-10]]), 2.184997403309258), (1.5008500195454742e-05, Vec([[ 2.28266893e-07],
     [-4.32925555e-09],
     [-3.19489994e-10]]), 2.101205280266895), (1.572363200303999e-05, Vec([[ 1.76603648e-07],
     [ 9.10550881e-11],
     [-6.61421507e-11]]), 2.0527730424705477), (1.650481952056342e-05, Vec([[ 9.45658747e-08],
     [-2.65922983e-09],
     [-2.09364210e-09]]), 2.026185852033477), (1.7111279931915467e-05, Vec([[ 6.00975243e-08],
     [ 4.54045099e-09],
     [-8.69634550e-10]]), 1.9899121520733183), (1.792434765778907e-05, Vec([[-2.29338189e-08],
     [ 1.01558105e-08],
     [-1.12346886e-09]]), 1.9876977838633598), (1.832079751700539e-05, Vec([[-9.74186620e-08],
     [-1.31008818e-08],
     [ 6.69254934e-10]]), 1.949029089011973), (1.893524766401983e-05, Vec([[-1.59558615e-07],
     [ 6.89955293e-10],
     [-1.16148592e-09]]), 1.943186901296573), (1.9602686236096525e-05, Vec([[-2.52477218e-07],
     [ 2.23441475e-08],
     [ 1.45863789e-09]]), 1.9505819419140504), (2.0435548406298993e-05, Vec([[-3.28257303e-07],
     [-1.19508020e-08],
     [-1.10097375e-09]]), 1.981259090350382), (2.075650754908871e-05, Vec([[-3.86001473e-07],
     [-2.13050900e-08],
     [ 8.77435283e-10]]), 1.969745965610886), (2.129077506847946e-05, Vec([[-4.24946921e-07],
     [-7.01935907e-09],
     [ 2.55612591e-09]]), 1.9863655436515046), (2.1717852178631208e-05, Vec([[-4.67393999e-07],
     [ 1.51346588e-08],
     [-1.55520900e-09]]), 2.0005208533796575), (2.1986841732893472e-05, Vec([[-5.01943361e-07],
     [-2.24307710e-08],
     [ 9.18848383e-09]]), 2.007925918503597), (2.2176211874965715e-05, Vec([[-5.16447882e-07],
     [-4.34207264e-09],
     [ 4.59539914e-10]]), 2.0160445620703555), (2.2216685414615827e-05, Vec([[-5.06615607e-07],
     [ 9.44030052e-09],
     [ 1.00917614e-09]]), 2.0187067573212767), (2.247206838078524e-05, Vec([[-4.73378982e-07],
     [-7.52042042e-09],
     [ 7.94425753e-10]]), 2.049131041006424), (2.2395249556185956e-05, Vec([[-4.36328281e-07],
     [ 2.12588591e-08],
     [-3.39379888e-09]]), 2.0576866644595118), (2.224307611148761e-05, Vec([[-3.76624957e-07],
     [-1.45528847e-08],
     [-2.76682020e-09]]), 2.067787070118673), (2.2203775721297778e-05, Vec([[-3.23020508e-07],
     [-1.75624968e-09],
     [ 2.34663306e-09]]), 2.0972922656014887), (2.1802178573699223e-05, Vec([[-2.73244332e-07],
     [-1.15324934e-09],
     [-2.44970652e-09]]), 2.1015813609504708), (2.1217793670099694e-05, Vec([[-1.93874034e-07],
     [ 6.70441555e-09],
     [ 1.30378352e-09]]), 2.0966810252729147), (2.0870488041866118e-05, Vec([[-1.24159863e-07],
     [-1.51172123e-08],
     [ 1.43097330e-09]]), 2.1243342729051853), (2.042500430121361e-05, Vec([[-3.84299849e-08],
     [-1.26929666e-08],
     [ 3.92759996e-10]]), 2.152333324525207), (2.0091547605458325e-05, Vec([[ 3.90468541e-08],
     [-4.42453842e-09],
     [ 6.88001874e-10]]), 2.117194533464217), (2.071682743923099e-05, Vec([[1.21998808e-07],
     [8.80717873e-09],
     [1.03658510e-09]]), 2.1086936954583018), (2.128664879193453e-05, Vec([[ 1.99955853e-07],
     [ 3.59893701e-08],
     [-2.66202269e-09]]), 2.1034850893376618), (2.1646195509325274e-05, Vec([[2.66562114e-07],
     [3.49660888e-08],
     [3.68299003e-09]]), 2.0865456570824317), (2.1999299937572772e-05, Vec([[ 3.34472032e-07],
     [-8.16564696e-09],
     [-4.51803874e-09]]), 2.0779781865415967), (2.2300114737546294e-05, Vec([[3.91311401e-07],
     [3.99249424e-09],
     [1.39739884e-09]]), 2.0730895621332817), (2.2444803909082804e-05, Vec([[4.34697286e-07],
     [9.44913683e-09],
     [6.41717830e-09]]), 2.0622397430428046), (2.24197419424765e-05, Vec([[ 4.75857942e-07],
     [-2.57067354e-08],
     [-8.55657298e-09]]), 2.044359618670622), (2.219978224958225e-05, Vec([[ 4.89723273e-07],
     [-6.25354678e-09],
     [ 2.32439411e-10]]), 2.0171708606365724), (2.2097940737330363e-05, Vec([[4.97081706e-07],
     [7.20446274e-09],
     [8.15935465e-09]]), 2.008928914804424), (2.19003114151363e-05, Vec([[ 4.94426569e-07],
     [-5.04587474e-09],
     [ 2.42917665e-09]]), 2.0000236254015795), (2.1683629887665585e-05, Vec([[ 4.63112770e-07],
     [-1.49593403e-08],
     [-2.40317194e-09]]), 1.9973684971446102), (2.1319723427457198e-05, Vec([[4.26581518e-07],
     [2.76418415e-08],
     [1.70494827e-09]]), 1.9890663388378549), (2.0564255326547748e-05, Vec([[3.66127443e-07],
     [7.54880132e-09],
     [8.77457790e-10]]), 1.951501661320571), (2.0326127887427365e-05, Vec([[ 3.12939794e-07],
     [-3.02866411e-09],
     [ 6.05980012e-09]]), 1.9706505961042267), (1.9614918069642544e-05, Vec([[ 2.63273307e-07],
     [-1.47288296e-09],
     [ 7.67449471e-10]]), 1.9517990808991872), (1.9223328176271276e-05, Vec([[1.66406272e-07],
     [1.32185102e-08],
     [1.75108009e-09]]), 1.9727505113353017), (1.870384990399538e-05, Vec([[8.62913822e-08],
     [1.40676466e-09],
     [2.06783783e-09]]), 1.9897795118123998), (1.7741956783148852e-05, Vec([[ 3.91736223e-08],
     [-9.83902631e-09],
     [-1.83742865e-09]]), 1.9674717793112946), (1.7163685995363106e-05, Vec([[-1.67962065e-08],
     [-1.24092329e-08],
     [-9.13315615e-10]]), 1.9960065800127655), (1.646167877772743e-05, Vec([[-1.11323160e-07],
     [-5.85723562e-10],
     [ 2.79373193e-10]]), 2.0208897527534098), (1.5697799305577857e-05, Vec([[-1.73056309e-07],
     [-3.37969174e-09],
     [-3.89774929e-12]]), 2.0494004969318125), (1.5000898208905415e-05, Vec([[-2.09838782e-07],
     [-6.36773050e-10],
     [ 7.74457696e-10]]), 2.1001409944242084), (1.4298081731020824e-05, Vec([[-2.96635713e-07],
     [-6.43586432e-09],
     [ 1.23036867e-10]]), 2.167313236817992), (1.3462676401048925e-05, Vec([[-3.63642829e-07],
     [-6.23437442e-09],
     [-4.01295858e-10]]), 2.2348430221761793), (1.3971277505712768e-05, Vec([[-3.45432019e-07],
     [-1.02199524e-08],
     [-1.14747117e-09]]), 2.2126712324215076), (1.484148926668922e-05, Vec([[-2.74595745e-07],
     [-4.13570917e-09],
     [ 1.06789155e-10]]), 2.1592532535823636), (1.5324199303350642e-05, Vec([[-2.12235840e-07],
     [ 4.02221099e-10],
     [-6.13970999e-10]]), 2.0694444252295012), (1.6277021263472977e-05, Vec([[-1.61133583e-07],
     [-4.08698433e-10],
     [-1.06925682e-09]]), 2.0586335867771117), (1.693696236811491e-05, Vec([[-8.22699564e-08],
     [ 9.53586447e-09],
     [-3.50601346e-09]]), 2.0219369548220465), (1.755700860922931e-05, Vec([[ 1.39407533e-08],
     [ 5.29933416e-09],
     [-6.84908793e-10]]), 1.9922248969570224), (1.8179375889809743e-05, Vec([[ 7.27647699e-08],
     [-1.08594992e-09],
     [ 1.34245465e-09]]), 1.9731365673095844), (1.8769162702661815e-05, Vec([[ 1.25183447e-07],
     [-1.78307632e-08],
     [ 2.02806255e-09]]), 1.9598130563827192), (1.924708280982457e-05, Vec([[ 2.00387901e-07],
     [ 1.89392176e-09],
     [-5.78432177e-09]]), 1.9437511700285888), (2.0060293186808328e-05, Vec([[2.97958445e-07],
     [1.20206141e-09],
     [8.80755866e-10]]), 1.9691720163085353), (2.0449979371734295e-05, Vec([[ 3.30395750e-07],
     [ 5.85600646e-09],
     [-2.07504992e-09]]), 1.9604453430656412), (2.0892568418664177e-05, Vec([[4.05601572e-07],
     [4.99320011e-09],
     [1.46124043e-09]]), 1.9648040191491938), (2.1531281017934455e-05, Vec([[ 4.34323988e-07],
     [-7.57189158e-09],
     [ 4.40009342e-09]]), 1.9949833826878762), (2.1907481520939724e-05, Vec([[ 4.65674652e-07],
     [-6.28125060e-10],
     [ 9.86616575e-10]]), 2.0082845349136065), (2.2128064121329854e-05, Vec([[ 5.07694142e-07],
     [-1.27740287e-08],
     [ 1.19211372e-09]]), 2.0152196917637024), (2.249815812044637e-05, Vec([[ 4.88548085e-07],
     [ 5.69453913e-10],
     [-2.67425323e-09]]), 2.043768095336575), (2.241288494869852e-05, Vec([[ 5.01582723e-07],
     [-3.88296592e-09],
     [ 3.35665017e-09]]), 2.0391008683196414), (2.249840055832221e-05, Vec([[ 4.53521329e-07],
     [-1.53576631e-08],
     [ 6.79767950e-09]]), 2.058281749767524), (2.2376570898953875e-05, Vec([[ 4.16606306e-07],
     [ 1.29939505e-08],
     [-5.77269754e-09]]), 2.0669717068640523), (2.2366439354310985e-05, Vec([[3.61329666e-07],
     [5.39018906e-09],
     [3.61360625e-10]]), 2.094767879220329), (2.2089052355250152e-05, Vec([[ 3.07731075e-07],
     [-1.38044431e-08],
     [-3.47142867e-09]]), 2.1065668202461327), (2.173113524002562e-05, Vec([[ 2.33769683e-07],
     [-3.22163370e-08],
     [ 6.36680343e-10]]), 2.119675876080673), (2.1008844109277904e-05, Vec([[ 1.50501539e-07],
     [ 3.38199849e-08],
     [-1.34531923e-10]]), 2.1057027643424573), (2.056042904895916e-05, Vec([[ 7.85521087e-08],
     [ 7.50241820e-09],
     [-1.68356392e-09]]), 2.1279774929466817), (2.0136683241019908e-05, Vec([[ 5.03488462e-10],
     [-2.44694639e-09],
     [ 1.92889263e-09]]), 2.1633986597202948)]