[(2.0158641491685566e-05, Vec([[4.54573082e-09],
     [4.43923917e-09],
     [2.25159559e-10]]), 2.165757759751382), (2.0549194663366267e-05, Vec([[-8.38413019e-08],
     [ 6.22844120e-09],
     [-3.34271877e-11]]), 2.1268147487436377), (2.0947755840226526e-05, Vec([[-1.58107348e-07],
     [-1.66166703e-09],
     [-2.15202986e-09]]), 2.0995799269154523), (2.1818091930236122e-05, Vec([[-2.35671078e-07],
     [-1.32374226e-09],
     [ 4.43162716e-09]]), 2.1281577154538653), (2.1987089662090515e-05, Vec([[-2.99830766e-07],
     [-4.03810935e-08],
     [-4.56528563e-09]]), 2.09684294332925), (2.2321742889554714e-05, Vec([[-3.68943634e-07],
     [-2.33845304e-08],
     [-4.16658539e-09]]), 2.0905817538740927), (2.230054528489582e-05, Vec([[-4.10937049e-07],
     [ 1.27935602e-08],
     [ 5.13316700e-09]]), 2.05994905831059), (2.233835250242558e-05, Vec([[-4.37750146e-07],
     [ 1.72768240e-08],
     [ 7.31978650e-09]]), 2.043639642579333), (2.2461521473294302e-05, Vec([[-4.83559729e-07],
     [ 5.96887164e-09],
     [ 1.98651189e-09]]), 2.0435257685394177), (2.2368231766052435e-05, Vec([[-4.98149712e-07],
     [-1.77583369e-09],
     [-4.34237621e-10]]), 2.031965380801806), (2.2156929864902843e-05, Vec([[-5.11691038e-07],
     [-1.70192501e-08],
     [-1.98369537e-09]]), 2.0178485170665725), (2.1738327188838164e-05, Vec([[-4.53920679e-07],
     [ 7.19584214e-09],
     [ 7.76638539e-09]]), 1.992777958822307), (2.1571881391394935e-05, Vec([[-4.48590165e-07],
     [-5.57812133e-09],
     [ 1.66574892e-09]]), 1.9987452150803422), (2.09554006809761e-05, Vec([[-4.26179311e-07],
     [-6.25429304e-09],
     [-6.80688073e-09]]), 1.970712966246976), (2.043344537228594e-05, Vec([[-3.27724663e-07],
     [ 1.43220747e-08],
     [-8.25928928e-10]]), 1.9588603046833744), (1.99619282184464e-05, Vec([[-2.48736245e-07],
     [-7.83697012e-09],
     [-1.82840560e-09]]), 1.9595162480064663), (1.9300274882770156e-05, Vec([[-1.96245637e-07],
     [ 2.03645797e-08],
     [ 5.29065949e-10]]), 1.9491230050773498), (1.8779254471095953e-05, Vec([[-1.40186440e-07],
     [ 6.48237571e-09],
     [-4.39294496e-11]]), 1.9608668050156512), (1.8122098984396363e-05, Vec([[-6.17778658e-08],
     [ 2.56203840e-09],
     [-7.70004132e-10]]), 1.9669198986396323), (1.754978346135432e-05, Vec([[ 1.26990864e-08],
     [-6.88626621e-09],
     [-3.46575079e-10]]), 1.9914050466168456), (1.6898554624712862e-05, Vec([[ 9.38295901e-08],
     [-1.09218626e-08],
     [-9.87556123e-10]]), 2.0173518330010207), (1.6394571298961246e-05, Vec([[ 1.59355757e-07],
     [ 6.96248962e-09],
     [-6.61959145e-10]]), 2.0735007081788672), (1.565965374137671e-05, Vec([[ 2.07471109e-07],
     [-6.69876146e-09],
     [-1.39790681e-09]]), 2.114745605601106), (1.4603028641591874e-05, Vec([[ 2.64759416e-07],
     [ 8.31767226e-09],
     [-6.44593450e-11]]), 2.1245601799062324), (1.3817719756220697e-05, Vec([[ 3.18314294e-07],
     [ 9.40286060e-09],
     [-8.68706267e-11]]), 2.188351851843923), (1.346110597482045e-05, Vec([[3.61843618e-07],
     [3.93259630e-09],
     [3.32958501e-10]]), 2.2345823269032636), (1.4381988319022624e-05, Vec([[ 2.84376160e-07],
     [ 1.16036804e-09],
     [-4.07112393e-10]]), 2.180031856158236), (1.5165898669021792e-05, Vec([[ 2.21120005e-07],
     [ 8.09220072e-09],
     [-1.17456319e-09]]), 2.12324122652788), (1.5661519329327305e-05, Vec([[ 1.57527566e-07],
     [ 4.38041408e-10],
     [-1.37406377e-09]]), 2.044664024009131), (1.6451807518641987e-05, Vec([[ 1.20163605e-07],
     [ 1.62729257e-08],
     [-7.17971028e-10]]), 2.01967792456736), (1.745175998555038e-05, Vec([[ 4.85588075e-08],
     [ 5.09289979e-09],
     [-1.75905258e-11]]), 2.0295074014621726), (1.785993491570074e-05, Vec([[-3.38412116e-08],
     [ 8.57955482e-09],
     [-1.36787412e-09]]), 1.980554814582361), (1.8505962502989826e-05, Vec([[-8.58447324e-08],
     [-1.20656933e-09],
     [-3.51291390e-09]]), 1.9687275734046519), (1.917837433911403e-05, Vec([[-1.76900626e-07],
     [-9.16503513e-09],
     [ 5.01882290e-10]]), 1.968137225621961), (1.9779126350312206e-05, Vec([[-2.63923630e-07],
     [ 1.44880139e-08],
     [-9.11813345e-10]]), 1.9681387653245388), (2.029649759156368e-05, Vec([[-3.24485496e-07],
     [ 1.29499839e-09],
     [ 8.90303925e-09]]), 1.9677778915473172), (2.0867319230921237e-05, Vec([[-3.84197149e-07],
     [-2.05025393e-08],
     [-4.38861707e-09]]), 1.9802617454315505), (2.129317499179856e-05, Vec([[-4.29980167e-07],
     [ 1.67446638e-08],
     [ 5.37870166e-09]]), 1.986589449308914), (2.171995004057488e-05, Vec([[-4.67077817e-07],
     [ 5.53572481e-09],
     [-3.15848289e-09]]), 2.0007140960876058), (2.1830416478874e-05, Vec([[-4.95725511e-07],
     [-1.05154438e-08],
     [ 3.04824804e-09]]), 1.9936405415645202), (2.2385056480241826e-05, Vec([[-4.99686124e-07],
     [ 4.35410693e-10],
     [-2.55021426e-09]]), 2.0350306735468573), (2.237430369845105e-05, Vec([[-4.92113569e-07],
     [-1.76336984e-08],
     [ 5.09219521e-09]]), 2.03302865497241), (2.217890827053669e-05, Vec([[-4.63317384e-07],
     [-1.13202320e-08],
     [ 6.60669042e-09]]), 2.0223990343341405), (2.2559203174317172e-05, Vec([[-4.28472640e-07],
     [ 9.72738347e-09],
     [ 1.74171697e-09]]), 2.072750804413482), (2.22178273442616e-05, Vec([[-3.90905625e-07],
     [ 2.70292953e-09],
     [-2.51445074e-10]]), 2.065439864446908), (2.2170175950683998e-05, Vec([[-3.28568058e-07],
     [ 1.63836004e-08],
     [ 4.92631439e-10]]), 2.094118546864694), (2.1862443910700796e-05, Vec([[-2.75475940e-07],
     [ 1.38560616e-09],
     [ 1.85912534e-09]]), 2.1073905285309382), (2.1197839923435044e-05, Vec([[-1.95936493e-07],
     [ 1.33524605e-08],
     [ 6.58167456e-10]]), 2.0947092537180882), (2.0940782655854584e-05, Vec([[-1.18862077e-07],
     [-8.59694048e-09],
     [ 1.89413736e-09]]), 2.131489316783258), (2.0072853956504384e-05, Vec([[-3.77531814e-08],
     [-1.53460747e-08],
     [ 3.89052991e-10]]), 2.1152246458202693), (2.018959806641413e-05, Vec([[ 3.93455994e-08],
     [ 4.28880943e-08],
     [-7.64617986e-10]]), 2.127526833594391), (2.074149378934009e-05, Vec([[ 1.25129117e-07],
     [-1.55330528e-08],
     [ 7.50535225e-10]]), 2.111204397307685), (2.1528780414975923e-05, Vec([[ 1.96887102e-07],
     [-5.07022195e-09],
     [ 5.78447831e-10]]), 2.1274118362719974), (2.1605759292977106e-05, Vec([[ 2.71327955e-07],
     [-1.99674270e-08],
     [-3.93016885e-11]]), 2.082647881532277), (2.1915529552660937e-05, Vec([[3.20762128e-07],
     [2.11177981e-08],
     [5.60594796e-09]]), 2.0700655241832964), (2.2427301158204976e-05, Vec([[ 3.95210023e-07],
     [-2.16265674e-08],
     [-2.11787983e-09]]), 2.084913216146535), (2.2279029219447843e-05, Vec([[ 4.37407320e-07],
     [ 9.48318708e-09],
     [-6.44369686e-10]]), 2.047008282133607), (2.2493283139900184e-05, Vec([[ 4.80056491e-07],
     [ 2.55912556e-09],
     [-1.15994693e-09]]), 2.051065523435601), (2.2454685832519704e-05, Vec([[ 5.01546050e-07],
     [ 1.32413577e-09],
     [-3.29571898e-09]]), 2.0403325328544595), (2.234448352775815e-05, Vec([[4.94082602e-07],
     [4.53649656e-09],
     [7.08563615e-10]]), 2.031342177031626), (2.196971144723378e-05, Vec([[4.85972405e-07],
     [3.71376566e-09],
     [2.64079065e-09]]), 2.006361512620053), (2.185405290424003e-05, Vec([[ 4.70870907e-07],
     [-3.40531559e-09],
     [-5.29052664e-09]]), 2.013066863435569), (2.1260222333612658e-05, Vec([[ 4.32963929e-07],
     [-1.22167658e-08],
     [ 1.54648241e-09]]), 1.9835150650001379), (2.0746775539723442e-05, Vec([[ 3.72683332e-07],
     [-1.17536090e-09],
     [-6.45898811e-09]]), 1.968822419771626), (2.0334241005398945e-05, Vec([[ 3.16406932e-07],
     [ 8.45906496e-09],
     [-3.48145475e-11]]), 1.9714371758628266), (1.9760459882684384e-05, Vec([[2.53339128e-07],
     [7.73300095e-09],
     [3.87158087e-09]]), 1.966281342610344), (1.9178346823169303e-05, Vec([[ 1.79101020e-07],
     [-1.62627702e-08],
     [-2.26874472e-09]]), 1.9681344018604605), (1.8490256290204504e-05, Vec([[ 1.23977030e-07],
     [-2.19957153e-09],
     [ 2.26094369e-09]]), 1.967056692780139), (1.777273642607587e-05, Vec([[2.13744107e-08],
     [2.42030074e-09],
     [4.14536000e-09]]), 1.9708850487480516), (1.731037974750974e-05, Vec([[-5.43217404e-08],
     [-4.80139370e-09],
     [-8.60072749e-10]]), 2.013065951444435), (1.671573731281601e-05, Vec([[-1.28823424e-07],
     [ 8.32769912e-09],
     [ 3.63033569e-10]]), 2.0520788129393437), (1.5902203846657817e-05, Vec([[-1.83991608e-07],
     [-9.80965858e-09],
     [ 8.46941710e-10]]), 2.0760861972589626), (1.5130477127092822e-05, Vec([[-2.33035023e-07],
     [-5.86461205e-09],
     [-8.05549728e-10]]), 2.118282174659466), (1.4336016677346993e-05, Vec([[-3.11147445e-07],
     [ 1.24425576e-08],
     [-3.64803935e-10]]), 2.1730634425349105), (1.358980184951011e-05, Vec([[-3.61343272e-07],
     [-1.77449390e-09],
     [ 3.26375901e-10]]), 2.2559462124313026), (1.3757335418336959e-05, Vec([[-3.33158426e-07],
     [-2.31310359e-09],
     [-3.40402876e-10]]), 2.1787886113120853), (1.472468488283369e-05, Vec([[-2.70848599e-07],
     [ 4.00759133e-09],
     [-6.46643669e-10]]), 2.142259659385668), (1.5405730893135906e-05, Vec([[-2.17778533e-07],
     [-3.44858271e-09],
     [ 2.19715162e-09]]), 2.080454794555898), (1.6193711367981515e-05, Vec([[-1.58252060e-07],
     [-2.29192919e-09],
     [-7.69523822e-11]]), 2.048096981449054), (1.6762360688538583e-05, Vec([[-8.91947170e-08],
     [-9.78238449e-09],
     [ 7.00360534e-10]]), 2.001092981703585), (1.757296791382471e-05, Vec([[-1.58651120e-09],
     [-9.10990013e-09],
     [ 2.28519077e-09]]), 1.9940358275466654), (1.8111464336906114e-05, Vec([[ 6.78723118e-08],
     [ 2.40887061e-09],
     [-3.30183459e-09]]), 1.9657656449418899), (1.876662670131434e-05, Vec([[ 1.26671167e-07],
     [-3.84676579e-09],
     [-2.66923068e-09]]), 1.9595482556225297), (1.9346178054593677e-05, Vec([[ 2.01785048e-07],
     [-3.78727538e-09],
     [-2.37855396e-09]]), 1.953758738441289), (1.9798585143351723e-05, Vec([[ 2.68427498e-07],
     [-4.97190045e-09],
     [-2.88650496e-09]]), 1.9434820550094405), (2.0463175904277754e-05, Vec([[3.59394925e-07],
     [4.62629421e-09],
     [2.28262639e-09]]), 1.9617104338659377), (2.094895110250398e-05, Vec([[3.96598531e-07],
     [9.61880916e-09],
     [8.79391068e-10]]), 1.9701064272399051), (2.139647864382894e-05, Vec([[ 4.22101827e-07],
     [-9.37581835e-09],
     [-1.66406700e-10]]), 1.9824932528129573), (2.199060756837171e-05, Vec([[4.57187306e-07],
     [3.77147036e-09],
     [2.92129703e-09]]), 2.015904797212885), (2.215911728301548e-05, Vec([[ 4.77163201e-07],
     [-1.05319858e-08],
     [ 6.45621958e-09]]), 2.018047726903933), (2.236055946443432e-05, Vec([[ 4.97423003e-07],
     [-2.31631045e-09],
     [-5.18775089e-09]]), 2.031268416846759), (2.2648735627480643e-05, Vec([[ 4.81827007e-07],
     [ 3.15687225e-08],
     [-4.21168301e-09]]), 2.0605583167917687), (2.2293669675549777e-05, Vec([[4.55374058e-07],
     [3.47193325e-09],
     [2.77378218e-09]]), 2.039551803230572), (2.229867837239655e-05, Vec([[ 4.14240394e-07],
     [-8.71018575e-10],
     [ 2.78408414e-09]]), 2.0597766076105883), (2.1984971882272155e-05, Vec([[ 3.62868502e-07],
     [-1.32838191e-08],
     [ 2.45347122e-09]]), 2.0590408779423943), (2.1701340111709813e-05, Vec([[ 2.98696720e-07],
     [-1.40520382e-08],
     [ 2.89305089e-09]]), 2.0695918638328874), (2.1521440324683846e-05, Vec([[ 2.27057223e-07],
     [-1.45157390e-08],
     [ 2.06023596e-09]]), 2.099222031931378), (2.1085406301436867e-05, Vec([[ 1.53335536e-07],
     [-6.36464093e-09],
     [-1.12201532e-09]]), 2.1133765430060842), (2.0551827752081658e-05, Vec([[ 8.55019686e-08],
     [-1.74214198e-08],
     [ 1.64393022e-09]]), 2.1270872699789654), (2.009364950565421e-05, Vec([[ 7.10995891e-11],
     [ 2.67601033e-08],
     [-5.15008700e-10]]), 2.1587753002375742)]