[(2.006319539966424e-05, Vec([[-2.07186286e-09],
     [-2.41482275e-08],
     [-5.47717147e-10]]), 2.1555034420426025), (2.0607034832252636e-05, Vec([[-8.27231548e-08],
     [-4.53829996e-09],
     [-1.44608074e-09]]), 2.132801130510542), (2.1075583697468842e-05, Vec([[-1.54353275e-07],
     [ 2.03477281e-08],
     [-1.02407611e-09]]), 2.1123920298067413), (2.158249854042585e-05, Vec([[-2.28635341e-07],
     [ 2.15589509e-08],
     [-6.77071494e-10]]), 2.105177709143606), (2.1935929937677284e-05, Vec([[-2.97280568e-07],
     [ 2.35333994e-08],
     [-1.73516121e-09]]), 2.091963993510643), (2.230850624719512e-05, Vec([[-3.68597212e-07],
     [ 1.02570522e-09],
     [-1.28502308e-09]]), 2.0893420530525018), (2.255022669906221e-05, Vec([[-4.16621334e-07],
     [-1.35913666e-08],
     [-3.40759888e-09]]), 2.083012664487883), (2.249774930964998e-05, Vec([[-4.57576993e-07],
     [-1.48265411e-08],
     [ 1.22065554e-09]]), 2.0582221698319136), (2.233409964443537e-05, Vec([[-4.73332673e-07],
     [-2.11288524e-09],
     [ 3.93051534e-09]]), 2.0319330636081316), (2.22297119395136e-05, Vec([[-5.02494190e-07],
     [-1.92475675e-08],
     [-1.08876939e-09]]), 2.0193820217314316), (2.220994200308547e-05, Vec([[-4.98832500e-07],
     [-5.58682675e-09],
     [-9.33485696e-09]]), 2.0226763729595407), (2.1852110278226983e-05, Vec([[-4.77718890e-07],
     [-6.34466957e-09],
     [-5.59306470e-09]]), 2.003208588127453), (2.1450063703749747e-05, Vec([[-4.45642474e-07],
     [-3.60391541e-08],
     [-8.51782764e-09]]), 1.9874581828611637), (2.0965199754101626e-05, Vec([[-3.97041596e-07],
     [ 3.56676120e-09],
     [-3.44625285e-09]]), 1.9716345024542608), (2.026361791126764e-05, Vec([[-3.35897767e-07],
     [ 1.27168511e-10],
     [-3.19106319e-09]]), 1.9425797281103645), (1.9840323327208062e-05, Vec([[-2.80421742e-07],
     [ 1.37172737e-08],
     [ 5.84569570e-09]]), 1.947579186736083), (1.9461560709717337e-05, Vec([[-2.03591705e-07],
     [ 5.17788887e-09],
     [ 1.48133156e-10]]), 1.9654111625054247), (1.8729668885275377e-05, Vec([[-1.41248928e-07],
     [-1.12227401e-08],
     [ 3.03225340e-09]]), 1.9556892443519691), (1.8070827585203425e-05, Vec([[-8.40478425e-08],
     [-8.66044205e-09],
     [ 2.90933720e-09]]), 1.9613550501421975), (1.739730151417204e-05, Vec([[ 3.39619625e-09],
     [-5.01262896e-10],
     [ 2.32304162e-09]]), 1.9741026497066265), (1.6939298134072844e-05, Vec([[ 6.57338545e-08],
     [-2.39308360e-09],
     [-1.74252002e-09]]), 2.022215798891337), (1.615815230189675e-05, Vec([[ 1.36448187e-07],
     [-1.05790475e-08],
     [-9.32236811e-11]]), 2.0435996544153436), (1.5562177310736014e-05, Vec([[ 2.10188006e-07],
     [ 5.68028352e-10],
     [-8.55458304e-10]]), 2.101581977799909), (1.4700326674708609e-05, Vec([[ 2.71884509e-07],
     [ 6.14522987e-09],
     [-7.22161609e-10]]), 2.1387158411609297), (1.3837434897322517e-05, Vec([[ 3.33544507e-07],
     [-3.93967618e-09],
     [-2.38624084e-10]]), 2.191474195204527), (1.3456347559639922e-05, Vec([[3.48008986e-07],
     [3.42656516e-09],
     [2.86003721e-10]]), 2.233792416290691), (1.4170530315633236e-05, Vec([[ 2.98522378e-07],
     [-4.90551311e-09],
     [ 1.28794940e-10]]), 2.147978903993148), (1.5184335276374015e-05, Vec([[ 2.56913078e-07],
     [-6.98017363e-09],
     [-1.27218064e-11]]), 2.125822370294026), (1.595430014095915e-05, Vec([[ 1.69923726e-07],
     [-5.94049498e-09],
     [ 3.57000995e-11]]), 2.0828875436993846), (1.640533885400558e-05, Vec([[ 1.06896601e-07],
     [ 8.67351965e-09],
     [-1.77548603e-09]]), 2.013973278676996), (1.727607574054594e-05, Vec([[4.16938248e-08],
     [1.40889368e-08],
     [1.12411347e-09]]), 2.009076655459934), (1.7892586582023264e-05, Vec([[-4.49202913e-08],
     [-1.06814928e-09],
     [ 2.72777366e-10]]), 1.9841756796775836), (1.8464654742759174e-05, Vec([[-9.01769240e-08],
     [ 4.90774572e-09],
     [ 4.22545751e-09]]), 1.9643331126167554), (1.907146793136764e-05, Vec([[-1.73500065e-07],
     [ 2.15619490e-08],
     [-2.90450834e-10]]), 1.9571661976806576), (1.9744042946773954e-05, Vec([[-2.51715021e-07],
     [-1.98082891e-09],
     [-1.67424452e-09]]), 1.9646477614601507), (2.019473495994391e-05, Vec([[-3.25981455e-07],
     [-9.52111642e-09],
     [ 6.81731792e-10]]), 1.9579118417136607), (2.0725086210242557e-05, Vec([[-3.73274976e-07],
     [-7.58136129e-09],
     [-5.44664220e-09]]), 1.9667641510989826), (2.1143884399812025e-05, Vec([[-4.35588638e-07],
     [-6.61778018e-09],
     [ 6.24652041e-09]]), 1.97266108423251), (2.164314463793136e-05, Vec([[-4.61029775e-07],
     [-9.35397945e-09],
     [-5.92816926e-09]]), 1.9936392339706344), (2.19857219883855e-05, Vec([[-4.81024576e-07],
     [-5.33421960e-08],
     [ 7.38427446e-09]]), 2.0078236589773324), (2.2158962333423737e-05, Vec([[-4.88711275e-07],
     [ 1.75385734e-09],
     [ 3.35489389e-10]]), 2.0144764022502746), (2.2382653556510526e-05, Vec([[-4.99218228e-07],
     [-3.32495716e-08],
     [-4.34608765e-09]]), 2.033787360178554), (2.2633440331952177e-05, Vec([[-4.70584020e-07],
     [ 2.54046378e-10],
     [-1.28233165e-09]]), 2.063845853576445), (2.254850916369835e-05, Vec([[-4.30036814e-07],
     [-3.88983109e-09],
     [-2.02366783e-09]]), 2.071768233400611), (2.2228471245938835e-05, Vec([[-3.93561709e-07],
     [-2.86648507e-08],
     [ 2.36582144e-09]]), 2.0664293553857283), (2.2063755772982532e-05, Vec([[-3.24690216e-07],
     [-1.02727592e-08],
     [ 1.78378645e-09]]), 2.084066463002978), (2.155189825076854e-05, Vec([[-2.67769545e-07],
     [ 3.14377564e-09],
     [-8.55181189e-10]]), 2.0774560443035237), (2.114253856979165e-05, Vec([[-1.93719332e-07],
     [-8.82090203e-11],
     [ 3.01228365e-09]]), 2.0892445338391594), (2.094235072090883e-05, Vec([[-1.27963206e-07],
     [ 1.91823852e-08],
     [-6.72344817e-10]]), 2.1316489246625845), (2.0295929316626427e-05, Vec([[-4.69307764e-08],
     [ 3.62868399e-09],
     [ 8.62014642e-10]]), 2.1387317415540315), (2.0350897051108796e-05, Vec([[ 3.72628087e-08],
     [-8.22384850e-09],
     [-7.44149711e-10]]), 2.1445240970882247), (2.1235201076021203e-05, Vec([[ 1.28406279e-07],
     [-3.22994622e-09],
     [-2.54923003e-10]]), 2.161457142129743), (2.158267035891417e-05, Vec([[ 2.06663647e-07],
     [-1.25900382e-08],
     [ 5.32450111e-10]]), 2.132737084724553), (2.1614036100073665e-05, Vec([[ 2.61053393e-07],
     [-9.44544213e-10],
     [ 2.27706687e-09]]), 2.0834457093027225), (2.2134423760055022e-05, Vec([[3.34159040e-07],
     [2.14592337e-08],
     [1.16322928e-09]]), 2.090741517938369), (2.2396160344688096e-05, Vec([[ 3.73487823e-07],
     [-3.09498404e-09],
     [-1.35163194e-10]]), 2.082018267119681), (2.2403028351288408e-05, Vec([[ 4.30167242e-07],
     [ 1.00952344e-08],
     [-1.64146375e-09]]), 2.0584013840212534), (2.2654242863579057e-05, Vec([[4.76991087e-07],
     [1.40480763e-08],
     [1.73895312e-09]]), 2.065742746758053), (2.241089210317036e-05, Vec([[ 4.93423680e-07],
     [-1.28804066e-08],
     [-7.66046507e-11]]), 2.0363532400069464), (2.2350463205911915e-05, Vec([[ 4.99881755e-07],
     [-1.77938037e-09],
     [-4.77203513e-09]]), 2.031885790958693), (2.1901825748610784e-05, Vec([[ 4.80212031e-07],
     [ 9.42048807e-09],
     [-1.79033625e-09]]), 2.0001619203631575), (2.160095152436084e-05, Vec([[4.64374061e-07],
     [1.08259395e-08],
     [2.87720881e-09]]), 1.9897526524213838), (2.1177631679194582e-05, Vec([[4.28626002e-07],
     [2.30671285e-08],
     [2.76867551e-09]]), 1.9758096043188789), (2.0730552406789677e-05, Vec([[ 3.95140236e-07],
     [-1.17583150e-08],
     [ 1.56359492e-09]]), 1.9672828808790508), (2.009439787183254e-05, Vec([[3.26817019e-07],
     [5.28105268e-09],
     [3.82346681e-09]]), 1.9481840006023041), (1.968156317057288e-05, Vec([[2.57500791e-07],
     [3.45545167e-09],
     [3.11818743e-09]]), 1.958430658267006), (1.9090791602508866e-05, Vec([[1.78852595e-07],
     [5.62842462e-09],
     [2.07523187e-09]]), 1.9591492456614856), (1.8574001541955445e-05, Vec([[1.22286139e-07],
     [4.34508527e-09],
     [2.02374713e-09]]), 1.975965799033713), (1.8031396859861384e-05, Vec([[ 4.93344712e-08],
     [-2.09294116e-08],
     [ 5.39518920e-10]]), 1.9995688692599336), (1.7324797050644736e-05, Vec([[-2.54086310e-08],
     [-1.23814609e-09],
     [-1.72086181e-09]]), 2.0147425745154504), (1.6524038638503743e-05, Vec([[-9.91315512e-08],
     [-4.77750003e-09],
     [ 8.47050032e-10]]), 2.02854525407424), (1.5806858591595855e-05, Vec([[-1.67948256e-07],
     [-6.71866624e-10],
     [ 4.83289953e-10]]), 2.063638553528758), (1.5235142751906821e-05, Vec([[-2.40470141e-07],
     [ 1.25160505e-08],
     [-1.17994650e-10]]), 2.132935468503458), (1.4448755294384637e-05, Vec([[-2.99153044e-07],
     [-6.57334289e-09],
     [ 3.43791960e-10]]), 2.190152441017562), (1.3575547254892073e-05, Vec([[-3.56401789e-07],
     [ 1.87805936e-09],
     [ 8.89926292e-10]]), 2.2535799087063175), (1.3738237926315918e-05, Vec([[-3.46307078e-07],
     [ 4.97912626e-09],
     [-5.39851317e-10]]), 2.1757640868053554), (1.4662040075473926e-05, Vec([[-2.73164241e-07],
     [-7.33622619e-09],
     [ 7.45354180e-10]]), 2.133145614178951), (1.5537418902849803e-05, Vec([[-2.34778948e-07],
     [-6.80624073e-09],
     [-4.20864603e-10]]), 2.098238498107209), (1.6212499380587206e-05, Vec([[-1.36502685e-07],
     [ 1.57772430e-09],
     [ 7.45218331e-10]]), 2.050473192252788), (1.666303434525556e-05, Vec([[-8.99998143e-08],
     [ 2.89449507e-10],
     [-5.56876301e-10]]), 1.989235388842107), (1.7660846016728892e-05, Vec([[-1.07844948e-08],
     [-3.66167322e-09],
     [ 2.59291905e-09]]), 2.0040075116985445), (1.820926282295238e-05, Vec([[ 6.25804738e-08],
     [ 4.29039496e-10],
     [-3.87864259e-10]]), 1.9763804080787022), (1.897351579780819e-05, Vec([[ 1.52985082e-07],
     [-3.11843857e-09],
     [ 1.50488661e-09]]), 1.9811509215994394), (1.9360997356496118e-05, Vec([[ 2.00769745e-07],
     [-7.08460577e-09],
     [-1.66617143e-09]]), 1.9552553307143359), (2.0078689978999503e-05, Vec([[ 2.84870004e-07],
     [ 2.91043112e-09],
     [-2.80803086e-09]]), 1.9709778946192538), (2.0333424350170034e-05, Vec([[ 3.44361098e-07],
     [-2.52199891e-09],
     [ 1.34844366e-09]]), 1.949271749924887), (2.098333831465549e-05, Vec([[ 3.88774314e-07],
     [-5.77225580e-10],
     [-7.34849330e-09]]), 1.9733403107571788), (2.1534560772247215e-05, Vec([[ 4.27705676e-07],
     [ 3.66593530e-09],
     [-5.57077306e-09]]), 1.9952872687106262), (2.1749280072517876e-05, Vec([[ 4.64759915e-07],
     [-3.84579405e-09],
     [-4.87481869e-11]]), 1.9937820225201648), (2.2229231366814437e-05, Vec([[ 4.99167305e-07],
     [-4.74614131e-09],
     [ 3.36218950e-09]]), 2.0244330700395503), (2.250888935977266e-05, Vec([[ 5.03307485e-07],
     [-1.09123542e-08],
     [ 7.50040741e-09]]), 2.044742938007743), (2.2458055848339605e-05, Vec([[ 4.98460414e-07],
     [-1.02562975e-08],
     [-1.82183545e-09]]), 2.0432104695999653), (2.2375483459610367e-05, Vec([[ 4.59701376e-07],
     [ 2.23628965e-08],
     [-2.81718680e-09]]), 2.0470365939015713), (2.2097984845985944e-05, Vec([[ 4.12876366e-07],
     [ 3.45350166e-09],
     [-2.53570176e-09]]), 2.041238117387277), (2.1989893308280753e-05, Vec([[ 3.51388441e-07],
     [-8.78622161e-09],
     [ 1.80264478e-09]]), 2.059501802676969), (2.182082483711299e-05, Vec([[ 2.96576511e-07],
     [-1.45978346e-09],
     [ 1.87550607e-10]]), 2.0809867645290563), (2.1623565414974243e-05, Vec([[ 2.27764272e-07],
     [ 3.30373571e-08],
     [-1.11561852e-09]]), 2.1091834116678774), (2.1338057930878093e-05, Vec([[1.64893363e-07],
     [1.25606491e-09],
     [6.15459655e-10]]), 2.138699651300989), (2.0574861413013965e-05, Vec([[ 8.21656929e-08],
     [-9.92402671e-09],
     [ 7.04355571e-11]]), 2.129471223734376), (2.0167045902777312e-05, Vec([[-4.27587269e-09],
     [-5.28634630e-09],
     [-1.49343038e-09]]), 2.1666606935401296)]