[(2.0020248484564015e-05, Vec([[ 1.19922100e-09],
     [ 6.88932116e-09],
     [-1.05731630e-09]]), 2.1508894101558775), (2.0785499840288224e-05, Vec([[-7.42285110e-08],
     [ 3.02708497e-09],
     [ 7.25436698e-10]]), 2.1512720252313655), (2.1288608639359862e-05, Vec([[-1.53677604e-07],
     [ 1.82610327e-08],
     [ 5.13727405e-10]]), 2.1337433810129562), (2.183633129791668e-05, Vec([[-2.35740347e-07],
     [ 1.28280302e-09],
     [ 2.01568191e-09]]), 2.1299368009567816), (2.1755849251054203e-05, Vec([[-3.01964691e-07],
     [-9.22561414e-09],
     [ 1.29464309e-09]]), 2.0747902373301446), (2.211951822330889e-05, Vec([[-3.67373259e-07],
     [-1.16004249e-08],
     [ 1.46020013e-09]]), 2.0716420501274544), (2.2358118210208896e-05, Vec([[-4.03773678e-07],
     [-1.09363863e-09],
     [ 6.04750046e-09]]), 2.0652671925430828), (2.2642764608536866e-05, Vec([[-4.60664074e-07],
     [-4.04591866e-09],
     [ 5.21953967e-09]]), 2.0714889948385267), (2.2450322079573823e-05, Vec([[-4.68713594e-07],
     [ 5.67934691e-09],
     [ 2.49162125e-09]]), 2.0425068593935243), (2.2304001183847012e-05, Vec([[-4.92396186e-07],
     [ 1.32311591e-08],
     [-4.48080760e-09]]), 2.0261305736165443), (2.2061778813091062e-05, Vec([[-4.77016338e-07],
     [ 6.03124895e-09],
     [ 6.92997241e-09]]), 2.0091830381411797), (2.1885621928920078e-05, Vec([[-4.68176440e-07],
     [-1.81467318e-09],
     [ 2.01068484e-09]]), 2.006280640465466), (2.1382515990284692e-05, Vec([[-4.17408827e-07],
     [-1.65935364e-08],
     [ 3.84176480e-09]]), 1.9811995415016879), (2.1171728891150366e-05, Vec([[-4.03850702e-07],
     [-2.66115782e-11],
     [ 1.68785196e-09]]), 1.9910571636806458), (2.034537046549103e-05, Vec([[-3.24895412e-07],
     [ 5.90540464e-09],
     [ 6.64806254e-12]]), 1.9504169689846755), (2.001022685254112e-05, Vec([[-2.82865914e-07],
     [ 7.76322893e-09],
     [ 4.62252272e-10]]), 1.9642573710698015), (1.9507280216852832e-05, Vec([[-2.08377947e-07],
     [-1.52904939e-09],
     [-5.99159016e-09]]), 1.9700283476843852), (1.86658662849913e-05, Vec([[-1.59929569e-07],
     [-5.24187576e-09],
     [ 9.68608820e-10]]), 1.9490271906925283), (1.8101171163788914e-05, Vec([[-4.90059403e-08],
     [ 8.77534812e-10],
     [ 3.21565812e-09]]), 1.9646484538791003), (1.7617904634100608e-05, Vec([[ 1.40696224e-08],
     [-4.87006002e-09],
     [-1.38370234e-09]]), 1.9991348768729933), (1.68286093141437e-05, Vec([[ 7.63409663e-08],
     [-1.77616900e-09],
     [-6.89084768e-10]]), 2.0090017519662697), (1.6218436601581514e-05, Vec([[1.60333395e-07],
     [1.37920966e-08],
     [2.27081950e-09]]), 2.0512241013013894), (1.561307179328139e-05, Vec([[ 2.18254585e-07],
     [ 7.64691677e-09],
     [-6.83920856e-11]]), 2.108454983109586), (1.4834023974837868e-05, Vec([[ 2.77134992e-07],
     [ 2.24030266e-09],
     [-3.48402883e-11]]), 2.1581671458859355), (1.3887845937159554e-05, Vec([[ 3.23745125e-07],
     [-6.69373338e-09],
     [ 5.86832974e-10]]), 2.199457935961109), (1.3525793003376313e-05, Vec([[3.45006523e-07],
     [7.09923178e-09],
     [2.28214677e-10]]), 2.245320559784069), (1.4144857443295138e-05, Vec([[2.82353426e-07],
     [1.31826022e-08],
     [1.63717115e-10]]), 2.144087392034255), (1.5143230765795772e-05, Vec([[2.29764117e-07],
     [1.21693159e-09],
     [8.85619281e-11]]), 2.1200676970392034), (1.576329830479572e-05, Vec([[1.87698789e-07],
     [3.73912684e-09],
     [1.12909144e-09]]), 2.0579516115774132), (1.6562415348798823e-05, Vec([[ 1.02774606e-07],
     [-1.17753487e-08],
     [ 3.85770147e-11]]), 2.033256505072811), (1.7053022939040188e-05, Vec([[2.35936996e-08],
     [6.01338234e-09],
     [2.86865323e-09]]), 1.9831373053916541), (1.805537691415853e-05, Vec([[-3.19609314e-08],
     [ 1.53680445e-08],
     [-3.03051915e-09]]), 2.002228106945643), (1.8498854258869255e-05, Vec([[-1.23705882e-07],
     [ 7.59912479e-09],
     [ 2.63735006e-09]]), 1.9679713740880045), (1.909654190176625e-05, Vec([[-1.82362969e-07],
     [-1.05615363e-08],
     [ 2.12340354e-09]]), 1.9597393570977726), (1.96990851841928e-05, Vec([[-2.52907825e-07],
     [ 1.00907807e-08],
     [ 6.16615723e-10]]), 1.960174201113193), (2.0268666389624766e-05, Vec([[-3.25512219e-07],
     [ 2.08930940e-09],
     [ 2.38438403e-09]]), 1.9650796120228071), (2.0600684799460294e-05, Vec([[-3.72282230e-07],
     [-1.97259709e-08],
     [-9.40073311e-09]]), 1.954958736511526), (2.1217348621501225e-05, Vec([[-4.26555850e-07],
     [-5.88172540e-09],
     [ 2.18736257e-09]]), 1.9795150760757025), (2.1732919995413663e-05, Vec([[-4.81985840e-07],
     [-2.31220982e-08],
     [ 4.42719590e-09]]), 2.0019088120709805), (2.191647195111525e-05, Vec([[-4.91180458e-07],
     [ 8.72367340e-10],
     [ 4.76977561e-10]]), 2.0014994698836235), (2.2237101547926566e-05, Vec([[-4.96496308e-07],
     [ 1.99191837e-08],
     [-1.10706626e-09]]), 2.021580056353648), (2.2422298431590075e-05, Vec([[-4.91245537e-07],
     [ 1.45164121e-08],
     [ 2.02734272e-09]]), 2.0373896696915472), (2.238636719266515e-05, Vec([[-4.76466512e-07],
     [-2.09948785e-08],
     [ 2.43478836e-09]]), 2.0413163191102344), (2.22048445458709e-05, Vec([[-4.28063485e-07],
     [-1.15636435e-08],
     [ 3.51814732e-09]]), 2.0401921574396806), (2.2041792629132615e-05, Vec([[-3.76137728e-07],
     [-1.53886299e-08],
     [ 1.32727947e-09]]), 2.0490751176820603), (2.2067774266206678e-05, Vec([[-3.44515755e-07],
     [ 2.32827742e-08],
     [-4.65465502e-09]]), 2.0844460360478583), (2.1543293822902563e-05, Vec([[-2.73977024e-07],
     [ 3.69826613e-09],
     [-1.29845363e-09]]), 2.0766266361247188), (2.12368380007729e-05, Vec([[-1.93054581e-07],
     [-1.13701783e-08],
     [ 8.71176636e-10]]), 2.098562930968784), (2.0734672594678088e-05, Vec([[-1.19373762e-07],
     [-8.77914972e-09],
     [ 5.16046000e-10]]), 2.1105100916654984), (2.0407888108778172e-05, Vec([[-4.08700872e-08],
     [-1.37917201e-08],
     [ 1.27248927e-09]]), 2.150529665107344), (2.0374745515441435e-05, Vec([[ 4.11256453e-08],
     [-1.23099423e-08],
     [ 1.14393248e-09]]), 2.147037185642083), (2.084853583333586e-05, Vec([[ 1.17304045e-07],
     [-7.86286945e-09],
     [ 8.16268468e-10]]), 2.122099834072071), (2.146451276695527e-05, Vec([[ 1.99846890e-07],
     [-2.11329337e-08],
     [ 5.45286068e-10]]), 2.1210610931061935), (2.1808740692580873e-05, Vec([[2.73690324e-07],
     [2.03762089e-08],
     [4.00895148e-10]]), 2.102213904468238), (2.1888743669602225e-05, Vec([[ 3.24894813e-07],
     [-2.42221967e-08],
     [-3.04065290e-09]]), 2.067535421822712), (2.2237072657488723e-05, Vec([[3.81029612e-07],
     [3.31962341e-08],
     [7.32424102e-09]]), 2.067228969948862), (2.2338822733032715e-05, Vec([[ 4.37353327e-07],
     [-1.33391775e-08],
     [-3.30017885e-09]]), 2.0525021398919723), (2.2397289237513232e-05, Vec([[ 4.66487040e-07],
     [-1.16937425e-08],
     [ 2.74631543e-09]]), 2.0423122532961853), (2.2229464576584183e-05, Vec([[ 4.72674040e-07],
     [ 7.69814933e-10],
     [-3.26840453e-09]]), 2.019867928762334), (2.225301492038837e-05, Vec([[ 5.04439615e-07],
     [-8.55112365e-09],
     [ 6.51254341e-09]]), 2.0230267447329213), (2.1799830937246594e-05, Vec([[4.87760231e-07],
     [1.64922638e-08],
     [5.71413717e-09]]), 1.9908473481395057), (2.1515440265562363e-05, Vec([[4.59073900e-07],
     [1.81431545e-09],
     [1.46446047e-09]]), 1.98187585802118), (2.1091459152640996e-05, Vec([[4.13118108e-07],
     [1.37692738e-08],
     [1.34084639e-09]]), 1.9677699656958187), (2.0819197964145522e-05, Vec([[3.79317017e-07],
     [6.35817251e-09],
     [1.71221865e-09]]), 1.975695145252431), (2.011294681752751e-05, Vec([[ 3.37763227e-07],
     [ 1.47839072e-09],
     [-2.79013398e-09]]), 1.9499823505434901), (1.983501725290819e-05, Vec([[2.42353910e-07],
     [1.63430846e-08],
     [3.84364912e-09]]), 1.9737002370538699), (1.9177737065348215e-05, Vec([[1.93071699e-07],
     [6.17974856e-09],
     [4.20707333e-09]]), 1.9680718268452335), (1.8618535206233827e-05, Vec([[ 1.10332726e-07],
     [ 5.33878579e-09],
     [-2.28652426e-09]]), 1.9807034425253949), (1.7879557400706256e-05, Vec([[ 2.51803594e-08],
     [ 4.39583615e-09],
     [-1.79443460e-10]]), 1.982730825152119), (1.7373064640600172e-05, Vec([[-3.76442973e-08],
     [-2.41402084e-08],
     [ 2.72145110e-09]]), 2.020355729357507), (1.6640146123796602e-05, Vec([[-1.14585793e-07],
     [-4.04080786e-09],
     [ 2.35064648e-10]]), 2.0427989903070096), (1.5941037030762475e-05, Vec([[-1.75814672e-07],
     [-1.16370810e-09],
     [-3.89007649e-10]]), 2.081156000054393), (1.5113623336277447e-05, Vec([[-2.30006203e-07],
     [-4.70344492e-09],
     [ 6.00063144e-10]]), 2.1159226268170706), (1.4372984956127907e-05, Vec([[-2.90725640e-07],
     [ 4.04070341e-09],
     [ 7.14982705e-10]]), 2.1786671201086945), (1.3503962480885313e-05, Vec([[-3.56448700e-07],
     [ 8.03265838e-09],
     [-7.09960050e-10]]), 2.2416966302320165), (1.3971684158983077e-05, Vec([[-3.22289659e-07],
     [-3.53869595e-09],
     [-6.55529876e-10]]), 2.2127356352645844), (1.441680938904381e-05, Vec([[-2.67572712e-07],
     [ 3.50802255e-09],
     [ 4.46356546e-10]]), 2.0974675802540856), (1.5479951627662134e-05, Vec([[-2.06009984e-07],
     [-5.57594247e-09],
     [-8.61573389e-10]]), 2.090477875192037), (1.608693928795302e-05, Vec([[-1.31160636e-07],
     [-2.00375629e-10],
     [ 2.61734661e-09]]), 2.0345930001911343), (1.6891395480635444e-05, Vec([[-7.31248169e-08],
     [ 1.14351916e-08],
     [ 3.93028743e-10]]), 2.0164971733719557), (1.771236005878729e-05, Vec([[ 1.68673232e-10],
     [-1.68571574e-09],
     [-2.08910056e-09]]), 2.0098529013896838), (1.8089145079214517e-05, Vec([[ 8.76512532e-08],
     [ 4.67444828e-09],
     [-2.48778168e-09]]), 1.9633431776485444), (1.876565829281625e-05, Vec([[ 1.27040997e-07],
     [ 1.12684314e-09],
     [-4.64214942e-09]]), 1.9594471376532023), (1.9431549603784068e-05, Vec([[ 1.89573147e-07],
     [-2.32893094e-09],
     [ 2.23716345e-09]]), 1.9623803591962674), (1.9906775890681608e-05, Vec([[ 2.80547364e-07],
     [-8.11253564e-10],
     [-1.92562240e-09]]), 1.9541023480471122), (2.0590675904959536e-05, Vec([[ 3.37623129e-07],
     [-1.52124706e-08],
     [-1.71515776e-09]]), 1.9739332717492344), (2.0796058309890918e-05, Vec([[ 3.85975177e-07],
     [-2.32650311e-09],
     [ 1.73155932e-09]]), 1.9557278995545908), (2.1438148446316017e-05, Vec([[ 4.40573635e-07],
     [-1.21329166e-08],
     [ 4.59109022e-09]]), 1.9863541732780408), (2.1681222100914115e-05, Vec([[4.85079864e-07],
     [3.09670946e-09],
     [3.37819652e-09]]), 1.9875430684113236), (2.201640547054921e-05, Vec([[ 4.92660830e-07],
     [-2.45447772e-08],
     [-1.70690461e-09]]), 2.0050508531985605), (2.2379761681153256e-05, Vec([[ 5.01816807e-07],
     [ 9.96373389e-09],
     [-1.12695546e-09]]), 2.0330127764374333), (2.259142974723202e-05, Vec([[5.01177778e-07],
     [3.48907613e-08],
     [1.60687912e-09]]), 2.0553446876475396), (2.255849083989915e-05, Vec([[ 4.59057103e-07],
     [ 2.43004649e-10],
     [-2.08339069e-10]]), 2.063779150775546), (2.2261463855948517e-05, Vec([[4.14108229e-07],
     [6.29396946e-09],
     [1.52573822e-09]]), 2.056339023141991), (2.2336899322159342e-05, Vec([[ 3.54085898e-07],
     [-8.00061739e-09],
     [-2.41574912e-10]]), 2.092001255998718), (2.184859953043706e-05, Vec([[2.97896887e-07],
     [2.57568472e-10],
     [1.86693693e-09]]), 2.083635553913862), (2.1541598116246807e-05, Vec([[ 2.39392228e-07],
     [ 2.27437785e-08],
     [-3.24417131e-09]]), 2.1011882423487873), (2.1154918822180803e-05, Vec([[ 1.54993624e-07],
     [-1.85290603e-08],
     [-2.00236744e-09]]), 2.1203437376944527), (2.047218147323719e-05, Vec([[ 8.34722506e-08],
     [-1.92739857e-08],
     [-1.96014316e-09]]), 2.1188439843756157), (1.9876623502359085e-05, Vec([[ 2.57812584e-09],
     [-2.15933160e-08],
     [ 8.44761613e-10]]), 2.135458959654896)]