[(2.005126239528008e-05, array([[ 4.66196843e-09],
       [ 1.09551145e-08],
       [-1.48391642e-10]]), 2.154221411363462), (2.084764330688897e-05, array([[-5.60733918e-08],
       [-1.61300122e-08],
       [ 2.69498067e-11]]), 2.1577037926786886), (2.1127611420375815e-05, array([[-1.03122644e-07],
       [ 1.15407946e-08],
       [ 1.07498935e-09]]), 2.1176067345938208), (2.144459874717978e-05, array([[-1.60959428e-07],
       [-3.85839932e-08],
       [-3.01711180e-09]]), 2.091726830400656), (2.204185631547654e-05, array([[-1.76053294e-07],
       [-1.87054860e-08],
       [-1.53509118e-09]]), 2.102065875170031), (2.2154564386144622e-05, array([[-2.21442175e-07],
       [ 5.57488257e-09],
       [ 2.36543364e-10]]), 2.074924359619603), (2.2253355634411167e-05, array([[-2.27195725e-07],
       [-1.49856674e-09],
       [ 2.95534828e-09]]), 2.0555900493789254), (2.240502986543284e-05, array([[-2.35818859e-07],
       [-6.36503265e-09],
       [ 4.40003916e-09]]), 2.049739667291966), (2.259822064935511e-05, array([[-2.60042736e-07],
       [-4.00766186e-09],
       [-3.74782613e-09]]), 2.0559625168314017), (2.2521677961143774e-05, array([[-2.33480778e-07],
       [-2.10983067e-08],
       [ 1.70931122e-11]]), 2.045904674685312), (2.245860427424328e-05, array([[-2.43752266e-07],
       [-1.09808425e-08],
       [-4.51249632e-09]]), 2.045322235818952), (2.212453567910297e-05, array([[-2.01591205e-07],
       [ 7.41305423e-09],
       [-4.30246414e-09]]), 2.0281821442605006), (2.168542102985425e-05, array([[-1.44159177e-07],
       [-5.88442012e-09],
       [ 1.53468631e-09]]), 2.0092652436756713), (2.1263725197938765e-05, array([[-7.09282837e-08],
       [ 5.21297867e-09],
       [-5.41698986e-09]]), 1.9997087908861955), (2.1161935992294192e-05, array([[-4.98329325e-08],
       [-9.00419190e-09],
       [-9.77720146e-10]]), 2.0286973454696438), (2.0586212410372297e-05, array([[ 3.93216580e-08],
       [-1.73861010e-08],
       [-7.09038478e-09]]), 2.020797653493235), (1.9804829594312146e-05, array([[ 9.30108454e-08],
       [-4.51704766e-09],
       [ 4.67372804e-09]]), 2.000077678083827), (1.9322688504741025e-05, array([[1.65002207e-07],
       [3.84933688e-09],
       [5.84215039e-10]]), 2.017610365252853), (1.8519573617552248e-05, array([[ 2.10416487e-07],
       [-1.71154419e-08],
       [-1.37629162e-09]]), 2.010060638894499), (1.808275968920445e-05, array([[3.01551805e-07],
       [6.18207325e-09],
       [1.94955939e-09]]), 2.05188280420313), (1.731149757066766e-05, array([[ 3.79143916e-07],
       [ 3.62020673e-09],
       [-3.89007835e-10]]), 2.066649020094671), (1.6608633023856777e-05, array([[4.26069721e-07],
       [9.13846378e-09],
       [1.34121141e-09]]), 2.100574129622525), (1.564504399652303e-05, array([[ 4.88734848e-07],
       [-2.01168760e-09],
       [-2.93890483e-10]]), 2.112772644114311), (1.4841073725066747e-05, array([[5.54013958e-07],
       [1.14170807e-09],
       [4.00833432e-10]]), 2.1591927974122167), (1.4014902762035799e-05, array([[ 6.09264168e-07],
       [-2.27568140e-09],
       [ 9.30197183e-10]]), 2.219580289208442), (1.3785646391587892e-05, array([[ 6.29826400e-07],
       [-8.92988948e-09],
       [ 5.27614783e-10]]), 2.288456969969805), (1.4735537727856827e-05, array([[6.10422691e-07],
       [2.24515028e-09],
       [1.50025692e-11]]), 2.233623123018398), (1.5746572992606113e-05, array([[ 5.49116041e-07],
       [-2.18049009e-09],
       [ 4.31278321e-11]]), 2.204536221959887), (1.6501684490584076e-05, array([[ 5.02809162e-07],
       [-1.58045998e-08],
       [ 1.47320433e-09]]), 2.154350411601857), (1.6817127915328278e-05, array([[4.21981481e-07],
       [3.99028612e-11],
       [2.22840771e-09]]), 2.064525856306498), (1.7958307138440698e-05, array([[ 3.42849797e-07],
       [ 1.14072465e-08],
       [-1.52121002e-09]]), 2.0884149957009015), (1.818890669186079e-05, array([[2.79300720e-07],
       [1.34536634e-09],
       [2.37130082e-09]]), 2.0170357221674564), (1.91653995051072e-05, array([[ 2.00279396e-07],
       [ 9.11599398e-09],
       [-4.09264564e-11]]), 2.038880736677409), (1.9599796187009548e-05, array([[ 1.02193333e-07],
       [-9.18565982e-09],
       [ 1.85892697e-09]]), 2.011384688199745), (2.024082650750389e-05, array([[4.77134771e-08],
       [5.08901539e-09],
       [1.58468308e-09]]), 2.0140806315744118), (2.0749687125427853e-05, array([[-2.73478799e-08],
       [-8.70375073e-09],
       [-4.52022157e-09]]), 2.011715341414985), (2.109823278765583e-05, array([[-6.37672206e-08],
       [-2.17233825e-08],
       [ 3.44362379e-09]]), 2.0021749235376047), (2.1521394541506202e-05, array([[-1.48383866e-07],
       [-1.24466435e-08],
       [-1.03185005e-09]]), 2.007881649732283), (2.1915564845620092e-05, array([[-1.72623247e-07],
       [-1.51085237e-08],
       [ 4.29406631e-09]]), 2.0187329818182946), (2.219415247140761e-05, array([[-2.08125787e-07],
       [-1.67282021e-09],
       [ 2.48006815e-09]]), 2.026858360466096), (2.208785136445058e-05, array([[-2.34730814e-07],
       [ 2.04308678e-08],
       [-2.03978525e-09]]), 2.0080116875771736), (2.226284920579499e-05, array([[-2.51231018e-07],
       [ 8.22824134e-10],
       [ 4.30719167e-09]]), 2.0229014045180915), (2.2392790435374477e-05, array([[-2.56838746e-07],
       [ 1.26126240e-08],
       [ 4.69500025e-09]]), 2.0419020269229984), (2.2389099940109403e-05, array([[-2.45291641e-07],
       [ 1.77258787e-08],
       [-2.74710237e-09]]), 2.0571216346767223), (2.217176696680562e-05, array([[-2.25600330e-07],
       [ 1.22998392e-08],
       [ 8.71474604e-10]]), 2.0611579453242617), (2.199426580349587e-05, array([[-1.99958067e-07],
       [ 7.49421995e-09],
       [-2.55125811e-10]]), 2.0775026795559373), (2.1733589102130958e-05, array([[-1.78409647e-07],
       [-1.05672116e-08],
       [ 1.47393738e-10]]), 2.094969803554128), (2.1361466868839115e-05, array([[-1.31233340e-07],
       [ 1.47368929e-08],
       [-2.32874748e-09]]), 2.1108783953822168), (2.0995369406783616e-05, array([[-8.28984201e-08],
       [ 2.26376556e-08],
       [-8.87670806e-10]]), 2.1370455120007565), (2.044412995523413e-05, array([[-2.96577319e-08],
       [ 2.81727566e-08],
       [ 1.03426128e-11]]), 2.1543487357287803), (2.057497597097996e-05, array([[ 3.31097895e-08],
       [ 2.08386814e-08],
       [-3.31988429e-10]]), 2.1681369453133614), (2.0872002350993853e-05, array([[ 7.69442145e-08],
       [-2.28660204e-08],
       [-3.17194750e-09]]), 2.1244884091560183), (2.131176993850328e-05, array([[ 1.22841727e-07],
       [ 9.81091303e-10],
       [-2.53584852e-09]]), 2.105967488410946), (2.1867095905697215e-05, array([[ 1.59403451e-07],
       [-1.90167608e-08],
       [-3.07418718e-09]]), 2.1078389491299467), (2.190519188565227e-05, array([[ 2.04937764e-07],
       [-2.34880495e-08],
       [ 7.33766417e-10]]), 2.0690890637229775), (2.2079933037604064e-05, array([[ 2.30737836e-07],
       [-1.83147025e-08],
       [-2.13290718e-09]]), 2.05262077130888), (2.237786677435302e-05, array([[ 2.46965620e-07],
       [-1.06658393e-10],
       [-7.18349757e-10]]), 2.056089525821735), (2.2316951613263156e-05, array([[2.43465779e-07],
       [1.61620052e-08],
       [4.17058856e-09]]), 2.0349866116675623), (2.2461028609606455e-05, array([[2.43335551e-07],
       [1.58561684e-08],
       [2.31845398e-09]]), 2.0409088657648935), (2.2108259737219277e-05, array([[ 2.42238622e-07],
       [-1.07318689e-08],
       [-3.91504572e-09]]), 2.009867017476302), (2.2072808918792215e-05, array([[1.99992142e-07],
       [9.60575754e-09],
       [2.63365451e-09]]), 2.0157767841624272), (2.1920568440310732e-05, array([[1.78146458e-07],
       [1.24089718e-08],
       [1.33187632e-09]]), 2.0191938835427448), (2.1634833184138253e-05, array([[ 1.22142002e-07],
       [ 8.39145109e-09],
       [-2.28604034e-09]]), 2.0184651353178533), (2.1103601132423608e-05, array([[5.81399853e-08],
       [1.37166742e-08],
       [4.09167917e-09]]), 2.0026843674035004), (2.067032858999407e-05, array([[ 1.32075601e-08],
       [ 8.82732956e-10],
       [-2.71589290e-09]]), 2.0040214045262355), (2.026900414248146e-05, array([[-3.93420672e-08],
       [-4.10282700e-09],
       [ 2.76379846e-10]]), 2.016884471073301), (1.9550394443317934e-05, array([[-1.08971774e-07],
       [-5.12544089e-10],
       [-2.24008287e-09]]), 2.0063149461532674), (1.9076181485023988e-05, array([[-1.95062527e-07],
       [ 2.23315846e-09],
       [ 3.92563275e-09]]), 2.029389418614164), (1.8504405095572027e-05, array([[-2.75222223e-07],
       [ 3.98557085e-09],
       [ 2.35484544e-09]]), 2.052022517215295), (1.7679943814577007e-05, array([[-3.35094519e-07],
       [-4.10184344e-09],
       [ 6.46990437e-10]]), 2.056043451137789), (1.68217124234377e-05, array([[-4.02837379e-07],
       [-1.13840510e-08],
       [ 2.67875099e-09]]), 2.0650886655791636), (1.6151812737007324e-05, array([[-4.87701165e-07],
       [-5.56741982e-09],
       [-1.36311335e-09]]), 2.1086734774224385), (1.5473897673289305e-05, array([[-5.40660176e-07],
       [-2.23880283e-09],
       [-1.17636445e-09]]), 2.1663614001398863), (1.44461615787343e-05, array([[-5.86469792e-07],
       [-3.19872373e-09],
       [-1.11513726e-09]]), 2.189759283783797), (1.3750814808865276e-05, array([[-6.53700914e-07],
       [ 4.42777132e-13],
       [ 1.62060872e-10]]), 2.282674827008029), (1.4301671549532887e-05, array([[-6.41007766e-07],
       [ 2.11017971e-09],
       [ 1.03034812e-09]]), 2.264996683392277), (1.5147620124883716e-05, array([[-5.54063343e-07],
       [ 3.04292703e-09],
       [-8.24972408e-10]]), 2.2037915097977994), (1.5740520197572648e-05, array([[-5.03740551e-07],
       [-5.10154417e-09],
       [-9.18318608e-11]]), 2.12566615248581), (1.651279917866895e-05, array([[-4.39128672e-07],
       [-9.29622565e-09],
       [ 8.06022924e-10]]), 2.088453559816771), (1.743508684679947e-05, array([[-3.68589347e-07],
       [ 1.72317520e-09],
       [-6.08164779e-10]]), 2.0814031252995733), (1.807513597567043e-05, array([[-3.11053547e-07],
       [ 2.63874240e-09],
       [ 5.90895709e-10]]), 2.051017727910933), (1.8591511503633285e-05, array([[-2.19328087e-07],
       [-1.95445731e-08],
       [ 1.59091956e-09]]), 2.0178685677509005), (1.9329237520445428e-05, array([[-1.61865129e-07],
       [-1.26243932e-08],
       [ 2.61053967e-09]]), 2.018294191520827), (1.980403489700044e-05, array([[-8.89690506e-08],
       [-9.92233382e-09],
       [ 4.37168138e-09]]), 1.9999974220863486), (2.0432253906262162e-05, array([[-4.21328918e-08],
       [-1.10859912e-08],
       [ 7.10698955e-09]]), 2.005684675076461), (2.0845462689098435e-05, array([[3.67744836e-08],
       [6.28142993e-09],
       [3.07387362e-09]]), 1.9983585073624388), (2.146474305840444e-05, array([[ 1.00511384e-07],
       [-1.71156373e-08],
       [-2.44409841e-09]]), 2.018613154019017), (2.173398254708151e-05, array([[ 1.52700829e-07],
       [-1.89720829e-09],
       [-4.87758159e-09]]), 2.013764716782999), (2.2221971897105123e-05, array([[ 1.80026711e-07],
       [-2.54863618e-08],
       [-8.08039499e-10]]), 2.0371142366859645), (2.238929483557551e-05, array([[ 2.18496267e-07],
       [-1.15599096e-08],
       [ 8.32108138e-09]]), 2.0390101723296863), (2.2414902730389063e-05, array([[2.53830166e-07],
       [3.72564875e-09],
       [3.11183045e-10]]), 2.0362050446613598), (2.2368571254663287e-05, array([[ 2.33793231e-07],
       [-3.27655747e-08],
       [-5.11089111e-09]]), 2.035069254710215), (2.270299207072387e-05, array([[ 2.46892432e-07],
       [ 1.08994716e-08],
       [-2.75708365e-09]]), 2.076998945909625), (2.2469981284924843e-05, array([[ 2.41589545e-07],
       [ 8.64220558e-09],
       [-5.44538740e-10]]), 2.075600223976934), (2.2098765684844363e-05, array([[ 2.13888691e-07],
       [-1.24747625e-08],
       [ 2.59847273e-09]]), 2.069698434950307), (2.2047505878191954e-05, array([[ 1.90822518e-07],
       [ 2.03674692e-08],
       [-5.25235972e-10]]), 2.102604657059529), (2.1678676527771732e-05, array([[1.45789157e-07],
       [1.00153257e-08],
       [6.01391889e-10]]), 2.1145590027269976), (2.1238796942398537e-05, array([[ 1.11885696e-07],
       [ 2.88046233e-08],
       [-2.48838994e-10]]), 2.1287507870633573), (2.0665025837424112e-05, array([[5.76167956e-08],
       [6.78896236e-09],
       [7.30193828e-10]]), 2.138803123635511), (1.999455102049509e-05, array([[3.75023353e-09],
       [1.71269579e-08],
       [2.02773706e-09]]), 2.148128585115353)]