[(2.020119161080394e-05, Vec([[-7.15658554e-09],
     [ 6.26365318e-09],
     [-4.03552454e-10]]), 2.170329161584039), (2.040286844967438e-05, Vec([[-7.58121828e-08],
     [-2.40159678e-08],
     [ 6.05624660e-10]]), 2.111670177167676), (2.122078708338783e-05, Vec([[-1.60894255e-07],
     [-1.85505775e-08],
     [-1.21510140e-09]]), 2.126945670622538), (2.1682284877020147e-05, Vec([[-2.29843447e-07],
     [ 1.88647935e-08],
     [ 4.52427243e-09]]), 2.114910964590464), (2.19626274804666e-05, Vec([[-3.03284110e-07],
     [-4.38620605e-09],
     [-2.14451587e-09]]), 2.0945100582723892), (2.249958543621841e-05, Vec([[-3.58932408e-07],
     [-6.45166311e-09],
     [-8.56822808e-10]]), 2.107237907694931), (2.2545793503046834e-05, Vec([[-4.13965086e-07],
     [ 1.14187532e-08],
     [-7.30643693e-10]]), 2.082603160691428), (2.232775583916631e-05, Vec([[-4.47941919e-07],
     [ 9.72729198e-09],
     [-2.27935396e-09]]), 2.0426701995054377), (2.2479628223494306e-05, Vec([[-4.82360127e-07],
     [-2.10138959e-09],
     [ 3.52669734e-09]]), 2.045173101764916), (2.2543097644388652e-05, Vec([[-5.04935921e-07],
     [-2.69467883e-09],
     [-5.04606784e-09]]), 2.047850472425452), (2.227068704070621e-05, Vec([[-4.98373675e-07],
     [ 6.26775239e-09],
     [-1.17676120e-09]]), 2.028208469907517), (2.1756920158448226e-05, Vec([[-4.87808547e-07],
     [-2.48785725e-08],
     [-4.83383778e-09]]), 1.994482398161458), (2.139577964718663e-05, Vec([[-4.34758375e-07],
     [ 1.06347204e-09],
     [ 2.27172064e-09]]), 1.982428487196605), (2.0927256267775194e-05, Vec([[-4.04020903e-07],
     [-2.01246469e-08],
     [-7.41863759e-10]]), 1.9680661755285915), (2.0622358515467476e-05, Vec([[-3.40688142e-07],
     [ 6.19512766e-09],
     [-1.08476601e-09]]), 1.9769705377091367), (1.9889457286918915e-05, Vec([[-2.73889627e-07],
     [-6.84706001e-09],
     [-3.64612494e-09]]), 1.9524023075953867), (1.9406454405471926e-05, Vec([[-1.96598851e-07],
     [ 1.91649712e-09],
     [ 3.08086069e-09]]), 1.9598460104036062), (1.875256924736147e-05, Vec([[-1.38624070e-07],
     [-8.05563389e-10],
     [ 5.12577881e-10]]), 1.9580804234004543), (1.822966718367801e-05, Vec([[-4.72849105e-08],
     [ 6.69018596e-09],
     [-2.78565475e-09]]), 1.978595038026636), (1.7377731496680465e-05, Vec([[ 1.58261312e-08],
     [-1.34264483e-08],
     [ 3.05837478e-09]]), 1.9718820051225538), (1.722115962577782e-05, Vec([[ 8.38929104e-08],
     [ 6.79671224e-09],
     [-4.05922923e-10]]), 2.0558644635003143), (1.6246224104680448e-05, Vec([[ 1.27206275e-07],
     [ 7.32139760e-11],
     [-1.04854898e-09]]), 2.054738521184867), (1.537579248094279e-05, Vec([[ 2.24606316e-07],
     [-1.01880385e-08],
     [ 3.39966292e-10]]), 2.076411785261458), (1.495615479356284e-05, Vec([[2.58289919e-07],
     [3.61551534e-09],
     [1.07050004e-09]]), 2.175935670523585), (1.392129295482523e-05, Vec([[ 3.29118221e-07],
     [ 6.40996014e-09],
     [-5.45055720e-11]]), 2.204755035941327), (1.3660844195226714e-05, Vec([[ 3.65862752e-07],
     [-3.21112019e-09],
     [ 4.36388109e-10]]), 2.2677394462485707), (1.4463730283037244e-05, Vec([[2.93801578e-07],
     [1.25068707e-08],
     [4.90503750e-10]]), 2.19242236027936), (1.5123657340333582e-05, Vec([[ 2.56551164e-07],
     [ 9.20457641e-09],
     [-3.26023763e-10]]), 2.1173273975823315), (1.591108571082942e-05, Vec([[1.78966839e-07],
     [2.06417635e-09],
     [1.94248169e-10]]), 2.077245754499606), (1.6671961105634274e-05, Vec([[ 9.67312501e-08],
     [-7.59849166e-09],
     [-3.79297535e-10]]), 2.0467047019691016), (1.7266888486910276e-05, Vec([[ 3.83889207e-08],
     [ 6.24087798e-09],
     [-9.28642813e-10]]), 2.008008247501761), (1.7801138121041173e-05, Vec([[-2.77674012e-08],
     [ 4.72251608e-09],
     [-9.87424208e-10]]), 1.9740346186636932), (1.8351465219687478e-05, Vec([[-1.21176854e-07],
     [-2.43826215e-08],
     [-1.36452884e-09]]), 1.9522916240934876), (1.8970934187209963e-05, Vec([[-1.70522377e-07],
     [ 1.06007941e-08],
     [ 4.43480280e-09]]), 1.9468491499054281), (1.9642796546074094e-05, Vec([[-2.47050435e-07],
     [-1.33591162e-08],
     [-2.89510773e-10]]), 1.9545731523728882), (2.035954780281024e-05, Vec([[-3.23806722e-07],
     [ 6.93733899e-09],
     [ 4.93278718e-09]]), 1.973890710332364), (2.0772927504242826e-05, Vec([[-3.85842847e-07],
     [-8.83257305e-09],
     [-1.51323699e-09]]), 1.971304182490283), (2.11754515186789e-05, Vec([[-4.24485871e-07],
     [-3.07736641e-08],
     [-1.28639156e-09]]), 1.9756062018727947), (2.1400478910322063e-05, Vec([[-4.53687012e-07],
     [-1.41749631e-08],
     [ 2.46926640e-09]]), 1.971286293887517), (2.1849006242415337e-05, Vec([[-4.76782721e-07],
     [-8.40496449e-09],
     [ 4.18172076e-09]]), 1.9953382327785183), (2.2209359875057502e-05, Vec([[-5.12464865e-07],
     [-1.77955954e-09],
     [-8.98825848e-10]]), 2.0190580544425125), (2.230680600288057e-05, Vec([[-4.90736853e-07],
     [-9.64887051e-09],
     [ 2.53745488e-09]]), 2.026895514424716), (2.2257140755927317e-05, Vec([[-4.64638415e-07],
     [ 5.46441251e-09],
     [ 4.35555751e-10]]), 2.029532717425194), (2.2460154024900444e-05, Vec([[-4.27891387e-07],
     [ 1.19241130e-08],
     [-1.99987856e-09]]), 2.063650119316425), (2.2246808032572476e-05, Vec([[-3.87050973e-07],
     [-2.61045506e-08],
     [ 9.30759226e-10]]), 2.0681340013671803), (2.186027657631078e-05, Vec([[-3.35079791e-07],
     [ 2.49749944e-08],
     [-2.99859356e-09]]), 2.064846518127516), (2.1753042922053068e-05, Vec([[-2.67850432e-07],
     [-1.57969710e-08],
     [ 4.40650533e-09]]), 2.096845019152854), (2.1129786246518074e-05, Vec([[-2.00086768e-07],
     [ 7.68075104e-09],
     [-1.94440878e-09]]), 2.0879843861229745), (2.0841730050722775e-05, Vec([[-1.26610703e-07],
     [ 1.08309689e-08],
     [-4.31260873e-09]]), 2.1214070971686545), (2.021493386231442e-05, Vec([[-3.41912626e-08],
     [ 8.08943717e-09],
     [-2.41876364e-10]]), 2.1301966532436496), (2.0107287008706903e-05, Vec([[ 3.93994607e-08],
     [-1.14067374e-08],
     [-2.59310112e-10]]), 2.1188531104525237), (2.0698949726985546e-05, Vec([[ 1.16585807e-07],
     [-6.58326347e-10],
     [ 1.77612436e-09]]), 2.1068739854080167), (2.126991205807334e-05, Vec([[ 1.95444675e-07],
     [-2.33354556e-08],
     [-4.10087150e-09]]), 2.101831213686997), (2.1663142900840926e-05, Vec([[ 2.73075364e-07],
     [-4.05425586e-08],
     [-2.73756319e-09]]), 2.0881792700723274), (2.2010177043978888e-05, Vec([[3.22871559e-07],
     [2.44142097e-08],
     [4.20716508e-09]]), 2.0790056005915316), (2.2124188645925412e-05, Vec([[ 3.82907471e-07],
     [-1.15796919e-08],
     [ 2.28288749e-10]]), 2.0567349133550805), (2.2446062659817356e-05, Vec([[ 4.31732218e-07],
     [ 3.32394904e-09],
     [-4.50928672e-09]]), 2.062355397686164), (2.23916818787316e-05, Vec([[ 4.69085003e-07],
     [-7.30391760e-09],
     [ 1.40075736e-09]]), 2.0418009424216), (2.2420605483138164e-05, Vec([[ 4.95360613e-07],
     [-1.02629225e-08],
     [-1.53226950e-09]]), 2.0372358408725346), (2.2455020700137467e-05, Vec([[5.04332078e-07],
     [2.49093848e-08],
     [5.63930675e-09]]), 2.0413911369955007), (2.1871549185575096e-05, Vec([[ 4.99129293e-07],
     [-7.65512916e-10],
     [-6.05889668e-09]]), 1.997396944093209), (2.1668990518443773e-05, Vec([[ 4.53728657e-07],
     [-1.16608045e-09],
     [ 8.95969944e-10]]), 1.9960200045235321), (2.1099816699929587e-05, Vec([[ 4.36329272e-07],
     [-2.04026763e-09],
     [-1.00975032e-09]]), 1.968549699825276), (2.075840898071261e-05, Vec([[3.81768039e-07],
     [1.94242826e-08],
     [1.11225055e-09]]), 1.9699264072030565), (2.0111064489449054e-05, Vec([[3.25116145e-07],
     [5.55069578e-09],
     [1.64356958e-09]]), 1.9497998558268175), (1.9574155610163206e-05, Vec([[ 2.62519210e-07],
     [-2.18603430e-08],
     [-9.00350266e-10]]), 1.9477429777503243), (1.905061430840443e-05, Vec([[ 1.88383049e-07],
     [-8.82146347e-09],
     [ 3.28989178e-09]]), 1.9550261418595938), (1.8524744913669123e-05, Vec([[1.03837907e-07],
     [7.03535086e-09],
     [2.90709880e-09]]), 1.9707257104803857), (1.7917688635641957e-05, Vec([[ 4.33793643e-08],
     [-7.14114054e-09],
     [-3.54657118e-09]]), 1.9869593400540118), (1.722709905833676e-05, Vec([[-3.93915328e-08],
     [ 2.12683203e-09],
     [ 2.82494894e-09]]), 2.0033810385637065), (1.6584908738198913e-05, Vec([[-1.09815768e-07],
     [-6.99382128e-09],
     [ 1.14658641e-09]]), 2.036017867431845), (1.580425664861499e-05, Vec([[-1.64420659e-07],
     [ 9.11978965e-09],
     [ 7.18217124e-10]]), 2.063298861121296), (1.5253818857134615e-05, Vec([[-2.27527913e-07],
     [ 2.39858099e-09],
     [ 4.56021378e-10]]), 2.135550142215582), (1.4401314311802291e-05, Vec([[-3.24210615e-07],
     [ 3.36010427e-09],
     [ 7.18628849e-11]]), 2.1829613036711235), (1.3582561528738028e-05, Vec([[-3.63868876e-07],
     [-2.77446604e-09],
     [ 9.26738084e-11]]), 2.2547442983487103), (1.3789467631164819e-05, Vec([[-3.35681621e-07],
     [-4.91561633e-09],
     [-1.19698931e-10]]), 2.1838774818845277), (1.4725388699911502e-05, Vec([[-2.70006997e-07],
     [ 1.02688540e-08],
     [-2.19462900e-09]]), 2.142362056071599), (1.5478199204913287e-05, Vec([[-2.13949361e-07],
     [-8.10690737e-09],
     [-7.84593194e-11]]), 2.090241220642167), (1.6181480784115258e-05, Vec([[-1.45492875e-07],
     [-9.52648097e-09],
     [ 7.07917484e-11]]), 2.0465501203664638), (1.7004617290290852e-05, Vec([[-6.41143674e-08],
     [ 9.40929038e-09],
     [-7.16262856e-10]]), 2.0300136089675775), (1.7552271059964158e-05, Vec([[ 7.59398769e-09],
     [-4.42220525e-09],
     [-1.19422341e-09]]), 1.9916873188418283), (1.8198550028284533e-05, Vec([[ 4.55723554e-08],
     [-1.33639142e-08],
     [-2.16699482e-09]]), 1.9752176725136679), (1.876170546175911e-05, Vec([[ 1.35815093e-07],
     [ 2.85002402e-09],
     [-1.29449221e-09]]), 1.9590343962838515), (1.9396383610610933e-05, Vec([[2.12040007e-07],
     [5.24222674e-09],
     [2.66511807e-09]]), 1.958828966964474), (1.988304156366433e-05, Vec([[2.67361587e-07],
     [6.19532481e-09],
     [4.86861935e-10]]), 1.9517725230463954), (2.036150882632063e-05, Vec([[ 3.51458651e-07],
     [-1.07183442e-09],
     [-1.10139250e-09]]), 1.9519640793146165), (2.1136192583765018e-05, Vec([[4.12875201e-07],
     [5.69064477e-09],
     [9.64471857e-10]]), 1.9877152155688922), (2.13796317898837e-05, Vec([[ 4.56347832e-07],
     [ 1.00912563e-08],
     [-1.64798858e-09]]), 1.9809323055732957), (2.187111545375869e-05, Vec([[4.65986892e-07],
     [6.67986431e-10],
     [4.17776059e-09]]), 2.0049508148670787), (2.221291846522946e-05, Vec([[ 4.97407013e-07],
     [-2.39963589e-08],
     [ 5.73309098e-09]]), 2.02294744163918), (2.2511121117569504e-05, Vec([[ 4.94894593e-07],
     [-1.28487953e-08],
     [-6.17524615e-09]]), 2.044945674398753), (2.265136826742732e-05, Vec([[ 4.86839130e-07],
     [-4.48634271e-09],
     [ 1.17054598e-10]]), 2.060797831625023), (2.248722712852572e-05, Vec([[ 4.71124253e-07],
     [ 2.09630202e-08],
     [-2.95590344e-09]]), 2.0572595408077), (2.2526071102869737e-05, Vec([[ 4.21568720e-07],
     [-9.44594922e-09],
     [-1.07696987e-09]]), 2.0807813604101613), (2.2366873207357203e-05, Vec([[ 3.61475467e-07],
     [ 5.87107830e-09],
     [-1.14308160e-09]]), 2.094808512483904), (2.220325125689279e-05, Vec([[ 3.02659285e-07],
     [ 3.05082368e-10],
     [-1.57520772e-09]]), 2.117457627748418), (2.1538640432817417e-05, Vec([[2.41479128e-07],
     [2.32505744e-08],
     [2.51728196e-09]]), 2.100899747056429), (2.1304458853884425e-05, Vec([[1.60037469e-07],
     [8.55255801e-09],
     [1.91294043e-09]]), 2.1353320376932667), (2.0628510303680673e-05, Vec([[ 8.38363707e-08],
     [ 2.87559704e-08],
     [-1.21789264e-09]]), 2.1350238136919324), (2.008288238991143e-05, Vec([[-1.97125369e-09],
     [-6.48204402e-09],
     [ 1.03058633e-09]]), 2.1576185276207442)]