[(2.008908622415706e-05, Vec([[ 1.65747084e-09],
     [ 6.97177647e-10],
     [-6.10951501e-10]]), 2.158285040895621), (2.067037198705411e-05, Vec([[-7.48380600e-08],
     [ 5.83414320e-09],
     [ 2.22778982e-09]]), 2.139356443124101), (2.123134048875733e-05, Vec([[-1.57071991e-07],
     [-3.04469557e-09],
     [-2.96806421e-09]]), 2.1280034315704603), (2.150727951002054e-05, Vec([[-2.34972977e-07],
     [-2.09262870e-08],
     [-2.88312272e-12]]), 2.0978407724207297), (2.203067214200632e-05, Vec([[-3.02515068e-07],
     [ 3.47314631e-09],
     [ 2.30135070e-10]]), 2.1009992740155163), (2.2180578749065766e-05, Vec([[-3.63150153e-07],
     [ 2.10201538e-08],
     [ 2.49738873e-09]]), 2.077360780141544), (2.249771830314348e-05, Vec([[-4.03802927e-07],
     [-1.32245960e-08],
     [-2.12310967e-09]]), 2.0781623516661845), (2.2738495773037957e-05, Vec([[-4.50956505e-07],
     [ 6.57394592e-09],
     [ 3.25859651e-09]]), 2.080247026693538), (2.2570180093972964e-05, Vec([[-4.96084722e-07],
     [-1.47734057e-08],
     [-6.73257675e-09]]), 2.0534114163836565), (2.2534020410944136e-05, Vec([[-4.86941230e-07],
     [-1.64090271e-08],
     [ 1.79680202e-09]]), 2.0470258822519583), (2.223634919879457e-05, Vec([[-4.97166669e-07],
     [-1.78331961e-08],
     [-1.70339759e-09]]), 2.0250812964316274), (2.1676656934935602e-05, Vec([[-4.84489140e-07],
     [-4.18760618e-09],
     [-4.59603150e-10]]), 1.9871245742897978), (2.1444947302674688e-05, Vec([[-4.33382689e-07],
     [-1.95483478e-08],
     [-2.14414707e-09]]), 1.98698412211599), (2.091964888563269e-05, Vec([[-3.87804320e-07],
     [ 1.87655833e-08],
     [ 2.66594198e-09]]), 1.9673507529577867), (2.054819414551647e-05, Vec([[-3.66866305e-07],
     [-1.10883841e-08],
     [-2.81675250e-09]]), 1.9698607411147784), (2.0145651146792916e-05, Vec([[-2.88930724e-07],
     [-4.38970993e-09],
     [ 2.86790863e-09]]), 1.9775509818902222), (1.940665795247903e-05, Vec([[-2.01925164e-07],
     [-1.14260105e-09],
     [-3.17215940e-09]]), 1.959866566491878), (1.8920342559009596e-05, Vec([[-1.33516576e-07],
     [-3.32426871e-09],
     [ 3.60570952e-09]]), 1.9755987502373749), (1.8218420475574552e-05, Vec([[-6.83454944e-08],
     [ 3.44142537e-09],
     [ 2.14155768e-10]]), 1.9773743530506886), (1.7508946241821005e-05, Vec([[ 1.90775342e-08],
     [-1.11476971e-11],
     [ 1.14788555e-09]]), 1.9867711749085413), (1.6972523373614886e-05, Vec([[7.32832220e-08],
     [5.31988972e-09],
     [6.67115832e-12]]), 2.026182232671065), (1.6364430577238826e-05, Vec([[ 1.39385856e-07],
     [-1.50579214e-09],
     [ 1.92257885e-09]]), 2.0696886653570816), (1.5241486519303721e-05, Vec([[ 2.18001633e-07],
     [-3.93363699e-09],
     [ 1.31225739e-09]]), 2.0582745424543716), (1.4588914196825305e-05, Vec([[ 2.66351284e-07],
     [-2.42636773e-09],
     [-5.37481179e-10]]), 2.122506702641446), (1.3864054631031002e-05, Vec([[ 3.32821026e-07],
     [ 2.45208572e-09],
     [-5.95282629e-11]]), 2.1956900386710534), (1.3338948828668355e-05, Vec([[ 3.44762708e-07],
     [-1.21430770e-09],
     [ 8.40615236e-10]]), 2.214303889128016), (1.4259063444346345e-05, Vec([[ 3.15399998e-07],
     [-7.14251374e-09],
     [ 5.19121170e-10]]), 2.161398817612787), (1.5117165612035493e-05, Vec([[ 2.43239601e-07],
     [-1.56424454e-09],
     [ 1.63614916e-10]]), 2.1164185490231575), (1.5992737708920127e-05, Vec([[1.83769847e-07],
     [8.91376748e-11],
     [6.32104734e-10]]), 2.0879056974766526), (1.6595610705307237e-05, Vec([[ 1.24172023e-07],
     [-4.20143001e-09],
     [-1.50754527e-09]]), 2.0373316760631237), (1.7330136958438583e-05, Vec([[ 2.33502640e-08],
     [ 1.39862151e-08],
     [-1.39094068e-09]]), 2.0153635653152167), (1.7923059024313877e-05, Vec([[-4.37861897e-08],
     [ 2.86583423e-10],
     [-1.43471949e-10]]), 1.9875548824896665), (1.8369647533319553e-05, Vec([[-9.96712901e-08],
     [ 9.10200787e-09],
     [-2.16734182e-09]]), 1.9542259207932664), (1.916277459538532e-05, Vec([[-1.85198607e-07],
     [ 7.27769020e-09],
     [-1.25449539e-09]]), 1.9665363372567768), (1.9586322358052102e-05, Vec([[-2.43367296e-07],
     [-8.60245443e-09],
     [ 7.74901584e-10]]), 1.9489536403318741), (2.0247451637886037e-05, Vec([[-3.20913072e-07],
     [-1.55477242e-08],
     [ 5.20045408e-09]]), 1.9630228079235872), (2.0781345520205647e-05, Vec([[-3.65120910e-07],
     [-7.86620549e-09],
     [ 6.33953511e-09]]), 1.9721030333057206), (2.116453537424309e-05, Vec([[-4.38699593e-07],
     [ 7.94582199e-09],
     [-4.89330748e-09]]), 1.974587758293025), (2.172634221029325e-05, Vec([[-4.55153580e-07],
     [ 2.68165596e-09],
     [-3.69204275e-09]]), 2.0013029051795344), (2.207144965075953e-05, Vec([[-4.94996639e-07],
     [ 3.11067580e-09],
     [ 3.05777433e-09]]), 2.0156526503943226), (2.2191618303024585e-05, Vec([[-4.83040603e-07],
     [-2.41021530e-08],
     [ 4.33754771e-09]]), 2.0174451640164466), (2.2255676960962438e-05, Vec([[-4.90836869e-07],
     [ 3.05744219e-09],
     [ 6.28914121e-10]]), 2.0222497024825077), (2.258402511635934e-05, Vec([[-4.74580756e-07],
     [ 9.11604224e-09],
     [-1.53654856e-09]]), 2.0593398930901423), (2.2283655728810822e-05, Vec([[-4.17102257e-07],
     [ 1.94131746e-08],
     [-3.02566802e-09]]), 2.0474333681142434), (2.1997351258358567e-05, Vec([[-3.84371854e-07],
     [-6.15415847e-09],
     [-2.91630580e-09]]), 2.0449437065676834), (2.2170506295276045e-05, Vec([[-3.35361466e-07],
     [-2.04030745e-09],
     [ 7.71379386e-10]]), 2.094149750078354), (2.1733737898123958e-05, Vec([[-2.65213205e-07],
     [-3.70803992e-08],
     [ 5.89001468e-10]]), 2.09498414647332), (2.121117942251276e-05, Vec([[-1.95772727e-07],
     [-1.67008523e-08],
     [ 4.68332007e-10]]), 2.096027424449587), (2.073893349172747e-05, Vec([[-1.23518058e-07],
     [-1.35062970e-08],
     [-1.63848591e-09]]), 2.1109437935328033), (2.0296092588253803e-05, Vec([[-4.39057584e-08],
     [ 1.09789033e-08],
     [-1.03014574e-09]]), 2.138748946689432), (2.0093418581641135e-05, Vec([[ 4.15274906e-08],
     [-2.61329008e-09],
     [-4.37404145e-10]]), 2.117391692021849), (2.077573135507252e-05, Vec([[ 1.13783859e-07],
     [-5.07049839e-09],
     [ 2.41570533e-09]]), 2.114689319852876), (2.1392043890658016e-05, Vec([[ 1.92870134e-07],
     [-1.13454468e-08],
     [-7.88467568e-10]]), 2.1138999282736113), (2.1539177811981036e-05, Vec([[2.70796591e-07],
     [2.43909487e-09],
     [6.38027549e-10]]), 2.076229880736035), (2.1964766092864204e-05, Vec([[ 3.38874024e-07],
     [ 5.47615759e-09],
     [-2.79564704e-09]]), 2.074716238379362), (2.2083702720588745e-05, Vec([[3.75806478e-07],
     [1.48158396e-08],
     [8.10256689e-11]]), 2.0529712130236453), (2.247456922387505e-05, Vec([[ 4.30797496e-07],
     [-9.42851377e-09],
     [-3.47168249e-09]]), 2.064974594965655), (2.2615530171089982e-05, Vec([[ 4.60396572e-07],
     [-1.88135746e-08],
     [ 2.53558686e-09]]), 2.0622127032161717), (2.2399596457587175e-05, Vec([[ 5.06773721e-07],
     [ 1.04592466e-08],
     [-2.77274824e-09]]), 2.0353268674566976), (2.2147863805301667e-05, Vec([[ 5.11938475e-07],
     [-7.94596715e-11],
     [-1.13282745e-09]]), 2.013467432486023), (2.1956718785164924e-05, Vec([[ 4.74643354e-07],
     [-8.57683914e-09],
     [ 1.77693773e-09]]), 2.005174970995051), (2.1631997223678434e-05, Vec([[ 4.78980095e-07],
     [-4.16084003e-09],
     [-2.37630868e-09]]), 1.9926123997104694), (2.1076250061954348e-05, Vec([[ 4.20658681e-07],
     [ 2.99656561e-08],
     [-5.16157315e-11]]), 1.9663510030891), (2.0862623513659596e-05, Vec([[ 3.80984105e-07],
     [ 1.01449484e-08],
     [-4.24742574e-10]]), 1.979816132405857), (2.0265288688333977e-05, Vec([[ 3.34707834e-07],
     [-1.54699827e-08],
     [ 2.09093142e-10]]), 1.9647521384823967), (1.9759824094216924e-05, Vec([[2.37791277e-07],
     [3.00348146e-09],
     [2.30223346e-09]]), 1.9662180779389329), (1.910606018604857e-05, Vec([[ 1.95402916e-07],
     [-4.86752026e-09],
     [ 1.13982664e-09]]), 1.9607161494623842), (1.8308427226893458e-05, Vec([[ 9.97831852e-08],
     [-4.42543913e-09],
     [ 2.18773373e-09]]), 1.9477130952488588), (1.7822956172233015e-05, Vec([[ 3.99948907e-08],
     [-1.00410972e-08],
     [ 4.12838575e-10]]), 1.976454103759064), (1.7103100168629212e-05, Vec([[-4.08653241e-08],
     [ 5.12448301e-09],
     [-4.46462364e-10]]), 1.988960907605974), (1.6629457354264957e-05, Vec([[-1.04939522e-07],
     [ 1.72101076e-09],
     [-1.11778138e-09]]), 2.0414868018535897), (1.594672081127799e-05, Vec([[-1.67498684e-07],
     [-7.26391859e-09],
     [-9.56185572e-10]]), 2.08189803671738), (1.5103782860814078e-05, Vec([[-2.33946415e-07],
     [-5.60265203e-09],
     [ 1.11148106e-09]]), 2.1145449502514784), (1.4288006303408012e-05, Vec([[-2.88005605e-07],
     [-1.63855738e-09],
     [ 1.81485160e-10]]), 2.1657859964480846), (1.3580976354599888e-05, Vec([[-3.72423688e-07],
     [ 4.42893425e-10],
     [ 1.31386160e-10]]), 2.2544811548803523), (1.3931149437127517e-05, Vec([[-3.23575249e-07],
     [ 5.76592033e-09],
     [-4.17553409e-10]]), 2.206316035272577), (1.482653095155523e-05, Vec([[-2.50354565e-07],
     [ 1.27029680e-09],
     [-3.42501252e-11]]), 2.1570770036090092), (1.533958585268174e-05, Vec([[-2.10229609e-07],
     [ 3.46454977e-09],
     [-4.08164519e-10]]), 2.071522289665119), (1.613121759868312e-05, Vec([[-1.38761044e-07],
     [ 6.38243333e-09],
     [-1.84554447e-09]]), 2.0401930922570757), (1.6831778652747032e-05, Vec([[-7.92065920e-08],
     [ 1.31983642e-09],
     [ 4.14134816e-10]]), 2.0093801080554634), (1.745963444987204e-05, Vec([[-2.20129347e-08],
     [-1.02824629e-08],
     [-1.79808475e-09]]), 1.9811756784420964), (1.8168991162324405e-05, Vec([[6.23332579e-08],
     [1.14588112e-08],
     [1.52017185e-09]]), 1.9720094392020489), (1.874456191940999e-05, Vec([[ 1.17633711e-07],
     [ 1.67709520e-08],
     [-1.36756815e-09]]), 1.957244325055811), (1.9290054068775834e-05, Vec([[ 2.02885207e-07],
     [ 7.00286110e-10],
     [-3.06079268e-09]]), 1.948090811297316), (2.0171854676042216e-05, Vec([[ 2.86265307e-07],
     [-4.16450792e-09],
     [ 1.33251940e-09]]), 1.9801231903841738), (2.0321697876214968e-05, Vec([[3.38087466e-07],
     [6.11001850e-09],
     [5.10727415e-10]]), 1.9481475868713263), (2.103526161563934e-05, Vec([[3.84346779e-07],
     [5.21705916e-09],
     [2.24370593e-09]]), 1.9782233442079353), (2.158544951558618e-05, Vec([[ 4.46884912e-07],
     [ 1.35786407e-08],
     [-2.95131558e-09]]), 2.000002371227868), (2.1929155108744177e-05, Vec([[ 4.68786868e-07],
     [ 1.48370501e-08],
     [-6.91815788e-10]]), 2.010271378137104), (2.204002736402185e-05, Vec([[5.00402447e-07],
     [1.64350794e-09],
     [2.26543752e-09]]), 2.0072021170697147), (2.2310228634475405e-05, Vec([[ 4.97753643e-07],
     [-6.58505444e-09],
     [ 4.14971816e-09]]), 2.026696285033517), (2.2648202719977155e-05, Vec([[ 4.86815000e-07],
     [ 2.39511911e-08],
     [-5.60676688e-09]]), 2.060509833423582), (2.2426316428977972e-05, Vec([[ 4.58815755e-07],
     [ 2.52950172e-08],
     [-7.14212188e-09]]), 2.051687083293678), (2.2085565779736568e-05, Vec([[4.02880080e-07],
     [9.19165085e-09],
     [1.87386152e-09]]), 2.0400909416792987), (2.2295050754027065e-05, Vec([[3.64780366e-07],
     [1.61424365e-08],
     [3.38414637e-09]]), 2.0880818553768234), (2.2150050508769133e-05, Vec([[ 3.01193206e-07],
     [-6.39669866e-10],
     [-2.06317689e-10]]), 2.1123840316064393), (2.1441471182487077e-05, Vec([[ 2.32913339e-07],
     [ 2.34725001e-08],
     [-4.32235866e-09]]), 2.0914217647261406), (2.1239129206504444e-05, Vec([[1.53584987e-07],
     [1.04115000e-08],
     [1.32466646e-09]]), 2.128784089678326), (2.087251307929788e-05, Vec([[ 9.11342912e-08],
     [ 3.00233281e-08],
     [-2.04983826e-10]]), 2.160277781568455), (2.003113841160029e-05, Vec([[ 8.34544971e-09],
     [ 6.70299285e-09],
     [-4.49478092e-10]]), 2.1520593770899916)]