[(2.0208351617833923e-05, array([[ 3.36279784e-09],
       [-1.12573692e-08],
       [-1.81641293e-09]]), 2.171098401951326), (2.047596404773545e-05, array([[-5.35724863e-08],
       [-3.06619256e-08],
       [-2.88244460e-09]]), 2.119235475884792), (2.1026187286449297e-05, array([[-1.06036339e-07],
       [-2.21768353e-08],
       [-1.04668666e-09]]), 2.107441059696657), (2.160722178613958e-05, array([[-1.53478880e-07],
       [ 2.89389087e-08],
       [ 2.35350343e-09]]), 2.107589238359128), (2.2070072451231738e-05, array([[-1.82703399e-07],
       [ 1.41285274e-08],
       [ 1.00883945e-09]]), 2.1047567635984494), (2.2078898040221547e-05, array([[-2.17732902e-07],
       [ 6.62010280e-09],
       [ 3.99125827e-09]]), 2.06783769604894), (2.239285842208432e-05, array([[-2.40774724e-07],
       [ 5.50558990e-09],
       [-2.08128288e-09]]), 2.068476220206939), (2.2455926210378407e-05, array([[-2.48285965e-07],
       [-2.16459020e-09],
       [ 1.30813511e-09]]), 2.0543959546426938), (2.262526475684803e-05, array([[-2.69403654e-07],
       [ 3.50428444e-09],
       [ 4.19222473e-09]]), 2.0584229614907117), (2.2511761568185056e-05, array([[-2.43247062e-07],
       [-1.07530475e-08],
       [ 3.76400998e-09]]), 2.045003853940727), (2.220970215350577e-05, array([[-2.16629880e-07],
       [-2.83395561e-09],
       [-6.78220598e-09]]), 2.022654529675219), (2.2130148332107658e-05, array([[-1.98003549e-07],
       [-2.32207122e-08],
       [-4.53068834e-09]]), 2.028696662746725), (2.161554349147718e-05, array([[-1.33913546e-07],
       [ 3.96315074e-09],
       [-1.51509748e-09]]), 2.0027907321141307), (2.1416878658530513e-05, array([[-8.96539556e-08],
       [-4.29090950e-09],
       [ 2.17499050e-10]]), 2.0141118326227234), (2.091852692018026e-05, array([[-3.24691137e-08],
       [-1.97755842e-08],
       [-4.59024896e-09]]), 2.005362838709933), (2.035754045102536e-05, array([[ 1.84411589e-08],
       [ 1.75519943e-08],
       [-4.43170509e-09]]), 1.9983506025420283), (1.9920069706286146e-05, array([[7.48438376e-08],
       [1.90828825e-08],
       [6.81345814e-09]]), 2.0117157068020983), (1.9446041204570697e-05, array([[1.69580981e-07],
       [6.35523901e-10],
       [2.26072459e-09]]), 2.0304904406987316), (1.885183649498596e-05, array([[2.28026519e-07],
       [5.39110562e-09],
       [1.55927332e-09]]), 2.046123484912851), (1.8069388362892365e-05, array([[ 3.09305272e-07],
       [-1.38079763e-08],
       [-8.46892762e-11]]), 2.0503655360979995), (1.7217729113991694e-05, array([[ 3.76051188e-07],
       [-2.03917999e-08],
       [ 2.61538590e-10]]), 2.0554549285197448), (1.6621693160406188e-05, array([[ 4.36992606e-07],
       [ 1.79516571e-10],
       [-5.83978141e-10]]), 2.1022259082442583), (1.5806782952703347e-05, array([[ 5.09530433e-07],
       [ 3.11362679e-09],
       [-5.84898698e-10]]), 2.134614554062363), (1.5038377817502772e-05, array([[ 5.50402212e-07],
       [ 5.63729814e-09],
       [-1.78442598e-09]]), 2.187898104263989), (1.4008838705471507e-05, array([[6.08459435e-07],
       [1.84659716e-09],
       [2.81206566e-10]]), 2.2186199072028527), (1.3620192694510366e-05, array([[ 6.21908060e-07],
       [-1.19317046e-08],
       [ 5.05614532e-10]]), 2.260991180152696), (1.4640186936848737e-05, array([[ 5.76524728e-07],
       [ 7.24721847e-09],
       [-7.35825442e-11]]), 2.2191697833760218), (1.5516060912689682e-05, array([[ 5.48235829e-07],
       [ 5.40164532e-09],
       [-7.20832782e-10]]), 2.1722642965057775), (1.619724267758273e-05, array([[ 4.55536992e-07],
       [-7.88750512e-09],
       [ 1.91191830e-09]]), 2.1146045089624925), (1.6974635488582035e-05, array([[ 3.79121923e-07],
       [-4.46721113e-09],
       [ 1.17903269e-09]]), 2.0838620033099398), (1.77121258572717e-05, array([[ 3.39720692e-07],
       [-6.87899562e-09],
       [ 5.64547940e-11]]), 2.059785978762346), (1.8392444267662886e-05, array([[ 2.63247056e-07],
       [ 5.60793962e-09],
       [-1.29367812e-09]]), 2.0396067633053994), (1.89195704626613e-05, array([[2.04105846e-07],
       [2.65781653e-09],
       [7.11221927e-10]]), 2.0127286025136923), (1.9404122745390247e-05, array([[ 1.45835365e-07],
       [ 4.29893805e-09],
       [-1.09256021e-09]]), 1.991304144473414), (2.033542828507685e-05, array([[ 7.08111322e-08],
       [-2.02959363e-08],
       [-2.56257995e-09]]), 2.0234940617943473), (2.0814350760670208e-05, array([[-2.32462008e-08],
       [ 4.66741132e-09],
       [-3.00278937e-09]]), 2.017984584235967), (2.120614842878994e-05, array([[-6.25682000e-08],
       [-7.83755655e-09],
       [ 3.74092433e-09]]), 2.01241587559794), (2.1698388882685864e-05, array([[-1.47212807e-07],
       [-1.70085421e-08],
       [ 5.16665060e-09]]), 2.024394691629996), (2.172223573368566e-05, array([[-1.64892457e-07],
       [ 1.08123789e-08],
       [ 1.55379297e-09]]), 2.0009246406983223), (2.213779430885985e-05, array([[-2.00788349e-07],
       [ 6.92655246e-09],
       [-2.70939582e-09]]), 2.021711508695676), (2.2437667008970865e-05, array([[-2.30328998e-07],
       [ 1.70238590e-08],
       [ 1.95371780e-09]]), 2.039813508908904), (2.2336771157638463e-05, array([[-2.41030930e-07],
       [ 1.70367767e-08],
       [ 9.92742347e-10]]), 2.029618281537137), (2.238377507046242e-05, array([[-2.49253762e-07],
       [-7.82088899e-10],
       [-8.67154669e-10]]), 2.0410799546609235), (2.247503825936199e-05, array([[-2.49615452e-07],
       [ 1.73740964e-08],
       [-1.04487661e-09]]), 2.0650176901794066), (2.2362293977064023e-05, array([[-2.18362223e-07],
       [ 1.80966184e-08],
       [-2.46986112e-09]]), 2.0788699419179895), (2.189917742287224e-05, array([[-1.99426541e-07],
       [-3.46627625e-09],
       [-2.67289845e-09]]), 2.0685209582607067), (2.1759668216210913e-05, array([[-1.63581680e-07],
       [-3.11481228e-09],
       [ 1.30958804e-11]]), 2.097483652336499), (2.136341138852336e-05, array([[-1.22917442e-07],
       [-4.02489671e-09],
       [-2.46905924e-11]]), 2.111070547195389), (2.0956028625220027e-05, array([[-7.76273258e-08],
       [ 1.09647322e-08],
       [-8.65911396e-10]]), 2.1330411508937828), (2.0174354180862932e-05, array([[-3.00265554e-08],
       [ 2.01754273e-09],
       [ 3.56038943e-10]]), 2.125920472959983), (2.011688059703265e-05, array([[ 2.91195668e-08],
       [-8.00372679e-09],
       [ 1.16554194e-09]]), 2.119864057600968), (2.0789829471962223e-05, array([[7.42981273e-08],
       [3.18004325e-08],
       [1.47483143e-09]]), 2.116124318058579), (2.1505602149240925e-05, array([[1.26542223e-07],
       [1.09867101e-08],
       [5.16707089e-10]]), 2.1251214270654177), (2.1598692191446565e-05, array([[ 1.71156278e-07],
       [-1.32769751e-08],
       [-2.81169299e-09]]), 2.081966661130274), (2.2194995734557038e-05, array([[ 2.03290439e-07],
       [-1.10059206e-08],
       [-3.88637173e-09]]), 2.0964629382602937), (2.2123138029060236e-05, array([[ 2.23876695e-07],
       [-8.31115953e-09],
       [ 1.91221100e-09]]), 2.056637244671192), (2.2272314321631673e-05, array([[ 2.40176151e-07],
       [ 3.23807756e-09],
       [-2.36035637e-09]]), 2.0463913139835146), (2.2665244659194055e-05, array([[ 2.55429991e-07],
       [-1.90967471e-08],
       [-4.37116808e-11]]), 2.066745953072643), (2.257281935159527e-05, array([[ 2.70108829e-07],
       [-1.58072294e-08],
       [-6.03154071e-10]]), 2.05106666932772), (2.231627278306104e-05, array([[2.44505611e-07],
       [2.89608293e-09],
       [1.56643751e-09]]), 2.0287775316918695), (2.2143504138080607e-05, array([[ 2.43758724e-07],
       [-3.19770640e-09],
       [-4.55931822e-09]]), 2.022232953031424), (2.1953211448712866e-05, array([[ 1.88929276e-07],
       [ 6.59891929e-09],
       [-7.91095415e-10]]), 2.022200765553378), (2.172300444678529e-05, array([[ 1.39891562e-07],
       [-8.18007312e-09],
       [ 6.35954496e-10]]), 2.026691250031808), (2.1220436610126525e-05, array([[ 7.22827560e-08],
       [-5.94219183e-09],
       [-3.35609812e-09]]), 2.013771791928136), (2.0687336169017082e-05, array([[1.89067280e-08],
       [3.50907590e-09],
       [3.36945825e-10]]), 2.0056703165042378), (2.0079563360041514e-05, array([[-3.93674077e-08],
       [-4.36986980e-09],
       [-5.46270553e-09]]), 1.9980340051300671), (1.956323062049388e-05, array([[-1.16875109e-07],
       [ 6.98108690e-09],
       [ 2.53908769e-09]]), 2.0076322297607274), (1.890285801961378e-05, array([[-1.86540294e-07],
       [-4.40839936e-10],
       [ 1.04373657e-09]]), 2.0109506756730178), (1.8351914077299476e-05, array([[-2.74833785e-07],
       [ 1.95824683e-09],
       [-2.12963321e-09]]), 2.0351122192861144), (1.791976481953504e-05, array([[-3.19888287e-07],
       [ 5.64957396e-10],
       [-1.68121691e-09]]), 2.0839328161640913), (1.684611428843857e-05, array([[-4.11973011e-07],
       [ 1.21444142e-09],
       [ 1.21387925e-09]]), 2.0680843186710614), (1.6243709321697343e-05, array([[-4.78366977e-07],
       [ 9.02007251e-10],
       [-6.08766271e-10]]), 2.1206708856364127), (1.532500882578097e-05, array([[-5.35964853e-07],
       [-2.75960122e-09],
       [-5.47096820e-11]]), 2.14551681017532), (1.4765476864696981e-05, array([[-5.86605452e-07],
       [-7.53624014e-09],
       [ 8.76434350e-10]]), 2.2381613183367097), (1.3682477037626667e-05, array([[-6.33753196e-07],
       [-4.09898368e-09],
       [-1.44381287e-10]]), 2.271330560336673), (1.396422029955744e-05, array([[-5.96957673e-07],
       [ 1.05832554e-08],
       [-5.44624303e-10]]), 2.2115535624707974), (1.4849071686465989e-05, array([[-5.54037012e-07],
       [-1.37090246e-08],
       [ 5.15270599e-10]]), 2.1603564019442856), (1.5883869803840942e-05, array([[-5.06995611e-07],
       [ 8.37309046e-09],
       [ 1.31025278e-09]]), 2.1450246871588683), (1.670107359175772e-05, array([[-4.50934651e-07],
       [-9.13980152e-09],
       [-3.57473516e-10]]), 2.1122655352416033), (1.7405737555955275e-05, array([[-3.84540766e-07],
       [ 4.58061639e-09],
       [-2.61484601e-09]]), 2.0778994028217213), (1.8176080946633816e-05, array([[-3.14244533e-07],
       [ 7.95009256e-09],
       [ 1.95321958e-09]]), 2.0624721327501576), (1.8892210640233413e-05, array([[-2.35522110e-07],
       [-2.15314266e-09],
       [ 1.14935997e-09]]), 2.050505577171929), (1.9196877140690654e-05, array([[-1.76450509e-07],
       [ 9.47690682e-09],
       [ 1.00674549e-09]]), 2.004473564330335), (1.9947259129862523e-05, array([[-9.42427629e-08],
       [ 1.41902625e-08],
       [-3.38259592e-09]]), 2.0144615501286522), (2.0356148675226525e-05, array([[-4.37552989e-08],
       [ 4.64734261e-09],
       [ 2.20557994e-09]]), 1.9982139821082934), (2.0925436437572677e-05, array([[ 2.57211052e-08],
       [-3.77521541e-09],
       [ 2.04369818e-09]]), 2.0060252223216013), (2.1524980752382453e-05, array([[ 9.33053413e-08],
       [-3.72255803e-09],
       [-1.08642267e-09]]), 2.024278099604479), (2.1690181616122935e-05, array([[1.59860085e-07],
       [1.26724361e-08],
       [3.81926601e-09]]), 2.009706336357987), (2.2038504656024145e-05, array([[1.99944502e-07],
       [2.50862382e-08],
       [3.31683278e-10]]), 2.020295579435289), (2.2277998019829523e-05, array([[ 2.06780610e-07],
       [ 1.60427593e-08],
       [-3.01910256e-09]]), 2.02887428635737), (2.2522777891461558e-05, array([[ 2.47163801e-07],
       [-1.09166022e-08],
       [-3.45206148e-09]]), 2.046004594086648), (2.245964916523245e-05, array([[ 2.47569270e-07],
       [-3.16293504e-08],
       [ 5.02444848e-09]]), 2.04335542790708), (2.2435640568973767e-05, array([[ 2.44754801e-07],
       [-3.60096618e-09],
       [-2.58668817e-09]]), 2.0525401086959), (2.2280192829942823e-05, array([[ 2.40591175e-07],
       [ 1.81552499e-08],
       [-4.14700667e-09]]), 2.058069058522284), (2.2227087628328776e-05, array([[2.12176498e-07],
       [1.18194127e-09],
       [2.98465539e-09]]), 2.081716650328808), (2.1804632874424192e-05, array([[ 1.87545775e-07],
       [ 2.07337233e-08],
       [-1.17607752e-09]]), 2.0794425855028886), (2.1747278579875294e-05, array([[ 1.56345454e-07],
       [-6.19264500e-09],
       [-2.21547301e-09]]), 2.121250513008785), (2.0935921675655883e-05, array([[ 1.08978059e-07],
       [-1.79220971e-08],
       [ 1.39151375e-09]]), 2.098393796306816), (2.056062502126021e-05, array([[ 5.56467572e-08],
       [-1.68364491e-08],
       [ 2.20141817e-09]]), 2.127997775823312), (2.001597050633686e-05, array([[ 1.79709066e-09],
       [-5.92870707e-09],
       [ 6.70216762e-10]]), 2.150429802570449)]