[(1.9996289628674013e-05, array([[-8.62324252e-09],
       [-5.43134981e-09],
       [ 2.85642610e-10]]), 2.1483153737020855), (2.0681034703202965e-05, array([[-5.54732011e-08],
       [ 6.44057854e-09],
       [-7.28225724e-10]]), 2.140460020288003), (2.1122093333378893e-05, array([[-1.15224722e-07],
       [-1.17566710e-08],
       [-8.60295733e-12]]), 2.1170536603274375), (2.162985922350233e-05, array([[-1.53238333e-07],
       [ 4.05053030e-10],
       [-5.53145643e-10]]), 2.1097973158177656), (2.2051782653721796e-05, array([[-1.86426127e-07],
       [-1.46566400e-08],
       [-3.82959270e-09]]), 2.103012520343292), (2.2203210538010153e-05, array([[-2.06167521e-07],
       [ 1.54182840e-08],
       [ 2.59164291e-09]]), 2.0794803997993268), (2.2260897601405028e-05, array([[-2.35457550e-07],
       [ 2.89290160e-08],
       [ 3.21040572e-09]]), 2.0562867169988572), (2.2883843779739412e-05, array([[-2.41205097e-07],
       [ 1.29189760e-08],
       [-2.46358743e-09]]), 2.093544289704887), (2.2566859944578603e-05, array([[-2.65070617e-07],
       [-2.22093350e-08],
       [ 3.31274808e-09]]), 2.053109352658773), (2.2412778923526687e-05, array([[-2.33310320e-07],
       [ 1.21040416e-08],
       [ 6.34669657e-09]]), 2.0360121147031505), (2.2349853687505644e-05, array([[-2.25910239e-07],
       [ 1.66472573e-08],
       [ 3.88836917e-09]]), 2.035418236866179), (2.2163641469716345e-05, array([[-2.03330176e-07],
       [ 7.18902433e-09],
       [-1.82048184e-09]]), 2.0317670179685687), (2.1915860280368873e-05, array([[-1.34110838e-07],
       [ 1.07530620e-08],
       [ 4.36809942e-09]]), 2.0306166196162287), (2.1227548883925024e-05, array([[-9.10185783e-08],
       [ 5.92545595e-09],
       [ 3.82464787e-09]]), 1.9963066545022026), (2.091999052606007e-05, array([[-2.88107718e-08],
       [-5.81578256e-09],
       [-3.35965402e-09]]), 2.0055031478652134), (2.0617301527778795e-05, array([[3.55475865e-08],
       [2.15658595e-08],
       [1.84520315e-09]]), 2.0238494443837522), (1.977053034745174e-05, array([[ 1.07538191e-07],
       [-2.18505495e-09],
       [-2.21440731e-10]]), 1.9966138180342414), (1.9460148560929333e-05, array([[ 1.67667982e-07],
       [ 5.41876304e-09],
       [-1.27304548e-10]]), 2.031963483562747), (1.8575736674891066e-05, array([[2.47599800e-07],
       [9.74814438e-09],
       [7.81481685e-10]]), 2.0161564137351102), (1.7804032194841825e-05, array([[ 2.84369260e-07],
       [ 8.09782920e-09],
       [-1.82921206e-09]]), 2.0202551012102763), (1.734417335225703e-05, array([[ 3.93857470e-07],
       [-1.03015869e-08],
       [ 2.63532750e-10]]), 2.0705498595065617), (1.6715069514107166e-05, array([[ 4.46372908e-07],
       [-1.10381522e-08],
       [ 1.43468160e-10]]), 2.114035667218463), (1.580586739873491e-05, array([[ 4.80942359e-07],
       [-8.15298155e-09],
       [-7.55285576e-11]]), 2.134490913797807), (1.515580590413087e-05, array([[ 5.65788402e-07],
       [-2.50742419e-09],
       [-6.89467547e-10]]), 2.2049824395053834), (1.4099404973450087e-05, array([[ 6.06027749e-07],
       [-5.67755050e-09],
       [ 5.04810268e-10]]), 2.23296314644508), (1.3529200817147669e-05, array([[ 6.23516652e-07],
       [-1.14780894e-09],
       [ 3.43697412e-10]]), 2.2458862666762878), (1.450229413648745e-05, array([[ 5.77244863e-07],
       [-1.11320345e-08],
       [ 1.33688704e-10]]), 2.1982678961783475), (1.556426358228865e-05, array([[ 5.37819524e-07],
       [ 8.74423374e-09],
       [-1.03137211e-11]]), 2.1790127192372495), (1.6362574051447206e-05, array([[ 4.65028285e-07],
       [-1.38070399e-09],
       [ 5.25283069e-10]]), 2.13618907589194), (1.6961111246447278e-05, array([[ 4.08187068e-07],
       [-1.61001338e-09],
       [ 5.40072480e-10]]), 2.0822017229270626), (1.77227992258418e-05, array([[ 3.41994915e-07],
       [-1.96613322e-09],
       [ 3.48209213e-09]]), 2.061027210622599), (1.820936188860357e-05, array([[2.41226735e-07],
       [3.92173602e-10],
       [3.18741243e-09]]), 2.0193040752484372), (1.9160116661896506e-05, array([[1.97926784e-07],
       [1.13467974e-08],
       [1.96588388e-09]]), 2.0383187297516314), (1.9578088866903726e-05, array([[ 1.10924905e-07],
       [ 4.69057178e-09],
       [-1.47634008e-09]]), 2.0091570236431284), (2.0277796685127485e-05, array([[5.49110497e-08],
       [4.68101367e-09],
       [8.59599841e-09]]), 2.017759380496544), (2.068313811378064e-05, array([[-2.57895138e-08],
       [ 2.01067328e-09],
       [ 2.32108507e-09]]), 2.005263308337212), (2.1121328834945337e-05, array([[-8.75108831e-08],
       [-1.13292888e-10],
       [ 9.98057609e-10]]), 2.004366686572039), (2.147930026187915e-05, array([[-1.43506707e-07],
       [ 2.54550801e-09],
       [ 7.62976694e-09]]), 2.0039543795240795), (2.1815333354848232e-05, array([[-1.95823391e-07],
       [-1.76772855e-08],
       [ 4.58833982e-09]]), 2.0095002461957674), (2.229256791526545e-05, array([[-2.15455613e-07],
       [-3.44317220e-08],
       [-1.34558148e-09]]), 2.0358460505993072), (2.23746923597642e-05, array([[-2.22390108e-07],
       [ 3.24141403e-08],
       [-4.39133897e-09]]), 2.0340884689518), (2.2237876109741867e-05, array([[-2.31864132e-07],
       [-5.33450637e-09],
       [ 2.09324725e-09]]), 2.0206322380419572), (2.2497036593174886e-05, array([[-2.44749926e-07],
       [-7.40417886e-09],
       [ 7.18115646e-09]]), 2.0514077846589944), (2.245736769023696e-05, array([[-2.30522695e-07],
       [ 1.65421971e-08],
       [ 5.60418429e-09]]), 2.0633941095021404), (2.2407360215385864e-05, array([[-2.21029466e-07],
       [ 4.19443522e-10],
       [-3.41873439e-09]]), 2.0830594427061766), (2.2246759259103282e-05, array([[-2.04458746e-07],
       [-1.79695568e-08],
       [-1.32335334e-09]]), 2.101352342703655), (2.1693122960553557e-05, array([[-1.67667455e-07],
       [ 2.03450592e-08],
       [-1.50207565e-10]]), 2.0910691434159143), (2.1300760024132123e-05, array([[-1.22314939e-07],
       [-1.42263857e-08],
       [ 1.32610826e-10]]), 2.10487952050482), (2.0707895923861138e-05, array([[-8.33550861e-08],
       [-1.83344671e-08],
       [ 2.09881141e-09]]), 2.1077845876228216), (2.0479246124051754e-05, array([[-3.07285259e-08],
       [-1.44526747e-08],
       [ 1.96590450e-09]]), 2.1580491853963153), (2.0173629399437586e-05, array([[ 2.16373957e-08],
       [-4.47403032e-08],
       [-4.71255786e-10]]), 2.125844097396396), (2.104186065700325e-05, array([[8.30821384e-08],
       [1.85475386e-09],
       [1.81347813e-09]]), 2.141777694402705), (2.1192591877412837e-05, array([[ 1.30052969e-07],
       [-3.72755654e-09],
       [-1.99978897e-09]]), 2.0941906569834035), (2.181084024142034e-05, array([[1.79580051e-07],
       [2.47757721e-08],
       [1.36506178e-09]]), 2.102416286661032), (2.1973759229846443e-05, array([[1.99917346e-07],
       [1.31929503e-08],
       [7.26968574e-10]]), 2.0755656991590548), (2.2104558805532826e-05, array([[ 2.22527025e-07],
       [-5.04175491e-09],
       [-6.14166358e-09]]), 2.0549100609853443), (2.2233287325678402e-05, array([[2.36680024e-07],
       [1.67606805e-08],
       [2.88836533e-09]]), 2.0428054941905494), (2.2338844049995406e-05, array([[2.42822761e-07],
       [5.46974579e-09],
       [5.78964655e-10]]), 2.0369828885972674), (2.242910672372381e-05, array([[ 2.33569512e-07],
       [-1.73330404e-08],
       [-4.25361974e-10]]), 2.0380083013676797), (2.2372020464822493e-05, array([[ 2.42990996e-07],
       [-1.69125721e-09],
       [-1.99261099e-09]]), 2.0338455663632953), (2.190240450253731e-05, array([[2.17224385e-07],
       [4.61668551e-09],
       [3.53707435e-09]]), 2.0002147744757965), (2.1786846652757896e-05, array([[ 1.89069760e-07],
       [-1.50284908e-08],
       [-1.05340746e-09]]), 2.006876218685726), (2.1383276826616248e-05, array([[ 1.27708820e-07],
       [-9.18789633e-09],
       [ 6.96455797e-11]]), 1.9949956806239304), (2.084415907284585e-05, array([[7.34786057e-08],
       [2.02581723e-08],
       [3.62954014e-09]]), 1.978063898427471), (2.0588181168340018e-05, array([[1.81865178e-08],
       [1.03571301e-09],
       [9.17161915e-10]]), 1.9960570806595572), (2.0380640560936275e-05, array([[-8.08072374e-08],
       [ 4.72401804e-09],
       [-2.71177052e-11]]), 2.02799294770121), (1.9674713352232e-05, array([[-1.16036399e-07],
       [-1.49066978e-08],
       [-5.54259145e-09]]), 2.019072892585852), (1.9095569709236505e-05, array([[-1.91419780e-07],
       [-4.79439333e-09],
       [ 2.57067721e-09]]), 2.031452004205179), (1.8450265048454753e-05, array([[-2.63491095e-07],
       [-3.89073561e-09],
       [ 8.65272292e-10]]), 2.0460187254049687), (1.744188585167657e-05, array([[-3.18167231e-07],
       [ 1.50504515e-08],
       [ 2.55589015e-09]]), 2.028359114538875), (1.702435581618129e-05, array([[-3.97089584e-07],
       [-7.56802290e-09],
       [-6.62377380e-10]]), 2.0899658340252385), (1.6312149796836274e-05, array([[-4.67859951e-07],
       [-9.03048126e-09],
       [-7.49008859e-10]]), 2.1296060198567957), (1.544070104128284e-05, array([[-5.50068316e-07],
       [ 7.54539701e-10],
       [-1.02488997e-09]]), 2.1617138379217646), (1.4698398966288045e-05, array([[-5.97399388e-07],
       [ 3.75523434e-09],
       [-2.13915521e-10]]), 2.2279936035442973), (1.3774657401001035e-05, array([[-6.49793883e-07],
       [ 2.21222264e-09],
       [ 4.06763712e-11]]), 2.2866327659109533), (1.4097246431648031e-05, array([[-5.96036663e-07],
       [-1.33556947e-08],
       [ 4.40492468e-10]]), 2.2326212919978077), (1.5064979241786735e-05, array([[-5.71512129e-07],
       [ 5.08033973e-09],
       [ 6.93849868e-10]]), 2.191768282714613), (1.5634928119312605e-05, array([[-4.99247412e-07],
       [-2.23645941e-08],
       [ 9.65793901e-10]]), 2.1114065534439295), (1.6600054077140705e-05, array([[-4.46615836e-07],
       [ 1.61705057e-08],
       [ 5.93149344e-10]]), 2.0994891087478202), (1.75074261059176e-05, array([[-3.85220442e-07],
       [-8.57565317e-09],
       [-1.28874820e-09]]), 2.0900389962495343), (1.8079689700199114e-05, array([[-3.09561460e-07],
       [-1.16753373e-08],
       [ 1.42221704e-09]]), 2.051534447107344), (1.8782079469505216e-05, array([[-2.44560265e-07],
       [ 8.04033303e-09],
       [-1.15505528e-09]]), 2.0385522603209236), (1.900392771558957e-05, array([[-1.71857099e-07],
       [ 1.41829822e-08],
       [-2.24439128e-09]]), 1.9843264321153735), (1.9964499528022737e-05, array([[-1.05361286e-07],
       [-1.23945393e-08],
       [ 4.53198320e-09]]), 2.01620264743814), (2.022700901691862e-05, array([[-2.46912686e-08],
       [ 6.94964753e-09],
       [-4.92861501e-10]]), 1.9855372879559465), (2.0874601055051332e-05, array([[ 5.31284131e-08],
       [ 7.97118233e-09],
       [-2.11137874e-09]]), 2.0011518683139835), (2.1500823055073383e-05, array([[ 7.94958456e-08],
       [-2.19056737e-08],
       [ 2.89161639e-09]]), 2.022006232411557), (2.1582935495807167e-05, array([[ 1.49475535e-07],
       [-6.19908294e-09],
       [-2.04480064e-09]]), 1.9997694344286736), (2.2194910165509954e-05, array([[ 1.95055747e-07],
       [ 2.34116020e-09],
       [-2.73361707e-09]]), 2.034633455999302), (2.2372182253232348e-05, array([[2.42048694e-07],
       [5.62281023e-10],
       [1.88519036e-09]]), 2.037451716392204), (2.2550088238307783e-05, array([[ 2.41244345e-07],
       [ 1.16042257e-08],
       [-4.95969538e-09]]), 2.048485508980128), (2.2455075365108567e-05, array([[2.60327552e-07],
       [2.14116301e-08],
       [1.36574873e-09]]), 2.04293930834793), (2.237671942964426e-05, array([[ 2.46163660e-07],
       [-1.11705119e-08],
       [ 2.17781616e-09]]), 2.047149667475732), (2.236154271909117e-05, array([[ 2.31464559e-07],
       [-1.53446779e-08],
       [ 4.41145932e-09]]), 2.065583521751948), (2.2212112232614837e-05, array([[ 2.04534538e-07],
       [-1.52357657e-08],
       [-1.27539739e-09]]), 2.0803141035298633), (2.191549456101715e-05, array([[1.81832252e-07],
       [7.96418881e-09],
       [8.64095486e-10]]), 2.0900151327927112), (2.1755376367844945e-05, array([[ 1.49096653e-07],
       [-3.19185470e-08],
       [ 1.76801883e-09]]), 2.1220403790521045), (2.128886334786174e-05, array([[ 1.03205888e-07],
       [ 5.88676206e-09],
       [-4.37453524e-09]]), 2.133768910280237), (2.0486865924922736e-05, array([[5.70653304e-08],
       [2.14705139e-08],
       [1.00333719e-09]]), 2.120363805903108), (2.012725188115594e-05, array([[-4.08901445e-09],
       [ 4.42425804e-11],
       [ 5.06292043e-10]]), 2.1623853949713374)]