[(2.008471634743207e-05, Vec([[ 9.42551209e-10],
     [ 1.04321547e-08],
     [-1.17573208e-09]]), 2.1578155601307487), (2.054363750291574e-05, Vec([[-7.75903419e-08],
     [-1.78944201e-08],
     [-5.75557179e-10]]), 2.126239589911336), (2.1234636346880446e-05, Vec([[-1.65728080e-07],
     [-1.50224731e-08],
     [-6.17846923e-10]]), 2.1283337732839134), (2.160062032718124e-05, Vec([[-2.28305755e-07],
     [ 5.69206726e-09],
     [-1.82373631e-09]]), 2.1069453256897552), (2.204424017422898e-05, Vec([[-3.05819578e-07],
     [-8.20912256e-09],
     [-1.53930447e-09]]), 2.1022932166454047), (2.2075172699501e-05, Vec([[-3.54958580e-07],
     [ 1.01203623e-08],
     [ 1.23797129e-09]]), 2.0674887927676924), (2.214821178013483e-05, Vec([[-4.07087179e-07],
     [-1.09522624e-08],
     [ 2.98086054e-09]]), 2.045877686706323), (2.2604788866443556e-05, Vec([[-4.43962634e-07],
     [ 2.54966510e-09],
     [-1.80367679e-10]]), 2.068014757784123), (2.2622925641849978e-05, Vec([[-4.92281511e-07],
     [ 4.86828528e-09],
     [-3.07497457e-09]]), 2.0582101512507744), (2.2232697718852383e-05, Vec([[-4.88682328e-07],
     [ 1.71119556e-08],
     [-2.05947671e-09]]), 2.019653254626127), (2.204158027376962e-05, Vec([[-4.77905167e-07],
     [ 3.65526210e-09],
     [-1.02450725e-09]]), 2.0073435417459122), (2.1624624195818783e-05, Vec([[-4.71606547e-07],
     [ 2.69557632e-09],
     [ 1.54417719e-09]]), 1.982354672045324), (2.1402202861768537e-05, Vec([[-4.39552566e-07],
     [-5.28800981e-09],
     [ 1.29463183e-09]]), 1.983023630901416), (2.073073395754009e-05, Vec([[-3.80758343e-07],
     [ 8.33668268e-11],
     [ 7.36049816e-09]]), 1.9495845883314196), (2.0569082905124252e-05, Vec([[-3.32778547e-07],
     [-2.91617775e-08],
     [ 9.07314224e-10]]), 1.9718632502983375), (1.9839338004926342e-05, Vec([[-2.74323521e-07],
     [ 8.99846456e-09],
     [-3.32676289e-09]]), 1.9474824648663607), (1.9342229284918273e-05, Vec([[-1.93858898e-07],
     [ 1.76396152e-08],
     [-8.45776279e-09]]), 1.9533599545968703), (1.870776125821063e-05, Vec([[-1.38732478e-07],
     [-1.62714857e-10],
     [-4.69666036e-10]]), 1.9534017233668286), (1.8044837221623015e-05, Vec([[-7.69421842e-08],
     [ 6.42213667e-09],
     [-2.21612478e-09]]), 1.958534131696536), (1.7647484229617923e-05, Vec([[4.30934871e-09],
     [6.20704492e-09],
     [3.51990563e-10]]), 2.002491326023479), (1.6924666239316072e-05, Vec([[ 7.46002212e-08],
     [-1.22767304e-08],
     [-1.50919076e-09]]), 2.0204690412328636), (1.6369793303681953e-05, Vec([[ 1.62350773e-07],
     [ 7.49368940e-09],
     [-1.10906317e-09]]), 2.070366915301824), (1.5590305537251666e-05, Vec([[ 2.04915602e-07],
     [-1.67627457e-09],
     [-1.81205907e-09]]), 2.105380531995278), (1.4681124924967037e-05, Vec([[ 2.62297816e-07],
     [-3.06815894e-09],
     [-2.48496614e-10]]), 2.135922223899283), (1.3922327810419998e-05, Vec([[ 3.32241559e-07],
     [ 3.03230160e-09],
     [-1.15067375e-09]]), 2.204918928985704), (1.3571374893986598e-05, Vec([[ 3.53922237e-07],
     [-1.30081471e-09],
     [ 9.82938754e-10]]), 2.252887284789808), (1.4249293569826663e-05, Vec([[ 3.11865012e-07],
     [-6.51091541e-09],
     [ 8.96411783e-10]]), 2.1599178931946104), (1.5110332443881964e-05, Vec([[ 2.50739860e-07],
     [ 9.30580102e-09],
     [-7.65190548e-10]]), 2.1154618985372218), (1.591695876188007e-05, Vec([[ 1.64541881e-07],
     [-7.20784665e-10],
     [-2.82005497e-10]]), 2.078012501067543), (1.655843009933073e-05, Vec([[ 1.00732794e-07],
     [ 4.33846207e-09],
     [-6.91207303e-10]]), 2.032767262759133), (1.728459671506721e-05, Vec([[ 3.72923663e-08],
     [-1.64563676e-08],
     [-1.59871512e-09]]), 2.0100675802075187), (1.7828571592309772e-05, Vec([[-4.01944124e-08],
     [-1.21692879e-08],
     [ 1.85094669e-09]]), 1.9770768186413634), (1.867620512434073e-05, Vec([[-1.01427838e-07],
     [ 1.58203381e-08],
     [ 4.16273507e-11]]), 1.9868385656196235), (1.9231878727277614e-05, Vec([[-2.05891443e-07],
     [-2.45302100e-08],
     [ 5.23065397e-10]]), 1.9736279922644757), (1.959319215549252e-05, Vec([[-2.70620241e-07],
     [ 4.35005191e-09],
     [-2.79174389e-09]]), 1.9496372253605023), (2.022326895499414e-05, Vec([[-3.31985752e-07],
     [ 6.38604460e-09],
     [ 7.90337681e-10]]), 1.9606782581539386), (2.0877476614556246e-05, Vec([[-3.68782802e-07],
     [ 2.39204364e-08],
     [ 3.17847554e-10]]), 1.9812256583339933), (2.092545456435759e-05, Vec([[-4.09786314e-07],
     [ 2.60365654e-08],
     [-6.05975532e-09]]), 1.9522822348267639), (2.1527997801157507e-05, Vec([[-4.73146590e-07],
     [ 1.70014380e-08],
     [ 4.51675878e-09]]), 1.9830325843686334), (2.2014810826819853e-05, Vec([[-4.87031990e-07],
     [-4.82002825e-09],
     [ 4.38759059e-09]]), 2.010480167508256), (2.232616985460245e-05, Vec([[-5.07622402e-07],
     [ 3.86694343e-08],
     [-2.35518454e-09]]), 2.0296772767598723), (2.2462473797927513e-05, Vec([[-5.09432187e-07],
     [ 1.40980956e-08],
     [-4.85099130e-09]]), 2.041040181997486), (2.229693615736546e-05, Vec([[-4.70939153e-07],
     [ 1.81959965e-08],
     [-1.22200843e-10]]), 2.0331614885287004), (2.2363029459181425e-05, Vec([[-4.30865388e-07],
     [ 2.36446315e-08],
     [-9.70956845e-09]]), 2.054726265926444), (2.235549034908983e-05, Vec([[-3.89371778e-07],
     [ 2.77794929e-09],
     [ 1.13219818e-09]]), 2.0782374550315343), (2.1936065135952138e-05, Vec([[-3.21925869e-07],
     [ 5.63091833e-11],
     [-1.02187403e-09]]), 2.0720052447311375), (2.172893879184646e-05, Vec([[-2.77345735e-07],
     [-1.31086075e-08],
     [-1.15299063e-09]]), 2.0945215453498625), (2.127639012712862e-05, Vec([[-1.94942290e-07],
     [ 1.24332962e-08],
     [ 1.20113648e-09]]), 2.1024713577415497), (2.0672940220074826e-05, Vec([[-1.17679956e-07],
     [-1.11713900e-08],
     [ 2.37674617e-09]]), 2.1042265683068466), (2.0269093645290766e-05, Vec([[-4.19277090e-08],
     [-3.44375132e-08],
     [ 2.01706734e-09]]), 2.135903868969529), (2.0316455714086818e-05, Vec([[4.76744019e-08],
     [9.46328878e-09],
     [1.88011855e-09]]), 2.1408947594234484), (2.06484165647624e-05, Vec([[ 1.17998595e-07],
     [-8.32231478e-09],
     [-1.94375406e-09]]), 2.101730390863722), (2.1332772853321384e-05, Vec([[1.82737784e-07],
     [1.53790500e-08],
     [4.58516395e-11]]), 2.108042935729326), (2.1753618812736343e-05, Vec([[ 2.71888012e-07],
     [ 9.55209407e-10],
     [-2.23529885e-09]]), 2.0969005310881315), (2.214065437937129e-05, Vec([[ 3.41303151e-07],
     [-1.37463520e-08],
     [-3.37409107e-09]]), 2.0913300408033955), (2.2344353374899487e-05, Vec([[ 3.85537728e-07],
     [-9.61679473e-09],
     [ 3.02867011e-09]]), 2.0772021265043286), (2.2327611049064935e-05, Vec([[ 4.30801314e-07],
     [-7.59092369e-09],
     [-2.66440281e-09]]), 2.0514720047944035), (2.2430066773595056e-05, Vec([[ 4.70700227e-07],
     [-1.29698225e-08],
     [-6.56263437e-10]]), 2.045301095511101), (2.2331629572342596e-05, Vec([[ 4.93401301e-07],
     [-3.05210416e-08],
     [-1.62127706e-09]]), 2.0291510942503557), (2.214086192296713e-05, Vec([[ 4.95703147e-07],
     [ 5.36768115e-09],
     [-7.32254413e-09]]), 2.012830889739931), (2.206952191596888e-05, Vec([[ 5.00635182e-07],
     [-7.15923752e-09],
     [-4.14737518e-09]]), 2.015476601978766), (2.173755721355606e-05, Vec([[ 4.67760292e-07],
     [-1.10536097e-08],
     [-5.40145276e-09]]), 2.002335965341905), (2.1223398395233483e-05, Vec([[ 4.16694357e-07],
     [-2.06069631e-08],
     [-4.76185072e-09]]), 1.9800795018446082), (2.0695718535363784e-05, Vec([[ 3.61629263e-07],
     [-2.38268343e-08],
     [-1.03536596e-08]]), 1.9639772246868668), (2.019969694434696e-05, Vec([[ 3.17937266e-07],
     [-1.64536862e-08],
     [-4.26592951e-09]]), 1.9583929140347598), (1.946036587591007e-05, Vec([[ 2.62053114e-07],
     [-1.53188528e-08],
     [-1.24430765e-09]]), 1.9364202336051541), (1.928331717778714e-05, Vec([[ 1.91013050e-07],
     [ 2.80949112e-09],
     [-1.42389231e-09]]), 1.9789067467347987), (1.871453579798807e-05, Vec([[ 1.23374508e-07],
     [-4.03967864e-09],
     [ 1.47594810e-09]]), 1.9909163137564483), (1.799955140448713e-05, Vec([[2.94758180e-08],
     [9.13592531e-11],
     [1.80948667e-09]]), 1.9960374079045733), (1.7261270699511536e-05, Vec([[-4.22788619e-08],
     [-5.56608528e-09],
     [-8.14373120e-10]]), 2.0073549414102816), (1.6636783548313202e-05, Vec([[-8.77200753e-08],
     [ 7.79571997e-09],
     [-1.09081926e-09]]), 2.042386189496775), (1.5846216396144914e-05, Vec([[-1.75096985e-07],
     [-2.46992978e-09],
     [-8.47512922e-12]]), 2.068776847287701), (1.5259013033728587e-05, Vec([[-2.49138803e-07],
     [-1.92010782e-09],
     [-2.22133684e-10]]), 2.136277332217498), (1.4436577971928362e-05, Vec([[-3.08457793e-07],
     [-3.02696339e-09],
     [-6.11078639e-11]]), 2.1883065939560487), (1.3342624440304264e-05, Vec([[-3.42124286e-07],
     [ 4.66427848e-09],
     [-4.28708745e-10]]), 2.214914051236354), (1.420803098689551e-05, Vec([[-3.29901429e-07],
     [ 1.90909714e-09],
     [ 9.08309060e-10]]), 2.250166559300134), (1.4886362989562376e-05, Vec([[-2.81514030e-07],
     [ 1.15762875e-10],
     [-2.26571909e-10]]), 2.1657818256395958), (1.532919546200407e-05, Vec([[-2.01967002e-07],
     [ 1.65626038e-09],
     [-1.71638230e-09]]), 2.070119127539764), (1.6144902163347808e-05, Vec([[-1.42976217e-07],
     [-1.30959929e-08],
     [ 1.15131874e-09]]), 2.0419238453219726), (1.6893290209426662e-05, Vec([[-9.36219833e-08],
     [-1.66729957e-09],
     [ 1.44985879e-10]]), 2.016723366362119), (1.7398421847560188e-05, Vec([[-1.99091535e-08],
     [ 3.09412885e-09],
     [ 5.81468193e-10]]), 1.9742297759226264), (1.8279267658621035e-05, Vec([[ 6.50134802e-08],
     [ 2.96385517e-09],
     [-2.32216312e-10]]), 1.9839785292674355), (1.8853917705291686e-05, Vec([[ 1.33009486e-07],
     [-7.27576365e-09],
     [ 1.32160691e-09]]), 1.9686628896639988), (1.9147654714573027e-05, Vec([[2.23977910e-07],
     [4.64142987e-09],
     [4.87604693e-09]]), 1.9337099872483987), (1.994353422236654e-05, Vec([[2.83600232e-07],
     [3.41392939e-09],
     [2.55383840e-09]]), 1.9577106441695118), (2.0520980269913006e-05, Vec([[ 3.47986447e-07],
     [-8.43880194e-09],
     [-2.22879865e-10]]), 1.9672518721900822), (2.118159204447249e-05, Vec([[ 4.03635287e-07],
     [ 9.08664909e-09],
     [-2.17567628e-09]]), 1.9919847261947645), (2.1455813696130576e-05, Vec([[ 4.36349013e-07],
     [-2.25617987e-08],
     [ 6.42856778e-09]]), 1.9879909490835177), (2.188126584988798e-05, Vec([[ 4.86055132e-07],
     [-9.59730023e-09],
     [ 3.00808732e-09]]), 2.005881313589637), (2.216605299191739e-05, Vec([[ 4.92005826e-07],
     [-1.93480214e-08],
     [-2.25038280e-09]]), 2.018679367208247), (2.242756456048649e-05, Vec([[4.80631430e-07],
     [4.40504497e-09],
     [3.71639238e-09]]), 2.0373552652368914), (2.2555970808340154e-05, Vec([[ 4.79995917e-07],
     [ 5.63283611e-09],
     [-3.98733133e-09]]), 2.0521186704146133), (2.2250749869860723e-05, Vec([[ 4.44793227e-07],
     [ 4.71986548e-09],
     [-2.98298350e-09]]), 2.035625255095546), (2.2396063211371488e-05, Vec([[4.07499052e-07],
     [2.43013243e-09],
     [4.70818632e-09]]), 2.0687722534469266), (2.2347211849294778e-05, Vec([[3.71088493e-07],
     [6.16143310e-09],
     [1.72412810e-09]]), 2.0929670937100626), (2.1850510341002116e-05, Vec([[ 2.89452930e-07],
     [-8.31020706e-09],
     [ 1.40913054e-09]]), 2.0838177821992305), (2.1731663886121555e-05, Vec([[ 2.32296544e-07],
     [-2.72262323e-08],
     [ 6.44084230e-10]]), 2.1197274407303874), (2.1241368381840798e-05, Vec([[1.61959557e-07],
     [7.10205876e-09],
     [7.64387895e-10]]), 2.1290085207641622), (2.0559543844160922e-05, Vec([[ 8.54381842e-08],
     [-2.35033376e-08],
     [ 1.79999760e-10]]), 2.1278858754087975), (1.9981650529788167e-05, Vec([[1.93941208e-09],
     [1.97789512e-08],
     [7.00123309e-10]]), 2.1467426118658834)]