[(1.9831592213899177e-05, Vec([[-1.45477144e-09],
     [-1.63358630e-08],
     [-2.32717764e-10]]), 2.1306209916572074), (2.0641801888231453e-05, Vec([[-8.35875296e-08],
     [-1.06279054e-08],
     [-6.23513973e-10]]), 2.1363994752942412), (2.1051358796211494e-05, Vec([[-1.60495421e-07],
     [-1.05524835e-09],
     [-6.38524692e-10]]), 2.109963983728709), (2.188475953561287e-05, Vec([[-2.42441169e-07],
     [-1.87024289e-08],
     [ 1.75914112e-09]]), 2.1346605379374735), (2.197184799401762e-05, Vec([[-2.99835512e-07],
     [ 3.74940463e-09],
     [-1.44479697e-09]]), 2.095389391056785), (2.2236762317522267e-05, Vec([[-3.65506211e-07],
     [-7.53493659e-09],
     [ 7.80066422e-10]]), 2.082622750215469), (2.240698659128009e-05, Vec([[-3.98112948e-07],
     [-4.15005141e-09],
     [ 1.06232568e-09]]), 2.0697812694090394), (2.2741606734188025e-05, Vec([[-4.73328627e-07],
     [ 6.41835873e-09],
     [ 3.38154327e-09]]), 2.0805316351279384), (2.263019345232888e-05, Vec([[-4.78822823e-07],
     [-2.17599007e-08],
     [-1.66151188e-09]]), 2.0588713690588447), (2.241633788553871e-05, Vec([[-5.01776021e-07],
     [-5.76601813e-09],
     [ 1.13140642e-09]]), 2.0363354164140612), (2.2201205982807135e-05, Vec([[-4.97384329e-07],
     [ 4.84034841e-09],
     [ 1.46324694e-09]]), 2.0218807769238447), (2.1738819646816827e-05, Vec([[-4.64008733e-07],
     [ 4.91793266e-09],
     [ 1.19724594e-09]]), 1.9928231030230081), (2.1501929164130514e-05, Vec([[-4.40891631e-07],
     [-4.32422929e-10],
     [-1.53878162e-09]]), 1.9922637832111336), (2.1077383152200127e-05, Vec([[-3.92672844e-07],
     [ 2.26021871e-09],
     [-2.58545794e-09]]), 1.9821845883531701), (2.0351971399028922e-05, Vec([[-3.39712436e-07],
     [-5.43526724e-09],
     [ 1.16313247e-09]]), 1.951049770083347), (2.0147146311900355e-05, Vec([[-2.82798576e-07],
     [-7.15704717e-09],
     [ 4.03695292e-09]]), 1.977697751294932), (1.9500363310731054e-05, Vec([[-2.24907003e-07],
     [-5.02867734e-09],
     [-1.60204092e-09]]), 1.969329813548068), (1.906869777858146e-05, Vec([[-1.48651813e-07],
     [ 1.79459493e-09],
     [-3.47089514e-09]]), 1.9910895049878907), (1.818561466621235e-05, Vec([[-7.44729712e-08],
     [ 8.48790286e-11],
     [-1.82140844e-09]]), 1.9738137059489895), (1.7585963406622553e-05, Vec([[1.69119397e-08],
     [1.36225302e-08],
     [1.29373705e-09]]), 1.995510449156549), (1.6836104089149e-05, Vec([[8.15147275e-08],
     [3.53903741e-10],
     [1.61545375e-09]]), 2.0098964792628133), (1.6243221136071748e-05, Vec([[ 1.55764609e-07],
     [-1.93338703e-09],
     [ 1.38262489e-09]]), 2.054358721224061), (1.5525942462977002e-05, Vec([[ 2.26352470e-07],
     [-2.09167270e-09],
     [ 1.66463756e-10]]), 2.096688671323692), (1.4741164890245351e-05, Vec([[ 2.75715885e-07],
     [-2.73301700e-09],
     [ 8.90661658e-11]]), 2.1446572967779294), (1.3925309445625497e-05, Vec([[ 3.25845991e-07],
     [ 2.09434791e-09],
     [-2.65536848e-10]]), 2.205391139092624), (1.3392158582080203e-05, Vec([[ 3.53441643e-07],
     [ 2.88142995e-09],
     [-1.40015260e-10]]), 2.2231368613084155), (1.4369156003383225e-05, Vec([[ 2.85992808e-07],
     [-6.99923123e-09],
     [-3.21329591e-10]]), 2.178086724771558), (1.5099106902191059e-05, Vec([[ 2.46337692e-07],
     [ 2.39538165e-09],
     [-1.12463473e-10]]), 2.113890311292153), (1.568553154064192e-05, Vec([[1.61483202e-07],
     [1.76632908e-09],
     [5.01365972e-10]]), 2.04779889895833), (1.6656784129446362e-05, Vec([[1.15065974e-07],
     [1.06635839e-08],
     [6.31575509e-10]]), 2.0448415265256936), (1.7330673633188624e-05, Vec([[ 3.09388979e-08],
     [-5.09787026e-09],
     [-1.03068106e-09]]), 2.015425976520636), (1.795939733493247e-05, Vec([[-4.71177110e-08],
     [ 1.64403480e-08],
     [-1.12115094e-09]]), 1.9915845733249995), (1.8430791465510373e-05, Vec([[-1.05694354e-07],
     [-8.55347038e-09],
     [ 9.61354546e-10]]), 1.9607306213853595), (1.918750972149007e-05, Vec([[-1.68769077e-07],
     [-2.86715965e-09],
     [ 1.67523757e-09]]), 1.9690747235457504), (1.9770649196824667e-05, Vec([[-2.38874637e-07],
     [ 1.76687121e-09],
     [ 5.61668742e-09]]), 1.9672952389673615), (2.0299245328390493e-05, Vec([[-3.28083131e-07],
     [ 1.46348314e-09],
     [ 2.24615469e-09]]), 1.9680442890257588), (2.07402350666497e-05, Vec([[-3.78218111e-07],
     [ 1.45213429e-08],
     [-4.11834626e-09]]), 1.9682017435610584), (2.1336481224473485e-05, Vec([[-4.30700712e-07],
     [ 7.93037782e-10],
     [-3.69301300e-09]]), 1.9906297911064368), (2.1679739000872547e-05, Vec([[-4.53142216e-07],
     [-4.58072789e-09],
     [ 3.04394304e-10]]), 1.9970100915295612), (2.1880810161874454e-05, Vec([[-4.85857763e-07],
     [ 3.55532903e-08],
     [-1.71702369e-09]]), 1.9982426933175883), (2.215626437588449e-05, Vec([[-4.72928287e-07],
     [ 3.88629019e-09],
     [-2.27425691e-09]]), 2.0142311303049865), (2.219329832918904e-05, Vec([[-4.88213709e-07],
     [ 3.28543450e-09],
     [ 4.66550095e-09]]), 2.0165817028181396), (2.2596990628977607e-05, Vec([[-4.69360622e-07],
     [-1.16438141e-08],
     [ 1.94421038e-11]]), 2.0605221622928904), (2.2449850908885394e-05, Vec([[-4.25890633e-07],
     [ 1.22038248e-08],
     [ 2.20874547e-10]]), 2.062703463894106), (2.2048880229385877e-05, Vec([[-3.84736905e-07],
     [ 2.98154851e-08],
     [-2.68432181e-09]]), 2.0497340035343767), (2.211196171814867e-05, Vec([[-3.32948013e-07],
     [-8.46144043e-09],
     [ 4.29499139e-10]]), 2.088619830737456), (2.169229851387037e-05, Vec([[-2.62081966e-07],
     [ 1.41794715e-08],
     [ 1.70708207e-09]]), 2.0909896723769714), (2.121493276327384e-05, Vec([[-1.94956105e-07],
     [-7.35745940e-09],
     [-4.94575772e-10]]), 2.096398318731881), (2.1080309146624652e-05, Vec([[-1.25136881e-07],
     [-8.82453955e-09],
     [ 2.12546949e-10]]), 2.14569123222129), (2.0134609565706004e-05, Vec([[-4.24914120e-08],
     [ 1.47089993e-08],
     [ 3.51559930e-10]]), 2.1217322897698523), (2.0347550349904206e-05, Vec([[3.90701384e-08],
     [2.08947047e-08],
     [1.87310506e-09]]), 2.144171430502522), (2.0816949122765463e-05, Vec([[ 1.12996634e-07],
     [-1.98045875e-08],
     [-4.84808169e-10]]), 2.118884732839248), (2.1458567193500717e-05, Vec([[1.94445678e-07],
     [1.77841525e-08],
     [3.36468927e-09]]), 2.120473568727347), (2.17770254505578e-05, Vec([[ 2.67768248e-07],
     [-1.41479568e-08],
     [-2.09831921e-09]]), 2.0991567713808994), (2.2051564785925252e-05, Vec([[3.26177125e-07],
     [5.79044213e-09],
     [1.94654816e-09]]), 2.0829149443069594), (2.2364440107878965e-05, Vec([[ 3.94678230e-07],
     [-2.42527170e-08],
     [-3.73067576e-09]]), 2.0790694530614884), (2.2422174809074977e-05, Vec([[ 4.33152570e-07],
     [-1.37074715e-09],
     [ 6.33390041e-09]]), 2.060160570082575), (2.232331573862679e-05, Vec([[ 4.65143409e-07],
     [ 2.68121621e-08],
     [-2.79274049e-09]]), 2.035566928824421), (2.2501580266413394e-05, Vec([[ 4.81540527e-07],
     [ 2.56471622e-08],
     [-1.85257333e-10]]), 2.0445935694949506), (2.241918812253141e-05, Vec([[ 4.98320292e-07],
     [-2.40975778e-09],
     [ 9.51414009e-10]]), 2.038133589059228), (2.1878209895193443e-05, Vec([[ 4.81835359e-07],
     [ 7.46740549e-10],
     [-6.60849359e-10]]), 1.9980052266123987), (2.159508275196403e-05, Vec([[4.59609008e-07],
     [9.22503458e-09],
     [1.78351971e-10]]), 1.989212055613422), (2.1112048893294927e-05, Vec([[4.42690294e-07],
     [3.09253846e-08],
     [4.14485396e-09]]), 1.969690926828335), (2.076572933579141e-05, Vec([[3.95249327e-07],
     [1.11907387e-08],
     [6.91374034e-09]]), 1.9706210924649772), (2.0333710386381227e-05, Vec([[3.21039562e-07],
     [1.32735792e-08],
     [9.35483755e-10]]), 1.971385731500705), (1.9559023169308706e-05, Vec([[2.53353166e-07],
     [6.70004012e-09],
     [3.74498796e-09]]), 1.9462372113715554), (1.9096875290538608e-05, Vec([[ 1.74848728e-07],
     [-1.30817278e-08],
     [-2.68170129e-09]]), 1.9597735703653778), (1.8382244506243253e-05, Vec([[9.84178712e-08],
     [2.37407995e-08],
     [1.40981396e-09]]), 1.9555660298490547), (1.810776727752261e-05, Vec([[ 2.53950019e-08],
     [-6.21064489e-09],
     [ 2.04339427e-09]]), 2.0080378697968637), (1.726386104706429e-05, Vec([[-1.99370663e-08],
     [-9.36103699e-09],
     [ 3.39792815e-09]]), 2.007656179195756), (1.6429306800249402e-05, Vec([[-1.08115938e-07],
     [ 1.25967556e-08],
     [ 1.53339899e-09]]), 2.016915662477136), (1.5729404290963742e-05, Vec([[-1.60629029e-07],
     [-2.07328560e-09],
     [ 5.34324257e-11]]), 2.0535266340733633), (1.5166770299828142e-05, Vec([[-2.30525150e-07],
     [ 9.27661271e-10],
     [ 3.06208306e-10]]), 2.123363255726593), (1.4304252995168681e-05, Vec([[-3.03576625e-07],
     [-1.35574330e-09],
     [ 2.10798890e-11]]), 2.168248681357138), (1.3507051311105079e-05, Vec([[-3.58406422e-07],
     [-7.31659571e-09],
     [-1.92067837e-10]]), 2.242209384936779), (1.3932677067552265e-05, Vec([[-3.14620770e-07],
     [ 7.82505319e-10],
     [-5.80106607e-10]]), 2.206557970478089), (1.462952723436318e-05, Vec([[-2.79473353e-07],
     [ 2.33824531e-09],
     [ 2.26515012e-10]]), 2.1284153976427205), (1.5459155701036773e-05, Vec([[-2.04197911e-07],
     [-1.01748853e-08],
     [ 6.53888487e-10]]), 2.0876695056602648), (1.6182468240713037e-05, Vec([[-1.35592750e-07],
     [-4.76402051e-09],
     [ 9.33354310e-10]]), 2.046675008777234), (1.699117659199022e-05, Vec([[-8.42033643e-08],
     [ 5.86767823e-09],
     [-3.07013536e-10]]), 2.028409056509941), (1.7560965839889276e-05, Vec([[-2.65132824e-08],
     [ 1.04962181e-08],
     [ 8.80318269e-10]]), 1.9926739309365151), (1.8223132786951788e-05, Vec([[ 6.64415832e-08],
     [ 3.21246861e-09],
     [-2.96646154e-09]]), 1.977885813617395), (1.870303624678533e-05, Vec([[1.26833765e-07],
     [1.01481907e-08],
     [7.34964934e-10]]), 1.9529083535117344), (1.9359106686845592e-05, Vec([[ 1.98251064e-07],
     [-4.95404820e-09],
     [ 2.31186678e-09]]), 1.9550643931378906), (1.9902808653969978e-05, Vec([[2.77857435e-07],
     [1.53435310e-08],
     [3.13016354e-09]]), 1.953712913483925), (2.0323219996113613e-05, Vec([[ 3.28640381e-07],
     [-2.40720371e-09],
     [ 3.74123002e-09]]), 1.948293505496115), (2.088295579902659e-05, Vec([[ 3.91656925e-07],
     [-1.92002672e-08],
     [ 3.55959525e-09]]), 1.9639000176248236), (2.132984118270576e-05, Vec([[ 4.29219162e-07],
     [ 6.09740588e-09],
     [-7.27002366e-10]]), 1.9763189509915973), (2.1849691988505858e-05, Vec([[ 4.53587874e-07],
     [-6.67580424e-09],
     [ 3.63573226e-09]]), 2.002986900671355), (2.2143837669852477e-05, Vec([[ 4.96524233e-07],
     [-1.49298674e-08],
     [ 2.56773782e-09]]), 2.0166562008689493), (2.2310718955258068e-05, Vec([[ 4.83997768e-07],
     [ 8.95709468e-09],
     [-5.78614932e-09]]), 2.02674082654517), (2.245426381627391e-05, Vec([[4.92538036e-07],
     [3.22505997e-08],
     [3.30888523e-10]]), 2.0428654744824), (2.255543476682254e-05, Vec([[ 4.37099088e-07],
     [-5.19084545e-09],
     [ 9.00383768e-11]]), 2.0634995638145424), (2.2505473709402886e-05, Vec([[ 4.07701505e-07],
     [-1.26470967e-09],
     [ 1.13751987e-09]]), 2.0788787351275215), (2.2099678965862804e-05, Vec([[ 3.54562774e-07],
     [ 1.23316515e-08],
     [-3.14139631e-09]]), 2.0697839698766236), (2.1883211593885944e-05, Vec([[ 3.00077293e-07],
     [-1.03421614e-08],
     [ 1.09643204e-09]]), 2.086936402826212), (2.166428312590108e-05, Vec([[ 2.29402602e-07],
     [-1.19745556e-08],
     [-1.48606286e-09]]), 2.1131550564359736), (2.1194911074452952e-05, Vec([[ 1.59499558e-07],
     [ 1.50334161e-09],
     [-5.34590502e-10]]), 2.1243521350971712), (2.087757789998606e-05, Vec([[ 7.83339900e-08],
     [-1.61694754e-09],
     [-7.25989654e-10]]), 2.160801983879827), (2.0026910378326124e-05, Vec([[5.31431565e-09],
     [1.32361060e-09],
     [5.82366292e-10]]), 2.1516051353755494)]