[(2.011306891966665e-05, array([[ 2.94483886e-09],
       [-1.60589290e-08],
       [-5.57079635e-10]]), 2.1608616385756325), (2.041439598170007e-05, array([[-5.87160331e-08],
       [ 2.10449339e-08],
       [-1.20410309e-10]]), 2.1128632616427856), (2.11599036338319e-05, array([[-1.12167747e-07],
       [-2.46779656e-08],
       [-4.47311182e-10]]), 2.120843362120186), (2.1820294423003208e-05, array([[-1.60831117e-07],
       [-1.14873499e-08],
       [ 1.96448369e-09]]), 2.12837254872116), (2.1837330958897553e-05, array([[-1.86990589e-07],
       [ 1.70972965e-08],
       [ 3.53201369e-09]]), 2.082560903968046), (2.2366028921638253e-05, array([[-2.06716656e-07],
       [ 1.24927905e-08],
       [-4.38418504e-11]]), 2.094729439432672), (2.2379927320336137e-05, array([[-2.36130081e-07],
       [-1.02574719e-08],
       [-9.56073569e-10]]), 2.067281746684934), (2.2303854752725074e-05, array([[-2.38259632e-07],
       [ 3.82432888e-09],
       [-4.20797688e-09]]), 2.0404835920666518), (2.2615168755317218e-05, array([[-2.58605330e-07],
       [-1.05478552e-08],
       [-2.04743943e-09]]), 2.0575044378140337), (2.2349496728487043e-05, array([[-2.48158366e-07],
       [ 7.28180365e-09],
       [ 4.46892078e-09]]), 2.0302634605007714), (2.2200579093122512e-05, array([[-2.22654207e-07],
       [-2.21007965e-08],
       [-3.82178465e-09]]), 2.0218236856017078), (2.2162476514724698e-05, array([[-2.04284504e-07],
       [ 1.12504831e-08],
       [ 2.90819942e-10]]), 2.0316602251776508), (2.1718920842374904e-05, array([[-1.56137589e-07],
       [-1.99778969e-09],
       [ 5.47170862e-09]]), 2.0123691727566295), (2.1343557417753484e-05, array([[-1.10528396e-07],
       [ 1.40987200e-08],
       [ 4.77163509e-09]]), 2.0072164684108715), (2.0875489926456472e-05, array([[-5.06661465e-08],
       [ 7.77087276e-09],
       [-3.03412214e-09]]), 2.0012370803220314), (2.0348374429813756e-05, array([[ 1.43660272e-08],
       [-2.25465464e-08],
       [ 1.15126006e-09]]), 1.9974508413918446), (1.9873212063849256e-05, array([[ 8.81781796e-08],
       [-1.65221384e-08],
       [-6.82720465e-10]]), 2.006983582032261), (1.91325886755827e-05, array([[ 1.63004458e-07],
       [ 1.46790163e-09],
       [-1.05569643e-09]]), 1.997760778294572), (1.8896093439908273e-05, array([[ 2.52627356e-07],
       [-1.88914331e-08],
       [ 3.16963568e-09]]), 2.0509270049518737), (1.797591476915246e-05, array([[ 3.10363910e-07],
       [ 4.33860339e-09],
       [-6.14836188e-10]]), 2.0397589216797103), (1.7330214171251712e-05, array([[ 3.89532544e-07],
       [-1.63576104e-08],
       [-9.28571910e-10]]), 2.0688834105105576), (1.653078648535961e-05, array([[ 4.06647412e-07],
       [ 6.92893775e-09],
       [-7.02998030e-10]]), 2.0907285014716153), (1.56045619057265e-05, array([[ 4.96912543e-07],
       [ 6.00215785e-09],
       [-1.92202977e-10]]), 2.1073057720473183), (1.5027803697083894e-05, array([[ 5.69486634e-07],
       [-1.72115711e-09],
       [-1.78919147e-09]]), 2.1863597004348345), (1.3929763388452185e-05, array([[ 6.07410246e-07],
       [-4.80334972e-09],
       [-3.66675767e-11]]), 2.206096522774212), (1.3612003047731458e-05, array([[ 6.19099294e-07],
       [-1.24769672e-08],
       [ 2.13697463e-10]]), 2.259631675221232), (1.4537682909139824e-05, array([[ 5.84712335e-07],
       [-2.62494089e-09],
       [ 4.45505271e-10]]), 2.2036321511075827), (1.5396611489475154e-05, array([[ 5.15710479e-07],
       [ 2.91446830e-09],
       [-3.03994791e-10]]), 2.155541255861169), (1.6281997098993147e-05, array([[4.81341874e-07],
       [1.61256593e-09],
       [1.98796239e-09]]), 2.12566948373854), (1.6857981687040738e-05, array([[ 4.06959183e-07],
       [-6.93023232e-10],
       [-2.06164529e-09]]), 2.069541199500215), (1.768528195817044e-05, array([[ 3.35323009e-07],
       [-1.02344233e-08],
       [ 7.62340027e-10]]), 2.0566642367744192), (1.8509711149438062e-05, array([[ 2.50018476e-07],
       [-1.82433176e-09],
       [-2.40427986e-10]]), 2.0526109253243052), (1.8924782527747194e-05, array([[ 2.01317171e-07],
       [-9.99933035e-09],
       [-3.87246915e-09]]), 2.013283079820524), (1.9583047561878313e-05, array([[ 1.38634967e-07],
       [-1.28017917e-09],
       [ 2.83048980e-09]]), 2.009665898482957), (2.009774321346402e-05, array([[ 4.87322114e-08],
       [ 2.14347230e-08],
       [-2.03399421e-09]]), 1.9998430068844943), (2.0900313682252285e-05, array([[-2.44016660e-08],
       [ 9.59765752e-10],
       [-4.43559178e-09]]), 2.026318826920889), (2.1194097328047613e-05, array([[-7.04821873e-08],
       [ 4.09133639e-09],
       [-3.45512282e-09]]), 2.01127225319363), (2.1626367058470345e-05, array([[-1.16058067e-07],
       [ 1.26175463e-09],
       [ 1.66616356e-09]]), 2.017675271150822), (2.1923882322653328e-05, array([[-1.54425466e-07],
       [ 1.09218988e-08],
       [-6.70289559e-09]]), 2.019499138900295), (2.2166643773217194e-05, array([[-1.94524032e-07],
       [-1.57991696e-08],
       [ 5.91449371e-09]]), 2.024346156632919), (2.2220512589165772e-05, array([[-2.38282729e-07],
       [-9.86997915e-09],
       [ 3.47721329e-09]]), 2.0200719502673303), (2.2451725655246808e-05, array([[-2.50367244e-07],
       [-7.46919476e-09],
       [-9.51548594e-10]]), 2.0400635579938027), (2.23767866364938e-05, array([[-2.57725305e-07],
       [-2.37253026e-09],
       [ 3.73667772e-10]]), 2.040442709493702), (2.2265335407838792e-05, array([[-2.45518137e-07],
       [ 1.76016165e-09],
       [ 7.38588854e-10]]), 2.04575008791421), (2.231642058538218e-05, array([[-2.14998310e-07],
       [ 1.20634925e-08],
       [ 1.04892976e-10]]), 2.0746054055873686), (2.189581625563713e-05, array([[-1.92302263e-07],
       [ 6.89968727e-10],
       [-2.49113787e-09]]), 2.068203473967311), (2.167188429736047e-05, array([[-1.59072454e-07],
       [-9.98508043e-10],
       [-5.25345924e-10]]), 2.089021881095444), (2.1331199538973543e-05, array([[-1.31375962e-07],
       [-2.17024955e-08],
       [ 2.16005888e-09]]), 2.1078874653542634), (2.102832472012276e-05, array([[-7.89699200e-08],
       [-1.92867708e-08],
       [-5.45450164e-10]]), 2.1403999185417164), (2.0255356247471713e-05, array([[-2.55698262e-08],
       [-2.11433044e-08],
       [ 1.66945392e-09]]), 2.134456258056837), (2.0307865977658418e-05, array([[ 3.20859823e-08],
       [-1.49267714e-09],
       [-1.08980291e-10]]), 2.1399895955521915), (2.0986675634172377e-05, array([[8.15046735e-08],
       [1.50691866e-08],
       [1.27773711e-09]]), 2.13616060317247), (2.1261785714807478e-05, array([[ 1.22423015e-07],
       [ 8.84183517e-09],
       [-2.48663863e-09]]), 2.1010281919404714), (2.1838324673998647e-05, array([[1.67306592e-07],
       [3.11940903e-08],
       [3.89015504e-09]]), 2.105065598564777), (2.2089459507671064e-05, array([[ 1.96219018e-07],
       [-1.86463727e-08],
       [-8.38941463e-10]]), 2.0864943493514976), (2.2215284911856694e-05, array([[ 2.26772034e-07],
       [ 2.71121600e-09],
       [-4.67619342e-09]]), 2.065203511847693), (2.2371710125049218e-05, array([[2.59649989e-07],
       [5.48312098e-09],
       [1.97561993e-09]]), 2.055523849822528), (2.2529608006505806e-05, array([[2.54391131e-07],
       [1.89610390e-08],
       [4.52161663e-09]]), 2.0543778314288272), (2.2278147666272682e-05, array([[ 2.44011933e-07],
       [ 3.63764225e-10],
       [-4.07014792e-10]]), 2.02429149061629), (2.2402806220055438e-05, array([[ 2.39938058e-07],
       [-5.97044842e-09],
       [-1.23573074e-09]]), 2.036644306507759), (2.2101384173824975e-05, array([[ 2.17966722e-07],
       [ 1.04534713e-08],
       [-2.15411537e-09]]), 2.0183863902124988), (2.173815274162091e-05, array([[ 1.61029386e-07],
       [-8.70762045e-11],
       [ 3.74565978e-10]]), 2.002390821885853), (2.1590112903807717e-05, array([[ 1.14044895e-07],
       [-4.97416281e-09],
       [ 3.92266857e-09]]), 2.0142928671094253), (2.1208201177496002e-05, array([[ 8.61240067e-08],
       [ 1.43929391e-09],
       [-6.43510644e-10]]), 2.012610676841483), (2.0719822263911968e-05, array([[ 1.85555081e-08],
       [-1.16321893e-08],
       [-1.30359727e-09]]), 2.0088198953430734), (2.00934444138931e-05, array([[-8.00679656e-08],
       [ 6.47343186e-09],
       [-7.25436286e-10]]), 1.9994152511823442), (1.9445787870552786e-05, array([[-1.26088887e-07],
       [-4.62123687e-09],
       [ 2.42622272e-09]]), 1.9955799335675584), (1.8810874919443306e-05, array([[-1.80046154e-07],
       [ 2.01526930e-09],
       [-4.16420726e-09]]), 2.001165198934718), (1.846293662163819e-05, array([[-2.72323991e-07],
       [ 5.14282225e-09],
       [-4.33541495e-09]]), 2.0474239234303395), (1.7687307779905713e-05, array([[-3.35329310e-07],
       [-1.22844371e-08],
       [ 2.22314101e-10]]), 2.0568998244864423), (1.6942696486638475e-05, array([[-3.86912891e-07],
       [-9.46865548e-09],
       [-4.59253717e-10]]), 2.079941066532323), (1.634488306896813e-05, array([[-5.01286642e-07],
       [ 1.73880519e-10],
       [-2.85817671e-09]]), 2.1338794586278844), (1.5545646765242153e-05, array([[-5.48565018e-07],
       [ 6.24189760e-09],
       [-9.82130816e-10]]), 2.1764063459307614), (1.4818836058914375e-05, array([[-5.75128062e-07],
       [ 4.33776973e-09],
       [ 9.10558346e-10]]), 2.246249542345277), (1.3669491243063206e-05, array([[-6.26879098e-07],
       [-5.89140950e-09],
       [ 6.74065537e-10]]), 2.26917488107179), (1.426168795639357e-05, array([[-6.17543225e-07],
       [-8.14597559e-09],
       [-9.45586506e-12]]), 2.258664367233498), (1.4896093224790097e-05, array([[-5.46483438e-07],
       [-3.67409748e-09],
       [ 3.15791207e-10]]), 2.1671974546035133), (1.5592710032679593e-05, array([[-4.83841800e-07],
       [ 1.57595178e-09],
       [ 6.39245964e-10]]), 2.1057052451865097), (1.658811087744397e-05, array([[-4.62032126e-07],
       [-2.30809504e-09],
       [ 2.54273878e-10]]), 2.0979785945307956), (1.724077537485243e-05, array([[-3.79319505e-07],
       [-1.50124121e-08],
       [-1.01895831e-09]]), 2.058206194389741), (1.7834261648518043e-05, array([[-3.25325798e-07],
       [-3.43112165e-09],
       [-2.57853015e-09]]), 2.0236852909183076), (1.844165218157337e-05, array([[-2.40077058e-07],
       [-1.36280952e-08],
       [-4.02974651e-09]]), 2.0016032729409514), (1.9206731811270188e-05, array([[-1.80212987e-07],
       [-8.78898961e-09],
       [ 4.14888345e-11]]), 2.005502556000026), (1.981322009944201e-05, array([[-9.35010738e-08],
       [-4.70104621e-09],
       [ 2.40754093e-09]]), 2.000925030086437), (2.030352150907161e-05, array([[-3.85540357e-08],
       [-8.55735299e-09],
       [ 5.51814452e-10]]), 1.9930479587643262), (2.1022022917749007e-05, array([[4.95889025e-08],
       [6.48833089e-09],
       [2.85314537e-09]]), 2.0152845233616064), (2.1261388225784675e-05, array([[ 1.06346328e-07],
       [-1.12048760e-08],
       [ 1.53048164e-09]]), 1.9994890145432893), (2.1536170654217678e-05, array([[ 1.62412545e-07],
       [ 1.87926123e-09],
       [-9.31238800e-11]]), 1.995436432514512), (2.2106443340440583e-05, array([[ 1.98895594e-07],
       [ 1.63822349e-08],
       [-4.51374034e-09]]), 2.026523598347709), (2.2280282695914607e-05, array([[ 2.14648744e-07],
       [-1.28339883e-08],
       [-1.63154073e-09]]), 2.029082353552526), (2.2307333474277856e-05, array([[ 2.40163698e-07],
       [ 2.86726763e-08],
       [-1.30637578e-09]]), 2.026433284124244), (2.2405435945676547e-05, array([[2.47078506e-07],
       [1.76176118e-09],
       [3.42656460e-09]]), 2.0384231658032106), (2.2216922600040868e-05, array([[2.35861732e-07],
       [2.22573257e-09],
       [4.41402955e-09]]), 2.032530543898891), (2.2438085823462243e-05, array([[ 2.41008534e-07],
       [-5.72974683e-09],
       [-2.06128064e-09]]), 2.07265397199229), (2.2089722360680632e-05, array([[2.16666019e-07],
       [1.47341207e-08],
       [8.70882289e-10]]), 2.0688514666564513), (2.1958119970385845e-05, array([[ 2.04382520e-07],
       [ 1.95556148e-08],
       [-1.61216033e-09]]), 2.094080190524994), (2.1468427288597735e-05, array([[ 1.51133361e-07],
       [-2.02199721e-08],
       [ 6.42321092e-10]]), 2.0940510892968422), (2.109182930044095e-05, array([[ 1.04561154e-07],
       [ 2.99792303e-08],
       [-2.18633461e-09]]), 2.114020316013676), (2.056285056686691e-05, array([[5.50184697e-08],
       [8.56476088e-09],
       [5.16078353e-10]]), 2.128228116880364), (1.9862293289675258e-05, array([[-3.65739059e-09],
       [-1.61528272e-08],
       [ 3.13138626e-10]]), 2.1339193832240295)]