[(1.993776267637708e-05, Vec([[-1.52396492e-09],
     [ 2.41908399e-09],
     [ 4.34231536e-10]]), 2.1420274896130715), (2.0612902781463296e-05, Vec([[-8.37310418e-08],
     [ 1.97143677e-08],
     [ 7.35216897e-10]]), 2.133408455572695), (2.1206477231234636e-05, Vec([[-1.61035568e-07],
     [-2.13388071e-08],
     [-1.41780568e-09]]), 2.125511403459643), (2.152949041343165e-05, Vec([[-2.28879755e-07],
     [ 3.35198920e-08],
     [ 3.70589217e-09]]), 2.100007245346626), (2.1970274767220323e-05, Vec([[-3.01319581e-07],
     [-7.50181700e-09],
     [-6.75398587e-10]]), 2.0952393571251067), (2.22805152747094e-05, Vec([[-3.57219255e-07],
     [-2.22554016e-08],
     [-4.72743942e-09]]), 2.0867205097150765), (2.2383896400727686e-05, Vec([[-4.29761534e-07],
     [ 6.99026763e-09],
     [ 1.09270031e-10]]), 2.0676483791286904), (2.2220470004819536e-05, Vec([[-4.53318352e-07],
     [-6.84205468e-09],
     [ 1.14751289e-11]]), 2.032855080680786), (2.273310919298483e-05, Vec([[-4.86657313e-07],
     [-1.92954726e-08],
     [-7.46606902e-10]]), 2.068234535675532), (2.2514113537513607e-05, Vec([[-5.12349119e-07],
     [-2.49928330e-09],
     [-1.67709463e-09]]), 2.0452175105364874), (2.2159454504702577e-05, Vec([[-4.88633979e-07],
     [-3.54752694e-10],
     [ 2.69457842e-09]]), 2.0180784379404066), (2.1700036277993744e-05, Vec([[-4.76908750e-07],
     [ 2.02550173e-08],
     [ 3.55584620e-09]]), 1.9892677860987513), (2.137662494949586e-05, Vec([[-4.24706489e-07],
     [ 2.14801585e-08],
     [ 3.16142491e-09]]), 1.9806537064224528), (2.106159695495785e-05, Vec([[-3.90891458e-07],
     [ 1.13439036e-08],
     [ 1.29470589e-09]]), 1.9807000038268847), (2.066758840017806e-05, Vec([[-3.30276031e-07],
     [-1.33124459e-08],
     [-5.47608385e-09]]), 1.9813065184569125), (1.9968717453561634e-05, Vec([[-2.77405812e-07],
     [ 5.05586328e-09],
     [ 3.02504019e-09]]), 1.9601826974783934), (1.9195379235826405e-05, Vec([[-2.05952892e-07],
     [ 6.20911151e-09],
     [-3.82261163e-09]]), 1.9385296575819184), (1.8866558834714098e-05, Vec([[-1.15562496e-07],
     [ 7.47231779e-09],
     [-9.33195829e-10]]), 1.9699828340260321), (1.7923572342391787e-05, Vec([[-6.66542503e-08],
     [-1.06551135e-08],
     [ 2.98131856e-09]]), 1.9453723945174481), (1.7494661285843974e-05, Vec([[ 2.98500890e-08],
     [ 4.90480912e-09],
     [-8.96866332e-11]]), 1.9851502356253872), (1.6899487028471546e-05, Vec([[ 8.30034943e-08],
     [-2.75294326e-09],
     [ 5.84388373e-10]]), 2.017463143493158), (1.6182773560242855e-05, Vec([[1.61790045e-07],
     [1.20127606e-09],
     [2.77192964e-10]]), 2.0467136240145445), (1.557005372731132e-05, Vec([[ 2.16548352e-07],
     [ 2.06673716e-09],
     [-1.62100847e-09]]), 2.102645642272675), (1.4947456639978323e-05, Vec([[ 2.74973414e-07],
     [ 1.26400443e-09],
     [-4.06260722e-10]]), 2.174670196682649), (1.3987676689864762e-05, Vec([[ 3.25584441e-07],
     [-1.69720871e-09],
     [-1.04801408e-10]]), 2.215268418183044), (1.3388696517014024e-05, Vec([[3.45160038e-07],
     [4.65244709e-09],
     [5.18112230e-10]]), 2.222562148545144), (1.4462426773347649e-05, Vec([[3.01155210e-07],
     [1.15029504e-08],
     [1.02438613e-09]]), 2.1922247733682116), (1.520816659649001e-05, Vec([[ 2.34849163e-07],
     [-1.23710787e-08],
     [-2.04002417e-10]]), 2.1291587793296625), (1.5854042488958103e-05, Vec([[1.65958417e-07],
     [2.75672795e-08],
     [2.22611301e-09]]), 2.069798570026549), (1.6698163802565287e-05, Vec([[ 8.20074710e-08],
     [ 5.00422234e-09],
     [-1.31113932e-09]]), 2.0499214311033156), (1.737310085114868e-05, Vec([[ 4.30290517e-08],
     [-8.58070918e-09],
     [ 1.91954486e-09]]), 2.020359940369822), (1.8104587227304273e-05, Vec([[-5.65915178e-08],
     [-1.02612516e-08],
     [-1.75112345e-09]]), 2.007685222164032), (1.8437206051865494e-05, Vec([[-8.89520610e-08],
     [-2.22647695e-09],
     [ 4.99175588e-11]]), 1.9614130270169101), (1.9241515990699747e-05, Vec([[-1.83849679e-07],
     [-1.52283738e-08],
     [-8.03020949e-10]]), 1.97461699459381), (1.9777821165342752e-05, Vec([[-2.50711526e-07],
     [-9.74753015e-09],
     [ 8.65197807e-10]]), 1.9680088917856977), (2.017261005826861e-05, Vec([[-3.23014006e-07],
     [ 1.18086366e-08],
     [ 4.24673760e-09]]), 1.9557667971229422), (2.0740196415421926e-05, Vec([[-3.89093756e-07],
     [-1.70533578e-08],
     [ 3.86358110e-09]]), 1.968198075646319), (2.121112126106319e-05, Vec([[-4.23582888e-07],
     [ 7.29181397e-09],
     [ 6.15463646e-10]]), 1.9789340819990553), (2.1628191607269856e-05, Vec([[-4.65071654e-07],
     [-7.31721095e-09],
     [ 4.17684982e-09]]), 1.9922618487018926), (2.1766822663278707e-05, Vec([[-4.88897028e-07],
     [-2.05874103e-08],
     [ 5.68405685e-09]]), 1.9878329011520597), (2.2055484110061095e-05, Vec([[-4.73851752e-07],
     [-4.80273457e-09],
     [-1.64175799e-09]]), 2.0050691729777923), (2.2256994093954715e-05, Vec([[-4.81670001e-07],
     [ 1.90660100e-08],
     [-4.94669956e-09]]), 2.022369383038909), (2.225217015547886e-05, Vec([[-4.54786075e-07],
     [-8.15210671e-09],
     [ 9.95610535e-10]]), 2.0290794697980163), (2.2353121389308776e-05, Vec([[-4.39072843e-07],
     [-1.89091074e-09],
     [ 2.56454626e-10]]), 2.0538159075401112), (2.2441886130095273e-05, Vec([[-3.85861991e-07],
     [ 1.26098811e-08],
     [-5.72571242e-09]]), 2.086269081501742), (2.1914282966617017e-05, Vec([[-3.45205363e-07],
     [-1.63892575e-08],
     [ 1.06144120e-09]]), 2.0699477759542955), (2.1631944869234615e-05, Vec([[-2.58470728e-07],
     [-3.53814810e-08],
     [ 8.65863925e-10]]), 2.085171992542676), (2.1499680298653804e-05, Vec([[-1.96045705e-07],
     [-1.16570884e-08],
     [ 2.18256281e-09]]), 2.124536246911743), (2.0818354697294003e-05, Vec([[-1.17839696e-07],
     [-4.50486069e-09],
     [-3.58863079e-10]]), 2.1190278013740187), (2.018469584886036e-05, Vec([[-3.89153134e-08],
     [ 2.57345437e-08],
     [-7.82353477e-10]]), 2.1270102507800406), (2.033575858777715e-05, Vec([[ 4.49062406e-08],
     [-2.80749921e-10],
     [ 1.99377324e-09]]), 2.1429288455705113), (2.0936099939122608e-05, Vec([[1.21331410e-07],
     [4.05764148e-08],
     [3.91765677e-09]]), 2.131012679359922), (2.1589186488410038e-05, Vec([[ 2.01775050e-07],
     [-2.11319881e-08],
     [-3.73969819e-10]]), 2.1333809898018026), (2.1769509061121765e-05, Vec([[2.66420112e-07],
     [2.24893438e-08],
     [4.27562627e-09]]), 2.098432242688181), (2.1884986803889846e-05, Vec([[ 3.33278998e-07],
     [ 9.06877166e-09],
     [-2.46457061e-09]]), 2.0671805612124996), (2.2297184062670782e-05, Vec([[ 3.88005232e-07],
     [-2.90205762e-08],
     [-7.04600955e-10]]), 2.072817117279704), (2.2477283080528164e-05, Vec([[ 4.24717930e-07],
     [-1.20399733e-08],
     [-3.73082619e-09]]), 2.0652239454643113), (2.229756154122609e-05, Vec([[ 4.61647603e-07],
     [-3.61734308e-08],
     [-6.04592292e-09]]), 2.033218514586989), (2.2388263790552644e-05, Vec([[ 4.99076908e-07],
     [ 9.61752305e-09],
     [-2.42556732e-09]]), 2.034297130972873), (2.2069464125273233e-05, Vec([[4.91278713e-07],
     [1.24424003e-08],
     [3.18606000e-09]]), 2.0063400994013394), (2.209599988007358e-05, Vec([[ 4.97237015e-07],
     [-1.51069879e-09],
     [-1.85679298e-09]]), 2.0178946750717968), (2.1687446411563217e-05, Vec([[ 4.65498641e-07],
     [-2.65860852e-08],
     [-9.09724689e-09]]), 1.9977200528869477), (2.1142765240284786e-05, Vec([[ 4.14973856e-07],
     [ 7.48360039e-09],
     [-8.22278230e-10]]), 1.9725566700007298), (2.0821776595526136e-05, Vec([[ 3.82737031e-07],
     [ 6.72848373e-10],
     [-3.32990075e-09]]), 1.975939851581121), (2.033137235683997e-05, Vec([[ 3.27098350e-07],
     [-5.18172553e-09],
     [ 5.11324808e-10]]), 1.9711590557986378), (1.970156638845306e-05, Vec([[ 2.58246121e-07],
     [-1.53819414e-08],
     [-3.56694132e-09]]), 1.960421095450324), (1.9234861237594156e-05, Vec([[1.67878898e-07],
     [8.44867104e-09],
     [1.14289247e-09]]), 1.9739340656300288), (1.848141588117398e-05, Vec([[ 9.81963809e-08],
     [-1.80528208e-08],
     [ 1.44146697e-09]]), 1.9661162198371211), (1.7851525581568365e-05, Vec([[ 3.47614385e-08],
     [ 4.76395638e-09],
     [-2.51170217e-09]]), 1.9796222721469092), (1.7218074589832307e-05, Vec([[-2.51697877e-08],
     [-1.03875413e-08],
     [ 2.15359681e-09]]), 2.0023315612823773), (1.6575943029772296e-05, Vec([[-1.15986509e-07],
     [ 3.57517534e-09],
     [-3.31733251e-10]]), 2.034917207618823), (1.5741460041644946e-05, Vec([[-1.91806625e-07],
     [ 7.77680571e-10],
     [ 4.23584394e-10]]), 2.0551005528728075), (1.5000865947429931e-05, Vec([[-2.20033108e-07],
     [ 5.22990275e-09],
     [ 6.13337221e-10]]), 2.1001364777848535), (1.419335275728031e-05, Vec([[-2.94077752e-07],
     [-5.00076079e-09],
     [ 6.40892244e-10]]), 2.151438345672718), (1.353633830536272e-05, Vec([[-3.58389014e-07],
     [-5.13092728e-09],
     [-4.26893365e-10]]), 2.2470711102585064), (1.3835436907285912e-05, Vec([[-3.17424349e-07],
     [-8.91370007e-10],
     [ 9.63201778e-11]]), 2.191157767800171), (1.4752452756402721e-05, Vec([[-2.76464593e-07],
     [ 3.70660794e-09],
     [ 2.21741018e-10]]), 2.146299541790432), (1.5674961551668142e-05, Vec([[-2.26549194e-07],
     [-5.02143820e-09],
     [ 1.08999567e-09]]), 2.1168128367851313), (1.613633180840306e-05, Vec([[-1.52748690e-07],
     [ 1.09454930e-09],
     [ 1.25720375e-10]]), 2.0408399110901327), (1.6920602214407133e-05, Vec([[-9.60983178e-08],
     [-2.55614938e-09],
     [-2.48498534e-09]]), 2.019983877366398), (1.750705620875314e-05, Vec([[-5.01834166e-09],
     [ 3.63573530e-09],
     [ 1.69525913e-09]]), 1.986556709505142), (1.8083672988637873e-05, Vec([[ 5.60179119e-08],
     [ 1.78001382e-08],
     [-1.01064040e-10]]), 1.9627492528580646), (1.860757576553594e-05, Vec([[ 1.32368486e-07],
     [-5.83304921e-09],
     [-7.95208038e-10]]), 1.9429406900370818), (1.913069167791663e-05, Vec([[ 1.97485190e-07],
     [ 5.40597599e-09],
     [-1.00945390e-09]]), 1.9319969005082474), (2.0101553492314345e-05, Vec([[2.88594967e-07],
     [6.33081859e-09],
     [9.97622381e-10]]), 1.9732222382185634), (2.0591783738175568e-05, Vec([[3.47382646e-07],
     [2.55050447e-09],
     [6.03564916e-09]]), 1.9740394746176961), (2.1238172776030203e-05, Vec([[4.04348620e-07],
     [1.50830112e-08],
     [1.61849014e-09]]), 1.9973057593268937), (2.1458247339154827e-05, Vec([[ 4.30265920e-07],
     [-1.21619477e-09],
     [-2.12749026e-10]]), 1.9882164385650176), (2.197569751642095e-05, Vec([[ 4.65776293e-07],
     [ 1.24518086e-08],
     [-8.08349779e-09]]), 2.0145379752567028), (2.1985792464088735e-05, Vec([[4.87980244e-07],
     [2.89074476e-09],
     [7.66993660e-09]]), 2.002262903330692), (2.242122345476683e-05, Vec([[ 4.98236956e-07],
     [-4.38690318e-09],
     [-1.52221782e-09]]), 2.0367792292125375), (2.23394256496814e-05, Vec([[ 4.83651136e-07],
     [-4.61694935e-09],
     [-1.71026244e-09]]), 2.0324176180038154), (2.2530629293040945e-05, Vec([[ 4.48656474e-07],
     [-1.79454705e-08],
     [ 4.22006713e-09]]), 2.0612302178738546), (2.2689882414077825e-05, Vec([[ 4.15544125e-07],
     [-1.84755686e-08],
     [ 1.20695784e-09]]), 2.095912961541559), (2.2303743487629392e-05, Vec([[ 3.67791266e-07],
     [ 1.14817819e-09],
     [-1.07771381e-09]]), 2.0888959885003087), (2.18744924794984e-05, Vec([[3.01580252e-07],
     [3.99095960e-09],
     [1.50807540e-09]]), 2.086104886979568), (2.1727214881300003e-05, Vec([[ 2.32285526e-07],
     [-2.48954576e-09],
     [ 2.65347684e-09]]), 2.1192934805120807), (2.1221421932955807e-05, Vec([[ 1.66530388e-07],
     [-3.56430796e-08],
     [ 1.39242916e-09]]), 2.12700930118133), (2.06312926552615e-05, Vec([[ 7.74277819e-08],
     [ 1.35291684e-08],
     [-1.13170783e-09]]), 2.1353117834384476), (2.0032221702349947e-05, Vec([[ 9.38680837e-09],
     [ 8.38249601e-09],
     [-1.28190471e-09]]), 2.1521757611899868)]