[(2.011120983264939e-05, array([[-2.51615978e-09],
       [ 1.73207955e-08],
       [ 4.03982493e-10]]), 2.160661906260568), (2.0579869981125132e-05, array([[-5.81579974e-08],
       [ 3.21859868e-08],
       [ 3.80151347e-11]]), 2.1299896039776613), (2.1140587117025127e-05, array([[-9.97063364e-08],
       [-6.65255938e-09],
       [-3.62858927e-09]]), 2.1189072802193487), (2.1720048576280123e-05, array([[-1.49488167e-07],
       [ 1.37282521e-09],
       [-1.12317119e-09]]), 2.118594472213457), (2.197563592212912e-05, array([[-1.89432874e-07],
       [ 2.13908242e-08],
       [ 1.64153820e-09]]), 2.095750634425167), (2.2277097812379846e-05, array([[-2.17099240e-07],
       [-9.68750915e-09],
       [-9.93840253e-10]]), 2.0864004413214), (2.2216801304407612e-05, array([[-2.41758228e-07],
       [ 2.04901294e-08],
       [ 9.75379041e-10]]), 2.052213447744032), (2.237562458625355e-05, array([[-2.42169303e-07],
       [-3.04128855e-08],
       [-1.58719445e-09]]), 2.0470495049702193), (2.2454390650336785e-05, array([[-2.36006326e-07],
       [ 3.18738373e-09],
       [-2.31811294e-09]]), 2.0428770137129955), (2.2581008016830438e-05, array([[-2.62683562e-07],
       [ 2.91900473e-08],
       [ 3.76784138e-09]]), 2.0512943103282737), (2.239826750197786e-05, array([[-2.33626321e-07],
       [ 1.00471822e-08],
       [-1.42001406e-09]]), 2.0398273199085475), (2.209074325797863e-05, array([[-1.98419247e-07],
       [ 4.82814252e-09],
       [ 2.87081549e-09]]), 2.0250843533676295), (2.1755582069704052e-05, array([[-1.57073921e-07],
       [ 8.04767201e-09],
       [ 2.44237357e-09]]), 2.0157660230996104), (2.1408250291372462e-05, array([[-1.06131232e-07],
       [ 4.60401131e-09],
       [ 6.56414835e-09]]), 2.013300393352495), (2.0894736932167345e-05, array([[-4.33887446e-08],
       [-5.85071156e-09],
       [-1.38506687e-09]]), 2.0030822021203445), (2.0628459453220142e-05, array([[1.94287917e-08],
       [2.94564927e-09],
       [1.54921851e-10]]), 2.024944736179069), (2.0012770703530557e-05, array([[ 8.50552856e-08],
       [-8.89088114e-11],
       [-4.51142869e-10]]), 2.0210775240518615), (1.9091343560202416e-05, array([[1.59320609e-07],
       [5.45746119e-09],
       [5.95021813e-09]]), 1.9934541015975435), (1.857720429882416e-05, array([[ 2.57406491e-07],
       [ 5.68967702e-09],
       [-3.74392056e-10]]), 2.0163157053668472), (1.8285106011868777e-05, array([[ 3.26046651e-07],
       [-7.68449559e-09],
       [-8.38291960e-10]]), 2.0748434002130702), (1.7326113711210596e-05, array([[ 3.98639742e-07],
       [ 7.27953901e-09],
       [-6.94129047e-10]]), 2.0683938970128763), (1.65278676658108e-05, array([[ 4.45022567e-07],
       [-4.60796954e-09],
       [ 5.91387932e-10]]), 2.0903593442493165), (1.577246860311888e-05, array([[ 5.15694352e-07],
       [-1.20260256e-09],
       [-5.36760001e-10]]), 2.1299805997494996), (1.5063487482978525e-05, array([[ 5.45857783e-07],
       [-8.77108813e-11],
       [ 6.08500598e-10]]), 2.1915512502455434), (1.420983980603054e-05, array([[ 6.18052693e-07],
       [-6.47670035e-09],
       [-5.67802384e-10]]), 2.2504530271670204), (1.3863438488995462e-05, array([[ 6.54906785e-07],
       [ 5.36532425e-09],
       [-1.90964882e-10]]), 2.30137068199056), (1.458436211953562e-05, array([[ 5.65016907e-07],
       [-1.26437728e-09],
       [-1.60133169e-10]]), 2.210707818492777), (1.547348986480478e-05, array([[ 5.39045902e-07],
       [ 2.10866757e-09],
       [-1.21338777e-09]]), 2.1663043065376026), (1.6259474893402185e-05, array([[ 4.73126267e-07],
       [-7.55367188e-09],
       [-1.68457635e-09]]), 2.122729134048013), (1.7033400971477573e-05, array([[ 4.13584391e-07],
       [ 1.62030098e-08],
       [-5.26762071e-10]]), 2.0910762469969124), (1.776177393325782e-05, array([[ 3.35281281e-07],
       [ 1.56017714e-09],
       [-7.88518166e-10]]), 2.0655596736656463), (1.83566011240133e-05, array([[2.66844306e-07],
       [6.44626190e-09],
       [8.27384959e-11]]), 2.0356319833826264), (1.9136977964418802e-05, array([[2.02942012e-07],
       [7.70456976e-09],
       [2.22376853e-09]]), 2.0358571559896794), (1.961611020427371e-05, array([[ 1.25724194e-07],
       [-4.91357268e-09],
       [-4.51358781e-10]]), 2.0130588772686036), (2.02133817498863e-05, array([[ 5.99248381e-08],
       [-8.09161862e-09],
       [ 1.30814882e-10]]), 2.011349717659639), (2.0810662556438423e-05, array([[ 4.39261211e-09],
       [ 1.03146241e-08],
       [-1.44064229e-09]]), 2.0176270069389934), (2.1340300635224996e-05, array([[-9.30372930e-08],
       [-2.49346779e-09],
       [ 3.18412048e-09]]), 2.0251466188011653), (2.131250122493642e-05, array([[-1.04613093e-07],
       [ 4.18594942e-09],
       [-4.42795195e-09]]), 1.9883925289746451), (2.1921023411936078e-05, array([[-1.94271589e-07],
       [ 6.47091842e-09],
       [-4.54861635e-10]]), 2.019235792853883), (2.2135955048230788e-05, array([[-2.17728787e-07],
       [-4.63299896e-09],
       [ 4.39034862e-09]]), 2.0215435400927797), (2.2316020086924194e-05, array([[-2.15070528e-07],
       [ 9.36722136e-09],
       [-3.41405551e-09]]), 2.028754559027494), (2.235501248861183e-05, array([[-2.43402865e-07],
       [-4.50934272e-09],
       [-1.83233445e-09]]), 2.0312757699253123), (2.2572641435910504e-05, array([[-2.51133010e-07],
       [-2.14029080e-09],
       [ 2.43301101e-09]]), 2.058301864343819), (2.2638792883979856e-05, array([[-2.42180583e-07],
       [ 1.17542449e-08],
       [-2.34425490e-09]]), 2.0800635465104285), (2.2261351458112453e-05, array([[-2.27021151e-07],
       [ 1.47504092e-08],
       [-3.07632873e-09]]), 2.0694860044415777), (2.2005630332435384e-05, array([[-2.05435560e-07],
       [-6.10741362e-09],
       [ 3.78326452e-10]]), 2.0785761338614672), (2.1921085292562163e-05, array([[-1.70716607e-07],
       [-7.05750994e-09],
       [ 1.48163617e-09]]), 2.1130431579084847), (2.1389317649771315e-05, array([[-1.27266641e-07],
       [ 8.66529629e-09],
       [-4.89399019e-10]]), 2.113630529031337), (2.0954751157446512e-05, array([[-8.10677515e-08],
       [ 3.39380375e-09],
       [-7.59579044e-10]]), 2.1329111218993306), (2.000712710907299e-05, array([[-2.19859822e-08],
       [-1.88745602e-08],
       [ 3.06386503e-11]]), 2.1082985232130795), (2.0334533949331054e-05, array([[ 3.16456133e-08],
       [-8.99696056e-10],
       [ 6.18136338e-10]]), 2.142799796386524), (2.0813229544183685e-05, array([[ 8.67337163e-08],
       [-4.50625452e-09],
       [-4.04772755e-10]]), 2.1185061298930123), (2.1319830559584823e-05, array([[1.31003744e-07],
       [7.33112345e-09],
       [6.41500188e-10]]), 2.1067640156812346), (2.1729086778350125e-05, array([[ 1.74550282e-07],
       [-1.86556568e-08],
       [-3.71125223e-10]]), 2.0945358102398006), (2.197448261672324e-05, array([[ 2.08387576e-07],
       [-1.23116787e-08],
       [-7.11442570e-10]]), 2.0756340277947243), (2.2048733210696696e-05, array([[ 2.24311411e-07],
       [-6.08341210e-09],
       [ 1.50890081e-09]]), 2.0497203362096323), (2.2335213113432316e-05, array([[ 2.40537458e-07],
       [-5.30907052e-09],
       [ 2.11677301e-09]]), 2.052170486248333), (2.238750016337124e-05, array([[ 2.40725375e-07],
       [-1.11754713e-08],
       [-7.42417156e-09]]), 2.041419629824808), (2.241005493687106e-05, array([[ 2.43336962e-07],
       [-9.26674315e-09],
       [-4.12907237e-09]]), 2.0362771713570167), (2.219993116065062e-05, array([[ 2.48006935e-07],
       [ 4.42269498e-09],
       [-6.09510318e-10]]), 2.018200887830176), (2.2129470516807693e-05, array([[ 1.95809022e-07],
       [ 1.00419023e-08],
       [-2.17107486e-10]]), 2.020951346867761), (2.1694648839434372e-05, array([[1.53595381e-07],
       [1.91143296e-08],
       [2.71717654e-09]]), 1.9983834981960273), (2.162670430349457e-05, array([[ 1.45311207e-07],
       [ 1.95138256e-10],
       [-4.37741050e-09]]), 2.0177067351014624), (2.114296645460384e-05, array([[ 8.42717985e-08],
       [ 7.18382577e-09],
       [-6.37693498e-09]]), 2.0064200480986325), (2.062073154891223e-05, array([[-2.11753610e-10],
       [ 6.45585114e-09],
       [-2.86377349e-09]]), 1.9992128920975893), (2.0246144480108682e-05, array([[-5.88465995e-08],
       [-6.28014986e-09],
       [-1.09185126e-09]]), 2.014609800954851), (1.9662842446888026e-05, array([[-1.25153071e-07],
       [-7.76126053e-09],
       [-1.30895171e-09]]), 2.0178546678137104), (1.8901428882053604e-05, array([[-1.98687644e-07],
       [-2.43042500e-08],
       [-2.96976967e-09]]), 2.0107986391323376), (1.848654228450336e-05, array([[-2.81452416e-07],
       [ 1.26414690e-09],
       [-6.10249261e-10]]), 2.0500416434533792), (1.7627411981088346e-05, array([[-3.39054810e-07],
       [ 4.34368986e-10],
       [-5.05372015e-09]]), 2.0499343970959107), (1.6980455814073087e-05, array([[-4.16152471e-07],
       [-1.14923459e-08],
       [-1.18411528e-09]]), 2.0845765255832376), (1.6115111663404405e-05, array([[-4.65152699e-07],
       [-6.08769810e-09],
       [-1.13767579e-09]]), 2.103882028824097), (1.5351328484320737e-05, array([[-5.26845532e-07],
       [-1.01276309e-08],
       [-9.57330762e-10]]), 2.1492015891191434), (1.4466481364943008e-05, array([[-5.85336153e-07],
       [-5.66952051e-09],
       [ 1.73506970e-10]]), 2.1928393712002716), (1.360654882695019e-05, array([[-6.26571715e-07],
       [ 7.34490238e-09],
       [ 8.04280711e-11]]), 2.258726258876717), (1.3921344324460336e-05, array([[-6.05581746e-07],
       [-3.22471236e-09],
       [ 9.96756577e-11]]), 2.2047631714975604), (1.497821720210226e-05, array([[-5.75230324e-07],
       [ 1.21293031e-08],
       [-8.96076661e-10]]), 2.179145478283752), (1.5806583564613523e-05, array([[-5.02897690e-07],
       [-4.26999385e-09],
       [-4.42046510e-10]]), 2.134587627854819), (1.6585667350969392e-05, array([[-4.48642039e-07],
       [-9.46097668e-09],
       [ 1.44345114e-09]]), 2.0976695499218763), (1.74261339692178e-05, array([[-4.01554467e-07],
       [ 6.80788405e-09],
       [-1.68657879e-09]]), 2.080334329511938), (1.781501946579559e-05, array([[-3.15667458e-07],
       [ 1.00177481e-08],
       [ 1.24557927e-09]]), 2.021501846326766), (1.8561402398244724e-05, array([[-2.39423363e-07],
       [-4.89616126e-09],
       [-1.75166612e-09]]), 2.014600613052607), (1.9290894458791888e-05, array([[-1.76353127e-07],
       [ 4.81536418e-09],
       [ 2.41666148e-09]]), 2.014290537546447), (1.9848947223086487e-05, array([[-8.40188788e-08],
       [-2.38797215e-09],
       [-4.73773371e-10]]), 2.0045330905427603), (2.022237196505311e-05, array([[-1.21399311e-08],
       [ 2.08449300e-09],
       [-1.83580889e-09]]), 1.9850821025463068), (2.107625227962097e-05, array([[ 4.56542418e-08],
       [-1.52101412e-08],
       [-6.03582735e-09]]), 2.020483242539106), (2.1339910382298854e-05, array([[ 1.01798631e-07],
       [ 2.14680991e-10],
       [-6.80619547e-10]]), 2.0068734895211713), (2.1645676392752243e-05, array([[1.30938776e-07],
       [1.55050631e-09],
       [2.23567805e-09]]), 2.005582699636447), (2.212908729737131e-05, array([[1.76968079e-07],
       [1.57175480e-08],
       [8.24423597e-10]]), 2.028599396447539), (2.225546576040973e-05, array([[ 2.50132812e-07],
       [-6.52470350e-09],
       [-6.19775138e-10]]), 2.026822256291218), (2.2367420758159045e-05, array([[2.27740420e-07],
       [1.43027721e-08],
       [2.87352738e-09]]), 2.0318917075682594), (2.27345811703774e-05, array([[ 2.49881633e-07],
       [-1.61710988e-08],
       [ 1.68968747e-09]]), 2.068368454641618), (2.2435719485481567e-05, array([[ 2.43331064e-07],
       [-2.75254398e-09],
       [ 3.63524193e-09]]), 2.052547328427247), (2.2142231153017055e-05, array([[ 2.32287190e-07],
       [ 1.36584817e-08],
       [-3.12952602e-09]]), 2.045325243389715), (2.2130269644079854e-05, array([[2.19008030e-07],
       [3.90055796e-09],
       [8.15546541e-10]]), 2.072648993187556), (2.203004298724412e-05, array([[1.89329875e-07],
       [5.52389775e-09],
       [1.07198351e-09]]), 2.10093927340863), (2.162044869242199e-05, array([[1.56048033e-07],
       [1.69566264e-08],
       [2.24628284e-10]]), 2.1088794035461906), (2.1085877159453306e-05, array([[ 1.06836827e-07],
       [-1.40789102e-08],
       [-5.00975833e-10]]), 2.1134237367984543), (2.0550291582910724e-05, array([[ 5.63910390e-08],
       [ 1.86658412e-08],
       [-1.94747855e-09]]), 2.1269282784806203), (1.9973138291252598e-05, array([[-2.90977217e-09],
       [-3.92888672e-10],
       [ 2.37846101e-10]]), 2.1458280935602296)]