[(1.9848922166876403e-05, Vec([[ 2.40176903e-09],
     [-1.04196613e-08],
     [ 3.82508571e-10]]), 2.13248284728632), (2.0792855701741598e-05, Vec([[-7.64930027e-08],
     [-4.61473447e-09],
     [ 1.42001334e-09]]), 2.1520333472629605), (2.13149487468261e-05, Vec([[-1.58083228e-07],
     [-1.05976211e-08],
     [-9.29408050e-10]]), 2.136383432831906), (2.1503709104759517e-05, Vec([[-2.24427751e-07],
     [ 4.03885993e-09],
     [ 9.85125551e-10]]), 2.0974925116503638), (2.218165980229718e-05, Vec([[-2.94256162e-07],
     [ 6.44507943e-09],
     [ 1.16975002e-09]]), 2.115398515337416), (2.2321570562067104e-05, Vec([[-3.68336919e-07],
     [ 8.29775123e-09],
     [-4.11251030e-09]]), 2.0905656142427445), (2.2251351353223684e-05, Vec([[-4.09364120e-07],
     [-1.27915418e-08],
     [-4.00833972e-09]]), 2.0554049096394253), (2.2653035013803338e-05, Vec([[-4.43317021e-07],
     [ 1.04383689e-08],
     [ 3.24832310e-10]]), 2.072428589974096), (2.2542220285471652e-05, Vec([[-4.77236873e-07],
     [ 3.94837972e-09],
     [-1.17067202e-09]]), 2.0508676622028106), (2.217412650622763e-05, Vec([[-4.86837342e-07],
     [ 3.14056555e-09],
     [ 5.34952092e-09]]), 2.014332553481314), (2.2187045835701916e-05, Vec([[-4.85815142e-07],
     [ 2.15772157e-08],
     [ 3.50578157e-09]]), 2.0205912015173273), (2.1879315851950394e-05, Vec([[-4.81934053e-07],
     [-4.65612147e-09],
     [-2.83179862e-09]]), 2.00570255499078), (2.130627746664546e-05, Vec([[-4.43391931e-07],
     [-3.83750083e-09],
     [ 1.39819453e-09]]), 1.9741356521002982), (2.111335936753781e-05, Vec([[-4.02703398e-07],
     [-7.55136343e-09],
     [-2.14427777e-09]]), 1.9855679068170746), (2.0467179780211154e-05, Vec([[-3.18772050e-07],
     [ 6.58437891e-09],
     [ 7.12155874e-09]]), 1.9620942670124255), (2.011314879042769e-05, Vec([[-2.63676597e-07],
     [-1.22328523e-08],
     [-2.86612682e-09]]), 1.9743604636848067), (1.942089340332507e-05, Vec([[-1.95069266e-07],
     [-2.56509082e-10],
     [ 2.34887921e-09]]), 1.9613041960023487), (1.8679337958766748e-05, Vec([[-1.29623876e-07],
     [ 2.55427083e-09],
     [ 4.26554419e-09]]), 1.9504338577119744), (1.8327109857226603e-05, Vec([[-9.22332055e-08],
     [-3.09293947e-09],
     [-2.96847210e-09]]), 1.9891711823101652), (1.75518134054171e-05, Vec([[1.55780445e-08],
     [1.82552711e-08],
     [1.70954550e-10]]), 1.9916353879689128), (1.6999081852998335e-05, Vec([[9.26640329e-08],
     [4.69890184e-09],
     [1.64442327e-09]]), 2.0293527876833597), (1.614787372772746e-05, Vec([[ 1.49454639e-07],
     [-5.14904147e-09],
     [-9.35607728e-10]]), 2.0422996734380767), (1.5463838887277963e-05, Vec([[ 2.25622466e-07],
     [-1.05510791e-08],
     [-1.03688984e-09]]), 2.0883019428576186), (1.4890586812965041e-05, Vec([[2.91592354e-07],
     [5.04314465e-09],
     [1.76817021e-11]]), 2.166396339739956), (1.3972907432763374e-05, Vec([[3.19670837e-07],
     [4.58376889e-10],
     [2.66403667e-12]]), 2.212929368636636), (1.3671341749564872e-05, Vec([[ 3.80884658e-07],
     [ 4.04865036e-09],
     [-5.09420166e-10]]), 2.269482070476003), (1.4301225065723653e-05, Vec([[ 2.91372479e-07],
     [-3.15894330e-09],
     [-5.51364880e-10]]), 2.167789705692444), (1.4989819816391554e-05, Vec([[ 2.57718562e-07],
     [-1.55280739e-09],
     [ 1.00971965e-10]]), 2.0985900082134723), (1.5801710793212795e-05, Vec([[ 1.74099046e-07],
     [-2.07065496e-08],
     [ 9.30380416e-10]]), 2.0629664911358727), (1.6775737389644216e-05, Vec([[1.12956251e-07],
     [1.83566504e-09],
     [7.52833418e-10]]), 2.059444619432336), (1.7140049758633048e-05, Vec([[4.41499484e-08],
     [1.00579871e-09],
     [9.88780199e-10]]), 1.9932578648444348), (1.8033016058848355e-05, Vec([[-4.17281038e-08],
     [-1.83912786e-08],
     [-4.61756909e-10]]), 1.9997484282765001), (1.8360012389340785e-05, Vec([[-1.20578729e-07],
     [-1.08971289e-09],
     [ 2.63408815e-09]]), 1.9532009012288063), (1.894867498739771e-05, Vec([[-1.67243578e-07],
     [ 1.05313429e-08],
     [-1.19220688e-09]]), 1.944564849944002), (1.9622129639319085e-05, Vec([[-2.30810698e-07],
     [ 1.66336507e-08],
     [-2.76518253e-09]]), 1.952516674264428), (2.039839980135207e-05, Vec([[-3.21315022e-07],
     [ 9.48203977e-09],
     [-4.08818182e-09]]), 1.977657473707579), (2.0640155965572335e-05, Vec([[-3.54922798e-07],
     [ 9.78812476e-09],
     [ 2.26535826e-09]]), 1.9587044615581541), (2.128967864648136e-05, Vec([[-4.25367451e-07],
     [ 5.63340587e-09],
     [ 1.52728133e-09]]), 1.986263250763091), (2.1528975004496564e-05, Vec([[-4.80855396e-07],
     [-4.85686116e-10],
     [-1.72091651e-09]]), 1.983122598594796), (2.1860321938389983e-05, Vec([[-4.91821797e-07],
     [ 3.35196191e-09],
     [-5.54483916e-09]]), 1.996371627183655), (2.2226564609499355e-05, Vec([[-4.91147997e-07],
     [-1.00432835e-08],
     [-1.23919492e-09]]), 2.020622140838734), (2.223969230643107e-05, Vec([[-5.03422229e-07],
     [ 6.64983008e-09],
     [-6.27330012e-09]]), 2.0207972657434663), (2.2538335703227274e-05, Vec([[-4.60562161e-07],
     [ 6.17422464e-09],
     [-3.97915996e-10]]), 2.0551736724687095), (2.2199288551791797e-05, Vec([[-4.39461640e-07],
     [-1.17544495e-08],
     [ 3.01060854e-09]]), 2.039681669941173), (2.222688048271739e-05, Vec([[-3.87485492e-07],
     [ 2.61222117e-08],
     [-3.07250623e-09]]), 2.066281472979336), (2.21131807864404e-05, Vec([[-3.27725849e-07],
     [ 3.00099771e-08],
     [ 1.21540101e-09]]), 2.0887349797342565), (2.169511535374068e-05, Vec([[-2.75180069e-07],
     [-2.13572232e-10],
     [ 1.97238049e-09]]), 2.0912611965344414), (2.1376828826089663e-05, Vec([[-2.04099855e-07],
     [-7.33942533e-09],
     [ 1.64691106e-10]]), 2.1123964195829923), (2.084972697242733e-05, Vec([[-1.19386497e-07],
     [-4.41454485e-09],
     [ 1.48287397e-09]]), 2.1222210759707147), (2.0295681482754418e-05, Vec([[-4.39111552e-08],
     [-1.70425957e-08],
     [ 1.61477318e-09]]), 2.138705625471322), (2.034648638109463e-05, Vec([[ 4.31007810e-08],
     [-9.83193959e-09],
     [ 1.84038736e-09]]), 2.1440593122629696), (2.0853076815657718e-05, Vec([[1.14197526e-07],
     [2.07203438e-08],
     [2.45558475e-09]]), 2.1225620448435505), (2.135424851868724e-05, Vec([[ 2.01154369e-07],
     [ 1.39110998e-08],
     [-5.55195170e-11]]), 2.1101650988900107), (2.1564571687807088e-05, Vec([[ 2.66947109e-07],
     [-4.49993614e-10],
     [-1.45726991e-09]]), 2.0786776772228825), (2.182880517804969e-05, Vec([[ 3.22093995e-07],
     [ 7.01195039e-09],
     [-8.10467509e-10]]), 2.0618738381207846), (2.225178697193073e-05, Vec([[3.88682135e-07],
     [3.02551187e-08],
     [4.35944573e-09]]), 2.0685968593988795), (2.2307403094506845e-05, Vec([[4.36706670e-07],
     [2.49048707e-08],
     [4.84605051e-09]]), 2.0496152878819234), (2.2502052035818863e-05, Vec([[ 4.72742429e-07],
     [-2.75672416e-08],
     [-6.29610053e-09]]), 2.051865121252671), (2.2580373398125002e-05, Vec([[ 4.97041681e-07],
     [-1.54726250e-08],
     [ 8.53313754e-10]]), 2.051753063562058), (2.2275913314829035e-05, Vec([[ 5.03121158e-07],
     [-1.11111820e-08],
     [ 1.22415336e-09]]), 2.0251084430794437), (2.1954622952396394e-05, Vec([[4.97680031e-07],
     [6.01544409e-09],
     [5.18109436e-09]]), 2.0049835712029433), (2.154452980385115e-05, Vec([[ 4.53201919e-07],
     [-3.16524647e-08],
     [-1.56818698e-09]]), 1.9845554152574685), (2.119204287848824e-05, Vec([[ 4.19369345e-07],
     [ 1.28630744e-08],
     [-2.03178176e-09]]), 1.97715412604848), (2.0883211608614508e-05, Vec([[ 3.76153927e-07],
     [-1.43466049e-08],
     [-2.21219369e-09]]), 1.9817698963943868), (2.0391201034298344e-05, Vec([[ 3.22614064e-07],
     [-1.65709370e-09],
     [-2.46596966e-09]]), 1.9769595417323313), (1.955830075022627e-05, Vec([[ 2.33886452e-07],
     [-1.14634124e-08],
     [-9.99894261e-11]]), 1.9461653264472278), (1.9168150078382325e-05, Vec([[ 1.93060858e-07],
     [-3.55199239e-09],
     [ 1.59657169e-09]]), 1.9670879840233402), (1.8592926327730204e-05, Vec([[1.09445974e-07],
     [9.75270694e-09],
     [5.87399104e-10]]), 1.9779790824589616), (1.7833099841193815e-05, Vec([[ 2.09575140e-08],
     [-2.46965541e-09],
     [-9.27798897e-11]]), 1.97757897305409), (1.7304155732492642e-05, Vec([[-2.68549618e-08],
     [ 4.24199901e-09],
     [-1.12946013e-09]]), 2.012342145676165), (1.6496722143323573e-05, Vec([[-9.08539819e-08],
     [-6.31584777e-10],
     [ 1.30883601e-09]]), 2.0251917914088504), (1.601216335051299e-05, Vec([[-1.70927452e-07],
     [-1.32902999e-09],
     [-4.32911008e-10]]), 2.090441780322321), (1.5245690392971005e-05, Vec([[-2.56318015e-07],
     [-1.08142218e-08],
     [-6.89134964e-10]]), 2.134412148971846), (1.4266943950758732e-05, Vec([[-3.10736320e-07],
     [-6.93895581e-09],
     [ 1.55372280e-10]]), 2.162593350290784), (1.3508707047075075e-05, Vec([[-3.83274856e-07],
     [ 8.53938888e-10],
     [-4.33679633e-10]]), 2.242484241872271), (1.3820911210207033e-05, Vec([[-3.19340386e-07],
     [-4.36332061e-09],
     [-2.19951443e-10]]), 2.1888572915520856), (1.4939982165608514e-05, Vec([[-2.62595478e-07],
     [-2.11597269e-09],
     [-6.35284678e-10]]), 2.173582753043282), (1.552334240675656e-05, Vec([[-2.20957082e-07],
     [ 1.10308483e-09],
     [ 3.79338295e-10]]), 2.0963375487792693), (1.611389559867912e-05, Vec([[-1.38762313e-07],
     [ 7.87952663e-09],
     [ 3.19600661e-10]]), 2.0380022951559864), (1.697633148155403e-05, Vec([[-7.65657158e-08],
     [ 6.82696102e-10],
     [ 6.76600464e-10]]), 2.026636845133605), (1.7525423917652062e-05, Vec([[-1.18191401e-08],
     [-1.46806334e-08],
     [-2.89442483e-10]]), 1.9886409260014108), (1.8167254994607522e-05, Vec([[ 6.98725092e-08],
     [ 7.83694256e-09],
     [-1.76518343e-09]]), 1.9718210006093309), (1.878790249795364e-05, Vec([[ 1.31957997e-07],
     [ 1.72702307e-08],
     [-3.32226311e-09]]), 1.9617698029925), (1.9299900840488884e-05, Vec([[ 2.09478245e-07],
     [-1.09928374e-08],
     [ 1.09795085e-09]]), 1.9490852307751845), (1.995861742833168e-05, Vec([[2.67975288e-07],
     [4.44131371e-09],
     [5.94775962e-09]]), 1.9591912519964352), (2.0523437169859527e-05, Vec([[ 3.51785494e-07],
     [-9.01280101e-10],
     [ 1.47431234e-09]]), 1.9674874038730725), (2.116923285820654e-05, Vec([[ 3.88068081e-07],
     [ 6.29452670e-09],
     [-1.34715488e-09]]), 1.990822428751858), (2.1395633905773353e-05, Vec([[ 4.39643142e-07],
     [-1.20923414e-08],
     [ 4.01991616e-10]]), 1.9824149835087659), (2.175436887024678e-05, Vec([[ 4.56323529e-07],
     [-2.03239128e-08],
     [ 1.05896700e-09]]), 1.9942485185786223), (2.22168769902192e-05, Vec([[ 4.89942095e-07],
     [-7.81398082e-09],
     [ 3.93056121e-09]]), 2.023307947531875), (2.225035833924006e-05, Vec([[ 4.85898795e-07],
     [-5.69181731e-09],
     [-1.02535068e-10]]), 2.0212575731796267), (2.266076368176146e-05, Vec([[ 4.93607210e-07],
     [-1.90798458e-08],
     [ 3.01620950e-09]]), 2.0616526166101257), (2.2587541918712723e-05, Vec([[ 4.59440642e-07],
     [-7.91777527e-09],
     [-3.37576840e-10]]), 2.0664369088316366), (2.238627610080271e-05, Vec([[ 4.10406471e-07],
     [ 2.58897631e-08],
     [-4.45734466e-09]]), 2.067868197113677), (2.2105461251218453e-05, Vec([[ 3.51187778e-07],
     [-4.26290180e-08],
     [ 7.92593859e-09]]), 2.070325519894471), (2.1933468135329785e-05, Vec([[ 2.87460103e-07],
     [-1.87229532e-08],
     [-2.42482360e-09]]), 2.0917292187878602), (2.145173072127897e-05, Vec([[ 2.26318893e-07],
     [-2.42098165e-08],
     [ 7.45321708e-10]]), 2.092422490028187), (2.1033350394277558e-05, Vec([[ 1.57292163e-07],
     [-8.90241377e-09],
     [-7.64400912e-10]]), 2.1081590133297463), (2.0716672420024666e-05, Vec([[ 8.50836243e-08],
     [-3.83221732e-09],
     [-6.01533392e-10]]), 2.1441484773292445), (1.9955921941513483e-05, Vec([[ 4.72787040e-09],
     [ 3.64407624e-08],
     [-2.17503135e-10]]), 2.1439784429745257)]