[(1.9949085433665603e-05, Vec([[ 1.66301149e-09],
     [-3.75819109e-08],
     [ 1.43341190e-09]]), 2.1432439579683185), (2.082601141594707e-05, Vec([[-8.22063184e-08],
     [ 2.00442372e-08],
     [ 6.03428856e-10]]), 2.155464920282366), (2.131331985475405e-05, Vec([[-1.66563770e-07],
     [-2.60612862e-09],
     [-1.80896603e-09]]), 2.1362201700402412), (2.1583460756292525e-05, Vec([[-2.32969774e-07],
     [ 2.33795473e-08],
     [ 5.73429934e-10]]), 2.1052715646066376), (2.1922818488689417e-05, Vec([[-2.82756221e-07],
     [ 9.44561773e-09],
     [ 1.48756256e-09]]), 2.090713593857503), (2.2082961064424952e-05, Vec([[-3.76864528e-07],
     [ 8.13497727e-09],
     [-5.54051220e-11]]), 2.068218225665611), (2.240280198560392e-05, Vec([[-4.11197273e-07],
     [ 2.38348734e-08],
     [ 3.03523477e-09]]), 2.0693947284338345), (2.2418433704718905e-05, Vec([[-4.56051788e-07],
     [ 8.58604476e-09],
     [ 1.29186998e-09]]), 2.050965926807961), (2.229609025878229e-05, Vec([[-4.81777375e-07],
     [-2.33074582e-08],
     [-6.17265220e-11]]), 2.0284750093921353), (2.233917884880383e-05, Vec([[-5.16188472e-07],
     [-3.62740998e-09],
     [-4.30324272e-09]]), 2.0293261680702006), (2.205194178082472e-05, Vec([[-4.85274944e-07],
     [ 1.29989579e-08],
     [ 2.07709005e-09]]), 2.00828717210324), (2.1701034022103217e-05, Vec([[-4.73930490e-07],
     [-6.58659216e-09],
     [ 8.15724750e-10]]), 1.9893592504719126), (2.163919050077592e-05, Vec([[-4.39763743e-07],
     [-9.65236184e-09],
     [-3.66034878e-09]]), 2.004981748550262), (2.09170602930099e-05, Vec([[-4.02240579e-07],
     [ 1.29598740e-08],
     [ 3.97788965e-09]]), 1.96710731342047), (2.0659402794195597e-05, Vec([[-3.53322341e-07],
     [-1.26558818e-08],
     [ 3.65711555e-09]]), 1.9805218021089501), (1.9892030137659782e-05, Vec([[-2.69985023e-07],
     [-2.65757364e-08],
     [-3.16327647e-09]]), 1.9526548655033833), (1.91533230823173e-05, Vec([[-2.01489214e-07],
     [ 3.23149005e-09],
     [-7.81411699e-11]]), 1.9342824322544259), (1.8825620771721015e-05, Vec([[-1.23820847e-07],
     [-1.14054994e-08],
     [ 9.32439018e-10]]), 1.9657082187100547), (1.831439772070999e-05, Vec([[-6.39078335e-08],
     [ 7.45251517e-09],
     [-1.27366698e-09]]), 1.9877914439978277), (1.7341932853857483e-05, Vec([[ 1.91744079e-09],
     [ 3.58213357e-10],
     [-1.32399831e-09]]), 1.9678198696473954), (1.6875614584008814e-05, Vec([[8.17542325e-08],
     [1.92758218e-09],
     [2.67448535e-09]]), 2.0146132477083025), (1.619640330215851e-05, Vec([[ 1.37230137e-07],
     [-6.93793852e-09],
     [ 2.26717020e-09]]), 2.0484374433812755), (1.5572574501757384e-05, Vec([[ 2.16545403e-07],
     [-9.00512923e-09],
     [ 4.97187408e-10]]), 2.1029860582723234), (1.485743499584778e-05, Vec([[ 2.75035889e-07],
     [ 8.86375954e-09],
     [-1.71171142e-10]]), 2.161573160092259), (1.4079019501681313e-05, Vec([[ 3.07737054e-07],
     [-2.61509698e-09],
     [-9.89150148e-10]]), 2.229734640896918), (1.3513096383306986e-05, Vec([[ 3.54541087e-07],
     [-7.21451681e-09],
     [ 7.94805756e-11]]), 2.2432128843173285), (1.4308297610156612e-05, Vec([[3.01344616e-07],
     [8.09630082e-10],
     [5.08907271e-10]]), 2.168861766928063), (1.5056487360970219e-05, Vec([[2.17571689e-07],
     [1.01491452e-08],
     [1.95187011e-10]]), 2.1079235322076646), (1.6212577510184958e-05, Vec([[ 1.79871954e-07],
     [ 8.36372825e-09],
     [-1.84462872e-10]]), 2.1166065229355078), (1.668288152094509e-05, Vec([[9.39492431e-08],
     [4.01795713e-09],
     [4.07729307e-10]]), 2.0480453280191804), (1.7083326289319472e-05, Vec([[ 1.97092238e-08],
     [ 3.08033671e-09],
     [-5.37584729e-10]]), 1.9866613553288426), (1.7943825557228076e-05, Vec([[-3.94767121e-08],
     [-6.22073216e-09],
     [-5.15110167e-10]]), 1.989857760800228), (1.854874334033399e-05, Vec([[-1.09002268e-07],
     [ 9.36590566e-09],
     [-5.43581240e-09]]), 1.9732787451731664), (1.8998413012326484e-05, Vec([[-2.06572509e-07],
     [-1.10976179e-08],
     [-4.10107647e-09]]), 1.949669102090733), (1.9618216345670404e-05, Vec([[-2.69861000e-07],
     [ 3.67567443e-09],
     [ 2.14889828e-09]]), 1.9521272786564694), (2.010055930690333e-05, Vec([[-3.15887655e-07],
     [-4.64354871e-09],
     [-2.52966060e-10]]), 1.9487813615833196), (2.0627503735043296e-05, Vec([[-3.59687360e-07],
     [-1.53282120e-08],
     [ 2.35995886e-09]]), 1.9575037932866919), (2.12744986578324e-05, Vec([[-4.10857260e-07],
     [-4.38351235e-09],
     [-1.16102773e-09]]), 1.9848470032893217), (2.1321804940687775e-05, Vec([[-4.64967178e-07],
     [ 1.60980602e-09],
     [-9.12034704e-10]]), 1.9640393103655274), (2.206625211373991e-05, Vec([[-4.88127093e-07],
     [-1.14670472e-08],
     [ 2.84950917e-10]]), 2.0151779906218614), (2.2102529088384297e-05, Vec([[-5.02969783e-07],
     [-4.90396274e-09],
     [ 5.34822578e-09]]), 2.0093460428623318), (2.2266611233849444e-05, Vec([[-4.88106126e-07],
     [ 6.18658869e-09],
     [-7.89979557e-10]]), 2.023243239103811), (2.2447823973846253e-05, Vec([[-4.74203847e-07],
     [ 3.12684274e-09],
     [ 4.40409775e-09]]), 2.0469202980526537), (2.2215871434111506e-05, Vec([[-4.30345632e-07],
     [-9.16290827e-09],
     [ 2.13179237e-09]]), 2.041205313413953), (2.220430625563479e-05, Vec([[-3.85832963e-07],
     [-1.10842582e-08],
     [ 4.48735821e-09]]), 2.064182901062154), (2.1987032895201372e-05, Vec([[-3.33336347e-07],
     [ 1.72566445e-08],
     [-2.81157825e-09]]), 2.076819483922264), (2.1689424667645638e-05, Vec([[-2.68722984e-07],
     [ 1.01279949e-08],
     [-2.14113750e-09]]), 2.090712653195622), (2.1456186101041972e-05, Vec([[-2.02245894e-07],
     [-1.50809412e-08],
     [ 1.90914218e-09]]), 2.1202382760548244), (2.057099026459267e-05, Vec([[-1.25875471e-07],
     [ 2.29939266e-08],
     [ 1.05846703e-09]]), 2.0938494374933527), (2.0209632019874396e-05, Vec([[-3.66256396e-08],
     [-4.91908972e-10],
     [ 5.31569908e-10]]), 2.1296379590080567), (2.011378515158185e-05, Vec([[ 3.83646472e-08],
     [-2.14021210e-08],
     [-1.21179364e-09]]), 2.1195378676868923), (2.0872543757445547e-05, Vec([[ 1.18221422e-07],
     [-2.55803602e-08],
     [-1.77566917e-09]]), 2.124543517032681), (2.124351765903599e-05, Vec([[1.93809073e-07],
     [1.09960494e-08],
     [1.76632317e-09]]), 2.0992229954860124), (2.1717547388558338e-05, Vec([[ 2.73625555e-07],
     [-5.55419229e-09],
     [ 2.70349187e-10]]), 2.0934234917427665), (2.1932929169002478e-05, Vec([[ 3.40718087e-07],
     [ 1.28079057e-09],
     [-3.03338061e-10]]), 2.0717090320819347), (2.223695851900987e-05, Vec([[ 3.89701317e-07],
     [-1.56872916e-08],
     [-2.53430084e-09]]), 2.0672183592730007), (2.2346328252559817e-05, Vec([[ 4.33773466e-07],
     [-3.57386777e-09],
     [-1.89047820e-09]]), 2.053191750757973), (2.2441833119840782e-05, Vec([[4.58426241e-07],
     [5.65104800e-09],
     [5.48262884e-09]]), 2.046374017901813), (2.2380637896737567e-05, Vec([[5.00325355e-07],
     [1.41059204e-08],
     [1.72628094e-09]]), 2.0336042083749333), (2.2121846525661083e-05, Vec([[4.93459523e-07],
     [1.36248135e-08],
     [7.58656598e-09]]), 2.011102195563008), (2.1927309660877295e-05, Vec([[ 4.75256869e-07],
     [-5.16092855e-09],
     [-6.97662719e-09]]), 2.0024892126849214), (2.1579601915408308e-05, Vec([[4.69093375e-07],
     [1.66111013e-09],
     [4.87055039e-10]]), 1.9877860519689197), (2.1170081363221044e-05, Vec([[ 4.10077866e-07],
     [-9.59578948e-09],
     [-1.79468017e-09]]), 1.9751051824532926), (2.0709514701703903e-05, Vec([[3.87432672e-07],
     [2.54011273e-09],
     [9.62642078e-10]]), 1.96528644989853), (2.0280771378710875e-05, Vec([[ 3.22838414e-07],
     [-6.99283848e-09],
     [-1.95728635e-09]]), 1.9662532100681662), (1.96676814020762e-05, Vec([[ 2.48682443e-07],
     [-1.62883850e-08],
     [-1.12208355e-10]]), 1.9570493411033616), (1.9227388351912942e-05, Vec([[ 1.96101107e-07],
     [ 1.15146936e-08],
     [-1.38583881e-09]]), 1.9731671776638249), (1.8710099870930186e-05, Vec([[1.25844060e-07],
     [3.49594090e-09],
     [2.57452385e-09]]), 1.9904444046670908), (1.787127797637267e-05, Vec([[ 4.12421766e-08],
     [-1.92483474e-09],
     [ 6.00130740e-10]]), 1.9818126888989214), (1.7005340925487867e-05, Vec([[-1.87142961e-08],
     [ 3.74498197e-09],
     [ 3.19558675e-09]]), 1.9775922486465927), (1.6692627503946003e-05, Vec([[-9.60043170e-08],
     [ 6.68040587e-09],
     [ 5.68126709e-10]]), 2.049241776901642), (1.5917106152747224e-05, Vec([[-1.49415719e-07],
     [ 1.20020280e-10],
     [ 3.59274781e-10]]), 2.078031743440981), (1.5165436690479792e-05, Vec([[-2.54268349e-07],
     [-6.64342629e-09],
     [ 3.94800463e-10]]), 2.123176549062498), (1.4226285181180112e-05, Vec([[-2.99848505e-07],
     [ 7.76196806e-09],
     [ 5.74700966e-10]]), 2.156430265538702), (1.3488577988532197e-05, Vec([[-3.60020625e-07],
     [-1.35074502e-10],
     [ 8.40439480e-11]]), 2.2391427602316645), (1.379803568250169e-05, Vec([[-3.29829389e-07],
     [-1.88145598e-09],
     [-1.83895210e-10]]), 2.18523442871371), (1.4577757432255618e-05, Vec([[-2.59345078e-07],
     [ 9.68616288e-10],
     [-2.35482736e-10]]), 2.1208835312895937), (1.5350789542514816e-05, Vec([[-2.11757393e-07],
     [ 8.08750073e-09],
     [-8.94338620e-10]]), 2.0730352831343435), (1.6181318662876786e-05, Vec([[-1.41429634e-07],
     [ 3.07335254e-09],
     [ 2.12469354e-09]]), 2.0465296161094964), (1.685749801240412e-05, Vec([[-8.37720098e-08],
     [ 1.46412836e-09],
     [ 7.23026472e-10]]), 2.0124504888365484), (1.7641440457844625e-05, Vec([[-1.28822376e-09],
     [-6.45972606e-09],
     [-1.69792133e-09]]), 2.001805528524242), (1.794006153614726e-05, Vec([[ 4.29721307e-08],
     [-2.13560646e-09],
     [-9.85588135e-10]]), 1.9471620836333767), (1.8903017672348084e-05, Vec([[1.37773524e-07],
     [2.93516791e-09],
     [3.12624030e-09]]), 1.9737897436440883), (1.931985589535542e-05, Vec([[ 1.99430259e-07],
     [-1.00318209e-11],
     [-4.83479990e-10]]), 1.951100479612012), (1.9929084895048326e-05, Vec([[ 2.75269285e-07],
     [ 5.76274839e-09],
     [-3.97924387e-09]]), 1.9562922595654313), (2.0400179058346663e-05, Vec([[ 3.30824278e-07],
     [-3.82319286e-09],
     [-7.04498633e-10]]), 1.955671216369018), (2.0980946390722343e-05, Vec([[3.84491993e-07],
     [6.81732158e-09],
     [5.64047320e-10]]), 1.973115366573047), (2.1458018078172775e-05, Vec([[ 4.39937987e-07],
     [-1.39144907e-08],
     [-4.01915658e-09]]), 1.9881951963616806), (2.1951325138744908e-05, Vec([[ 4.64367845e-07],
     [-6.43573630e-10],
     [ 2.40342355e-09]]), 2.012303730799206), (2.2070365159182965e-05, Vec([[ 4.89441275e-07],
     [-1.37986993e-08],
     [ 5.78034550e-09]]), 2.0099650032344583), (2.2506530406844376e-05, Vec([[ 5.05419420e-07],
     [ 1.32395150e-08],
     [-4.81185594e-10]]), 2.0445286470107904), (2.2608802697289284e-05, Vec([[ 4.96798126e-07],
     [-1.66139266e-08],
     [ 7.95387576e-09]]), 2.0569252605023114), (2.2479964286055508e-05, Vec([[ 4.60681780e-07],
     [ 6.62949888e-10],
     [-2.31093819e-10]]), 2.0565950946365543), (2.233446291134875e-05, Vec([[ 4.01258445e-07],
     [-7.21330269e-09],
     [-2.76157788e-10]]), 2.063082101999848), (2.253807896665758e-05, Vec([[ 3.65838932e-07],
     [ 3.25566659e-09],
     [-2.73541851e-09]]), 2.1108430864113292), (2.198945834730621e-05, Vec([[ 3.06909905e-07],
     [-2.00055973e-08],
     [ 3.00227169e-09]]), 2.0970688377498323), (2.156025736928271e-05, Vec([[ 2.36464790e-07],
     [ 8.19909885e-09],
     [-2.26248836e-10]]), 2.103008283873956), (2.122451926836136e-05, Vec([[1.5916308e-07],
     [3.2348205e-09],
     [5.5202472e-10]]), 2.1273197450920778), (2.0688137122367618e-05, Vec([[ 8.51508505e-08],
     [-5.76111801e-08],
     [ 6.37156471e-10]]), 2.1411951113744707), (2.009440739081028e-05, Vec([[-3.55664945e-09],
     [-1.06168948e-08],
     [ 3.40002266e-09]]), 2.158856724159838)]