[(2.0049962640574144e-05, Vec([[-4.40994442e-10],
     [-8.97669417e-09],
     [ 1.05363548e-09]]), 2.1540817713067986), (2.0454982911638306e-05, Vec([[-8.35267223e-08],
     [-9.42949496e-09],
     [-4.47177936e-11]]), 2.1170639557630637), (2.1297052174388314e-05, Vec([[-1.61653821e-07],
     [-2.74097179e-09],
     [-1.43388903e-09]]), 2.1345896710305197), (2.172032334986787e-05, Vec([[-2.29761794e-07],
     [ 7.82619722e-09],
     [ 1.17805389e-09]]), 2.1186212738940364), (2.201044942852116e-05, Vec([[-2.98575721e-07],
     [-1.87490077e-09],
     [ 2.48500027e-09]]), 2.0990706943481747), (2.213217343315103e-05, Vec([[-3.51919488e-07],
     [-1.03362430e-08],
     [-4.01302045e-09]]), 2.07282729587275), (2.213310156011612e-05, Vec([[-4.00544335e-07],
     [-2.65916553e-08],
     [-6.45457164e-10]]), 2.0444819233695637), (2.2625508494865244e-05, Vec([[-4.56551892e-07],
     [ 4.43295947e-09],
     [ 1.96586801e-09]]), 2.0699103073336023), (2.250767680387817e-05, Vec([[-4.87146517e-07],
     [-1.79636443e-08],
     [-1.29887942e-09]]), 2.0477249323189386), (2.2487979797638795e-05, Vec([[-5.02612552e-07],
     [ 8.57155957e-09],
     [ 1.47551527e-10]]), 2.042843480472247), (2.2031671297136815e-05, Vec([[-4.88812196e-07],
     [-4.24388339e-09],
     [-1.36285006e-09]]), 2.0064411236795974), (2.161440889347836e-05, Vec([[-4.76273617e-07],
     [ 4.32255024e-09],
     [ 7.46703247e-09]]), 1.981418223294237), (2.1536774489358658e-05, Vec([[-4.39238548e-07],
     [-1.10373577e-08],
     [ 6.69467404e-10]]), 1.9954923809307306), (2.0944550520295808e-05, Vec([[-3.84586905e-07],
     [-8.61502490e-09],
     [ 2.35415692e-09]]), 1.9696925824011102), (2.0572169192140718e-05, Vec([[-3.53106455e-07],
     [-1.05456761e-08],
     [-1.04945297e-09]]), 1.972159118421176), (1.98259732079923e-05, Vec([[-2.71528514e-07],
     [ 7.97355798e-10],
     [-8.81863618e-10]]), 1.9461705406646013), (1.9479087988251394e-05, Vec([[-2.12376402e-07],
     [ 1.73542102e-08],
     [-6.92349614e-10]]), 1.9671812316891348), (1.8734978022865752e-05, Vec([[-1.13280074e-07],
     [ 1.42469217e-08],
     [ 4.50721878e-10]]), 1.9562436067032674), (1.8083976119629634e-05, Vec([[-6.45550190e-08],
     [-4.72388837e-09],
     [-2.10674651e-09]]), 1.9627821538139703), (1.735338600038132e-05, Vec([[-1.08844291e-08],
     [ 1.09287677e-08],
     [ 2.63216760e-09]]), 1.9691194784908568), (1.690540823933545e-05, Vec([[7.06397345e-08],
     [1.55999685e-08],
     [9.60194197e-10]]), 2.0181700184807028), (1.6142421075613924e-05, Vec([[1.47982976e-07],
     [1.09714693e-08],
     [1.79030853e-09]]), 2.041610050158962), (1.5321678712032588e-05, Vec([[ 2.16747681e-07],
     [ 2.09883430e-09],
     [-1.59647812e-10]]), 2.069104033960228), (1.4860789507299206e-05, Vec([[2.78283173e-07],
     [1.20875685e-09],
     [5.63311405e-10]]), 2.1620612000480555), (1.3979167682906671e-05, Vec([[3.29553884e-07],
     [4.42516199e-09],
     [8.93009927e-10]]), 2.2139208223812323), (1.3374582536356226e-05, Vec([[ 3.58794548e-07],
     [-8.77824781e-10],
     [-1.19414260e-10]]), 2.2202191871421832), (1.4430182885682405e-05, Vec([[2.88770153e-07],
     [7.74582220e-09],
     [1.29570937e-10]]), 2.187337222306607), (1.5037984768431571e-05, Vec([[ 2.39939497e-07],
     [ 1.41494532e-09],
     [-1.13621573e-09]]), 2.1053331504483594), (1.5878942209107304e-05, Vec([[1.72841766e-07],
     [1.08199148e-08],
     [1.94561212e-09]]), 2.073049312239128), (1.6594076257574796e-05, Vec([[8.28348364e-08],
     [5.26288756e-09],
     [5.94677717e-10]]), 2.037143302219818), (1.7311810789904654e-05, Vec([[ 1.72318587e-08],
     [-5.20267012e-10],
     [ 2.44410007e-09]]), 2.0132323708276205), (1.7614667869868263e-05, Vec([[-2.83909464e-08],
     [-9.32283271e-09],
     [-5.16819784e-10]]), 1.9533562368285942), (1.854298243138301e-05, Vec([[-1.19182025e-07],
     [-8.95831709e-09],
     [-1.68247659e-09]]), 1.9726658799791599), (1.9079038387887258e-05, Vec([[-1.68278377e-07],
     [-8.40845985e-09],
     [ 3.91936213e-09]]), 1.957943098633145), (1.9550742870892175e-05, Vec([[-2.49141476e-07],
     [-5.18697282e-10],
     [ 2.53981654e-09]]), 1.9454132732454021), (2.0136964412372436e-05, Vec([[-3.09923225e-07],
     [-9.56409809e-09],
     [ 2.62220390e-09]]), 1.9523108947630412), (2.0752922777753322e-05, Vec([[-3.77522063e-07],
     [-1.46986854e-08],
     [ 1.22474414e-09]]), 1.9694057788593902), (2.1158549302787395e-05, Vec([[-4.11167390e-07],
     [-8.86451967e-09],
     [ 4.51727220e-09]]), 1.9740292757557205), (2.16720204628551e-05, Vec([[-4.74263550e-07],
     [ 1.97654369e-08],
     [ 3.29043991e-09]]), 1.9962991051882553), (2.177485997937689e-05, Vec([[-4.72881103e-07],
     [-1.91997464e-08],
     [ 2.78566485e-09]]), 1.9885669008553732), (2.223364827560557e-05, Vec([[-4.79414757e-07],
     [-2.90780156e-09],
     [ 3.53395209e-09]]), 2.0212661185664667), (2.2404887075111413e-05, Vec([[-5.01762940e-07],
     [-8.35227254e-09],
     [ 1.93844049e-09]]), 2.035807596473979), (2.2454892079279443e-05, Vec([[-4.74787582e-07],
     [-2.16413276e-08],
     [ 8.64755323e-10]]), 2.0475648081172744), (2.2389652959617757e-05, Vec([[-4.32723084e-07],
     [ 8.69786566e-09],
     [ 3.49167284e-09]]), 2.0571724463841177), (2.2141497544605234e-05, Vec([[-3.82096718e-07],
     [-1.70392333e-09],
     [-1.08883433e-09]]), 2.0583440036045015), (2.1837239614732577e-05, Vec([[-3.29427947e-07],
     [-3.10807140e-09],
     [ 1.50753275e-09]]), 2.0626705259923326), (2.1659784063114504e-05, Vec([[-2.59846623e-07],
     [-6.69649753e-09],
     [ 2.62861595e-09]]), 2.0878555010170277), (2.1292053814527476e-05, Vec([[-1.95197893e-07],
     [ 2.20587179e-09],
     [ 1.00919850e-09]]), 2.1040191980432144), (2.0895675582909266e-05, Vec([[-1.23523117e-07],
     [ 5.07734488e-09],
     [ 1.91145255e-09]]), 2.126898024964113), (2.022807300932747e-05, Vec([[-3.66829659e-08],
     [ 1.09340446e-08],
     [-9.40448288e-10]]), 2.1315812220571964), (2.0076969060385754e-05, Vec([[4.21425335e-08],
     [2.60033667e-09],
     [6.20385277e-10]]), 2.115658284662501), (2.0752431082670917e-05, Vec([[ 1.18654978e-07],
     [-2.31782286e-09],
     [-3.31720951e-10]]), 2.1123176662944414), (2.1245888102637164e-05, Vec([[ 1.99128089e-07],
     [-1.35481658e-08],
     [ 4.76578661e-11]]), 2.0994572358692185), (2.1909988379693204e-05, Vec([[2.66645566e-07],
     [1.23874256e-08],
     [2.38191931e-09]]), 2.111973491169876), (2.189340747621005e-05, Vec([[3.31135637e-07],
     [1.32327906e-08],
     [3.17735078e-09]]), 2.0679759489497025), (2.229249295503358e-05, Vec([[ 3.82666954e-07],
     [-8.77528745e-09],
     [-1.42518000e-09]]), 2.0723810169998633), (2.2430619580492926e-05, Vec([[ 4.26163835e-07],
     [-1.13665566e-08],
     [-3.54605394e-09]]), 2.060936479879316), (2.244402460723103e-05, Vec([[4.87912785e-07],
     [2.02177565e-08],
     [2.14214737e-09]]), 2.0465738501896666), (2.2260692827399123e-05, Vec([[ 4.92298901e-07],
     [-2.24867087e-08],
     [ 5.01145431e-09]]), 2.0227054663951063), (2.2248698882098973e-05, Vec([[ 4.93178243e-07],
     [-4.01455969e-09],
     [ 5.33275647e-09]]), 2.0226343726915608), (2.193111594658595e-05, Vec([[ 4.96862855e-07],
     [ 3.59671820e-09],
     [-6.51368253e-09]]), 2.0028368178489777), (2.1615612222791844e-05, Vec([[ 4.69934404e-07],
     [-8.50399386e-09],
     [-3.38759366e-09]]), 1.9911031097638088), (2.1233530795607115e-05, Vec([[ 4.20147019e-07],
     [ 1.45311992e-08],
     [-3.91920811e-09]]), 1.9810248244508508), (2.0736915966449992e-05, Vec([[ 3.81293928e-07],
     [ 6.52765691e-09],
     [-4.86183224e-09]]), 1.9678867684038754), (2.0053527093038476e-05, Vec([[ 3.23409289e-07],
     [ 1.13013880e-08],
     [-5.73715151e-10]]), 1.9442215132540086), (1.9624195697425276e-05, Vec([[2.62456495e-07],
     [4.84811469e-09],
     [6.13965430e-10]]), 1.9527222591309272), (1.905683683600563e-05, Vec([[ 1.79453636e-07],
     [-1.57012363e-08],
     [-1.24308075e-09]]), 1.9556647146600215), (1.85485906663866e-05, Vec([[ 1.23161888e-07],
     [-4.20462585e-09],
     [-2.43856636e-09]]), 1.9732625031965656), (1.7802274627517098e-05, Vec([[4.42261233e-08],
     [1.11116180e-08],
     [2.89394031e-10]]), 1.9741606501068838), (1.730401451393892e-05, Vec([[-4.50036975e-08],
     [ 8.89031601e-09],
     [ 7.60912142e-10]]), 2.0123257230288076), (1.6522219025896438e-05, Vec([[-1.10130514e-07],
     [ 1.70838389e-08],
     [ 1.28164762e-10]]), 2.0283218724543133), (1.6136693590672813e-05, Vec([[-1.42140532e-07],
     [ 1.39739152e-09],
     [-3.62038969e-11]]), 2.1066996220171057), (1.5143452589960413e-05, Vec([[-2.35782468e-07],
     [ 1.00352322e-09],
     [ 6.09871911e-10]]), 2.120098752647688), (1.4161147983814736e-05, Vec([[-2.95616652e-07],
     [-8.45529882e-09],
     [ 1.61204248e-10]]), 2.146556723568878), (1.3331926641196783e-05, Vec([[-3.53817125e-07],
     [ 1.49702899e-08],
     [-3.21315115e-10]]), 2.213138185800999), (1.3858818092099566e-05, Vec([[-3.21132375e-07],
     [-1.14579947e-09],
     [-3.76623943e-10]]), 2.194860713002995), (1.469577457551065e-05, Vec([[-2.75299648e-07],
     [ 2.99642251e-09],
     [-3.07000938e-10]]), 2.1380535669897083), (1.548940781257522e-05, Vec([[-2.11166370e-07],
     [ 4.34448266e-09],
     [ 5.59927680e-10]]), 2.0917548782357156), (1.5967272947397565e-05, Vec([[-1.30896841e-07],
     [ 1.04030380e-09],
     [-9.38484277e-10]]), 2.019458219454133), (1.687916110158276e-05, Vec([[-9.36815401e-08],
     [-6.95000758e-09],
     [ 2.12773789e-09]]), 2.0150366314761734), (1.7560991459488163e-05, Vec([[-3.21102904e-08],
     [ 1.64964517e-08],
     [ 6.20517392e-10]]), 1.9926768380378264), (1.7978403985032696e-05, Vec([[ 4.84870871e-08],
     [-7.83044802e-09],
     [ 9.99870962e-10]]), 1.9513236614804175), (1.846317735925806e-05, Vec([[ 1.29154806e-07],
     [-4.85377807e-09],
     [ 5.33538048e-10]]), 1.9278630924677396), (1.936931716381639e-05, Vec([[2.32294724e-07],
     [6.96534882e-09],
     [2.75737516e-10]]), 1.9560955429882154), (1.987716455557118e-05, Vec([[ 2.79100769e-07],
     [-3.57946038e-09],
     [ 5.68533612e-09]]), 1.9511956202180625), (2.059383317443954e-05, Vec([[ 3.30111452e-07],
     [-7.05746432e-09],
     [-1.99416897e-09]]), 1.9742359446339526), (2.107182480353048e-05, Vec([[3.93539803e-07],
     [4.31468536e-09],
     [2.54760463e-09]]), 1.9816618634498893), (2.1451461477487434e-05, Vec([[ 4.31090799e-07],
     [-2.31599822e-09],
     [ 1.20469413e-09]]), 1.987587693751721), (2.1857441200056555e-05, Vec([[ 4.79696747e-07],
     [ 3.29366390e-09],
     [-4.59016795e-09]]), 2.003697279986301), (2.2156039484681864e-05, Vec([[ 4.84836736e-07],
     [-3.17646994e-09],
     [-5.12349302e-09]]), 2.0177674294601453), (2.238333414928261e-05, Vec([[ 4.90270006e-07],
     [-1.04516077e-08],
     [ 5.59578240e-09]]), 2.033337305065301), (2.24670670263463e-05, Vec([[ 4.86771453e-07],
     [-2.00809903e-08],
     [-7.61173661e-09]]), 2.0440302971652295), (2.2507585869640494e-05, Vec([[ 4.47317587e-07],
     [-1.49919872e-08],
     [ 4.89539513e-09]]), 2.059122074332079), (2.2726646471097204e-05, Vec([[4.13412745e-07],
     [1.56472768e-09],
     [2.48172152e-10]]), 2.0993089361094115), (2.2205734427413062e-05, Vec([[ 3.60879634e-07],
     [-4.75306894e-09],
     [-1.08376401e-09]]), 2.0797167790623896), (2.1967894711397257e-05, Vec([[ 2.95022031e-07],
     [ 1.43319873e-08],
     [-3.81858149e-10]]), 2.095012378323727), (2.1476528241589938e-05, Vec([[ 2.32331939e-07],
     [-4.55650358e-09],
     [ 2.59674436e-09]]), 2.0948412640595118), (2.1221621126085172e-05, Vec([[ 1.57395353e-07],
     [-1.25943372e-08],
     [ 9.01754149e-10]]), 2.1270292661789743), (2.0776820060781196e-05, Vec([[ 7.78140457e-08],
     [ 1.19970831e-08],
     [-2.07224210e-10]]), 2.150373679414228), (2.0028642646531502e-05, Vec([[-1.11460292e-09],
     [-8.25556693e-09],
     [ 1.09373782e-09]]), 2.1517912428227857)]