[(1.9898257694018585e-05, Vec([[ 1.35304876e-09],
     [ 8.94970213e-09],
     [-1.59821315e-09]]), 2.137783244179815), (2.058340786886606e-05, Vec([[-7.99823343e-08],
     [-2.19868495e-08],
     [-2.26311026e-10]]), 2.1303557707277485), (2.1119538939291827e-05, Vec([[-1.56536452e-07],
     [ 7.94914462e-09],
     [-1.18419985e-11]]), 2.1167976350714843), (2.1663498424405023e-05, Vec([[-2.31004885e-07],
     [-8.33680414e-09],
     [-1.18928753e-09]]), 2.113078515895742), (2.2106079576303034e-05, Vec([[-2.99363353e-07],
     [-2.52267052e-08],
     [-1.11570928e-09]]), 2.1081906553629195), (2.233829187554374e-05, Vec([[-3.69764092e-07],
     [-2.89624137e-08],
     [-3.26726649e-09]]), 2.092131678014199), (2.2690756332872553e-05, Vec([[-4.08672825e-07],
     [ 4.77879553e-10],
     [-4.19557638e-09]]), 2.0959936872895275), (2.2471727961878622e-05, Vec([[-4.53773357e-07],
     [ 1.07119450e-08],
     [-4.87099454e-09]]), 2.055841588817574), (2.2567653045739978e-05, Vec([[-4.82374586e-07],
     [-4.49923560e-09],
     [ 1.58070056e-10]]), 2.053181508174251), (2.2450365675086396e-05, Vec([[-4.94238477e-07],
     [-3.34770192e-09],
     [-3.03439583e-09]]), 2.03942655437567), (2.2209598091496227e-05, Vec([[-4.79309844e-07],
     [-7.94386386e-09],
     [-1.54490984e-09]]), 2.022645052668571), (2.193281424955532e-05, Vec([[-4.69244652e-07],
     [ 2.67762962e-08],
     [ 8.37835056e-09]]), 2.0106068158685053), (2.1329856135819345e-05, Vec([[-4.41499035e-07],
     [-1.13841070e-08],
     [-7.00620038e-09]]), 1.976320336474099), (2.107334732444784e-05, Vec([[-4.07434977e-07],
     [-1.64375839e-08],
     [-1.12718138e-09]]), 1.9818050461911254), (2.0305152506424823e-05, Vec([[-3.29746885e-07],
     [ 3.13386560e-09],
     [-3.12826199e-10]]), 1.946561458466756), (1.982961336794096e-05, Vec([[-2.71920729e-07],
     [ 2.02553612e-08],
     [ 1.74967292e-09]]), 1.9465278684981997), (1.9459847067344762e-05, Vec([[-2.19371724e-07],
     [-3.81811298e-09],
     [-6.44000269e-09]]), 1.9652381028059567), (1.884861354905426e-05, Vec([[-1.13117907e-07],
     [-7.18652603e-10],
     [-1.59459390e-09]]), 1.9681090474488783), (1.817126385473793e-05, Vec([[-5.09223900e-08],
     [-9.12794240e-09],
     [ 2.08425346e-09]]), 1.972256110624355), (1.7620117127294446e-05, Vec([[-8.60777870e-10],
     [ 1.77956999e-09],
     [-7.49796831e-10]]), 1.9993859323986367), (1.6748739616132028e-05, Vec([[7.27347059e-08],
     [1.12957446e-08],
     [2.77467312e-09]]), 1.9994668961597586), (1.609644039789328e-05, Vec([[ 1.49492007e-07],
     [-9.87216334e-09],
     [ 2.56107078e-09]]), 2.0357946515079255), (1.548698022997631e-05, Vec([[ 1.95763934e-07],
     [-1.17472400e-09],
     [ 3.34033136e-10]]), 2.0914270472556638), (1.482593365623785e-05, Vec([[ 2.61185050e-07],
     [-7.73407683e-10],
     [-2.56584158e-10]]), 2.156990104522653), (1.3860967857870803e-05, Vec([[ 3.40256625e-07],
     [-2.72290623e-10],
     [-1.97568699e-10]]), 2.195201177565132), (1.3652452344294655e-05, Vec([[3.56901526e-07],
     [6.51162071e-09],
     [1.00032538e-10]]), 2.26634637484583), (1.4297818725799991e-05, Vec([[ 2.85500424e-07],
     [-1.06990428e-09],
     [-8.09749206e-11]]), 2.167273370302527), (1.4994942654422733e-05, Vec([[ 2.47955297e-07],
     [-5.21589646e-09],
     [-1.83139655e-09]]), 2.099307210744097), (1.6128894937857767e-05, Vec([[ 1.68073894e-07],
     [-3.52850988e-09],
     [ 1.71180312e-10]]), 2.105681481662306), (1.666092083759575e-05, Vec([[ 1.16033891e-07],
     [-1.87049785e-09],
     [-1.78798548e-10]]), 2.0453493624045316), (1.706648301925531e-05, Vec([[4.57480904e-08],
     [5.00645487e-09],
     [3.47244874e-09]]), 1.984702610692866), (1.78254212531058e-05, Vec([[-5.46833493e-08],
     [-1.21024766e-08],
     [-6.51094456e-10]]), 1.9767274657737608), (1.8332370704846838e-05, Vec([[-9.81031539e-08],
     [-1.91204713e-10],
     [-1.19516791e-09]]), 1.950260284309811), (1.9163044347335357e-05, Vec([[-1.87939193e-07],
     [-1.03116197e-08],
     [ 1.60723490e-09]]), 1.9665640199396341), (1.9791457829654566e-05, Vec([[-2.56821636e-07],
     [ 5.18158023e-09],
     [ 1.12435617e-09]]), 1.9693658196492672), (2.0282428139756405e-05, Vec([[-3.23610343e-07],
     [-4.34276541e-09],
     [-4.00760384e-09]]), 1.9664138357003589), (2.065471492215523e-05, Vec([[-3.57832253e-07],
     [ 6.75331872e-09],
     [-1.10969778e-10]]), 1.9600860738513033), (2.1186631199974815e-05, Vec([[-4.34524430e-07],
     [ 8.35918941e-09],
     [-5.90233514e-09]]), 1.9766492326522656), (2.172388392845236e-05, Vec([[-4.68206397e-07],
     [ 1.33554506e-08],
     [-2.64331162e-09]]), 2.00107646270973), (2.202008823042133e-05, Vec([[-4.92261258e-07],
     [-1.43589230e-08],
     [-1.43511724e-09]]), 2.0109621210149284), (2.2365155006150483e-05, Vec([[-5.04218017e-07],
     [-1.69678425e-09],
     [ 6.26375343e-09]]), 2.0332214259239882), (2.2649225055195362e-05, Vec([[-4.89238572e-07],
     [-1.39788237e-08],
     [-9.06960050e-10]]), 2.0580092310680036), (2.2539855871977943e-05, Vec([[-4.71486835e-07],
     [-4.13939850e-09],
     [-1.33090478e-09]]), 2.0553122901038012), (2.232901542260619e-05, Vec([[-4.30186778e-07],
     [ 2.13307182e-08],
     [-1.66242547e-10]]), 2.051601039333648), (2.2102038751267806e-05, Vec([[-3.92933409e-07],
     [ 2.11001666e-08],
     [-1.03767667e-10]]), 2.054675788729155), (2.2129869507259973e-05, Vec([[-3.40612565e-07],
     [-9.47581859e-09],
     [ 2.35017126e-09]]), 2.090311338887628), (2.1647700682667552e-05, Vec([[-2.73828372e-07],
     [-4.14958372e-08],
     [ 5.54806232e-09]]), 2.0866907455299213), (2.1374846613055373e-05, Vec([[-1.97395478e-07],
     [ 2.51739066e-10],
     [-8.99959672e-10]]), 2.1122005430219484), (2.0610345523605598e-05, Vec([[-1.09573515e-07],
     [-2.68991454e-08],
     [ 1.99403346e-09]]), 2.0978552722094603), (2.0136741691621607e-05, Vec([[-4.21786529e-08],
     [ 3.68068522e-08],
     [ 2.60357267e-09]]), 2.121956967600641), (2.0327016291889672e-05, Vec([[ 4.36606337e-08],
     [-1.98473393e-08],
     [-1.15322381e-10]]), 2.1420076053840233), (2.0792992434026964e-05, Vec([[ 1.20019889e-07],
     [-2.67535729e-08],
     [-2.02336529e-09]]), 2.116446264948587), (2.1196417275105726e-05, Vec([[2.02213443e-07],
     [3.08471883e-08],
     [6.24663620e-11]]), 2.0945686717233674), (2.1652846343530932e-05, Vec([[2.65693823e-07],
     [2.85883666e-08],
     [5.11144666e-09]]), 2.0871867521525473), (2.194273142030879e-05, Vec([[ 3.23655716e-07],
     [-2.24331203e-08],
     [-3.70299001e-09]]), 2.072634919017034), (2.2170279126764914e-05, Vec([[3.84531031e-07],
     [4.58003736e-10],
     [2.32505764e-09]]), 2.0610196309839632), (2.2313298012385133e-05, Vec([[4.35371929e-07],
     [1.10780178e-08],
     [5.19525152e-09]]), 2.0501569158676176), (2.240402402617513e-05, Vec([[ 4.77017234e-07],
     [-7.50559548e-09],
     [-1.98513053e-09]]), 2.042926369641324), (2.229672059246917e-05, Vec([[ 4.91745549e-07],
     [ 1.34597568e-08],
     [-4.25960086e-10]]), 2.025979109219892), (2.233829861303124e-05, Vec([[ 5.31326822e-07],
     [ 6.43830904e-09],
     [-1.41741461e-09]]), 2.030779905000119), (2.1842726750569933e-05, Vec([[ 4.84458044e-07],
     [-1.06373021e-08],
     [ 1.45565600e-09]]), 1.9947647645840134), (2.162457276499712e-05, Vec([[ 4.47172234e-07],
     [-5.84897844e-09],
     [ 4.15802563e-09]]), 1.9919285022285798), (2.1068904460817662e-05, Vec([[ 4.19922899e-07],
     [-1.18875864e-09],
     [-9.62897204e-10]]), 1.965665680504629), (2.091157343375774e-05, Vec([[3.77253864e-07],
     [7.78765251e-09],
     [6.81524193e-09]]), 1.9844613699248501), (2.0031396142936845e-05, Vec([[ 3.26337777e-07],
     [-1.11719245e-09],
     [-2.33225591e-10]]), 1.9420758822586872), (1.977193885514647e-05, Vec([[2.51295818e-07],
     [5.49012295e-09],
     [4.20314953e-10]]), 1.9674235675139413), (1.9109949634879077e-05, Vec([[ 1.75943700e-07],
     [ 8.29965350e-09],
     [-3.21852914e-09]]), 1.961115295338625), (1.861844284799901e-05, Vec([[1.04556628e-07],
     [1.18366046e-08],
     [9.81681767e-12]]), 1.9806936171405503), (1.7994791467125756e-05, Vec([[3.68551881e-08],
     [1.47134997e-08],
     [1.70238565e-09]]), 1.9955095606922137), (1.734402518498792e-05, Vec([[-4.53465692e-08],
     [ 1.11988075e-10],
     [ 2.03176671e-09]]), 2.0169786607897353), (1.662261744828376e-05, Vec([[-1.21558634e-07],
     [-3.75615517e-09],
     [ 4.33946333e-10]]), 2.040647112530657), (1.5955037619952616e-05, Vec([[-1.73313693e-07],
     [-1.29739255e-08],
     [-6.46484445e-10]]), 2.0829838240624), (1.4898463370660095e-05, Vec([[-2.26668835e-07],
     [ 2.51417114e-09],
     [-4.34304567e-10]]), 2.0858000129669447), (1.4115673258737566e-05, Vec([[-3.02588618e-07],
     [ 2.93609822e-09],
     [ 3.69049681e-10]]), 2.1396636329113687), (1.3643157336514317e-05, Vec([[-3.35135835e-07],
     [ 4.20851188e-10],
     [-8.63212284e-10]]), 2.26480337680739), (1.3781923997303823e-05, Vec([[-3.32755880e-07],
     [-1.71859372e-09],
     [-8.76622828e-11]]), 2.182682774984939), (1.4589749818961678e-05, Vec([[-2.82244033e-07],
     [-1.91679937e-09],
     [-8.09886111e-10]]), 2.1226282753343435), (1.5654151855483394e-05, Vec([[-2.05341877e-07],
     [ 1.24691207e-08],
     [ 2.07357307e-09]]), 2.114002607754057), (1.6194224577108003e-05, Vec([[-1.67596922e-07],
     [-3.49615187e-09],
     [ 3.69583048e-09]]), 2.0481618894889055), (1.6978301558521365e-05, Vec([[-6.47634294e-08],
     [ 9.25106121e-09],
     [-3.21495020e-09]]), 2.0268720331996537), (1.7336647699560596e-05, Vec([[-9.79043300e-09],
     [ 1.42294955e-09],
     [-1.68975096e-09]]), 1.9672201538183005), (1.823077289884534e-05, Vec([[ 6.70330433e-08],
     [-2.16304055e-09],
     [ 2.45181988e-09]]), 1.9787150491338878), (1.887375021301324e-05, Vec([[ 1.52588189e-07],
     [-3.69678323e-09],
     [ 1.18480466e-09]]), 1.9707337336429902), (1.9319287742544258e-05, Vec([[2.07190270e-07],
     [2.11930012e-08],
     [2.06977940e-09]]), 1.951043102205661), (2.0037880747590173e-05, Vec([[ 2.93402849e-07],
     [-6.22272463e-09],
     [-8.01601808e-09]]), 1.9669719513486361), (2.0593502637465016e-05, Vec([[ 3.54166805e-07],
     [-2.95844985e-09],
     [-3.34824087e-09]]), 1.9742042575764438), (2.092237434032855e-05, Vec([[ 4.05244792e-07],
     [-3.20043410e-09],
     [ 6.30897921e-09]]), 1.9676070634426037), (2.1332818975362528e-05, Vec([[4.18939467e-07],
     [4.98041704e-09],
     [2.20471361e-10]]), 1.9765948587214897), (2.1624870731716765e-05, Vec([[4.80539570e-07],
     [9.08357815e-09],
     [1.50177570e-09]]), 1.98237727228035), (2.2212662027383617e-05, Vec([[ 5.00035113e-07],
     [-1.07960555e-08],
     [ 5.19120220e-10]]), 2.0229240876487986), (2.2292484630159756e-05, Vec([[4.95351960e-07],
     [2.29412344e-08],
     [1.46503458e-09]]), 2.0250843917527566), (2.256160611701726e-05, Vec([[ 4.78401633e-07],
     [ 2.59739658e-08],
     [-2.05080187e-09]]), 2.052631364913471), (2.254908562472456e-05, Vec([[ 4.65201878e-07],
     [ 5.74923399e-10],
     [-9.23702768e-11]]), 2.062918708154467), (2.253245880926053e-05, Vec([[ 4.18770100e-07],
     [-3.26678323e-09],
     [-2.13689388e-10]]), 2.081371406509769), (2.2168528997139728e-05, Vec([[ 3.65909538e-07],
     [ 5.97239456e-09],
     [-3.70426240e-09]]), 2.0762322396131485), (2.18250606252674e-05, Vec([[ 3.02686667e-07],
     [ 2.93555589e-09],
     [-7.85089554e-10]]), 2.081390718969481), (2.1819508215465258e-05, Vec([[2.35899118e-07],
     [4.88570183e-09],
     [8.64371664e-11]]), 2.1282958612801512), (2.1097664760280468e-05, Vec([[ 1.58334800e-07],
     [-1.25774292e-08],
     [ 1.22308843e-09]]), 2.1146052003534037), (2.0762751941388494e-05, Vec([[ 7.62514129e-08],
     [-2.37163500e-09],
     [-6.09945413e-10]]), 2.1489176474722647), (2.0081790262745115e-05, Vec([[-1.92479505e-09],
     [ 3.64658593e-08],
     [ 1.98746208e-09]]), 2.15750119417414)]