[(2.0077367844781014e-05, array([[ 6.46648623e-10],
       [-4.27976284e-09],
       [-5.55556730e-10]]), 2.1570260686044653), (2.0594340273224544e-05, array([[-5.29959647e-08],
       [ 6.61791726e-09],
       [-2.32010364e-09]]), 2.131487260268325), (2.099693575213543e-05, array([[-1.04706703e-07],
       [-6.92874430e-09],
       [ 2.25553716e-10]]), 2.1045091974606587), (2.1629036797512654e-05, array([[-1.41572290e-07],
       [-1.60875696e-08],
       [-2.26836559e-10]]), 2.1097170955940676), (2.2174334983146743e-05, array([[-1.84118782e-07],
       [ 2.19714051e-08],
       [-1.65137071e-09]]), 2.1146999692550197), (2.2129784786193768e-05, array([[-1.99724243e-07],
       [ 6.58755265e-09],
       [-2.10179076e-10]]), 2.0726035829767633), (2.234434698737989e-05, array([[-2.27528442e-07],
       [ 9.29260282e-09],
       [ 3.13797895e-10]]), 2.0639951152402203), (2.2323573683204853e-05, array([[-2.42703096e-07],
       [-9.54681806e-09],
       [-4.20301359e-09]]), 2.042287592072175), (2.2202378392306693e-05, array([[-2.59832651e-07],
       [-1.48866626e-08],
       [ 7.83099431e-10]]), 2.0199492016373712), (2.240038531128084e-05, array([[-2.58011455e-07],
       [-5.10710540e-09],
       [ 1.78028231e-10]]), 2.034886259459427), (2.2243533330512146e-05, array([[-2.15588249e-07],
       [-1.43575656e-08],
       [ 4.63276009e-09]]), 2.025735560791406), (2.2288267020347637e-05, array([[-1.89677013e-07],
       [ 9.77679580e-09],
       [ 2.54999054e-09]]), 2.0431915884171934), (2.142032818799769e-05, array([[-1.60775732e-07],
       [-3.45286115e-08],
       [-3.00079791e-09]]), 1.9847030351413604), (2.130426863724386e-05, array([[-1.03835974e-07],
       [-4.74959913e-09],
       [-1.87282381e-09]]), 2.0035216257134167), (2.1037279701450195e-05, array([[-5.19876702e-08],
       [ 7.12817161e-09],
       [ 3.76644092e-09]]), 2.0167471209522185), (2.0456656299422576e-05, array([[ 3.31245613e-08],
       [-8.52280736e-09],
       [-2.60964196e-09]]), 2.008080079236059), (2.005226936770463e-05, array([[ 1.20594152e-07],
       [ 7.84006804e-09],
       [-7.12669591e-10]]), 2.025066470089114), (1.945734810227265e-05, array([[1.68927495e-07],
       [1.23002306e-08],
       [2.61048487e-09]]), 2.031671069056774), (1.8891077334570594e-05, array([[ 2.51357073e-07],
       [-1.90645444e-08],
       [ 6.11469900e-10]]), 2.0503825714725705), (1.8106771609459262e-05, array([[3.33907455e-07],
       [6.93089422e-09],
       [1.84864593e-09]]), 2.0546074793696176), (1.731225055934608e-05, array([[ 3.70011477e-07],
       [-1.21322634e-08],
       [ 9.13773831e-10]]), 2.0667389119892374), (1.6419853496750522e-05, array([[ 4.36559526e-07],
       [-6.18483129e-09],
       [ 1.68629465e-10]]), 2.0766982699854206), (1.5764034579348354e-05, array([[ 4.92316873e-07],
       [ 1.21573009e-08],
       [-1.35583554e-09]]), 2.1288416336522396), (1.4938953137732228e-05, array([[ 5.47052540e-07],
       [ 1.08645098e-08],
       [-5.68934878e-10]]), 2.1734330422056436), (1.4061325262222327e-05, array([[ 5.80617261e-07],
       [-5.08344526e-09],
       [-4.96339237e-10]]), 2.2269323535173653), (1.3838949992601324e-05, array([[ 6.25206670e-07],
       [ 2.40873489e-09],
       [-3.79263838e-11]]), 2.297305521122119), (1.4513749343000792e-05, array([[ 5.84753343e-07],
       [-2.83863752e-09],
       [-4.61433249e-10]]), 2.200004284399782), (1.5380138830371937e-05, array([[ 5.44756196e-07],
       [-9.16834990e-09],
       [ 3.83086355e-10]]), 2.153235066845814), (1.630610175293979e-05, array([[ 4.66487227e-07],
       [-1.02905700e-08],
       [-1.31608185e-09]]), 2.1288164273842693), (1.7135512282059557e-05, array([[ 4.11295228e-07],
       [ 1.94680093e-10],
       [-7.07242864e-12]]), 2.1036117668537666), (1.7600199058213934e-05, array([[ 3.52855999e-07],
       [ 8.87536615e-09],
       [-1.30023727e-09]]), 2.046769740440378), (1.8352236503102062e-05, array([[ 2.47780320e-07],
       [-1.09202619e-08],
       [-4.11316208e-09]]), 2.035147974286267), (1.8854573735753692e-05, array([[ 1.82154662e-07],
       [ 2.12550177e-09],
       [-4.14132667e-09]]), 2.0058140284447465), (1.967871234326075e-05, array([[ 1.26441512e-07],
       [-1.98291929e-09],
       [ 1.85903422e-09]]), 2.019483279982064), (2.041426403979686e-05, array([[ 4.04953970e-08],
       [-1.35260535e-08],
       [-3.99012482e-09]]), 2.0313386805206752), (2.0663367219291513e-05, array([[-1.55463029e-08],
       [-1.12054400e-08],
       [ 3.28149335e-09]]), 2.00334648850678), (2.1130056058025554e-05, array([[-7.40186081e-08],
       [-6.70004756e-09],
       [ 4.03793385e-09]]), 2.0051948804487107), (2.1350761905919303e-05, array([[-1.34278655e-07],
       [ 2.21729822e-09],
       [-1.07449625e-09]]), 1.991962135911762), (2.2032937534223393e-05, array([[-1.71478202e-07],
       [-1.35827546e-08],
       [-1.30268268e-10]]), 2.0295446638040104), (2.2058722120148005e-05, array([[-2.05182753e-07],
       [-6.91681576e-09],
       [ 2.41069193e-09]]), 2.014490321629514), (2.2268607531495703e-05, array([[-2.43461023e-07],
       [-5.98463488e-09],
       [-4.96553036e-10]]), 2.0244442726231067), (2.227174824525107e-05, array([[-2.45724825e-07],
       [-2.09060064e-08],
       [ 4.54386605e-09]]), 2.023710010786236), (2.2342704507580763e-05, array([[-2.59805778e-07],
       [ 7.13670382e-09],
       [ 4.85006086e-09]]), 2.037334907082465), (2.244777306082162e-05, array([[-2.41308597e-07],
       [-6.46868217e-09],
       [ 2.35384349e-09]]), 2.0625125501808723), (2.2289906894849222e-05, array([[-2.40142233e-07],
       [ 1.55113544e-08],
       [-3.52030223e-09]]), 2.072140608623568), (2.2192342778171207e-05, array([[-2.00625915e-07],
       [ 2.44301463e-08],
       [-1.74121988e-10]]), 2.096212349127219), (2.181083038269665e-05, array([[-1.74140829e-07],
       [ 1.09004818e-08],
       [-2.00785823e-09]]), 2.1024153363472875), (2.1422077651040125e-05, array([[-1.28110793e-07],
       [ 3.44424470e-09],
       [ 5.23270479e-09]]), 2.116867777640509), (2.076127858694693e-05, array([[-8.47262912e-08],
       [-8.94701251e-09],
       [ 1.27482841e-09]]), 2.113218222933343), (2.0230537059366042e-05, array([[-3.41832570e-08],
       [ 7.95101241e-09],
       [ 4.42392014e-10]]), 2.131840877180549), (2.0115344901335468e-05, array([[2.27472047e-08],
       [8.20687595e-10],
       [7.38793417e-10]]), 2.119702230020586), (2.0788126137957824e-05, array([[8.25471336e-08],
       [2.74336395e-08],
       [1.77120834e-09]]), 2.115950941624042), (2.1177615459475654e-05, array([[1.23364815e-07],
       [1.86051380e-08],
       [1.71704145e-09]]), 2.0927107306628976), (2.1738094791594774e-05, array([[ 1.70580484e-07],
       [-1.84518228e-09],
       [ 1.48372541e-10]]), 2.095404121297347), (2.2165758016643248e-05, array([[1.99611870e-07],
       [1.21530152e-09],
       [1.75157733e-10]]), 2.0937012440144986), (2.2121672194809194e-05, array([[2.24076827e-07],
       [1.28681407e-08],
       [5.27562718e-09]]), 2.0565009760590605), (2.270256259033008e-05, array([[2.37555712e-07],
       [1.14020587e-08],
       [1.63347285e-10]]), 2.085922738837093), (2.267374520184743e-05, array([[ 2.60562110e-07],
       [ 9.01066370e-09],
       [-1.85383031e-09]]), 2.0675210809122913), (2.237416336114639e-05, array([[2.42485806e-07],
       [9.15593157e-09],
       [2.20201742e-09]]), 2.033015903301314), (2.222648321422055e-05, array([[ 2.52206191e-07],
       [-1.74469503e-08],
       [-5.07715275e-10]]), 2.0206147411750695), (2.2031464553725498e-05, array([[ 2.25306150e-07],
       [-1.13849235e-08],
       [-1.79761802e-10]]), 2.0120010521491594), (2.1936730131684104e-05, array([[ 1.71740016e-07],
       [ 1.06805096e-08],
       [-2.19557725e-10]]), 2.0206826035299876), (2.151177476856375e-05, array([[ 1.21886007e-07],
       [-5.26889497e-09],
       [-7.70780331e-09]]), 2.006984153729944), (2.0912216927136202e-05, array([[ 4.92008747e-08],
       [-6.36698081e-10],
       [ 3.38210882e-09]]), 1.984522436001748), (2.059090135446269e-05, array([[ 1.63762931e-08],
       [-1.45005758e-08],
       [-3.10653919e-09]]), 1.9963208070531848), (2.0151423982057264e-05, array([[-3.10632215e-08],
       [-1.45494988e-08],
       [ 1.75392543e-10]]), 2.005184557352881), (1.94390580703653e-05, array([[-1.25720320e-07],
       [-1.81757638e-08],
       [-1.91645798e-09]]), 1.994889303066986), (1.9083593705596062e-05, array([[-2.03118016e-07],
       [ 7.44416475e-09],
       [-3.81348185e-09]]), 2.0301779559851894), (1.8235578961995883e-05, array([[-2.46906037e-07],
       [ 6.04251012e-09],
       [ 5.23209893e-10]]), 2.0222113843274734), (1.767068039803269e-05, array([[-3.45883733e-07],
       [ 8.05377753e-09],
       [-9.21100230e-10]]), 2.0549661860106565), (1.6816022528632297e-05, array([[-4.00298253e-07],
       [-3.71964548e-09],
       [ 9.59684550e-10]]), 2.0643901554052166), (1.6182313887174287e-05, array([[-4.47682814e-07],
       [-3.62867331e-09],
       [-4.97744206e-10]]), 2.1126555051635467), (1.562430250734959e-05, array([[-5.24743548e-07],
       [-7.87838845e-09],
       [ 1.08064238e-09]]), 2.187418229762399), (1.467132944698906e-05, array([[-5.75694209e-07],
       [-1.05463009e-08],
       [ 5.53392870e-10]]), 2.2238903868614814), (1.373718019650485e-05, array([[-6.48032953e-07],
       [-1.34690746e-09],
       [-1.65087964e-11]]), 2.2804114421218413), (1.4128487955066265e-05, array([[-6.11109273e-07],
       [ 7.17889810e-09],
       [-5.65751273e-10]]), 2.2375691015375065), (1.4951096469925899e-05, array([[-5.87044940e-07],
       [ 5.86433980e-09],
       [ 1.06297948e-09]]), 2.175199746953219), (1.5954399353647665e-05, array([[-5.22646450e-07],
       [ 4.23628619e-09],
       [ 2.66352612e-10]]), 2.1545492946618228), (1.6635234313397036e-05, array([[-4.52167557e-07],
       [-4.14392082e-09],
       [-6.54058973e-11]]), 2.1039385233412977), (1.7492399248941156e-05, array([[-3.92359688e-07],
       [-3.77919061e-10],
       [ 1.69335787e-09]]), 2.088245087945605), (1.809540228759557e-05, array([[-3.12868912e-07],
       [ 1.00268192e-08],
       [ 1.83023075e-09]]), 2.0533173822589723), (1.8675327139079352e-05, array([[-2.33363099e-07],
       [ 3.26449950e-09],
       [ 1.77837635e-10]]), 2.0269656729658063), (1.9059374630041143e-05, array([[-1.63001001e-07],
       [-5.29002072e-09],
       [-1.79340400e-09]]), 1.9901160130679065), (1.977962649752623e-05, array([[-1.00499735e-07],
       [-1.53601347e-09],
       [ 1.48878870e-09]]), 1.9975324326900177), (2.063684214983165e-05, array([[-1.97046699e-08],
       [ 4.92170922e-09],
       [ 8.30922728e-10]]), 2.025767604092059), (2.1000641715683794e-05, array([[2.95441955e-08],
       [7.37985923e-09],
       [3.39096696e-10]]), 2.0132348059875227), (2.1410056691908858e-05, array([[ 9.50235838e-08],
       [-7.97097687e-10],
       [-2.58330757e-09]]), 2.0134702730419134), (2.1662655002910736e-05, array([[ 1.28437863e-07],
       [-3.55424337e-10],
       [-3.21228508e-09]]), 2.0071558547635906), (2.205267625608462e-05, array([[1.89759012e-07],
       [1.88037296e-08],
       [5.36892533e-09]]), 2.0215947066402684), (2.2331316718458172e-05, array([[ 2.34456906e-07],
       [-4.31850267e-09],
       [-8.60050098e-09]]), 2.0337300609441806), (2.251778677061132e-05, array([[ 2.41840099e-07],
       [-2.01437806e-10],
       [-1.20263977e-10]]), 2.0455511928126824), (2.2403094927835146e-05, array([[ 2.48170077e-07],
       [-9.20557630e-09],
       [-7.82571852e-09]]), 2.038210182444572), (2.236871922249121e-05, array([[2.48936823e-07],
       [6.94925999e-09],
       [4.65503793e-10]]), 2.046417762986131), (2.2233732736202116e-05, array([[ 2.35029231e-07],
       [ 1.62768263e-08],
       [-3.14005685e-09]]), 2.0537774403072344), (2.227968371849247e-05, array([[ 2.02469051e-07],
       [-9.29864919e-09],
       [-9.42270581e-11]]), 2.086642628867553), (2.1950846521938157e-05, array([[ 1.92457929e-07],
       [-1.54305536e-08],
       [ 1.24146962e-09]]), 2.0933865435127883), (2.1521666424797602e-05, array([[ 1.57417229e-07],
       [-1.09993382e-08],
       [ 2.42064609e-09]]), 2.099244085954393), (2.107240533537365e-05, array([[ 9.84364518e-08],
       [-5.58156790e-09],
       [ 1.83752932e-09]]), 2.112073464643655), (2.0737460661069937e-05, array([[ 5.64029939e-08],
       [-2.44092688e-09],
       [ 1.89091490e-09]]), 2.146300033065603), (2.002783929970907e-05, array([[ 1.44678220e-09],
       [-1.58284665e-08],
       [ 7.40777709e-10]]), 2.1517049346945734)]