[(2.008954238231217e-05, Vec([[7.33642897e-10],
     [8.11556828e-09],
     [1.83174271e-10]]), 2.158334048566327), (2.076975727672157e-05, Vec([[-7.78161291e-08],
     [ 1.36395499e-08],
     [ 2.67597953e-10]]), 2.149642690509247), (2.1416912319186068e-05, Vec([[-1.61647468e-07],
     [-2.48320691e-08],
     [-1.25471738e-09]]), 2.1466031752919776), (2.1686627660475578e-05, Vec([[-2.38924330e-07],
     [ 4.19875652e-09],
     [-2.43609801e-09]]), 2.1153345638743413), (2.2005029163690265e-05, Vec([[-3.01337090e-07],
     [ 1.66648372e-09],
     [-1.08259389e-09]]), 2.0985537799117346), (2.2373656636245466e-05, Vec([[-3.63506164e-07],
     [-5.68252843e-09],
     [ 8.12755508e-10]]), 2.095443826345043), (2.2199284394726182e-05, Vec([[-4.01962228e-07],
     [-1.24880070e-08],
     [-1.66425928e-09]]), 2.050595373336353), (2.2692529953246663e-05, Vec([[-4.78148417e-07],
     [-4.03291125e-09],
     [-3.23783886e-09]]), 2.076041811849742), (2.239507937464874e-05, Vec([[-4.95834537e-07],
     [-2.55000785e-08],
     [-7.88290513e-09]]), 2.0374809357857915), (2.2582934907628942e-05, Vec([[-5.05223039e-07],
     [-6.82411344e-09],
     [ 1.61211179e-09]]), 2.0514693521212988), (2.224472783382678e-05, Vec([[-4.93861258e-07],
     [ 5.76723572e-11],
     [ 7.92052055e-10]]), 2.025844345120136), (2.171818178716577e-05, Vec([[-4.78811930e-07],
     [ 2.34400766e-08],
     [ 1.32530922e-09]]), 1.990931206214545), (2.139473928943779e-05, Vec([[-4.61848602e-07],
     [-8.97863495e-09],
     [ 5.87149924e-09]]), 1.9823320927266586), (2.0923563650294806e-05, Vec([[-4.09770004e-07],
     [-7.10446139e-10],
     [-9.78971645e-10]]), 1.967718909959263), (2.0567230864284542e-05, Vec([[-3.16160917e-07],
     [-1.37654852e-08],
     [-3.76231580e-09]]), 1.97168570367233), (1.9911591210178506e-05, Vec([[-2.57843783e-07],
     [ 1.11884757e-08],
     [-1.66293565e-09]]), 1.9545750326840992), (1.9397409637788297e-05, Vec([[-1.84096354e-07],
     [ 2.22584028e-08],
     [-1.62326576e-09]]), 1.9589325848241872), (1.8754194691141285e-05, Vec([[-1.37745853e-07],
     [-1.81241166e-09],
     [-8.15982093e-10]]), 1.9582501467915592), (1.799627111757035e-05, Vec([[-6.01625904e-08],
     [-1.34706175e-08],
     [ 3.32753164e-10]]), 1.9532629080627373), (1.7588532080634684e-05, Vec([[ 2.65758879e-08],
     [ 2.41605714e-09],
     [-7.16439601e-10]]), 1.9958019211511828), (1.693782395107707e-05, Vec([[ 7.87546295e-08],
     [-1.65547895e-08],
     [-2.45656756e-09]]), 2.0220398107175113), (1.6182989818869387e-05, Vec([[1.45443728e-07],
     [2.39352989e-09],
     [1.09298098e-09]]), 2.0467409752887615), (1.5574988113115503e-05, Vec([[ 2.17105507e-07],
     [-1.72225630e-08],
     [-1.31213614e-09]]), 2.103312002517165), (1.4793127563444646e-05, Vec([[ 2.65732535e-07],
     [-1.34476766e-09],
     [-1.53366290e-10]]), 2.1522172234910952), (1.3989724825952772e-05, Vec([[ 3.23408343e-07],
     [-8.52760607e-09],
     [-2.25202863e-10]]), 2.215592787361179), (1.345575161851779e-05, Vec([[ 3.55097671e-07],
     [-8.05586311e-10],
     [ 6.25945430e-11]]), 2.233693488349563), (1.4381265136375074e-05, Vec([[ 3.08227118e-07],
     [ 2.71491320e-09],
     [-4.21747667e-11]]), 2.179922235626324), (1.5310253319572103e-05, Vec([[2.41247773e-07],
     [2.71844681e-09],
     [6.99911687e-10]]), 2.14345102431029), (1.5836080119761603e-05, Vec([[ 1.86490478e-07],
     [-3.49415763e-09],
     [-2.70719961e-09]]), 2.0674535223137593), (1.663452894432305e-05, Vec([[ 1.11353661e-07],
     [-5.77615644e-09],
     [ 5.44064359e-10]]), 2.042109406906024), (1.7423912955343715e-05, Vec([[ 3.77162328e-08],
     [-1.03422324e-08],
     [-3.32151332e-09]]), 2.0262690029304506), (1.791658407876846e-05, Vec([[-2.17666924e-08],
     [ 3.76735092e-09],
     [ 7.86822199e-11]]), 1.986836851621432), (1.880548025941364e-05, Vec([[-1.08412120e-07],
     [-3.13469862e-09],
     [-3.11125402e-10]]), 2.0005912965533716), (1.905187240267999e-05, Vec([[-1.85231300e-07],
     [-2.86096464e-09],
     [-3.68261180e-10]]), 1.9551552509349135), (1.969471869480765e-05, Vec([[-2.23601453e-07],
     [ 8.08369640e-10],
     [-3.83604712e-10]]), 1.9597397098785914), (2.0313452001805657e-05, Vec([[-3.04162496e-07],
     [-1.73142690e-08],
     [ 7.02392205e-09]]), 1.9694216487269922), (2.081105393134036e-05, Vec([[-3.81533243e-07],
     [-9.09784626e-09],
     [-2.95853828e-09]]), 1.9749222948235317), (2.1127522925807358e-05, Vec([[-4.39471652e-07],
     [-6.00089388e-10],
     [ 1.83758302e-09]]), 1.9711346077138445), (2.1609521773523323e-05, Vec([[-4.68056397e-07],
     [-2.50315276e-08],
     [ 1.59831596e-09]]), 1.9905420933857652), (2.212711131781997e-05, Vec([[-4.89484117e-07],
     [-1.06646881e-08],
     [-1.73607209e-09]]), 2.0207358954240333), (2.2338550227310226e-05, Vec([[-4.98637989e-07],
     [-6.93753281e-09],
     [-1.33755413e-10]]), 2.030802779312547), (2.234733985944735e-05, Vec([[-4.98196340e-07],
     [ 9.86671916e-09],
     [-3.64484238e-09]]), 2.030578600745856), (2.2398478325743165e-05, Vec([[-4.71037571e-07],
     [-7.22613147e-09],
     [ 1.39481717e-09]]), 2.0424206811258436), (2.2464445598190867e-05, Vec([[-4.27427136e-07],
     [-1.46993946e-08],
     [ 2.86982957e-09]]), 2.064044431204181), (2.2138178487251092e-05, Vec([[-3.85092975e-07],
     [-7.45244254e-09],
     [ 9.08730053e-10]]), 2.0580354534809717), (2.2348279310290185e-05, Vec([[-3.42798376e-07],
     [-1.24309017e-08],
     [ 2.59860040e-10]]), 2.1109415774730156), (2.178162854401555e-05, Vec([[-2.57624991e-07],
     [ 1.62288453e-08],
     [-2.49189225e-09]]), 2.099600478205006), (2.1331504209068994e-05, Vec([[-1.97688152e-07],
     [-3.02628624e-09],
     [-7.34117239e-10]]), 2.107917571972229), (2.100293754483999e-05, Vec([[-1.24833559e-07],
     [ 3.33816373e-08],
     [ 1.41205253e-09]]), 2.137815846408988), (2.0203638745591497e-05, Vec([[-4.75874326e-08],
     [ 1.00734897e-08],
     [ 2.53459584e-09]]), 2.129006403500314), (2.0231491854198886e-05, Vec([[ 3.84110260e-08],
     [-4.16337064e-09],
     [ 1.65669662e-10]]), 2.1319414909530856), (2.0687854209431112e-05, Vec([[ 1.19151668e-07],
     [-5.68381147e-09],
     [-8.37848527e-10]]), 2.105744611328732), (2.1333521066235085e-05, Vec([[ 2.03227338e-07],
     [-2.12081011e-08],
     [-6.79180306e-10]]), 2.1081168719662133), (2.1561737772314553e-05, Vec([[2.64814433e-07],
     [2.33737018e-08],
     [2.31748021e-09]]), 2.0784045070918564), (2.1973730401743222e-05, Vec([[ 3.23220747e-07],
     [ 7.82012546e-09],
     [-3.35202659e-10]]), 2.0755629761556036), (2.2195106380902578e-05, Vec([[3.80180407e-07],
     [2.40614672e-08],
     [2.51179013e-09]]), 2.0633276514589687), (2.2399893433055135e-05, Vec([[4.34438719e-07],
     [8.35374886e-09],
     [3.38013451e-09]]), 2.058113346175254), (2.253545352247883e-05, Vec([[ 4.75764981e-07],
     [-1.03475594e-08],
     [ 4.20090188e-09]]), 2.054910858831025), (2.231478633580039e-05, Vec([[4.91149837e-07],
     [9.05795942e-09],
     [1.04755911e-08]]), 2.027620642934673), (2.213851511431411e-05, Vec([[ 5.03330966e-07],
     [ 1.26549206e-08],
     [-1.56995943e-10]]), 2.012617540821287), (2.2017353998789672e-05, Vec([[ 4.95475401e-07],
     [ 6.85449689e-09],
     [-2.62058284e-09]]), 2.01071242009712), (2.185101744033887e-05, Vec([[ 4.82464301e-07],
     [ 4.73691823e-09],
     [-1.83037577e-10]]), 2.0127872543478924), (2.1104691308706813e-05, Vec([[4.41282038e-07],
     [1.01769283e-08],
     [3.02419634e-09]]), 1.9690044862237384), (2.0599198328449313e-05, Vec([[3.72833880e-07],
     [1.41284105e-08],
     [2.85706767e-09]]), 1.9548176737498855), (2.02753220878401e-05, Vec([[3.16308123e-07],
     [6.87839243e-09],
     [3.36040390e-09]]), 1.9657248926059172), (1.9519663425385995e-05, Vec([[2.53174307e-07],
     [9.66230592e-09],
     [3.58812162e-09]]), 1.9423206866254403), (1.8961630504533024e-05, Vec([[1.70436409e-07],
     [5.88597784e-09],
     [5.39865546e-09]]), 1.9458943805444764), (1.857571644536723e-05, Vec([[ 9.81553915e-08],
     [-3.86041095e-10],
     [-1.24934421e-09]]), 1.976148236322882), (1.7793723571804768e-05, Vec([[ 1.08504855e-08],
     [-7.48514086e-09],
     [ 1.11603962e-09]]), 1.973212391636696), (1.7382991276498484e-05, Vec([[-3.18814163e-08],
     [-5.84822400e-09],
     [-7.26782762e-10]]), 2.021510121868287), (1.636041994830258e-05, Vec([[-1.15875180e-07],
     [ 1.90053212e-09],
     [-1.61609004e-09]]), 2.0084588862832566), (1.590357482588025e-05, Vec([[-1.81019261e-07],
     [ 1.35778327e-09],
     [ 3.08762550e-11]]), 2.0762651832075685), (1.5215685210091001e-05, Vec([[-2.44612238e-07],
     [-1.82530052e-09],
     [-2.15553285e-10]]), 2.1302113928748487), (1.4212131419716356e-05, Vec([[-2.93861676e-07],
     [-1.13117143e-09],
     [-4.48658768e-10]]), 2.154284828469014), (1.3542506350194551e-05, Vec([[-3.71078841e-07],
     [-1.36961897e-08],
     [-7.15536684e-11]]), 2.2480950234494834), (1.3767081898578033e-05, Vec([[-3.29597522e-07],
     [-4.41050474e-09],
     [-2.86984071e-10]]), 2.180332189301855), (1.477086042587038e-05, Vec([[-2.81715099e-07],
     [-4.59933944e-09],
     [-2.36649333e-11]]), 2.1489776301867307), (1.5304287375906347e-05, Vec([[-2.29029144e-07],
     [ 9.32467408e-10],
     [-7.00291711e-10]]), 2.0667554346708776), (1.615882807897511e-05, Vec([[-1.54038318e-07],
     [-1.24461065e-08],
     [-1.25682666e-09]]), 2.0436851232101647), (1.6892135152435315e-05, Vec([[-9.75674391e-08],
     [ 1.75101371e-08],
     [-1.92758710e-09]]), 2.0165854754956833), (1.7528928040758647e-05, Vec([[-1.19103140e-08],
     [-7.65955696e-09],
     [-1.53553003e-09]]), 1.989038545063423), (1.819084410779246e-05, Vec([[ 6.00295408e-08],
     [-2.60537087e-09],
     [-9.19283514e-10]]), 1.9743812943233576), (1.8838103487788324e-05, Vec([[ 1.25592037e-07],
     [ 3.09767080e-09],
     [-1.02681336e-10]]), 1.9670116220805403), (1.9444601060437074e-05, Vec([[ 2.20479209e-07],
     [-3.76377838e-09],
     [ 3.78766807e-09]]), 1.9636984178543262), (2.0016043910317754e-05, Vec([[ 2.67431950e-07],
     [ 5.54646415e-09],
     [-1.77372802e-09]]), 1.9648283890147713), (2.04363854039729e-05, Vec([[ 3.34534459e-07],
     [ 5.72048570e-09],
     [-4.02890502e-09]]), 1.9591421519813292), (2.09345424704014e-05, Vec([[3.92791499e-07],
     [7.12745597e-09],
     [7.35485784e-10]]), 1.968751393349467), (2.144596054918831e-05, Vec([[ 4.39529509e-07],
     [ 2.03787450e-08],
     [-2.39195151e-10]]), 1.9870780045912402), (2.1659800541706717e-05, Vec([[ 4.76051976e-07],
     [ 1.50371516e-08],
     [-1.46085234e-09]]), 1.9855793289450216), (2.2426980167477762e-05, Vec([[ 5.08859989e-07],
     [ 1.24557940e-08],
     [-3.38581298e-10]]), 2.042442204274445), (2.2397687153108288e-05, Vec([[ 4.93608909e-07],
     [-1.02728850e-08],
     [ 1.23765391e-09]]), 2.0346411545241816), (2.251073435808514e-05, Vec([[ 4.85276325e-07],
     [-1.94710361e-09],
     [-2.05841832e-09]]), 2.0480031054078847), (2.2419180363135746e-05, Vec([[ 4.5942105e-07],
     [ 1.5748434e-08],
     [-7.0040597e-09]]), 2.051034235370106), (2.2290861847903467e-05, Vec([[ 4.01810795e-07],
     [-5.05049328e-09],
     [-3.31108319e-09]]), 2.059054578527304), (2.2325968827959085e-05, Vec([[3.65325788e-07],
     [7.99438923e-09],
     [5.11209401e-10]]), 2.0909775415043366), (2.1925640503906743e-05, Vec([[ 3.10792193e-07],
     [-3.06770158e-08],
     [-5.25611309e-10]]), 2.090982721003722), (2.1784162459487178e-05, Vec([[ 2.43674803e-07],
     [-2.02472920e-08],
     [-1.87419609e-10]]), 2.124848202175321), (2.1273788334534033e-05, Vec([[ 1.62776222e-07],
     [-5.89492552e-09],
     [-1.15783741e-09]]), 2.132257951511085), (2.06292974116853e-05, Vec([[ 8.33978936e-08],
     [ 2.78625478e-08],
     [-2.79733130e-09]]), 2.1351052783400863), (2.008683505336107e-05, Vec([[ 1.43035996e-10],
     [-3.81698061e-09],
     [ 3.64819822e-09]]), 2.1580431847853294)]