[(2.0137397159109145e-05, array([[6.25382012e-12],
       [5.39115132e-09],
       [6.70203303e-10]]), 2.1634753600099565), (2.0608138983748602e-05, array([[-5.67212992e-08],
       [-1.20887612e-08],
       [-5.00647293e-10]]), 2.13291540874504), (2.1251912400410904e-05, array([[-1.04172626e-07],
       [-7.88212502e-09],
       [ 2.50638637e-10]]), 2.1300653408792933), (2.1688921138002852e-05, array([[-1.53887281e-07],
       [-6.35286140e-09],
       [ 2.98742696e-13]]), 2.1155582718828367), (2.211083022535577e-05, array([[-1.77672622e-07],
       [ 4.63166921e-09],
       [ 3.77580118e-09]]), 2.1086437105464637), (2.2078160188295182e-05, array([[-2.09930391e-07],
       [ 2.01710176e-08],
       [ 3.96991898e-09]]), 2.067768591240147), (2.225087141639761e-05, array([[-2.20732922e-07],
       [-8.94776723e-09],
       [-9.20877975e-10]]), 2.055360576848443), (2.2489167660266168e-05, array([[-2.34869713e-07],
       [ 1.95819349e-09],
       [ 2.15655494e-09]]), 2.057437071697323), (2.266286475832595e-05, array([[-2.55188934e-07],
       [ 1.05169725e-08],
       [ 6.34613155e-09]]), 2.061843770361945), (2.2357837614078388e-05, array([[-2.48013550e-07],
       [ 5.14559176e-10],
       [-8.87856726e-09]]), 2.031021159676286), (2.2236927733123087e-05, array([[-2.21807102e-07],
       [-1.63944391e-08],
       [-2.66523285e-10]]), 2.0251339839945697), (2.1955690617285923e-05, array([[-1.88399716e-07],
       [-1.13335187e-08],
       [-1.38132122e-10]]), 2.0127039193390464), (2.151152979090313e-05, array([[-1.49239380e-07],
       [ 3.12914261e-08],
       [ 3.05458444e-09]]), 1.9931533304173037), (2.148698802137344e-05, array([[-8.72300927e-08],
       [ 1.99681460e-09],
       [-4.93357799e-09]]), 2.0207051415512085), (2.0817423204641203e-05, array([[-4.02929647e-08],
       [ 2.59539631e-08],
       [ 4.04466855e-09]]), 1.9956704911191507), (2.0379851432283994e-05, array([[ 1.08962051e-08],
       [-1.24028527e-08],
       [-5.47280950e-09]]), 2.0005407081173434), (1.9979735456793695e-05, array([[ 1.10406966e-07],
       [ 5.04131305e-09],
       [-2.70375044e-10]]), 2.017741314604881), (1.9355040327391153e-05, array([[1.60750961e-07],
       [8.82263513e-09],
       [7.55978220e-09]]), 2.0209884341327458), (1.8570656741965203e-05, array([[ 2.51095056e-07],
       [-2.36754819e-09],
       [-9.74816466e-10]]), 2.0156050525950877), (1.814033511145243e-05, array([[ 3.17255080e-07],
       [-1.04582445e-08],
       [-7.49555152e-10]]), 2.0584159894517224), (1.7495867020050777e-05, array([[3.90244336e-07],
       [1.20209737e-08],
       [1.86009493e-09]]), 2.088659070949464), (1.656212294755516e-05, array([[4.41063947e-07],
       [1.61414004e-08],
       [2.47767462e-10]]), 2.094691775373044), (1.5910527598736847e-05, array([[ 5.14611798e-07],
       [-7.18970369e-09],
       [ 4.73953804e-10]]), 2.1486246680742904), (1.4908701918438365e-05, array([[5.44886250e-07],
       [4.47433302e-10],
       [1.67742371e-10]]), 2.169031863691051), (1.40397112204788e-05, array([[ 6.09812396e-07],
       [-5.26694275e-09],
       [-3.80395221e-10]]), 2.2235092758236683), (1.3968941737281082e-05, array([[ 6.32875034e-07],
       [-1.87670074e-09],
       [-2.77714095e-10]]), 2.318884524797453), (1.4532113799705057e-05, array([[ 5.96637801e-07],
       [-8.96597733e-10],
       [ 4.38563355e-10]]), 2.2027879816013285), (1.5399664972612547e-05, array([[ 5.52726968e-07],
       [ 7.23579607e-09],
       [-5.45924591e-10]]), 2.155968746603611), (1.624025830995252e-05, array([[4.84736808e-07],
       [4.40303339e-09],
       [2.56149777e-10]]), 2.120220344446079), (1.6966837355872466e-05, array([[ 4.20343803e-07],
       [-3.15048429e-09],
       [-7.69596575e-11]]), 2.082904678926676), (1.7691112730875975e-05, array([[ 3.22112700e-07],
       [-6.45794445e-10],
       [-2.90933200e-10]]), 2.0573423114426435), (1.825907302640553e-05, array([[ 2.61702520e-07],
       [-2.29085395e-09],
       [ 1.78608333e-09]]), 2.0248167287814285), (1.8860215323035002e-05, array([[ 2.00047702e-07],
       [-1.71249403e-08],
       [-3.96906382e-09]]), 2.006414199791505), (1.9533842117861877e-05, array([[ 1.15307601e-07],
       [-4.39516312e-09],
       [-3.97636947e-10]]), 2.0046163012460063), (2.00132430432694e-05, array([[ 5.90178369e-08],
       [ 1.67128797e-08],
       [-5.33224516e-09]]), 1.991434745685742), (2.057011441566416e-05, array([[-1.66458903e-08],
       [ 6.00580099e-09],
       [ 7.72352199e-10]]), 1.9943054801025033), (2.104074884769948e-05, array([[-7.98721448e-08],
       [-2.33621197e-09],
       [-2.85304160e-10]]), 1.9967198266939443), (2.1528296253202747e-05, array([[-1.19957956e-07],
       [ 9.29370388e-09],
       [ 2.37605090e-09]]), 2.0085255587615287), (2.1894725874098036e-05, array([[-1.67645620e-07],
       [ 4.34012179e-09],
       [ 6.24989969e-09]]), 2.016813418283652), (2.206983889755922e-05, array([[-1.99490720e-07],
       [-2.41116538e-09],
       [ 7.12042362e-10]]), 2.015505549999527), (2.225729273798037e-05, array([[-2.27883603e-07],
       [ 9.22246782e-09],
       [ 7.35255849e-10]]), 2.023415642121822), (2.2543802695498487e-05, array([[-2.48069807e-07],
       [ 1.21287157e-08],
       [-1.98716178e-09]]), 2.0484300870183314), (2.2322904373757066e-05, array([[-2.50353364e-07],
       [ 1.82664331e-08],
       [-6.31220611e-10]]), 2.035529418235301), (2.2345688653285933e-05, array([[-2.44930787e-07],
       [-1.76393886e-08],
       [ 3.71752413e-09]]), 2.053132984058672), (2.2240001238856267e-05, array([[-2.45429567e-07],
       [ 7.22589465e-09],
       [ 2.66584265e-09]]), 2.0675012201832828), (2.2049481232224766e-05, array([[-2.04506804e-07],
       [ 1.01677271e-08],
       [ 6.98411823e-10]]), 2.082718138992591), (2.1638167108549554e-05, array([[-1.78551379e-07],
       [-2.61762801e-08],
       [ 1.13955526e-09]]), 2.085771773987609), (2.127865862360481e-05, array([[-1.32102754e-07],
       [ 3.02438306e-08],
       [-3.36305222e-09]]), 2.102695524004615), (2.090146613969955e-05, array([[-8.06570947e-08],
       [-6.93883873e-09],
       [ 6.27520960e-10]]), 2.1274874255676894), (2.0343301109992647e-05, array([[-2.74191334e-08],
       [-1.91830118e-08],
       [-7.41370341e-10]]), 2.143723656757622), (2.0172928057686912e-05, array([[3.28402124e-08],
       [7.46399260e-10],
       [2.25276547e-10]]), 2.125770191844182), (2.1024847406628294e-05, array([[ 8.39799355e-08],
       [-9.16153269e-09],
       [ 2.01870128e-09]]), 2.140045974914759), (2.1354560329202317e-05, array([[1.31022573e-07],
       [1.11471932e-08],
       [1.32100209e-09]]), 2.1101959111035997), (2.17703642210789e-05, array([[ 1.67219910e-07],
       [ 2.30773003e-10],
       [-3.41810363e-09]]), 2.0985146742773217), (2.2069045679421212e-05, array([[1.98835902e-07],
       [5.25589431e-09],
       [3.18825415e-09]]), 2.0845661293659816), (2.2149442774415335e-05, array([[ 2.24589872e-07],
       [-1.42455568e-08],
       [ 3.97868273e-09]]), 2.059082617426984), (2.222148058592334e-05, array([[2.35450751e-07],
       [3.63094625e-08],
       [1.41247336e-09]]), 2.0417206850713754), (2.2394704333439705e-05, array([[ 2.43108047e-07],
       [-1.01337870e-08],
       [ 7.71287422e-10]]), 2.04207654703696), (2.2467783604350285e-05, array([[ 2.35290943e-07],
       [ 1.02873485e-08],
       [-3.07950433e-09]]), 2.0415226546033525), (2.2396954464915273e-05, array([[2.33528157e-07],
       [5.68643143e-09],
       [1.56512267e-09]]), 2.036112322091511), (2.2250301314382278e-05, array([[ 2.22034155e-07],
       [-1.67453848e-08],
       [-7.43605285e-11]]), 2.0319860963397827), (2.194064470256123e-05, array([[1.75296733e-07],
       [4.75805208e-10],
       [4.97054891e-09]]), 2.0210431907836126), (2.1396243283056013e-05, array([[ 1.28718304e-07],
       [-2.80407915e-09],
       [ 1.16859891e-09]]), 1.9962054121725643), (2.1134571498474105e-05, array([[ 7.37475092e-08],
       [ 1.89106108e-08],
       [-6.88717742e-09]]), 2.005623385609583), (2.0837823189178407e-05, array([[-5.63683195e-10],
       [-5.67715621e-09],
       [-7.57340848e-10]]), 2.020260273707562), (2.015805566160906e-05, array([[-6.00771020e-08],
       [-1.00971294e-08],
       [-9.40104443e-10]]), 2.0058444482587747), (1.94642797256519e-05, array([[-1.16440725e-07],
       [ 1.33629911e-09],
       [ 3.51328661e-09]]), 1.9974776183112102), (1.916134391160596e-05, array([[-1.86357844e-07],
       [ 1.75282258e-09],
       [ 9.94367152e-10]]), 2.0384492887723837), (1.8227394819632632e-05, array([[-2.57695836e-07],
       [-8.97683327e-09],
       [-1.88614876e-10]]), 2.021303814247444), (1.77511745175263e-05, array([[-3.34936991e-07],
       [ 1.10128295e-08],
       [ 4.95414125e-11]]), 2.064327041959955), (1.7111096316728972e-05, array([[-4.02044598e-07],
       [ 2.61171789e-10],
       [ 1.23918052e-09]]), 2.1006143827590824), (1.626276145168328e-05, array([[-4.90334210e-07],
       [-5.87547001e-09],
       [ 7.49984514e-10]]), 2.123158205285538), (1.5493746414193652e-05, array([[-5.48753069e-07],
       [-1.11062242e-08],
       [-2.00343649e-09]]), 2.169140244038459), (1.452453736769538e-05, array([[-5.81340034e-07],
       [-1.75081443e-09],
       [ 6.99502189e-10]]), 2.201639540734131), (1.3628049151059767e-05, array([[-6.32554774e-07],
       [ 5.42284231e-09],
       [-4.39056037e-10]]), 2.262295374547289), (1.4243464887610616e-05, array([[-6.35567131e-07],
       [ 1.13748308e-08],
       [-2.77758515e-10]]), 2.255778327639338), (1.4923540606403863e-05, array([[-5.65346556e-07],
       [ 3.42592922e-09],
       [-2.15843450e-11]]), 2.1711907093899354), (1.5735368936931445e-05, array([[-4.94777697e-07],
       [ 6.85483248e-09],
       [-7.87556309e-10]]), 2.12497050454977), (1.6661318217495925e-05, array([[-4.51739720e-07],
       [ 5.16310717e-09],
       [-9.38476176e-10]]), 2.1072374808214818), (1.7107515835914298e-05, array([[-3.81150741e-07],
       [ 1.33607935e-08],
       [-3.00140717e-10]]), 2.0422976518479685), (1.7967297810485788e-05, array([[-3.02362581e-07],
       [-3.44691324e-09],
       [ 1.73647572e-09]]), 2.038781140101204), (1.8817968269598106e-05, array([[-2.61407026e-07],
       [-2.96549986e-09],
       [-1.05781491e-09]]), 2.0424475262667605), (1.933845393309272e-05, array([[-1.70973291e-07],
       [-1.37963025e-08],
       [ 1.21129940e-09]]), 2.019256538436633), (1.997113593626513e-05, array([[-8.58152062e-08],
       [-2.10170071e-09],
       [ 8.43848313e-10]]), 2.0168728542644625), (2.051359631479605e-05, array([[-1.77618499e-08],
       [-1.21423912e-08],
       [-2.97092211e-09]]), 2.013669463390991), (2.0945581280343348e-05, array([[ 5.05566484e-08],
       [-2.29822543e-08],
       [-5.75306582e-10]]), 2.0079564156239833), (2.1417972583605833e-05, array([[ 8.15004990e-08],
       [-1.84870290e-08],
       [ 3.35988658e-09]]), 2.014214708838877), (2.1848813389172905e-05, array([[ 1.63968712e-07],
       [ 1.49738955e-08],
       [-2.63502587e-09]]), 2.0244043820031763), (2.2012047268940097e-05, array([[ 1.78788646e-07],
       [-2.30578377e-08],
       [-4.30404940e-09]]), 2.017870199719034), (2.2454156394996206e-05, array([[2.15224480e-07],
       [7.58354654e-10],
       [2.59864417e-09]]), 2.044917164060476), (2.2643419679008315e-05, array([[2.32173237e-07],
       [1.76004035e-08],
       [2.83302665e-09]]), 2.0569638839552864), (2.235965750804697e-05, array([[ 2.45589525e-07],
       [-1.31866569e-08],
       [ 2.95955881e-09]]), 2.0342582913511067), (2.282022543684608e-05, array([[ 2.44043009e-07],
       [-1.47207313e-08],
       [-1.12665092e-09]]), 2.087724121565007), (2.249840036536105e-05, array([[ 2.36678029e-07],
       [-1.37818204e-08],
       [ 5.82908574e-10]]), 2.0782253552118313), (2.2090543430120643e-05, array([[ 2.08390107e-07],
       [-1.08444858e-08],
       [-3.94683431e-10]]), 2.0689283653465957), (2.2024005642141097e-05, array([[ 1.90849426e-07],
       [ 6.20023237e-10],
       [-1.14880523e-10]]), 2.1003635098732887), (2.1494481268005633e-05, array([[ 1.50439936e-07],
       [ 3.36388537e-08],
       [-2.25453426e-09]]), 2.096592419559474), (2.135825978598975e-05, array([[ 1.05349478e-07],
       [-2.48470340e-08],
       [-8.16364076e-11]]), 2.1407244700836023), (2.0751680537438734e-05, array([[ 5.90242182e-08],
       [-2.80614860e-08],
       [ 7.19459399e-10]]), 2.147771771655942), (2.0020538283352223e-05, array([[ 2.96247842e-09],
       [ 2.66233327e-08],
       [-8.67967293e-10]]), 2.1509205448915485)]