[(1.9992294237519536e-05, array([[3.36453211e-09],
       [1.84495799e-08],
       [1.17601195e-09]]), 2.1478861260566218), (2.0724504992522198e-05, array([[-5.41644756e-08],
       [ 6.16673454e-09],
       [-7.74515774e-10]]), 2.1449591383298947), (2.1235000041346168e-05, array([[-1.00014737e-07],
       [ 2.57978332e-08],
       [-3.93580812e-10]]), 2.1283702261433786), (2.1676531321490135e-05, array([[-1.47858594e-07],
       [ 3.00848728e-09],
       [ 1.85477681e-09]]), 2.11434975723871), (2.196817978895786e-05, array([[-1.84426967e-07],
       [-8.05763117e-09],
       [-5.58630037e-10]]), 2.09503956531757), (2.2392921076468648e-05, array([[-2.13678983e-07],
       [ 1.84357150e-08],
       [ 1.99137878e-09]]), 2.0972480710865247), (2.227295309922822e-05, array([[-2.35387132e-07],
       [-2.53301230e-08],
       [-4.29143464e-09]]), 2.0574003091138073), (2.242408168745897e-05, array([[-2.54814574e-07],
       [ 1.36986115e-08],
       [ 4.78510368e-09]]), 2.051482636418795), (2.2439689217303556e-05, array([[-2.55711789e-07],
       [ 1.43444450e-08],
       [-2.75004492e-09]]), 2.0415394926873796), (2.267158416322678e-05, array([[-2.41545984e-07],
       [-4.31124923e-09],
       [ 1.35058680e-09]]), 2.0595223900320585), (2.224367257680706e-05, array([[-2.26081874e-07],
       [-2.57846767e-08],
       [-2.30406654e-09]]), 2.025748242057782), (2.2182179338702385e-05, array([[-2.00828517e-07],
       [ 2.29379183e-08],
       [ 5.48970498e-09]]), 2.0334664061688663), (2.1871327239508258e-05, array([[-1.43474650e-07],
       [ 3.41375198e-09],
       [-3.02149616e-09]]), 2.026490405461879), (2.1331930932778845e-05, array([[-1.13366817e-07],
       [-8.29337728e-10],
       [-3.23402436e-09]]), 2.006123076543056), (2.0986229361427378e-05, array([[-3.35105453e-08],
       [-1.65308990e-08],
       [-8.80096036e-10]]), 2.011853159958889), (2.0396675732986347e-05, array([[ 3.23217734e-08],
       [-1.38521958e-09],
       [ 7.88047678e-09]]), 2.0021922264590004), (1.970255360412836e-05, array([[1.03107074e-07],
       [9.46296160e-09],
       [2.19434545e-09]]), 1.989748888129014), (1.9189653538056048e-05, array([[ 1.50781870e-07],
       [ 9.87689253e-09],
       [-1.74288017e-10]]), 2.0037192999562814), (1.8748182514049187e-05, array([[2.59179307e-07],
       [1.12997997e-08],
       [7.87995506e-11]]), 2.0348731833968237), (1.7926466961061494e-05, array([[ 3.18653278e-07],
       [-8.26331335e-09],
       [ 6.18051415e-10]]), 2.0341479912204634), (1.741343027699654e-05, array([[ 3.76517202e-07],
       [ 1.05156797e-08],
       [-2.49301617e-09]]), 2.0788177609439384), (1.6707321534212007e-05, array([[ 4.55088827e-07],
       [ 1.05442688e-08],
       [-7.02412960e-10]]), 2.113055742735742), (1.583059007828927e-05, array([[ 4.88692233e-07],
       [-9.59896445e-10],
       [-2.61830155e-09]]), 2.1378295685860755), (1.4782754081888658e-05, array([[ 5.41392857e-07],
       [-1.07520862e-08],
       [ 7.95680731e-10]]), 2.1507080101366776), (1.4206718729343272e-05, array([[ 6.04982092e-07],
       [ 1.18463213e-08],
       [-1.10751533e-10]]), 2.2499587333132713), (1.365135905672455e-05, array([[6.45056921e-07],
       [5.19007231e-09],
       [9.63778710e-11]]), 2.2661648859631964), (1.4568189381135296e-05, array([[ 5.84924421e-07],
       [-1.26277913e-09],
       [ 6.87694811e-11]]), 2.208256343485848), (1.5618217024249963e-05, array([[5.47150925e-07],
       [9.97409749e-09],
       [1.24532847e-09]]), 2.1865662559438697), (1.6367624474650417e-05, array([[4.62680833e-07],
       [3.13998207e-10],
       [4.43187578e-10]]), 2.1368484256275875), (1.6948763255929834e-05, array([[ 4.01258757e-07],
       [-5.45535411e-09],
       [ 2.49666650e-11]]), 2.0806858430559547), (1.778187715535359e-05, array([[ 3.29220553e-07],
       [-1.98555264e-10],
       [ 1.99817897e-09]]), 2.0678975260123655), (1.826741960425164e-05, array([[ 2.47000108e-07],
       [-1.67504556e-08],
       [ 1.14039817e-09]]), 2.0257423119381657), (1.910228235860854e-05, array([[2.00445287e-07],
       [2.04245766e-08],
       [9.18886179e-10]]), 2.032166118799714), (1.9501314471542548e-05, array([[ 1.19688739e-07],
       [-1.32627567e-08],
       [ 2.52482118e-09]]), 2.001278225220846), (2.0332126544918937e-05, array([[ 7.16758629e-08],
       [-8.91571687e-09],
       [-2.05449127e-09]]), 2.0231655193358624), (2.0547052759708052e-05, array([[-1.24594291e-08],
       [-4.33212125e-09],
       [-5.66281730e-09]]), 1.9920696156865778), (2.1223354319174644e-05, array([[-8.48344398e-08],
       [-4.75965915e-09],
       [-2.05695639e-09]]), 2.0140486759662037), (2.1581610252594963e-05, array([[-1.36009201e-07],
       [ 5.99738620e-09],
       [ 1.17195673e-09]]), 2.013499595218461), (2.1733492962662996e-05, array([[-1.78265327e-07],
       [ 5.61883405e-09],
       [ 4.84255224e-09]]), 2.0019615904452492), (2.1922130048551156e-05, array([[-2.27518209e-07],
       [ 2.86280782e-09],
       [-1.89167150e-09]]), 2.002016189866829), (2.2285726508199033e-05, array([[-2.29807630e-07],
       [ 2.24592504e-09],
       [-7.00227632e-09]]), 2.02600056276344), (2.2370390384580457e-05, array([[-2.60411933e-07],
       [-1.32095793e-08],
       [ 3.42029251e-09]]), 2.032673073885192), (2.2372537817749308e-05, array([[-2.42102174e-07],
       [ 1.02810078e-08],
       [-1.93156885e-09]]), 2.0400552780285865), (2.230193515502491e-05, array([[-2.40353985e-07],
       [ 1.04338774e-08],
       [ 3.32896351e-09]]), 2.0491128908835865), (2.216910233974992e-05, array([[-2.30856760e-07],
       [-1.75703365e-08],
       [ 1.55673230e-09]]), 2.0609102331218283), (2.197940186989927e-05, array([[-1.97680109e-07],
       [ 6.42494739e-10],
       [ 1.69094674e-09]]), 2.0760986835257187), (2.1600702047864138e-05, array([[-1.76013689e-07],
       [ 1.24495681e-08],
       [-2.74251144e-09]]), 2.0821603975851453), (2.1536877753334817e-05, array([[-1.32079404e-07],
       [ 2.18248983e-08],
       [-2.78583356e-09]]), 2.1282119918374764), (2.0787074090079452e-05, array([[-8.26778673e-08],
       [ 5.71052174e-09],
       [-8.22097764e-10]]), 2.1158438573354386), (2.0234680766594663e-05, array([[-3.08144828e-08],
       [ 1.93075500e-08],
       [ 2.30147560e-09]]), 2.132277530168412), (2.0219847267372788e-05, array([[2.36782080e-08],
       [1.17135809e-09],
       [3.79229973e-11]]), 2.1307144149678607), (2.1018795970876427e-05, array([[ 7.74437318e-08],
       [-2.96736481e-10],
       [-1.22391962e-09]]), 2.139430020350487), (2.1307725545553285e-05, array([[ 1.22748320e-07],
       [-2.42684624e-09],
       [ 2.25572768e-10]]), 2.105567833192838), (2.173927376139022e-05, array([[ 1.72562040e-07],
       [-2.55547148e-08],
       [-2.89668472e-09]]), 2.0955177659470716), (2.2188471684441687e-05, array([[1.92406225e-07],
       [5.41719887e-09],
       [8.37685334e-10]]), 2.0958466989314934), (2.2210139853537702e-05, array([[ 2.26157989e-07],
       [-1.55477271e-08],
       [-2.00237953e-09]]), 2.064725210869281), (2.2497426537108102e-05, array([[ 2.56086543e-07],
       [-5.18647335e-10],
       [ 5.98972839e-11]]), 2.0670747362704898), (2.248438662401357e-05, array([[ 2.54510785e-07],
       [ 5.16761999e-09],
       [-3.73418666e-09]]), 2.0502542885038113), (2.2508254020103714e-05, array([[ 2.48783135e-07],
       [ 4.63317310e-09],
       [-2.88749984e-09]]), 2.04519997641029), (2.200976686690435e-05, array([[ 2.62284211e-07],
       [ 1.01266245e-08],
       [-3.68145561e-09]]), 2.000913007805008), (2.2253123595456984e-05, array([[2.20982983e-07],
       [6.42955313e-09],
       [8.07550203e-10]]), 2.0322438382832617), (2.1847043541143905e-05, array([[ 1.74150791e-07],
       [-1.40095264e-08],
       [-4.88916576e-09]]), 2.0124212021184467), (2.1465140958167212e-05, array([[ 1.23966910e-07],
       [-2.74388159e-08],
       [ 1.39255518e-09]]), 2.0026333588977723), (2.1077286274825475e-05, array([[ 5.76430183e-08],
       [-2.15678717e-08],
       [ 1.99122491e-09]]), 2.0001871464973844), (2.0481036702355967e-05, array([[ 7.63713139e-09],
       [-8.03495042e-09],
       [-1.21832195e-09]]), 1.9856692533798055), (1.9946854955005336e-05, array([[-4.34470444e-08],
       [-3.95816357e-09],
       [ 1.29101358e-09]]), 1.9848287425815538), (1.961543645579024e-05, array([[-1.10906992e-07],
       [ 5.62683882e-09],
       [ 9.51123994e-10]]), 2.0129897353565958), (1.9024850556896968e-05, array([[-2.15192530e-07],
       [ 1.39491398e-08],
       [-3.64406138e-10]]), 2.0239286589505805), (1.8472344238176777e-05, array([[-2.70807315e-07],
       [-1.99544221e-08],
       [ 3.08571824e-09]]), 2.0484671691262055), (1.771531806927168e-05, array([[-3.39347229e-07],
       [ 6.43074446e-09],
       [-3.39297822e-09]]), 2.060157208820882), (1.713991013694528e-05, array([[-4.21407054e-07],
       [-1.79463934e-08],
       [ 2.32858251e-10]]), 2.1041516619636558), (1.6227662573083827e-05, array([[-4.58362546e-07],
       [ 7.28148561e-09],
       [ 1.21489907e-09]]), 2.118575928633682), (1.5225891641741929e-05, array([[-5.12949008e-07],
       [-1.12215593e-08],
       [-1.13068590e-09]]), 2.1316403036786156), (1.4507796338445442e-05, array([[-5.79050345e-07],
       [-2.03349144e-09],
       [ 2.73787114e-10]]), 2.1991019238024396), (1.3646189409085466e-05, array([[-6.27940702e-07],
       [-8.22275443e-09],
       [ 9.13859772e-10]]), 2.265306709579159), (1.420357559793312e-05, array([[-6.24404395e-07],
       [ 6.68710567e-09],
       [-9.36538041e-11]]), 2.249460946589893), (1.5128033359943132e-05, array([[-5.52510155e-07],
       [-3.15503870e-09],
       [ 5.90416929e-10]]), 2.2009418775833267), (1.5774249333036797e-05, array([[-4.91529907e-07],
       [-2.66270147e-09],
       [-1.41729088e-09]]), 2.130221077018724), (1.669544306101395e-05, array([[-4.49294383e-07],
       [-6.08917568e-09],
       [ 1.91205434e-09]]), 2.1115534147919903), (1.7404593236125295e-05, array([[-3.69265629e-07],
       [-7.28921232e-09],
       [ 1.22816761e-09]]), 2.0777627937591228), (1.783369426941327e-05, array([[-3.25191590e-07],
       [-4.16578772e-09],
       [-1.44121910e-09]]), 2.0236209094052775), (1.85902442882687e-05, array([[-2.52423042e-07],
       [-6.30774927e-10],
       [-1.17063216e-09]]), 2.0177310278821134), (1.9240589429809895e-05, array([[-1.60983165e-07],
       [-6.14151077e-09],
       [ 7.08045342e-10]]), 2.009037855039377), (1.977570022071438e-05, array([[-8.88650217e-08],
       [ 1.26829210e-08],
       [ 2.25574656e-09]]), 1.99713592038619), (2.0436636811372398e-05, array([[-1.26685925e-08],
       [ 3.18683547e-08],
       [-7.85539104e-10]]), 2.0061149127610673), (2.090769031600657e-05, array([[3.46496736e-08],
       [1.04867884e-08],
       [4.16527041e-09]]), 2.0043239833741504), (2.137762770017609e-05, array([[ 9.86018113e-08],
       [-5.05512897e-09],
       [-2.61851562e-09]]), 2.010420546841827), (2.162558498643034e-05, array([[ 1.54154562e-07],
       [-8.18374098e-09],
       [-3.83187829e-09]]), 2.003721128013577), (2.2074930202324136e-05, array([[ 1.81919794e-07],
       [ 5.74864309e-09],
       [-3.24160758e-09]]), 2.0236347520024385), (2.2271880059718704e-05, array([[ 2.25087663e-07],
       [-8.41748682e-09],
       [-6.55278878e-10]]), 2.028317119059718), (2.2548860109052064e-05, array([[ 2.44525620e-07],
       [ 1.36847745e-09],
       [-1.29342624e-09]]), 2.048373943785487), (2.2499867981534513e-05, array([[ 2.52867153e-07],
       [ 5.96635630e-09],
       [-6.56075605e-10]]), 2.0470144938163566), (2.2569832122593284e-05, array([[ 2.40493769e-07],
       [-3.03322896e-08],
       [-3.37358983e-10]]), 2.064816715873908), (2.2679635252581028e-05, array([[2.46603166e-07],
       [1.73056026e-08],
       [1.04652949e-09]]), 2.0949664093202562), (2.225696053498593e-05, array([[2.10818594e-07],
       [3.10072568e-08],
       [5.60786626e-10]]), 2.084514449492683), (2.1865185921188575e-05, array([[ 1.82159612e-07],
       [ 1.09603640e-08],
       [-1.30321714e-10]]), 2.085217348364019), (2.1433379714544583e-05, array([[ 1.52503217e-07],
       [ 1.76255694e-08],
       [-1.28505225e-09]]), 2.090632515144361), (2.135464774192678e-05, array([[1.10286172e-07],
       [1.57044062e-08],
       [2.42180659e-10]]), 2.1403624372592946), (2.0727828252335935e-05, array([[ 4.68628969e-08],
       [ 5.51197701e-10],
       [-2.28638603e-09]]), 2.1453030913704656), (2.014225692108491e-05, array([[-1.47120186e-09],
       [-1.88277301e-08],
       [ 5.18523116e-10]]), 2.163997471939666)]