[(2.0184485908948347e-05, array([[1.43716129e-09],
       [1.58092519e-08],
       [3.90885320e-10]]), 2.168534372811157), (2.0677424969243063e-05, array([[-6.00222938e-08],
       [-5.13831639e-09],
       [-1.44702291e-09]]), 2.1400864175482983), (2.126634774017755e-05, array([[-1.09075788e-07],
       [-8.34399472e-09],
       [-3.24129420e-09]]), 2.1315121855839685), (2.1577062207924698e-05, array([[-1.51203077e-07],
       [ 1.57266639e-08],
       [-2.90453380e-10]]), 2.1046474440318304), (2.207188520218124e-05, array([[-1.92316466e-07],
       [-2.84066369e-08],
       [-3.76318948e-09]]), 2.1049296402317323), (2.2483500705600074e-05, array([[-2.16392600e-07],
       [ 2.02065835e-08],
       [ 7.06062832e-10]]), 2.105731464201112), (2.235219351701161e-05, array([[-2.30270146e-07],
       [-1.25917427e-08],
       [ 2.68410767e-09]]), 2.064719915962327), (2.249328036726125e-05, array([[-2.40944005e-07],
       [-8.23140620e-09],
       [ 6.82234448e-10]]), 2.0578133255438207), (2.2453207841969143e-05, array([[-2.52966945e-07],
       [ 1.22249980e-09],
       [-2.57357369e-10]]), 2.042769403042837), (2.258332362791929e-05, array([[-2.40272579e-07],
       [-1.82622925e-09],
       [ 1.03811916e-09]]), 2.0515046640843133), (2.202218955361578e-05, array([[-2.32798565e-07],
       [-1.90578583e-09],
       [ 2.47736982e-09]]), 2.005577614058915), (2.203881612505124e-05, array([[-1.83549926e-07],
       [ 8.63172803e-09],
       [-1.56440350e-09]]), 2.0203241321664476), (2.1714576150626363e-05, array([[-1.34636926e-07],
       [ 3.14235084e-08],
       [ 8.60092171e-09]]), 2.0119666148301403), (2.1332744666014312e-05, array([[-1.10671459e-07],
       [-1.00519493e-08],
       [ 2.03828811e-09]]), 2.006199602621589), (2.0804132491422238e-05, array([[-4.21006048e-08],
       [-6.70230282e-09],
       [ 2.92233284e-09]]), 1.9943963716512279), (2.0349235418391654e-05, array([[ 3.54290478e-08],
       [ 1.06898234e-08],
       [-3.50382352e-10]]), 1.9975353583327573), (2.001308162745482e-05, array([[1.03062005e-07],
       [2.44097341e-08],
       [4.40204000e-09]]), 2.0211089240695967), (1.925446526641172e-05, array([[ 1.50818356e-07],
       [ 2.72683788e-08],
       [-3.64706247e-10]]), 2.0104867233864248), (1.8534482340153847e-05, array([[ 2.43538477e-07],
       [ 1.89485485e-08],
       [-4.23406091e-09]]), 2.0116787882696694), (1.79911376225674e-05, array([[ 3.12237774e-07],
       [ 6.13520597e-09],
       [-2.88554431e-09]]), 2.0414862858481158), (1.7313402540515046e-05, array([[ 3.91725521e-07],
       [-1.36105974e-08],
       [-1.32177676e-09]]), 2.0668764356635636), (1.6667542018962595e-05, array([[ 4.61363746e-07],
       [ 1.04835077e-09],
       [-3.65789947e-10]]), 2.1080246350881824), (1.576492570777385e-05, array([[ 5.04822668e-07],
       [-1.40462797e-08],
       [-4.18780099e-11]]), 2.1289619753885876), (1.4970631764648829e-05, array([[ 5.64860503e-07],
       [-1.31893761e-09],
       [-3.32742787e-10]]), 2.1780418908871715), (1.4237151313799892e-05, array([[ 6.16214387e-07],
       [-1.61879892e-08],
       [ 3.89278710e-10]]), 2.2547784288728123), (1.3772153034285828e-05, array([[ 6.47679278e-07],
       [-1.42263355e-09],
       [ 8.04896903e-11]]), 2.2862170338297743), (1.4422315795505609e-05, array([[ 5.80143522e-07],
       [-3.07525906e-09],
       [ 1.72050608e-10]]), 2.1861447232709907), (1.5423253704546742e-05, array([[ 5.16326681e-07],
       [-2.93344065e-09],
       [ 3.06484597e-10]]), 2.159271193047257), (1.6309083585832065e-05, array([[4.71965398e-07],
       [8.38602877e-09],
       [1.59562441e-09]]), 2.129205715697379), (1.6899265960964283e-05, array([[4.09881742e-07],
       [6.88996548e-09],
       [2.31490164e-09]]), 2.0746093925592874), (1.7597165036094092e-05, array([[3.23234949e-07],
       [8.64943538e-09],
       [3.03926427e-10]]), 2.046416906665818), (1.842905179103141e-05, array([[2.64790893e-07],
       [9.68321552e-09],
       [3.97934211e-09]]), 2.04366630814695), (1.8996380505899503e-05, array([[ 1.96629385e-07],
       [ 3.35898354e-09],
       [-2.14391921e-09]]), 2.020899917570287), (1.9625097790443775e-05, array([[ 1.36358454e-07],
       [-9.34778270e-09],
       [ 2.84744993e-09]]), 2.0139812079415282), (2.0229407731064734e-05, array([[3.38663079e-08],
       [5.51479889e-09],
       [3.50353325e-09]]), 2.0129443965271987), (2.0556357370041076e-05, array([[-6.22389583e-09],
       [ 5.05079497e-09],
       [ 1.71102036e-09]]), 1.9929717125345774), (2.122548644153455e-05, array([[-9.05503148e-08],
       [-7.22568338e-11],
       [ 7.18110358e-10]]), 2.0142510095912933), (2.156665073009897e-05, array([[-1.24739500e-07],
       [ 1.52979141e-08],
       [-2.50159337e-09]]), 2.012103916576422), (2.1995001691466325e-05, array([[-1.65313786e-07],
       [-1.21496492e-08],
       [ 2.28044064e-09]]), 2.0260502370116265), (2.215893575101519e-05, array([[-2.15078471e-07],
       [ 2.39898584e-08],
       [-1.91785124e-09]]), 2.0236422293591514), (2.229557972469742e-05, array([[-2.33682300e-07],
       [ 5.71260420e-09],
       [-1.31942762e-09]]), 2.026896320959316), (2.2228293167745503e-05, array([[-2.36681008e-07],
       [ 1.15133211e-08],
       [-5.53890507e-09]]), 2.019761489350059), (2.2272665026707808e-05, array([[-2.51094445e-07],
       [-1.95972742e-08],
       [ 1.10429000e-09]]), 2.0309483087542284), (2.254938150126164e-05, array([[-2.32481028e-07],
       [-1.54232347e-09],
       [ 2.37729662e-09]]), 2.071848384209665), (2.215904047676497e-05, array([[-2.21456271e-07],
       [ 4.69227830e-09],
       [-2.93608562e-10]]), 2.0599748503502506), (2.2027077550544248e-05, array([[-1.92395931e-07],
       [-1.06585547e-09],
       [-6.97767827e-10]]), 2.0806019642978306), (2.1674523441142874e-05, array([[-1.67753569e-07],
       [-4.45813303e-09],
       [ 1.89130341e-09]]), 2.0892762765616224), (2.140568090407913e-05, array([[-1.32594328e-07],
       [-2.35268018e-08],
       [ 1.74509859e-09]]), 2.1152474985123466), (2.084968942420236e-05, array([[-8.10572753e-08],
       [ 1.09214972e-08],
       [-8.56788917e-10]]), 2.122217254067699), (2.031749919631862e-05, array([[-3.25006188e-08],
       [ 3.98130448e-09],
       [ 1.04603318e-09]]), 2.1410047188412253), (2.041294063674114e-05, array([[2.95710692e-08],
       [2.64267019e-08],
       [7.93298647e-10]]), 2.151062087237955), (2.082776307063225e-05, array([[ 7.85062583e-08],
       [-2.77044908e-08],
       [-1.03984735e-09]]), 2.1199854469209094), (2.1416863510498592e-05, array([[ 1.24063579e-07],
       [ 2.40108827e-08],
       [-8.46060698e-10]]), 2.1163525313473968), (2.1818220447859074e-05, array([[ 1.71308117e-07],
       [-2.02689925e-08],
       [-3.23143261e-09]]), 2.103127688241346), (2.1754110116739344e-05, array([[2.05943239e-07],
       [1.02868177e-08],
       [4.17687741e-09]]), 2.0548183996074805), (2.2263764538974078e-05, array([[ 2.18950365e-07],
       [-1.13549905e-08],
       [-7.10084469e-10]]), 2.069710332110099), (2.259504600844813e-05, array([[2.51376387e-07],
       [7.21645504e-09],
       [2.59844918e-09]]), 2.076044061835003), (2.2256862114831447e-05, array([[ 2.46536309e-07],
       [-3.39015763e-09],
       [ 5.41645343e-10]]), 2.0295073093448526), (2.2408333176597273e-05, array([[ 2.48983420e-07],
       [-2.86281428e-09],
       [-2.94649573e-11]]), 2.0361207245678443), (2.242583224109905e-05, array([[ 2.31286442e-07],
       [-2.00875440e-08],
       [-8.50724860e-10]]), 2.03873760741834), (2.2186938158197823e-05, array([[ 2.06994132e-07],
       [ 1.40292461e-09],
       [-2.46804088e-10]]), 2.026199520662994), (2.20899151299135e-05, array([[ 1.80418399e-07],
       [-1.42680706e-08],
       [ 4.83602283e-09]]), 2.034793104921297), (2.156195083276988e-05, array([[1.37731334e-07],
       [7.33467157e-09],
       [4.86817833e-09]]), 2.011665430232773), (2.1194650449889453e-05, array([[ 6.35339317e-08],
       [-1.43362382e-08],
       [-3.34341955e-09]]), 2.0113247432145966), (2.0456284572613353e-05, array([[ 3.41454735e-08],
       [-7.29675262e-10],
       [ 1.74974806e-09]]), 1.983269494827548), (2.010760555557276e-05, array([[-5.28847397e-08],
       [-1.48546243e-09],
       [-9.57200110e-10]]), 2.0008243676118247), (1.9635091858905286e-05, array([[-1.29991040e-07],
       [ 1.57670398e-08],
       [-2.08845317e-10]]), 2.01500682657983), (1.9325211974725566e-05, array([[-2.03972227e-07],
       [ 1.15344677e-08],
       [ 2.96193985e-09]]), 2.0558821336844963), (1.8116823457071588e-05, array([[-2.61411001e-07],
       [-1.49911836e-08],
       [-1.64834795e-09]]), 2.009042143333812), (1.781397320788862e-05, array([[-3.36878326e-07],
       [-3.27905865e-09],
       [-1.23898654e-10]]), 2.071630053633161), (1.7038196904832424e-05, array([[-4.09067879e-07],
       [ 1.12142450e-08],
       [-2.37734893e-09]]), 2.0916650115271027), (1.604422516544191e-05, array([[-4.76846457e-07],
       [-9.52635740e-09],
       [-7.69606341e-10]]), 2.094627558097205), (1.5394739642553092e-05, array([[-5.36662453e-07],
       [ 6.41632307e-09],
       [ 5.20493208e-10]]), 2.1552791953897517), (1.4737059419150106e-05, array([[-5.86058029e-07],
       [-8.20541556e-10],
       [ 2.98113427e-10]]), 2.2338537820497497), (1.3582971406115116e-05, array([[-6.31360875e-07],
       [-5.68575856e-09],
       [ 2.84565878e-10]]), 2.254812339172752), (1.3953599989896194e-05, array([[-6.05228884e-07],
       [ 4.70664076e-09],
       [ 1.86484208e-10]]), 2.209871593613101), (1.4869331382398936e-05, array([[-5.40056390e-07],
       [ 2.43196621e-09],
       [-7.41489795e-11]]), 2.1633039373009963), (1.5730075639254232e-05, array([[-5.05123997e-07],
       [ 3.41348212e-09],
       [-1.08466494e-09]]), 2.124255675334074), (1.654441491834038e-05, array([[-4.57699981e-07],
       [-2.14528148e-09],
       [ 1.72359086e-09]]), 2.0924521552910225), (1.7433461577563654e-05, array([[-3.90670678e-07],
       [ 8.59572669e-09],
       [-5.57582314e-10]]), 2.0812091004291147), (1.786597132526384e-05, array([[-3.20715100e-07],
       [ 1.26681930e-08],
       [ 1.10813553e-09]]), 2.0272834441626033), (1.8786831360377302e-05, array([[-2.51670333e-07],
       [-2.08622107e-08],
       [-5.70832804e-10]]), 2.0390680167308473), (1.9240399794288955e-05, array([[-1.48515342e-07],
       [ 1.56416270e-08],
       [-4.41036234e-09]]), 2.0090180539339264), (1.981944977612904e-05, array([[-1.13196514e-07],
       [ 1.07521217e-08],
       [ 5.17784916e-10]]), 2.0015541613407133), (2.0405405822674902e-05, array([[-6.19903553e-09],
       [ 1.53771464e-09],
       [-1.45284687e-09]]), 2.003049195405291), (2.097375003732542e-05, array([[ 4.13938158e-08],
       [ 8.27217044e-09],
       [-9.06333760e-10]]), 2.0106568246288834), (2.136241431418663e-05, array([[ 9.09701851e-08],
       [ 1.99644995e-09],
       [-1.38958251e-09]]), 2.0089898313195436), (2.1898697954593815e-05, array([[1.6113412e-07],
       [5.4336680e-09],
       [6.0991354e-10]]), 2.0290264422969617), (2.2108822432606002e-05, array([[ 1.88744011e-07],
       [-6.79522938e-09],
       [-4.69308062e-09]]), 2.0267416925178843), (2.2352119163787313e-05, array([[ 2.43275720e-07],
       [-9.17253481e-09],
       [ 6.63529818e-09]]), 2.0356245555205814), (2.2640290339689804e-05, array([[ 2.35830086e-07],
       [ 1.52404455e-08],
       [-4.30848074e-09]]), 2.056679609846072), (2.2593135569481716e-05, array([[2.42334760e-07],
       [2.43644468e-10],
       [1.51518905e-09]]), 2.055499881574538), (2.2359364309991568e-05, array([[ 2.45435709e-07],
       [ 5.14429548e-09],
       [-8.95004104e-10]]), 2.0455619223400916), (2.2394013535359468e-05, array([[ 2.30302857e-07],
       [-1.88066031e-08],
       [ 2.96358675e-09]]), 2.0685829204904067), (2.2002540043406923e-05, array([[ 2.15534047e-07],
       [-2.32490848e-08],
       [ 4.88905818e-09]]), 2.0606862547079627), (2.1941361582321605e-05, array([[ 1.78013537e-07],
       [-1.70980448e-08],
       [ 1.03175969e-09]]), 2.0924819932058343), (2.1653688245054617e-05, array([[ 1.49091194e-07],
       [-2.18524887e-08],
       [ 1.37833362e-09]]), 2.112121621546718), (2.1263591295806243e-05, array([[1.09867048e-07],
       [1.92770724e-08],
       [2.87348801e-10]]), 2.131235908959599), (2.0652184820982572e-05, array([[ 5.57010510e-08],
       [-1.71061736e-09],
       [ 9.82758644e-10]]), 2.137474095242714), (2.0166838034029446e-05, array([[-7.86859471e-10],
       [-1.14430496e-08],
       [ 3.53922148e-10]]), 2.166638361015694)]