[(2.015516925490095e-05, array([[-1.00145418e-09],
       [-3.44313442e-08],
       [ 1.97891117e-09]]), 2.165384717561854), (2.0437871186119312e-05, array([[-6.03609359e-08],
       [ 5.54592707e-10],
       [-1.83736229e-11]]), 2.115292914571113), (2.0884047460698642e-05, array([[-1.00371453e-07],
       [ 1.75174243e-08],
       [ 2.27685610e-09]]), 2.0931944775215756), (2.1486190183996736e-05, array([[-1.46753832e-07],
       [-8.29233362e-09],
       [ 1.08254689e-09]]), 2.095783699234184), (2.196978518205423e-05, array([[-1.85136560e-07],
       [ 8.11402717e-09],
       [ 1.34846882e-09]]), 2.095192666852931), (2.2007844652722417e-05, array([[-2.11551744e-07],
       [-9.07871264e-09],
       [ 1.36337333e-09]]), 2.0611830671433213), (2.229951907461556e-05, array([[-2.36642880e-07],
       [ 5.87106111e-09],
       [ 2.20745009e-09]]), 2.0598542650724236), (2.2505214277953104e-05, array([[-2.47799898e-07],
       [-1.31796194e-08],
       [-7.65852952e-10]]), 2.0589051076248057), (2.2467718155043073e-05, array([[-2.49367004e-07],
       [-1.41199041e-08],
       [-1.40162473e-09]]), 2.04408953617413), (2.246678859404519e-05, array([[-2.48621844e-07],
       [ 1.36124010e-09],
       [ 2.02354426e-09]]), 2.040918438183251), (2.232230649203769e-05, array([[-2.25026701e-07],
       [-9.04126509e-09],
       [-9.17086039e-10]]), 2.0329094927457936), (2.1938031609202895e-05, array([[-1.91992509e-07],
       [ 7.77954725e-09],
       [-3.14151886e-09]]), 2.011085097348889), (2.1806939327472044e-05, array([[-1.55584363e-07],
       [ 6.22004960e-09],
       [-1.74047241e-09]]), 2.020524535876543), (2.1275172034039882e-05, array([[-8.67395673e-08],
       [ 7.06400311e-09],
       [-7.12585984e-10]]), 2.0007852879988213), (2.0817836938126985e-05, array([[-3.67753934e-08],
       [-1.26038688e-08],
       [-3.55351211e-09]]), 1.995710153843045), (2.0308612085375717e-05, array([[ 1.41036160e-08],
       [-4.25713882e-09],
       [ 3.52529682e-09]]), 1.9935476633454892), (1.986369461136005e-05, array([[ 1.07620258e-07],
       [-1.57903442e-08],
       [ 1.19428175e-09]]), 2.0060224203022274), (1.9275444261116126e-05, array([[1.55784409e-07],
       [1.89963642e-08],
       [6.96991102e-09]]), 2.012677279693215), (1.8605559785803607e-05, array([[ 2.35918493e-07],
       [-1.68116870e-08],
       [-3.05384472e-09]]), 2.01939332742506), (1.799976164403835e-05, array([[ 3.09107726e-07],
       [-2.37482557e-10],
       [ 2.05075808e-09]]), 2.042464868855547), (1.721402306737897e-05, array([[ 3.72569311e-07],
       [-6.57023589e-09],
       [ 2.55778003e-09]]), 2.0550125001527393), (1.64323509762124e-05, array([[4.45973484e-07],
       [7.06588846e-09],
       [2.82278758e-10]]), 2.078278886644564), (1.5941703691483605e-05, array([[ 5.09246949e-07],
       [-3.65402349e-09],
       [-6.42922066e-10]]), 2.152834818964269), (1.5007954869086072e-05, array([[ 5.68996415e-07],
       [-5.07175596e-09],
       [ 7.11398860e-10]]), 2.1834719412845254), (1.4303248702705272e-05, array([[6.29309363e-07],
       [4.38177223e-09],
       [5.37692230e-10]]), 2.2652464616571666), (1.36112779069209e-05, array([[ 6.41688727e-07],
       [ 5.24276859e-09],
       [-1.49932343e-10]]), 2.2595112997600464), (1.467985393860275e-05, array([[ 5.92314706e-07],
       [-1.35091197e-09],
       [ 1.50033850e-10]]), 2.225182535267056), (1.537473902282938e-05, array([[ 5.25908650e-07],
       [-6.92641701e-09],
       [ 4.40877706e-11]]), 2.1524790883021163), (1.6200482427333888e-05, array([[4.73595665e-07],
       [4.27924428e-09],
       [2.54258371e-10]]), 2.115027469189), (1.6816036163825386e-05, array([[ 4.15100085e-07],
       [-9.43125741e-09],
       [ 8.20460191e-10]]), 2.0643918293063033), (1.766005922196701e-05, array([[ 3.43366672e-07],
       [ 1.94501378e-08],
       [-2.75896226e-10]]), 2.0537310237430475), (1.8555160808311316e-05, array([[ 2.84145019e-07],
       [-4.22380262e-09],
       [-3.67650219e-10]]), 2.057651007560182), (1.8917896187885365e-05, array([[ 1.78842640e-07],
       [-9.14206340e-09],
       [-7.79315141e-10]]), 2.0125504874377373), (1.9556764373318445e-05, array([[ 1.26617459e-07],
       [-3.95659754e-09],
       [ 2.14825088e-10]]), 2.006968645791043), (2.0104439665883588e-05, array([[ 6.11417972e-08],
       [ 1.04051286e-08],
       [-9.14010931e-10]]), 2.000509343069606), (2.0965131635939453e-05, array([[-1.89809101e-08],
       [ 2.26157172e-08],
       [-1.46618853e-09]]), 2.0326030311618197), (2.0932560332759513e-05, array([[-5.79445453e-08],
       [ 7.78554658e-09],
       [-8.27876844e-09]]), 1.9864529795220658), (2.1572636587267406e-05, array([[-1.34356808e-07],
       [ 4.94770093e-09],
       [-4.38929270e-10]]), 2.012662379121368), (2.1792776924023963e-05, array([[-1.63072961e-07],
       [ 5.32452638e-12],
       [ 4.41572213e-09]]), 2.0074224804079437), (2.23119645666838e-05, array([[-2.01712466e-07],
       [ 9.88210671e-09],
       [-1.34002465e-09]]), 2.037617430026522), (2.2437695863788214e-05, array([[-2.38448779e-07],
       [ 7.17023107e-09],
       [-4.46429652e-09]]), 2.039816132107038), (2.256308735996323e-05, array([[-2.63583740e-07],
       [-8.24305015e-09],
       [ 7.02140403e-09]]), 2.050182377323619), (2.2463485274393428e-05, array([[-2.74513821e-07],
       [ 1.12007453e-08],
       [-6.15665911e-10]]), 2.0483483845353914), (2.257972284986639e-05, array([[-2.56371378e-07],
       [ 1.17545203e-08],
       [ 1.04781134e-09]]), 2.0746361624056213), (2.202004879417996e-05, array([[-2.33150212e-07],
       [ 4.75719488e-08],
       [-7.11698662e-09]]), 2.047053741657245), (2.1973315413115837e-05, array([[-1.95392577e-07],
       [ 1.79944590e-08],
       [-1.48030404e-09]]), 2.075523777757572), (2.1759827406200032e-05, array([[-1.73519171e-07],
       [ 3.13667019e-09],
       [-2.27482616e-09]]), 2.097498997166047), (2.1370799415555847e-05, array([[-1.27884354e-07],
       [ 9.77397836e-09],
       [-1.82301168e-09]]), 2.1118006106663634), (2.078761077126225e-05, array([[-8.69620656e-08],
       [ 1.19279574e-08],
       [-4.67041913e-10]]), 2.1158984842434414), (2.0280558664788166e-05, array([[-2.88000236e-08],
       [-2.65073499e-09],
       [ 9.06888136e-10]]), 2.1371120226211353), (2.0436417007986653e-05, array([[ 2.96718343e-08],
       [ 8.59174874e-09],
       [-1.39579885e-10]]), 2.153535965599275), (2.06382647335306e-05, array([[ 7.72877764e-08],
       [-1.64423209e-09],
       [ 6.90524777e-10]]), 2.1006970713277733), (2.1471574177304374e-05, array([[ 1.26799250e-07],
       [-2.04399085e-08],
       [ 9.59752986e-10]]), 2.1217588812608352), (2.1672073223156205e-05, array([[ 1.66700036e-07],
       [ 1.02181532e-08],
       [-2.90382250e-10]]), 2.089040092254003), (2.1843545252819014e-05, array([[ 2.01686679e-07],
       [-4.35148668e-09],
       [-1.98489746e-09]]), 2.063266134872298), (2.2327892721529968e-05, array([[2.23485518e-07],
       [1.99796240e-08],
       [5.13384704e-09]]), 2.0756718918356807), (2.234902822462549e-05, array([[ 2.41740465e-07],
       [-1.89609557e-08],
       [-1.02789161e-09]]), 2.053439825533832), (2.2539874709364557e-05, array([[ 2.52963355e-07],
       [-3.79591590e-09],
       [-4.49810184e-09]]), 2.0553140078038794), (2.2363952023735632e-05, array([[ 2.48026457e-07],
       [-6.22790185e-09],
       [ 1.84196034e-09]]), 2.032088055809769), (2.2264091372370637e-05, array([[ 2.37801979e-07],
       [ 2.59887687e-09],
       [-3.92758748e-11]]), 2.024033707550186), (2.197489180535413e-05, array([[ 1.94272798e-07],
       [-4.44293012e-09],
       [-7.20689325e-09]]), 2.0068346035470435), (2.1898596750841395e-05, array([[1.83251229e-07],
       [3.74162240e-09],
       [3.03991222e-09]]), 2.0171699806905723), (2.1493870459280043e-05, array([[1.28538667e-07],
       [3.44467049e-09],
       [6.75059538e-10]]), 2.0053137353008523), (2.0998916139641408e-05, array([[ 7.41813074e-08],
       [-2.25657735e-09],
       [-1.56974545e-09]]), 1.9927499966185758), (2.068782233174e-05, array([[1.44985777e-08],
       [8.33016494e-09],
       [8.10186008e-09]]), 2.0057174507575013), (2.0186371599964185e-05, array([[-5.78941753e-08],
       [-1.09885751e-08],
       [-1.46338033e-09]]), 2.0086620497527043), (1.9476874447059963e-05, array([[-1.29593955e-07],
       [ 1.73336357e-08],
       [ 1.24225233e-09]]), 1.998770123067413), (1.909279194214283e-05, array([[-2.10711502e-07],
       [-1.57282867e-08],
       [ 4.08455956e-09]]), 2.0311564958429997), (1.826250513802987e-05, array([[-2.37789349e-07],
       [-5.63403920e-09],
       [ 2.29371805e-09]]), 2.0251973284439617), (1.7638321034174592e-05, array([[-3.51209569e-07],
       [-5.47904470e-09],
       [-4.47273212e-09]]), 2.051203037278896), (1.688362158290121e-05, array([[-3.87233570e-07],
       [-5.67537683e-09],
       [-4.45914856e-10]]), 2.072688837326571), (1.6201029392834273e-05, array([[-4.69360490e-07],
       [-6.17994154e-09],
       [ 1.30659140e-09]]), 2.115098877374725), (1.540111130599646e-05, array([[-5.17564341e-07],
       [-5.25663943e-09],
       [-3.79819234e-10]]), 2.156171234747245), (1.4321952308492772e-05, array([[-5.74935882e-07],
       [ 1.15005814e-08],
       [ 3.53291336e-10]]), 2.1709315556595468), (1.3650616696064205e-05, array([[-6.13237019e-07],
       [-2.48711791e-08],
       [ 4.23487359e-10]]), 2.2660416519573947), (1.4319316795813855e-05, array([[-6.28707616e-07],
       [-6.83910759e-09],
       [-1.48977933e-10]]), 2.267791211581909), (1.5056519125820528e-05, array([[-5.70033369e-07],
       [ 7.31754358e-09],
       [ 5.68129745e-10]]), 2.1905374404050937), (1.5721462736385228e-05, array([[-5.18733524e-07],
       [-4.68692244e-09],
       [-1.05668763e-09]]), 2.1230925526498496), (1.663097801902746e-05, array([[-4.43238538e-07],
       [-2.93975554e-09],
       [ 1.75103597e-09]]), 2.1034002092110526), (1.7158307489563946e-05, array([[-3.80368179e-07],
       [-9.02509200e-09],
       [-2.47227626e-10]]), 2.0483611666199018), (1.8015555136351557e-05, array([[-3.30688480e-07],
       [ 4.03046430e-09],
       [-2.32438696e-10]]), 2.0442569844315313), (1.872470460851771e-05, array([[-2.44012670e-07],
       [-1.46841657e-09],
       [ 3.35170023e-10]]), 2.032324959837951), (1.918828471354416e-05, array([[-1.51087828e-07],
       [ 4.12399207e-11],
       [-3.68934571e-09]]), 2.0035763718889625), (1.9900698665848932e-05, array([[-8.90228889e-08],
       [-1.71096832e-08],
       [ 5.25144242e-09]]), 2.0097594372267795), (2.0462497623548374e-05, array([[-3.81835943e-08],
       [-1.57265540e-08],
       [ 1.55150995e-09]]), 2.008653479230745), (2.109560241091186e-05, array([[ 5.10138732e-08],
       [-1.53488402e-09],
       [-2.22436534e-09]]), 2.022338250511846), (2.1297149435127653e-05, array([[ 8.29467132e-08],
       [-7.36281559e-09],
       [ 9.58016172e-10]]), 2.0028521131551353), (2.1755134244572965e-05, array([[ 1.48304114e-07],
       [-1.58341104e-08],
       [ 3.62803052e-09]]), 2.0157245298092623), (2.2015143098711505e-05, array([[ 2.10974364e-07],
       [-9.52529510e-09],
       [ 8.34581721e-10]]), 2.0181539980664933), (2.2424006686672985e-05, array([[ 2.24564639e-07],
       [-3.54004531e-09],
       [ 3.28761093e-09]]), 2.042171407107643), (2.252176968381529e-05, array([[2.51343301e-07],
       [1.82893509e-09],
       [4.09478738e-09]]), 2.045913006917161), (2.239199644678667e-05, array([[ 2.55222582e-07],
       [ 3.56597477e-09],
       [-9.31211381e-09]]), 2.0372004542282016), (2.2430013012621495e-05, array([[ 2.49007085e-07],
       [-1.55935629e-08],
       [ 1.73222355e-09]]), 2.0520252678072937), (2.2330412855378622e-05, array([[ 2.33643188e-07],
       [-1.46239108e-09],
       [ 3.11147946e-09]]), 2.062707989668729), (2.211032566094714e-05, array([[ 2.13960863e-07],
       [ 9.33931288e-09],
       [-2.18243476e-09]]), 2.0707811046699285), (2.2077981014391644e-05, array([[1.81831284e-07],
       [1.41840154e-08],
       [2.12895310e-10]]), 2.105510979600138), (2.1739284839332398e-05, array([[1.40745172e-07],
       [4.84843799e-09],
       [3.75392545e-10]]), 2.120470795851753), (2.1211470130248463e-05, array([[ 9.90402711e-08],
       [-1.15800487e-09],
       [-2.05132841e-09]]), 2.126011838476478), (2.0647968571511295e-05, array([[ 6.54875164e-08],
       [ 1.31767298e-08],
       [-1.28667193e-09]]), 2.1370377189415115), (2.0272538484649467e-05, array([[ 8.75893839e-09],
       [ 2.39794096e-09],
       [-1.38323409e-10]]), 2.177994362918598)]