[(2.026914573111932e-05, Vec([[-2.72186082e-09],
     [ 9.27470230e-09],
     [ 5.36183876e-10]]), 2.1776298600681514), (2.072444366405587e-05, Vec([[-8.25613273e-08],
     [-9.34784448e-09],
     [ 3.22299708e-11]]), 2.1449527909139077), (2.1302658507875846e-05, Vec([[-1.58869843e-07],
     [ 3.15503828e-08],
     [ 3.81973072e-09]]), 2.135151590185192), (2.1768233548566854e-05, Vec([[-2.33953721e-07],
     [ 2.54649619e-08],
     [ 1.65230865e-09]]), 2.123294480851648), (2.2145193861595897e-05, Vec([[-3.05590784e-07],
     [ 1.99889847e-10],
     [ 2.38195761e-09]]), 2.111920867699349), (2.2295317499952523e-05, Vec([[-3.62589749e-07],
     [ 1.60473762e-08],
     [-2.57607059e-09]]), 2.0881068379316106), (2.2498826862516723e-05, Vec([[-4.11005372e-07],
     [ 4.37704148e-09],
     [-2.86020603e-09]]), 2.0782647516661763), (2.2435333489154306e-05, Vec([[-4.59924888e-07],
     [-1.64552458e-08],
     [-2.93241862e-09]]), 2.0525120152860383), (2.2687932420333938e-05, Vec([[-5.00727814e-07],
     [-1.93907611e-08],
     [-6.59897036e-09]]), 2.064124400074909), (2.250071625552036e-05, Vec([[-4.89269913e-07],
     [ 1.53537219e-09],
     [ 2.87498261e-09]]), 2.0440004803531524), (2.218835240835716e-05, Vec([[-4.91144090e-07],
     [ 5.38960069e-09],
     [ 4.50111962e-09]]), 2.020710192086458), (2.1810701620664456e-05, Vec([[-4.60931109e-07],
     [ 6.92583392e-09],
     [ 8.23511814e-09]]), 1.999412607904219), (2.14732408784348e-05, Vec([[-4.29630182e-07],
     [ 2.08144978e-09],
     [ 9.31037486e-09]]), 1.989605666715739), (2.104946538510188e-05, Vec([[-3.92054814e-07],
     [-1.14649125e-08],
     [-2.55972570e-10]]), 1.9795591121598597), (2.0523502487343086e-05, Vec([[-3.30538212e-07],
     [-9.76284002e-09],
     [-3.91544360e-09]]), 1.967493665559412), (1.9953292842492413e-05, Vec([[-2.84638576e-07],
     [-1.58188873e-08],
     [-6.62682605e-09]]), 1.9586685764136063), (1.934109817331959e-05, Vec([[-1.91234251e-07],
     [-1.18610185e-08],
     [ 4.73731197e-09]]), 1.953245724325452), (1.8552573563124538e-05, Vec([[-1.28486522e-07],
     [-5.39349735e-09],
     [-1.07372174e-09]]), 1.9371975444251366), (1.8201151489745882e-05, Vec([[-7.33032540e-08],
     [-4.60977829e-10],
     [ 2.91901977e-09]]), 1.9755000275718917), (1.7455927304652097e-05, Vec([[ 2.49664046e-08],
     [ 3.11542733e-09],
     [-1.90228451e-09]]), 1.9807550221009054), (1.6999186145006843e-05, Vec([[ 8.52912218e-08],
     [ 1.73054516e-09],
     [-2.21007313e-11]]), 2.029365238078036), (1.614265625180851e-05, Vec([[ 1.43496941e-07],
     [-1.57400530e-10],
     [-1.01934875e-09]]), 2.041639794029486), (1.5574399134968732e-05, Vec([[ 2.04108292e-07],
     [ 1.68537686e-08],
     [-3.77500005e-10]]), 2.103232464427227), (1.4887276893773645e-05, Vec([[ 2.89215160e-07],
     [-2.71724393e-09],
     [-3.61737110e-10]]), 2.1659147874068516), (1.3794055241582315e-05, Vec([[ 3.26491328e-07],
     [ 6.83595244e-09],
     [-7.12819924e-10]]), 2.184604034885298), (1.3244377440574474e-05, Vec([[ 3.68811434e-07],
     [ 3.70360229e-09],
     [-3.40678274e-10]]), 2.198604766569989), (1.44212920847469e-05, Vec([[ 2.97120849e-07],
     [-4.96711711e-09],
     [-7.25558043e-10]]), 2.185989548477633), (1.510200163011849e-05, Vec([[2.40930920e-07],
     [1.61512649e-09],
     [1.62469648e-10]]), 2.1142955761438604), (1.5713761362533945e-05, Vec([[1.80214022e-07],
     [6.96404114e-09],
     [1.26054320e-09]]), 2.051484397153816), (1.6499363251278784e-05, Vec([[ 1.19112313e-07],
     [-2.07059985e-08],
     [ 1.08451364e-09]]), 2.025516022495769), (1.7058009562557633e-05, Vec([[ 1.49179628e-08],
     [ 8.15737329e-10],
     [-2.62547952e-10]]), 1.9837172119079791), (1.8058908366653894e-05, Vec([[-3.94881055e-08],
     [ 1.16120783e-09],
     [ 1.26754475e-09]]), 2.0026197228879843), (1.846737551715234e-05, Vec([[-1.01338874e-07],
     [ 8.00636450e-09],
     [-1.29789660e-09]]), 1.9646225579005645), (1.929701711503034e-05, Vec([[-1.80062973e-07],
     [ 1.82201502e-09],
     [-2.30960013e-09]]), 1.9803126717626578), (1.9851699186658793e-05, Vec([[-2.52220037e-07],
     [-8.81726913e-09],
     [-1.79418088e-09]]), 1.9753601870392048), (2.0050293377782174e-05, Vec([[-3.28310096e-07],
     [ 2.57827857e-10],
     [ 1.90135155e-09]]), 1.9439079993898443), (2.048426544735374e-05, Vec([[-3.73797760e-07],
     [-5.26494524e-09],
     [ 1.32130821e-10]]), 1.9439108013717348), (2.1209125534241496e-05, Vec([[-4.36645227e-07],
     [-1.20562448e-08],
     [ 7.91591871e-09]]), 1.9787478866642023), (2.1369561623118564e-05, Vec([[-4.61371363e-07],
     [ 1.41686415e-08],
     [-2.06106908e-09]]), 1.9684383751673875), (2.1798196385524247e-05, Vec([[-4.93071433e-07],
     [ 9.00128459e-09],
     [ 3.92214783e-09]]), 1.9906980743689344), (2.230618486516436e-05, Vec([[-5.05301264e-07],
     [ 5.25555709e-09],
     [-1.98178990e-09]]), 2.027860436737471), (2.241476888410505e-05, Vec([[-4.94212534e-07],
     [-1.24833646e-08],
     [ 1.50699761e-09]]), 2.036705501549273), (2.2277086426297624e-05, Vec([[-4.63672383e-07],
     [ 1.85360536e-08],
     [-3.60441316e-09]]), 2.031351477122652), (2.2328550113764065e-05, Vec([[-4.24737458e-07],
     [ 3.12727432e-10],
     [-1.55997335e-09]]), 2.051558286525875), (2.2144117783594103e-05, Vec([[-3.81495870e-07],
     [-2.21791426e-08],
     [ 2.28469235e-10]]), 2.058587589351124), (2.207666869344874e-05, Vec([[-3.33016002e-07],
     [-2.37657397e-08],
     [ 3.59379799e-09]]), 2.085286173045092), (2.174245860069315e-05, Vec([[-2.59210019e-07],
     [-1.42578876e-09],
     [ 3.17558540e-09]]), 2.09582476274072), (2.1311232931367746e-05, Vec([[-2.02689737e-07],
     [-5.68065536e-09],
     [-2.11623708e-09]]), 2.1059144229184166), (2.0966624203543666e-05, Vec([[-1.23387235e-07],
     [ 5.90368120e-09],
     [ 1.90719922e-10]]), 2.1341196379003637), (2.005830362289636e-05, Vec([[-4.24352052e-08],
     [-1.35057798e-08],
     [ 1.86664270e-09]]), 2.113691369868614), (2.0217320500961206e-05, Vec([[ 4.66025737e-08],
     [-6.55421889e-09],
     [-5.98272700e-11]]), 2.1304481509577906), (2.0918762350989664e-05, Vec([[1.22579428e-07],
     [1.83985178e-08],
     [1.05471380e-10]]), 2.1292479466614602), (2.127824878766773e-05, Vec([[ 1.99815008e-07],
     [ 1.36886577e-08],
     [-1.02197845e-09]]), 2.102655025202236), (2.1824506419918844e-05, Vec([[ 2.72248456e-07],
     [-2.24739821e-08],
     [ 2.66216576e-09]]), 2.103733613088333), (2.2001431817946683e-05, Vec([[3.33211395e-07],
     [4.29216217e-10],
     [7.18081782e-10]]), 2.0781795566272754), (2.206238526036869e-05, Vec([[ 3.83647329e-07],
     [-6.48208542e-09],
     [-3.59853245e-09]]), 2.0509894741494956), (2.2426098362213186e-05, Vec([[ 4.35054549e-07],
     [-1.42516895e-08],
     [ 2.47846460e-09]]), 2.0605210680957597), (2.2501397255156833e-05, Vec([[4.69215466e-07],
     [2.98933497e-08],
     [9.13688546e-10]]), 2.051805414626789), (2.2340228878002806e-05, Vec([[5.06144210e-07],
     [1.16144105e-09],
     [7.44327232e-09]]), 2.0299324653739315), (2.2314692129963213e-05, Vec([[4.99367279e-07],
     [1.18691615e-08],
     [2.07514060e-09]]), 2.0286338341523455), (2.1960409090621828e-05, Vec([[ 4.73111267e-07],
     [ 1.85299050e-08],
     [-1.03972985e-09]]), 2.0055119843807905), (2.1769862108230342e-05, Vec([[ 4.62246632e-07],
     [ 4.04779609e-09],
     [-4.10248079e-09]]), 2.005311702303856), (2.1109356603115015e-05, Vec([[4.34444678e-07],
     [1.97695257e-09],
     [8.84587994e-10]]), 1.96943974421851), (2.085660686855611e-05, Vec([[ 3.86967524e-07],
     [-1.42960419e-08],
     [-1.07125150e-09]]), 1.9792451662936112), (2.0305706776648105e-05, Vec([[ 3.23221437e-07],
     [-7.39637046e-09],
     [-1.05255834e-08]]), 1.9686707367649006), (1.9784068827761787e-05, Vec([[ 2.50143797e-07],
     [-6.24721818e-09],
     [ 4.77291758e-09]]), 1.9686305707406613), (1.9049209439241527e-05, Vec([[ 1.80182507e-07],
     [-2.77155845e-10],
     [ 1.61849358e-09]]), 1.9548819703439195), (1.8310137462086716e-05, Vec([[ 1.00554594e-07],
     [-1.31302832e-08],
     [-3.05210422e-10]]), 1.9478950359169775), (1.7863325513738616e-05, Vec([[ 5.18858135e-08],
     [-3.80863757e-09],
     [-1.52599777e-09]]), 1.9809308106484125), (1.719966245081093e-05, Vec([[-3.17657886e-08],
     [-1.99897288e-09],
     [ 5.03075502e-09]]), 2.00019036907875), (1.6441939368628585e-05, Vec([[-1.00745597e-07],
     [-6.80681587e-10],
     [-1.12372005e-09]]), 2.018466478061206), (1.5782479087210766e-05, Vec([[-1.75503279e-07],
     [ 1.46659664e-09],
     [-2.94201266e-10]]), 2.0604557272338644), (1.516725287924034e-05, Vec([[-2.30215048e-07],
     [-3.77804859e-09],
     [-2.67181139e-11]]), 2.1234308173347385), (1.4347316353458536e-05, Vec([[-3.23948698e-07],
     [-8.52952272e-09],
     [-7.52047787e-10]]), 2.1747762553491756), (1.3631832953045212e-05, Vec([[-3.62501945e-07],
     [ 5.56645220e-09],
     [-1.26747357e-10]]), 2.262923496564974), (1.3883830710850821e-05, Vec([[-3.17701718e-07],
     [ 1.39380956e-09],
     [ 6.27513606e-10]]), 2.198822033070956), (1.4553028649013964e-05, Vec([[-2.85085742e-07],
     [-3.59306156e-09],
     [-9.35899346e-10]]), 2.1172857989655527), (1.53237769988664e-05, Vec([[-2.13579010e-07],
     [ 4.18033733e-09],
     [ 6.60577014e-10]]), 2.069387395453043), (1.647823310218351e-05, Vec([[-1.51112931e-07],
     [ 2.43911334e-09],
     [-1.32237894e-10]]), 2.0840818209792897), (1.6838669710646156e-05, Vec([[-6.63874232e-08],
     [-6.82698185e-09],
     [-1.81561368e-09]]), 2.0102027635187767), (1.7653874063502832e-05, Vec([[-1.92281013e-08],
     [-1.15000350e-08],
     [ 1.32243069e-09]]), 2.003216391804118), (1.827994010581453e-05, Vec([[ 5.61341591e-08],
     [-4.02883850e-09],
     [ 2.35171458e-09]]), 1.9840515147293742), (1.8725509731960655e-05, Vec([[1.33442841e-07],
     [4.08321224e-09],
     [1.02303534e-09]]), 1.9552549595040611), (1.93935895771095e-05, Vec([[ 2.07009881e-07],
     [-2.20797936e-09],
     [-1.35688716e-09]]), 1.9585467992229428), (2.013619820248042e-05, Vec([[ 2.63451933e-07],
     [-1.83539115e-08],
     [ 2.26140597e-09]]), 1.9766230556012832), (2.0434753617243674e-05, Vec([[ 3.33004317e-07],
     [ 2.10616668e-08],
     [-9.24448916e-09]]), 1.9589857201025465), (2.1034402292805136e-05, Vec([[ 3.99349212e-07],
     [-5.91573544e-09],
     [ 4.02732840e-10]]), 1.9781425307375875), (2.1453916183978584e-05, Vec([[4.38366333e-07],
     [9.01244270e-09],
     [4.93334835e-09]]), 1.9878151348712314), (2.203258287625423e-05, Vec([[ 4.75559536e-07],
     [ 1.15916970e-08],
     [-2.29093515e-09]]), 2.0197527229357997), (2.2054121966171293e-05, Vec([[ 4.94449904e-07],
     [-6.34663443e-09],
     [ 1.92674785e-09]]), 2.0084857232470736), (2.2523196953352713e-05, Vec([[ 5.09028442e-07],
     [-1.71898767e-08],
     [ 3.72950519e-09]]), 2.0460426623284365), (2.2639731004956523e-05, Vec([[5.06991828e-07],
     [3.67004479e-10],
     [4.82147480e-10]]), 2.0597390856374638), (2.2428489180177373e-05, Vec([[ 4.55333505e-07],
     [-6.53357939e-09],
     [ 1.41293171e-09]]), 2.0518858589412585), (2.2243039111371473e-05, Vec([[ 4.04735440e-07],
     [-1.88006897e-08],
     [ 4.10382466e-09]]), 2.0546370900835735), (2.2403648438337563e-05, Vec([[ 3.59732359e-07],
     [ 1.53138897e-08],
     [-6.57490832e-09]]), 2.0982527608682013), (2.2009459228591876e-05, Vec([[ 3.06051535e-07],
     [-7.92937799e-09],
     [-2.00587964e-09]]), 2.0989762619441548), (2.1667582720853153e-05, Vec([[2.38708907e-07],
     [1.54555680e-08],
     [9.21518224e-10]]), 2.1134769021077946), (2.1297103902626686e-05, Vec([[ 1.73173697e-07],
     [-4.88396521e-09],
     [-2.25484894e-09]]), 2.1345948557181673), (2.0652367795788313e-05, Vec([[ 8.16723278e-08],
     [-1.91861560e-08],
     [ 1.65534331e-09]]), 2.1374930328955943), (2.0078005709929342e-05, Vec([[-1.19958624e-09],
     [ 3.27439737e-10],
     [ 3.17194536e-10]]), 2.1570945980931824)]