[(2.0186197050866583e-05, array([[ 5.74495119e-09],
       [-4.25833255e-09],
       [ 2.64922207e-11]]), 2.1687182105409457), (2.056205257687122e-05, array([[-5.12575435e-08],
       [ 1.71746242e-08],
       [ 3.25511235e-09]]), 2.12814552596038), (2.108327866161676e-05, array([[-1.05443046e-07],
       [-1.25092624e-08],
       [-5.85184677e-10]]), 2.11316329105241), (2.1612787133733186e-05, array([[-1.41311339e-07],
       [ 2.13088008e-08],
       [-2.23574215e-09]]), 2.108132087727368), (2.1918512754421024e-05, array([[-1.86177041e-07],
       [ 2.22841548e-08],
       [ 1.34805805e-09]]), 2.0903029688655064), (2.238226316384675e-05, array([[-2.11560450e-07],
       [ 4.94337274e-09],
       [ 1.46467001e-09]]), 2.096249885695179), (2.2305288328348614e-05, array([[-2.35745451e-07],
       [-3.18641859e-10],
       [ 3.98309835e-09]]), 2.060387183377458), (2.2548624120315428e-05, array([[-2.54492601e-07],
       [ 3.52209538e-10],
       [-9.93653023e-10]]), 2.062876487104117), (2.241937391157383e-05, array([[-2.39436202e-07],
       [ 1.91870612e-08],
       [ 5.94338307e-09]]), 2.0396912273860366), (2.237725045597826e-05, array([[-2.62125180e-07],
       [-6.97788676e-09],
       [ 3.46117876e-09]]), 2.032784652789916), (2.234681516623968e-05, array([[-2.23114194e-07],
       [ 1.79461411e-08],
       [-6.20783411e-09]]), 2.035141516414926), (2.2104171067424915e-05, array([[-1.96785212e-07],
       [-9.83917370e-09],
       [-5.11083564e-09]]), 2.026315296414322), (2.1787956640864726e-05, array([[-1.60381989e-07],
       [-3.15952265e-11],
       [ 5.15792734e-09]]), 2.0187656928096196), (2.1469079627990078e-05, array([[-1.02697625e-07],
       [ 1.92730739e-08],
       [-4.91427402e-10]]), 2.0190209789058584), (2.0950299262104322e-05, array([[-2.73794834e-08],
       [ 8.88997806e-10],
       [ 2.17635547e-09]]), 2.008408706807453), (2.0231534866255734e-05, array([[ 4.57922562e-08],
       [-6.99580390e-09],
       [-2.94087522e-09]]), 1.9859815574280664), (1.9768672343815884e-05, array([[ 1.07726314e-07],
       [-1.29440609e-08],
       [-6.11141343e-10]]), 1.9964261793787215), (1.9438406261594596e-05, array([[1.55919322e-07],
       [1.27910294e-08],
       [1.81692872e-09]]), 2.029693225545006), (1.8743355336327538e-05, array([[ 2.55170802e-07],
       [-6.13394379e-09],
       [-1.04639845e-09]]), 2.0343492555712914), (1.795778117906852e-05, array([[ 3.15531645e-07],
       [-9.89112841e-09],
       [-2.07203390e-09]]), 2.0377012710604894), (1.716292431324949e-05, array([[ 3.63220304e-07],
       [-3.64068855e-10],
       [-7.67899854e-10]]), 2.0489123236822366), (1.6866530721247837e-05, array([[ 4.61325925e-07],
       [-7.34840546e-09],
       [ 6.11675569e-11]]), 2.1331916984766703), (1.577099535771165e-05, array([[ 5.05600219e-07],
       [-1.96809370e-09],
       [ 8.06240918e-11]]), 2.129781646483842), (1.5035891305374702e-05, array([[ 5.34030233e-07],
       [ 5.30652512e-09],
       [-6.00149605e-10]]), 2.187536347481625), (1.4358814852917485e-05, array([[5.88999635e-07],
       [3.38448101e-09],
       [5.51848465e-10]]), 2.2740466320081385), (1.3617487489143688e-05, array([[ 6.19402670e-07],
       [-9.27087605e-10],
       [ 4.90901747e-10]]), 2.2605421082774484), (1.4838896890390675e-05, array([[ 6.10283901e-07],
       [-3.43258370e-09],
       [ 7.50025698e-11]]), 2.2492903772221573), (1.562471702663957e-05, array([[ 5.40854701e-07],
       [-4.16897198e-09],
       [-4.46281372e-10]]), 2.1874762628842648), (1.620766081405567e-05, array([[4.76679287e-07],
       [1.10090416e-09],
       [2.25102754e-10]]), 2.1159646317191365), (1.6996755364770107e-05, array([[ 3.96063362e-07],
       [-4.33439736e-09],
       [-2.50154873e-09]]), 2.0865775119603165), (1.7677846444259448e-05, array([[ 3.48169784e-07],
       [-3.17747905e-09],
       [-1.89767240e-10]]), 2.0557995428679865), (1.8576567651884895e-05, array([[2.78986264e-07],
       [2.12336220e-08],
       [1.65697774e-10]]), 2.060024892308631), (1.901023599480375e-05, array([[ 1.93026113e-07],
       [ 6.90906949e-10],
       [-4.15934354e-09]]), 2.0223739118596615), (1.9529173087165466e-05, array([[1.08337800e-07],
       [1.21683351e-08],
       [3.54461457e-10]]), 2.0041371525466065), (2.030648438300449e-05, array([[ 6.31895594e-08],
       [-1.38708094e-08],
       [-3.85809572e-09]]), 2.0206139742374227), (2.079790689760333e-05, array([[-1.00746802e-08],
       [ 6.95646797e-09],
       [-8.51375694e-09]]), 2.0163903254211806), (2.123446490903321e-05, array([[-7.50701412e-08],
       [ 3.79756329e-09],
       [-1.11422453e-09]]), 2.0151030459992025), (2.1442553139397274e-05, array([[-1.26230017e-07],
       [ 5.06888057e-09],
       [-8.59394257e-10]]), 2.000525983061688), (2.1669958595679308e-05, array([[-1.58275247e-07],
       [-2.56368568e-09],
       [ 3.67619264e-09]]), 1.996109178106694), (2.225947093249203e-05, array([[-2.17001123e-07],
       [-8.89154529e-09],
       [ 4.55279556e-09]]), 2.0328235023705816), (2.261107688608429e-05, array([[-2.46130408e-07],
       [-6.59477268e-09],
       [-4.92554590e-09]]), 2.0555782410342527), (2.2289377619550764e-05, array([[-2.55406909e-07],
       [-8.01350036e-09],
       [ 5.62311619e-09]]), 2.025311894071792), (2.25755217433341e-05, array([[-2.47603294e-07],
       [ 3.53884804e-09],
       [ 5.27683229e-09]]), 2.0585645071610856), (2.2407867600077357e-05, array([[-2.34238033e-07],
       [ 1.30307501e-08],
       [ 1.71502645e-10]]), 2.058846016606126), (2.231195383432113e-05, array([[-2.26972548e-07],
       [-1.54063852e-09],
       [-1.85637360e-09]]), 2.0741901622081174), (2.1957431367430267e-05, array([[-2.03278319e-07],
       [-5.15287301e-09],
       [-3.02111152e-09]]), 2.0740234254489844), (2.179042121992211e-05, array([[-1.62612179e-07],
       [ 1.32973424e-08],
       [ 2.03320340e-10]]), 2.100448032211392), (2.1137426215680328e-05, array([[-1.30446187e-07],
       [-1.03555339e-08],
       [-2.08682878e-09]]), 2.088739345786794), (2.0680897594854345e-05, array([[-7.72640572e-08],
       [-2.81143353e-08],
       [ 6.21003897e-10]]), 2.1050365217651734), (2.049231291146937e-05, array([[-2.80826485e-08],
       [-2.57192789e-08],
       [ 1.05897689e-09]]), 2.1594261291456855), (2.0108739860357832e-05, array([[ 3.04699746e-08],
       [-2.93441245e-08],
       [-1.19559138e-10]]), 2.1190062081448313), (2.090998293668203e-05, array([[ 7.97579322e-08],
       [ 1.77063811e-08],
       [-2.23013119e-09]]), 2.128354320663241), (2.1259638418173782e-05, array([[ 1.28927219e-07],
       [-5.82993573e-09],
       [-1.06781866e-10]]), 2.1008160022954265), (2.1563193359958904e-05, array([[ 1.57739488e-07],
       [-9.68060900e-09],
       [-3.94343778e-09]]), 2.0785448158161555), (2.19521222258214e-05, array([[ 1.99308306e-07],
       [-1.79699486e-08],
       [ 1.63927852e-10]]), 2.0735219421979814), (2.2237442629950034e-05, array([[2.24424966e-07],
       [3.11365440e-08],
       [6.72398883e-09]]), 2.0672633637650764), (2.2450571048774375e-05, array([[ 2.41700497e-07],
       [-2.03299660e-08],
       [-9.12478381e-09]]), 2.06276963070517), (2.2479853507385586e-05, array([[2.48151670e-07],
       [1.43807148e-08],
       [2.87041050e-09]]), 2.049840933140277), (2.245451581496001e-05, array([[ 2.51673771e-07],
       [-2.41645743e-09],
       [-5.94396200e-10]]), 2.040317084303507), (2.221620481952953e-05, array([[ 2.13926318e-07],
       [-1.38455986e-08],
       [-4.80552173e-09]]), 2.019680329931144), (2.2181841755913358e-05, array([[ 2.17484009e-07],
       [-5.68183507e-09],
       [-6.92896789e-09]]), 2.0257340969171738), (2.190828945427749e-05, array([[1.95247395e-07],
       [7.86384903e-09],
       [3.39729466e-09]]), 2.0180628155432108), (2.142625439006463e-05, array([[ 1.31754397e-07],
       [-1.59963188e-08],
       [-1.69951170e-10]]), 1.999005358567048), (2.1167164401459442e-05, array([[ 6.74499384e-08],
       [-3.43553047e-09],
       [-1.03541357e-09]]), 2.0087163789279954), (2.079875622988866e-05, array([[2.12317021e-08],
       [7.27422072e-09],
       [2.18689096e-09]]), 2.0164726695441573), (2.0206125102046933e-05, array([[-6.12344399e-08],
       [-5.50509585e-09],
       [-1.78342445e-09]]), 2.010627638753523), (1.9745085690578878e-05, array([[-1.25432383e-07],
       [ 4.30620071e-09],
       [-1.33253757e-09]]), 2.026294694408339), (1.896292977024974e-05, array([[-1.97801030e-07],
       [-1.01418059e-09],
       [ 5.65703036e-11]]), 2.0173413139249106), (1.844105009181068e-05, array([[-2.77777620e-07],
       [ 3.15719375e-09],
       [-9.63517911e-10]]), 2.044996844483581), (1.7731158165804703e-05, array([[-3.44443068e-07],
       [ 1.68031605e-08],
       [-3.01787331e-10]]), 2.061999291979272), (1.7167656890869214e-05, array([[-4.13642538e-07],
       [-3.74763221e-09],
       [ 6.60789722e-10]]), 2.107557944605552), (1.636434105400513e-05, array([[-4.86891474e-07],
       [-3.67200274e-09],
       [-4.71134673e-10]]), 2.1364197640189695), (1.5376512952091027e-05, array([[-5.43087905e-07],
       [-4.08950734e-09],
       [-5.06896626e-10]]), 2.1527274402015633), (1.4465228245866526e-05, array([[-5.74105342e-07],
       [-9.78543415e-10],
       [-1.44655909e-10]]), 2.1926494225335302), (1.3575511756313812e-05, array([[-6.16848247e-07],
       [ 1.11705607e-09],
       [ 7.54549526e-10]]), 2.253574015840177), (1.4188410056321073e-05, array([[-6.14531313e-07],
       [-2.71863386e-09],
       [ 6.73135370e-11]]), 2.2470591363305705), (1.5103999621735384e-05, array([[-5.51205705e-07],
       [-7.13326416e-10],
       [ 7.14640642e-11]]), 2.1974452657212473), (1.602573295902199e-05, array([[-5.46250806e-07],
       [ 1.20837257e-08],
       [-1.16246136e-09]]), 2.164182485215612), (1.6662615961243935e-05, array([[-4.54646063e-07],
       [-4.10543453e-10],
       [ 2.15546436e-09]]), 2.107401612748536), (1.7383434860058698e-05, array([[-3.86250898e-07],
       [ 5.60534895e-09],
       [-1.81527034e-09]]), 2.075236903841955), (1.7971571296986705e-05, array([[-2.99264968e-07],
       [ 3.94933660e-09],
       [-3.23587738e-09]]), 2.039266060191718), (1.862948891206982e-05, array([[-2.44626957e-07],
       [-1.88956815e-09],
       [ 1.98187557e-09]]), 2.02199052516968), (1.93047494143664e-05, array([[-1.72316247e-07],
       [ 7.08546863e-09],
       [ 2.31583398e-09]]), 2.0157372255666153), (1.992943457627583e-05, array([[-9.71852466e-08],
       [ 2.46703168e-08],
       [-2.67500756e-09]]), 2.0126614593184393), (2.0376599609008996e-05, array([[-4.61589506e-08],
       [-7.00118554e-09],
       [-8.39175618e-10]]), 2.000221500449965), (2.083009740889537e-05, array([[ 5.07812457e-08],
       [ 9.00616106e-11],
       [-2.10131451e-09]]), 1.9968855087118569), (2.1407468414472625e-05, array([[ 1.16006966e-07],
       [-4.77625987e-09],
       [ 2.10381206e-10]]), 2.0132268631457495), (2.169639735483627e-05, array([[ 1.41982183e-07],
       [-8.13207529e-09],
       [ 4.34992727e-09]]), 2.0102822563617204), (2.2036662441200856e-05, array([[ 1.94333934e-07],
       [ 6.35071979e-09],
       [-6.00269025e-10]]), 2.0201267014409803), (2.236399447669174e-05, array([[ 2.46410641e-07],
       [ 1.19045352e-08],
       [-3.99548054e-09]]), 2.0367060493322247), (2.23159421293229e-05, array([[ 2.42646484e-07],
       [ 3.52859265e-08],
       [-2.32684639e-09]]), 2.0272153078983957), (2.2329275415785067e-05, array([[ 2.57615929e-07],
       [-3.64115391e-08],
       [ 1.24205586e-09]]), 2.0314941603231547), (2.2179101525377486e-05, array([[2.45837141e-07],
       [3.52735586e-09],
       [1.37417747e-09]]), 2.0290704567013846), (2.2401449537454212e-05, array([[2.27543692e-07],
       [2.69218546e-08],
       [2.66382790e-10]]), 2.069269799905998), (2.2280881228441455e-05, array([[ 2.05893756e-07],
       [ 2.49726093e-08],
       [-1.24929290e-09]]), 2.086754783749984), (2.184372637107215e-05, array([[ 1.80796527e-07],
       [ 3.94104968e-09],
       [-5.80365386e-10]]), 2.0831708152884647), (2.1621834211326006e-05, array([[ 1.54388073e-07],
       [ 2.14824197e-09],
       [-1.32739820e-09]]), 2.109014548395471), (2.1074907080297513e-05, array([[ 1.05956712e-07],
       [ 4.22303500e-08],
       [-1.75516385e-09]]), 2.1123242129082653), (2.0531496130277195e-05, array([[5.11471767e-08],
       [2.25460722e-08],
       [4.19791751e-11]]), 2.124982973736315), (1.9944879963048447e-05, array([[ 2.48213692e-09],
       [-1.22810703e-08],
       [-1.25278726e-09]]), 2.1427921402887264)]