[(2.0212603237497967e-05, array([[ 1.54186792e-09],
       [-2.36630790e-08],
       [ 4.38905460e-10]]), 2.1715551776860758), (2.0620825601573545e-05, array([[-5.53413213e-08],
       [-3.20105816e-08],
       [-1.90487049e-09]]), 2.1342284570831276), (2.132253948034942e-05, array([[-1.11280317e-07],
       [-1.68147157e-09],
       [ 1.40021788e-09]]), 2.1371442471099455), (2.1636094530155548e-05, array([[-1.50310130e-07],
       [-3.53334205e-09],
       [-9.22368611e-10]]), 2.1104055136383955), (2.190233468463905e-05, array([[-1.88870015e-07],
       [ 8.89312198e-09],
       [ 6.62195444e-10]]), 2.0887601147642876), (2.232412811834941e-05, array([[-2.12588606e-07],
       [ 2.92577858e-08],
       [ 7.42803017e-10]]), 2.0908051466361046), (2.235750820495437e-05, array([[-2.46211363e-07],
       [-2.05666134e-08],
       [-4.94856073e-09]]), 2.065210845053209), (2.2397100052233658e-05, array([[-2.39297704e-07],
       [ 1.94784216e-08],
       [ 2.23302298e-09]]), 2.0490142028419647), (2.2588631250689542e-05, array([[-2.47181202e-07],
       [ 3.05278151e-09],
       [ 2.38586301e-09]]), 2.0550900833543917), (2.23323466907713e-05, array([[-2.44363369e-07],
       [ 2.60798527e-08],
       [ 5.43142867e-09]]), 2.028705524080839), (2.224861741515958e-05, array([[-2.17443981e-07],
       [-1.42652710e-08],
       [-3.61820361e-09]]), 2.026198572261362), (2.208746003139921e-05, array([[-1.95439656e-07],
       [-1.50462217e-08],
       [-1.76435009e-09]]), 2.024783376134908), (2.167069686119788e-05, array([[-1.57771043e-07],
       [-1.72718243e-08],
       [-3.14232540e-09]]), 2.0079009740918554), (2.118962722355123e-05, array([[-9.86550431e-08],
       [ 1.19202271e-08],
       [ 1.70132164e-09]]), 1.9927403801589927), (2.08554146393265e-05, array([[-2.12023165e-08],
       [-1.76260852e-08],
       [ 3.08488426e-09]]), 1.9993125549985946), (2.0500964509177445e-05, array([[ 1.40588143e-08],
       [-4.52442451e-10],
       [-2.30034212e-09]]), 2.012429491576622), (1.9767117570018807e-05, array([[ 8.25655390e-08],
       [-2.58691384e-08],
       [-3.38256491e-09]]), 1.9962691637199301), (1.9259864766019243e-05, array([[ 1.67735593e-07],
       [ 1.49974329e-08],
       [-2.55102921e-09]]), 2.0110505210366667), (1.8715534729711685e-05, array([[ 2.48602529e-07],
       [-5.35865440e-09],
       [ 8.29615438e-10]]), 2.031329687871542), (1.789221412122832e-05, array([[ 3.08173156e-07],
       [-7.79656769e-09],
       [-6.69850388e-11]]), 2.0302612607513986), (1.713600824312502e-05, array([[ 3.66446847e-07],
       [-9.59519679e-10],
       [ 4.46444970e-10]]), 2.0456990794368752), (1.66045937435626e-05, array([[ 4.61044182e-07],
       [ 7.17556513e-09],
       [-1.98550107e-10]]), 2.100063262311768), (1.5802580538615568e-05, array([[5.11252681e-07],
       [2.26281052e-09],
       [1.70662301e-09]]), 2.1340470423617974), (1.5005463419368148e-05, array([[5.50807647e-07],
       [8.66191775e-09],
       [4.27013600e-10]]), 2.1831094661438644), (1.3933396301133112e-05, array([[ 6.03245394e-07],
       [-1.41096679e-08],
       [ 3.00701699e-10]]), 2.2066718775601792), (1.3780982370518342e-05, array([[ 6.41308378e-07],
       [-1.48840132e-08],
       [-1.35332567e-10]]), 2.2876827290512796), (1.4491825582598467e-05, array([[ 5.75645465e-07],
       [ 1.09698801e-09],
       [-2.82395578e-10]]), 2.1966810654523274), (1.5450728971940187e-05, array([[ 5.24006409e-07],
       [-4.29961790e-09],
       [-7.46783782e-10]]), 2.163117758405022), (1.6238192737957297e-05, array([[4.50082242e-07],
       [9.82941914e-09],
       [6.10085804e-10]]), 2.1199506770748093), (1.7014100854892824e-05, array([[ 4.01498731e-07],
       [ 4.52682167e-09],
       [-1.82415391e-09]]), 2.0887069012965314), (1.775744864593302e-05, array([[3.15204945e-07],
       [4.17792190e-09],
       [3.28683548e-09]]), 2.065056675535578), (1.8192362599796805e-05, array([[ 2.57845255e-07],
       [-1.08088671e-09],
       [ 5.02623379e-10]]), 2.01741896069177), (1.920300741573945e-05, array([[ 2.18215885e-07],
       [ 1.64260209e-09],
       [-1.81130796e-09]]), 2.0428815948131525), (1.947311804729353e-05, array([[ 1.36694650e-07],
       [-7.82121060e-09],
       [ 7.44255365e-10]]), 1.9983846310500022), (2.0137345653754487e-05, array([[ 6.79376176e-08],
       [-1.04016152e-08],
       [-2.91064145e-09]]), 2.003783681338798), (2.075396411369808e-05, array([[-2.55890635e-08],
       [ 9.93281657e-09],
       [ 2.31900005e-09]]), 2.0121300022658333), (2.1159360358515253e-05, array([[-7.52918265e-08],
       [-1.25540302e-08],
       [ 2.61520411e-10]]), 2.0079757927735864), (2.1546740023652268e-05, array([[-1.37506395e-07],
       [-7.56931173e-10],
       [ 6.61303554e-09]]), 2.010246307301594), (2.1782751063677945e-05, array([[-1.75975024e-07],
       [-7.39472049e-09],
       [ 5.36528281e-09]]), 2.0064989570995473), (2.2130237520208186e-05, array([[-2.33659130e-07],
       [-1.04219437e-08],
       [ 2.26531772e-09]]), 2.0210213926717984), (2.2439911618018324e-05, array([[-2.40629671e-07],
       [ 1.52224041e-08],
       [-5.50268755e-10]]), 2.040017566837716), (2.247938550925978e-05, array([[-2.52575319e-07],
       [-2.59061186e-08],
       [ 5.23662484e-09]]), 2.0425768552368635), (2.2352248845281094e-05, array([[-2.51374704e-07],
       [-1.08054583e-08],
       [ 4.10338159e-09]]), 2.0382052140927587), (2.2262873081666342e-05, array([[-2.23910790e-07],
       [-8.98674841e-09],
       [-6.99620958e-10]]), 2.0455238481611815), (2.2284501495774977e-05, array([[-2.23838532e-07],
       [-5.93163433e-09],
       [-1.15420165e-09]]), 2.071638105540877), (2.193650664746797e-05, array([[-2.07930814e-07],
       [ 2.04099355e-09],
       [ 3.89867832e-10]]), 2.0720469483899633), (2.174831454752687e-05, array([[-1.67861528e-07],
       [ 1.24110560e-08],
       [ 9.17349092e-10]]), 2.0963892360879517), (2.1155001706824813e-05, array([[-1.21589283e-07],
       [-6.75170503e-09],
       [-9.75065843e-10]]), 2.0904761050071663), (2.098688905552669e-05, array([[-8.09624655e-08],
       [ 3.16444609e-09],
       [-1.57665171e-09]]), 2.136182326588646), (1.998152682501451e-05, array([[-2.83553005e-08],
       [ 2.06282316e-08],
       [-1.94956663e-09]]), 2.1056008324961626), (2.0451635027414707e-05, array([[2.76555616e-08],
       [1.40941806e-08],
       [1.34577666e-09]]), 2.155139600529542), (2.0710234588194597e-05, array([[ 7.47831906e-08],
       [-7.09030520e-09],
       [-2.10058302e-09]]), 2.108022632118304), (2.1463147543656133e-05, array([[ 1.27381183e-07],
       [-1.86392003e-08],
       [-8.90486524e-10]]), 2.1209261856869275), (2.1689426195354435e-05, array([[ 1.69719738e-07],
       [-1.71888746e-09],
       [-4.42594566e-10]]), 2.0907128004563322), (2.187541264963554e-05, array([[ 1.92686071e-07],
       [-1.96102997e-08],
       [-2.28520561e-09]]), 2.0662762195401974), (2.223205035014374e-05, array([[2.39317582e-07],
       [3.32709733e-08],
       [1.21294540e-09]]), 2.0667620802912423), (2.2251935040547466e-05, array([[ 2.35737210e-07],
       [ 1.03728719e-08],
       [-4.19601644e-10]]), 2.0445188555046285), (2.2582472626144864e-05, array([[ 2.54798885e-07],
       [-1.83478394e-08],
       [ 2.01882222e-09]]), 2.0591983282000994), (2.250711091409081e-05, array([[ 2.52759909e-07],
       [-1.46860959e-08],
       [-6.53314045e-10]]), 2.04509610871853), (2.224070896429038e-05, array([[ 2.26727108e-07],
       [-1.35598941e-08],
       [-4.94452442e-09]]), 2.0219080074114926), (2.2189504733744804e-05, array([[ 2.15573307e-07],
       [-1.69664841e-08],
       [-3.80609549e-09]]), 2.0264339105596965), (2.1926920546106424e-05, array([[ 1.78165400e-07],
       [-1.16306853e-08],
       [ 2.37996006e-09]]), 2.0197790021816706), (2.1419177108680016e-05, array([[ 1.31075527e-07],
       [-7.68256444e-09],
       [ 6.15342106e-10]]), 1.998345069411773), (2.1123968103353028e-05, array([[9.69233659e-08],
       [2.41288649e-08],
       [3.30164413e-09]]), 2.0046171472184606), (2.09096457944456e-05, array([[-7.49539612e-10],
       [ 1.76566134e-08],
       [ 1.32734262e-08]]), 2.027223590118215), (2.034344162629396e-05, array([[-3.60900272e-08],
       [-4.49977461e-09],
       [ 3.81129023e-09]]), 2.0242914361176534), (1.9653269904088076e-05, array([[-1.33680004e-07],
       [ 4.67264552e-09],
       [-7.84413346e-10]]), 2.0168723072916297), (1.9162661412184418e-05, array([[-2.02079743e-07],
       [-1.00965350e-08],
       [-1.25141895e-09]]), 2.038589448989199), (1.8172168109596466e-05, array([[-2.45046457e-07],
       [-1.37046030e-08],
       [-6.90294636e-10]]), 2.0151795183319243), (1.7783976897550913e-05, array([[-3.33675226e-07],
       [ 1.20622331e-09],
       [-1.43488009e-09]]), 2.0681417101138058), (1.700030958878949e-05, array([[-4.02127020e-07],
       [ 6.12014992e-09],
       [-6.98282878e-10]]), 2.08701384017427), (1.6260729129016143e-05, array([[-4.68713372e-07],
       [ 1.70857122e-09],
       [ 1.41657393e-09]]), 2.1228928787258794), (1.5537207786728244e-05, array([[-5.18673938e-07],
       [-9.75175741e-09],
       [-1.31414681e-09]]), 2.1752248803624123), (1.4707703660336118e-05, array([[-5.91739502e-07],
       [-1.13838471e-08],
       [-5.97019434e-10]]), 2.229404015580982), (1.3889237478592962e-05, array([[-6.49008206e-07],
       [ 7.16066824e-09],
       [ 2.19176427e-10]]), 2.305653388501776), (1.404125292709095e-05, array([[-6.05979249e-07],
       [ 1.47902865e-08],
       [ 7.24845677e-10]]), 2.2237534403152925), (1.4955697909815456e-05, array([[-5.45428593e-07],
       [ 3.27440907e-09],
       [ 1.28158932e-10]]), 2.1758691995852395), (1.5805394096501925e-05, array([[-5.03673163e-07],
       [-9.06612027e-09],
       [ 8.14572479e-10]]), 2.1344269970705407), (1.664431152732341e-05, array([[-4.51638819e-07],
       [ 5.87485315e-09],
       [-1.18873535e-09]]), 2.1050865624794617), (1.7199125434177824e-05, array([[-3.66152681e-07],
       [ 7.83433370e-09],
       [-3.99391615e-10]]), 2.0532340186013203), (1.799030760680606e-05, array([[-3.19802310e-07],
       [-2.46879945e-09],
       [-2.20194484e-09]]), 2.0413921024879893), (1.8618658661057645e-05, array([[-2.46270418e-07],
       [-3.06647946e-09],
       [-5.42008413e-10]]), 2.0208150412347643), (1.9423675211258945e-05, array([[-1.71189879e-07],
       [ 1.71324736e-08],
       [ 1.33582167e-09]]), 2.0281550586464934), (2.005803737297767e-05, array([[-9.75984788e-08],
       [-1.19715119e-08],
       [ 3.16148677e-09]]), 2.0256489774284856), (2.035439048291368e-05, array([[ 4.26405193e-09],
       [ 1.80354921e-08],
       [-2.61415746e-09]]), 1.9980413932498204), (2.113524966731758e-05, array([[ 1.96445624e-08],
       [ 7.79224779e-09],
       [-6.46639735e-10]]), 2.026139050393989), (2.1244241258869147e-05, array([[ 9.46878046e-08],
       [-1.78897762e-08],
       [ 6.91196334e-09]]), 1.9978764588805897), (2.1698666592970564e-05, array([[1.47582305e-07],
       [2.77912349e-08],
       [3.87377293e-11]]), 2.010492512888747), (2.217068877639957e-05, array([[ 1.77569056e-07],
       [-1.28521109e-08],
       [ 5.06691019e-09]]), 2.032413052840773), (2.2448538003696947e-05, array([[ 2.15723096e-07],
       [ 1.23970453e-08],
       [-1.47251909e-09]]), 2.044405492875857), (2.24006682534573e-05, array([[ 2.52474439e-07],
       [-2.75108136e-08],
       [ 9.77856816e-09]]), 2.034911962372081), (2.2416116345054745e-05, array([[ 2.45935313e-07],
       [-3.29817165e-09],
       [ 4.49748206e-09]]), 2.039394857385795), (2.2515403763295104e-05, array([[2.56213715e-07],
       [2.54525036e-09],
       [1.20006361e-09]]), 2.0598372997450674), (2.2394627225675562e-05, array([[ 2.42597318e-07],
       [ 3.12369432e-08],
       [-2.86200291e-09]]), 2.0686396083772984), (2.1980310188604704e-05, array([[ 2.10368023e-07],
       [-5.53204066e-09],
       [ 1.33073288e-09]]), 2.058604278893138), (2.2067724083285868e-05, array([[ 1.87985238e-07],
       [-2.04684849e-08],
       [ 2.03862457e-09]]), 2.104532806775089), (2.1455731428636527e-05, array([[ 1.55159976e-07],
       [ 8.37839614e-09],
       [-1.48352331e-09]]), 2.0928127228797804), (2.1186750942112658e-05, array([[ 1.09012755e-07],
       [-2.26356034e-08],
       [ 1.48312524e-09]]), 2.1235342503464922), (2.0669037318517717e-05, array([[4.63325156e-08],
       [1.01702489e-08],
       [9.07862527e-10]]), 2.1392183066776664), (2.0076566363206905e-05, array([[3.30873830e-09],
       [5.56903214e-09],
       [4.32904012e-10]]), 2.156939960870512)]