[(1.984842738324605e-05, array([[-5.78510438e-09],
       [ 2.23371886e-08],
       [-1.52636888e-10]]), 2.1324296898606443), (2.0817838472228057e-05, array([[-5.67653553e-08],
       [ 7.47398987e-10],
       [-2.28035363e-09]]), 2.15461903130584), (2.1072405743830184e-05, array([[-9.87316186e-08],
       [-1.06046971e-09],
       [ 2.23162936e-09]]), 2.112073505582987), (2.16612753838149e-05, array([[-1.47980991e-07],
       [-1.57092108e-08],
       [-2.14360482e-09]]), 2.1128616783739838), (2.2163328054851877e-05, array([[-1.86624457e-07],
       [ 6.14995515e-09],
       [-2.01172635e-09]]), 2.1136502714424616), (2.2120724378390667e-05, array([[-2.05241265e-07],
       [ 1.45051292e-08],
       [ 2.02445331e-09]]), 2.071755014684872), (2.2260735827992837e-05, array([[-2.39214295e-07],
       [-2.76358925e-09],
       [ 1.21617104e-09]]), 2.0562717736428167), (2.238034476905822e-05, array([[-2.47503165e-07],
       [ 1.34798777e-09],
       [-1.93661684e-09]]), 2.047481334161687), (2.2495383022671445e-05, array([[-2.49617686e-07],
       [ 1.23650424e-08],
       [ 1.91647046e-09]]), 2.0466064569423437), (2.226210219745773e-05, array([[-2.44597587e-07],
       [-5.92032770e-09],
       [-4.46297483e-09]]), 2.0223244037447303), (2.222693159545391e-05, array([[-2.22376667e-07],
       [ 2.00851032e-08],
       [ 5.82598822e-09]]), 2.0242236281061357), (2.192913454377859e-05, array([[-1.93797962e-07],
       [-2.04140488e-08],
       [-1.08869868e-09]]), 2.010269492922581), (2.189016484596203e-05, array([[-1.62912365e-07],
       [ 1.19723931e-08],
       [-1.30249377e-10]]), 2.028235806110061), (2.121909476183354e-05, array([[-1.07768528e-07],
       [ 5.77885532e-09],
       [-4.22688729e-09]]), 1.9955116017958594), (2.1132836827860625e-05, array([[-3.20881791e-08],
       [-1.31902269e-09],
       [ 4.15912442e-09]]), 2.0259077425872203), (2.0345042232874698e-05, array([[ 2.18408218e-08],
       [-2.76113328e-09],
       [ 1.38353572e-09]]), 1.9971237440306988), (1.9924456152170463e-05, array([[ 1.07851471e-07],
       [-7.13925270e-10],
       [-2.57613449e-09]]), 2.012158691300277), (1.91859856381371e-05, array([[ 1.57070917e-07],
       [-6.69962499e-09],
       [ 1.99470308e-09]]), 2.00333631014131), (1.873685482860761e-05, array([[ 2.53038932e-07],
       [ 1.61024923e-09],
       [-1.89997428e-09]]), 2.033643709376195), (1.8043854504595202e-05, array([[ 3.19345954e-07],
       [-1.80989942e-08],
       [ 1.92021750e-09]]), 2.0474681639233205), (1.7181601684448498e-05, array([[3.80358604e-07],
       [2.56154356e-09],
       [2.00371049e-09]]), 2.0511420308886064), (1.6663779782351933e-05, array([[ 4.41669983e-07],
       [-2.06815475e-09],
       [-1.01650701e-10]]), 2.107548806831725), (1.5779119153079207e-05, array([[ 5.25199689e-07],
       [ 4.26047184e-09],
       [-4.55158877e-10]]), 2.130878718030766), (1.4997518865656231e-05, array([[ 5.71965197e-07],
       [-4.19914334e-09],
       [ 1.18963043e-09]]), 2.1819536317702064), (1.4127998609162054e-05, array([[ 6.23698928e-07],
       [ 9.51191512e-09],
       [-1.38116313e-11]]), 2.2374916024251674), (1.3651419595114274e-05, array([[ 6.18833000e-07],
       [-3.38196482e-09],
       [-4.66350854e-10]]), 2.266174935510093), (1.4501934504319392e-05, array([[5.75989925e-07],
       [3.75486603e-09],
       [1.23310747e-10]]), 2.1982133828825865), (1.5210887333019285e-05, array([[5.22766073e-07],
       [3.14633334e-09],
       [1.95223235e-09]]), 2.129539685208802), (1.621233107899435e-05, array([[4.69435718e-07],
       [8.48492880e-11],
       [1.40666137e-09]]), 2.1165743505147345), (1.682661918612758e-05, array([[ 3.98882547e-07],
       [-3.27575602e-09],
       [-1.60955550e-10]]), 2.0656910358825247), (1.7762063354405188e-05, array([[ 3.46412640e-07],
       [-1.03204768e-08],
       [-6.51756151e-10]]), 2.065593331151264), (1.837839893085162e-05, array([[ 2.47922176e-07],
       [-8.21312024e-09],
       [ 1.25190653e-09]]), 2.038049223506106), (1.9211247689824783e-05, array([[ 1.87743216e-07],
       [ 8.21791829e-10],
       [-3.12951771e-09]]), 2.043758223348501), (1.964341455011617e-05, array([[ 1.35783430e-07],
       [-1.56870588e-08],
       [-4.03686765e-09]]), 2.0158609239136216), (2.0302039633176298e-05, array([[ 6.60018328e-08],
       [-8.20992092e-09],
       [ 1.48196776e-09]]), 2.020171695630972), (2.06079505870652e-05, array([[-7.21831763e-09],
       [-8.66664648e-10],
       [-4.64770012e-09]]), 1.9979737574123142), (2.1056019035146414e-05, array([[-5.93783884e-08],
       [ 1.09338272e-08],
       [ 5.43553356e-09]]), 1.9981689331992933), (2.15456745050234e-05, array([[-1.36000164e-07],
       [-8.11896477e-09],
       [ 2.70675413e-10]]), 2.010146897604968), (2.1786638539117677e-05, array([[-1.75745268e-07],
       [ 2.16920053e-09],
       [ 1.39655324e-09]]), 2.0068570484807857), (2.2389249880875644e-05, array([[-1.99904502e-07],
       [ 9.45636115e-09],
       [-3.80095442e-09]]), 2.0446754325978205), (2.220658157448301e-05, array([[-2.37950178e-07],
       [-4.47880998e-09],
       [ 4.78716345e-09]]), 2.0188054784932667), (2.2568391361146078e-05, array([[-2.58887246e-07],
       [ 2.94035658e-08],
       [-7.48978944e-09]]), 2.050664322439591), (2.266184061822098e-05, array([[-2.37787843e-07],
       [-1.18872652e-09],
       [-1.59223427e-09]]), 2.066435553250759), (2.233790143943769e-05, array([[-2.42591905e-07],
       [-4.39937024e-09],
       [ 1.11298623e-09]]), 2.052417490978381), (2.2362589012702325e-05, array([[-2.31333378e-07],
       [ 3.13559631e-09],
       [-1.38517078e-09]]), 2.078897369368898), (2.1845938274311506e-05, array([[-1.93441915e-07],
       [ 1.08691782e-08],
       [-3.56849781e-09]]), 2.0634921714496177), (2.1676680525076863e-05, array([[-1.78015811e-07],
       [ 1.65362811e-09],
       [-1.23282947e-09]]), 2.0894842047452373), (2.1405580304800377e-05, array([[-1.30328847e-07],
       [-2.81463696e-09],
       [ 1.41951898e-09]]), 2.115237557582475), (2.086333934389331e-05, array([[-8.13847646e-08],
       [ 4.98556158e-10],
       [-1.54191730e-10]]), 2.1236066318418896), (2.0013400395633074e-05, array([[-1.79805026e-08],
       [ 1.48349038e-08],
       [-6.11755280e-10]]), 2.1089595856793806), (2.0202829824854096e-05, array([[2.63298452e-08],
       [9.14868405e-10],
       [9.50596213e-10]]), 2.1289211615569426), (2.051952338547529e-05, array([[ 7.62593234e-08],
       [-1.58050616e-08],
       [-5.03396729e-10]]), 2.0886108031591104), (2.1260179301218166e-05, array([[ 1.15842761e-07],
       [-1.16041575e-08],
       [-8.76836547e-10]]), 2.100869450794063), (2.1682425187236002e-05, array([[ 1.71662480e-07],
       [-5.84248268e-09],
       [-3.06562319e-09]]), 2.0900379510086124), (2.2227507703217218e-05, array([[ 2.01171687e-07],
       [ 5.57775196e-09],
       [-2.44212546e-09]]), 2.099533906966984), (2.2148178711535877e-05, array([[ 2.35530491e-07],
       [ 8.42634414e-09],
       [-7.35433061e-10]]), 2.058965106123023), (2.2629148599195774e-05, array([[ 2.44428673e-07],
       [-8.30034410e-09],
       [ 2.21461735e-10]]), 2.0791774248291905), (2.25498738057749e-05, array([[ 2.55120694e-07],
       [-4.54072696e-09],
       [ 2.76353897e-09]]), 2.0562257823005243), (2.2505124268489347e-05, array([[ 2.43577554e-07],
       [-1.09300305e-09],
       [-2.00289949e-09]]), 2.0449155932714578), (2.2573469034606654e-05, array([[2.48700730e-07],
       [5.17469436e-09],
       [8.71779570e-09]]), 2.0521593025387994), (2.227920600601568e-05, array([[ 2.04037975e-07],
       [-1.25936771e-08],
       [-2.23019603e-09]]), 2.03462578785174), (2.1889171997929506e-05, array([[1.69882156e-07],
       [8.81909029e-09],
       [4.20965614e-10]]), 2.0163018278648184), (2.1360380359835522e-05, array([[ 1.32474401e-07],
       [-1.63660808e-08],
       [-4.72919347e-09]]), 1.992859508852902), (2.1052093399190425e-05, array([[ 9.71627639e-08],
       [-6.03958913e-10],
       [ 1.80838571e-09]]), 1.9977963991605834), (2.069131905458087e-05, array([[1.49622868e-08],
       [1.00033746e-08],
       [1.21785182e-10]]), 2.0060564636274854), (2.0119061960648094e-05, array([[-6.97367274e-08],
       [-7.47894053e-09],
       [ 2.69145641e-09]]), 2.001964346928438), (1.9677340716812153e-05, array([[-1.20464836e-07],
       [ 4.30937036e-09],
       [ 1.02866081e-09]]), 2.0193425199246477), (1.9092640025588662e-05, array([[-1.74912419e-07],
       [ 4.95787923e-09],
       [-2.86913167e-09]]), 2.0311403344404786), (1.8537245381297345e-05, array([[-2.75684415e-07],
       [ 1.00497611e-08],
       [-1.88557027e-09]]), 2.0556642990197935), (1.767044199914634e-05, array([[-3.30739835e-07],
       [ 7.25645990e-10],
       [ 4.98264592e-10]]), 2.0549384620272453), (1.699472976117254e-05, array([[-4.24747121e-07],
       [-9.04895599e-09],
       [ 1.02267013e-09]]), 2.086328842209878), (1.6246255459227604e-05, array([[-4.62943218e-07],
       [-8.47185924e-09],
       [ 1.96617913e-10]]), 2.121003292454604), (1.52674727389622e-05, array([[-5.37374925e-07],
       [ 1.43694898e-08],
       [ 1.04931133e-09]]), 2.13746169954767), (1.4630776638173562e-05, array([[-5.95756870e-07],
       [ 7.63798349e-10],
       [ 4.67359131e-10]]), 2.2177433637160417), (1.3534442450336564e-05, array([[-6.32137783e-07],
       [ 6.62609022e-09],
       [-2.11925057e-10]]), 2.246756392868736), (1.4201874016686279e-05, array([[-6.22824461e-07],
       [ 4.77947956e-09],
       [ 1.65484225e-10]]), 2.2491914622944895), (1.5187152683969352e-05, array([[-5.74829698e-07],
       [-6.45008444e-09],
       [-1.56309095e-12]]), 2.209543008538541), (1.5806378028350492e-05, array([[-5.21049687e-07],
       [ 9.99507958e-09],
       [-1.39296909e-09]]), 2.1345598713720633), (1.6448460738557616e-05, array([[-4.42837916e-07],
       [ 4.50227185e-09],
       [ 9.77129153e-10]]), 2.080316366187169), (1.7192673103167876e-05, array([[-3.86927827e-07],
       [-6.99715684e-09],
       [-1.05948727e-09]]), 2.0524637384158773), (1.8140043905021057e-05, array([[-3.01006648e-07],
       [-1.00409660e-08],
       [ 2.30050837e-09]]), 2.058382945741622), (1.8617059311122774e-05, array([[-2.47745909e-07],
       [ 1.28617752e-08],
       [ 5.32551486e-10]]), 2.020641452446043), (1.943709306656882e-05, array([[-1.72211652e-07],
       [-2.69441495e-09],
       [-5.60455671e-10]]), 2.02955610612216), (1.9971168583832125e-05, array([[-1.02897229e-07],
       [-4.75281895e-09],
       [ 3.83967735e-10]]), 2.0168761513223683), (2.0511162362663015e-05, array([[-3.08096181e-08],
       [-1.42949086e-09],
       [ 1.67891908e-09]]), 2.0134305401417256), (2.1083385709195843e-05, array([[ 3.82048555e-08],
       [-8.40896399e-09],
       [-7.04113600e-09]]), 2.0211670915805127), (2.147751283847319e-05, array([[1.00305918e-07],
       [9.24080834e-10],
       [2.52173041e-10]]), 2.019814065017605), (2.17173270876888e-05, array([[ 1.36522139e-07],
       [-8.26431399e-09],
       [-9.32556553e-10]]), 2.0122215032281803), (2.203376499105546e-05, array([[ 1.71537972e-07],
       [-2.28267757e-08],
       [ 3.91171621e-09]]), 2.019861088786595), (2.2156927887461323e-05, array([[ 2.16748606e-07],
       [ 2.13800711e-10],
       [-4.43009071e-09]]), 2.017848336979464), (2.2508467669586405e-05, array([[ 2.31114402e-07],
       [-9.13958151e-09],
       [ 9.92905363e-10]]), 2.044704631007491), (2.2619822689976576e-05, array([[ 2.40240293e-07],
       [ 1.01697520e-08],
       [-7.37327043e-10]]), 2.0579278479295424), (2.2559544674299087e-05, array([[2.36097236e-07],
       [1.64498309e-08],
       [3.43093336e-11]]), 2.0638755615451494), (2.2512317686372682e-05, array([[ 2.34026710e-07],
       [ 2.00746977e-09],
       [-1.93223828e-09]]), 2.0795109279162594), (2.2209376284461073e-05, array([[ 2.1545813e-07],
       [ 1.6188850e-08],
       [-1.5342108e-09]]), 2.0800578635347113), (2.2005676013882775e-05, array([[ 1.85527779e-07],
       [-8.78369898e-09],
       [-1.75746124e-09]]), 2.098615468078854), (2.17040949559763e-05, array([[1.46399775e-07],
       [1.28890769e-08],
       [2.42299464e-09]]), 2.1170383407127034), (2.1075463351883755e-05, array([[1.10703334e-07],
       [3.29920770e-09],
       [2.10090682e-09]]), 2.112379967647116), (2.0658338240684137e-05, array([[ 5.15139259e-08],
       [-4.84315690e-09],
       [ 8.72896529e-10]]), 2.1381109661269937), (2.004954641111055e-05, array([[-2.91365081e-09],
       [ 2.54941333e-09],
       [-3.13039334e-10]]), 2.1540370534030155)]