[(2.009039604846846e-05, Vec([[-4.63509494e-09],
     [-1.32086106e-08],
     [ 3.15996157e-10]]), 2.158425762787396), (2.0838378366299507e-05, Vec([[-8.17362044e-08],
     [ 1.63982272e-08],
     [-1.10200286e-09]]), 2.156744883455494), (2.1300454648383678e-05, Vec([[-1.58380799e-07],
     [-9.95444264e-09],
     [-2.39493482e-10]]), 2.134930698783421), (2.1588177448489764e-05, Vec([[-2.27589401e-07],
     [-2.22367721e-09],
     [ 2.06713672e-10]]), 2.1057316353095694), (2.188309703943699e-05, Vec([[-2.99163715e-07],
     [-2.54803889e-08],
     [-4.33456948e-09]]), 2.086925478111226), (2.2117753304622353e-05, Vec([[-3.67332004e-07],
     [-1.63803552e-08],
     [-1.97296744e-09]]), 2.071476753590289), (2.2583780893270542e-05, Vec([[-4.06147078e-07],
     [ 1.62795332e-08],
     [ 1.73324855e-09]]), 2.0861121371634965), (2.2461685169688304e-05, Vec([[-4.65723810e-07],
     [ 4.57105251e-09],
     [ 2.26685151e-09]]), 2.054922817021843), (2.2511745482346754e-05, Vec([[-4.87938528e-07],
     [-3.86405070e-09],
     [ 2.58202858e-09]]), 2.0480950964373554), (2.2343233749714754e-05, Vec([[-5.13247924e-07],
     [-1.61937990e-08],
     [-4.46938308e-09]]), 2.0296945216512863), (2.212837857615311e-05, Vec([[-4.93854758e-07],
     [ 4.19654245e-09],
     [ 2.26635485e-09]]), 2.015248329404506), (2.1866153896456292e-05, Vec([[-4.62505560e-07],
     [-3.61707620e-08],
     [-2.06023382e-09]]), 2.0044959830878093), (2.155323939641554e-05, Vec([[-4.65038125e-07],
     [ 5.17338777e-09],
     [-9.24254698e-10]]), 1.9970179388363947), (2.103449988751966e-05, Vec([[-4.17408860e-07],
     [ 2.00954083e-09],
     [-3.09024540e-09]]), 1.978151708856978), (2.047326092595565e-05, Vec([[-3.46248590e-07],
     [-6.75232759e-09],
     [-4.79963795e-09]]), 1.9626772384491484), (1.9896638825233588e-05, Vec([[-2.86514538e-07],
     [ 1.82360252e-08],
     [ 6.82772611e-10]]), 1.953107266598309), (1.94138978390049e-05, Vec([[-2.16831173e-07],
     [ 2.70094245e-09],
     [ 3.47974029e-10]]), 1.9605977182224847), (1.8687574580658713e-05, Vec([[-1.22954230e-07],
     [ 9.00696954e-10],
     [-2.51415155e-09]]), 1.9512938981613055), (1.8261856624943255e-05, Vec([[-5.70643485e-08],
     [-5.19942766e-09],
     [ 5.43537771e-10]]), 1.9820887863283763), (1.7471143147971124e-05, Vec([[ 2.32445314e-09],
     [ 6.01628708e-09],
     [-2.91671391e-09]]), 1.9824815908212985), (1.6962961232015982e-05, Vec([[7.95542401e-08],
     [1.08956518e-08],
     [1.05589868e-09]]), 2.0250407028591746), (1.6195600344492472e-05, Vec([[ 1.40291325e-07],
     [-8.04915874e-09],
     [ 1.76292378e-09]]), 2.048335889442548), (1.5485902151791027e-05, Vec([[2.38609133e-07],
     [2.72276781e-09],
     [1.21156075e-09]]), 2.091281459036251), (1.4839962136134735e-05, Vec([[ 2.71304637e-07],
     [-7.56257403e-09],
     [-8.81984179e-10]]), 2.1590310749613915), (1.4061816480524578e-05, Vec([[ 3.46365631e-07],
     [ 2.34704211e-09],
     [-2.28425017e-10]]), 2.2270101491667464), (1.3720493518976027e-05, Vec([[3.70734151e-07],
     [8.38232304e-09],
     [7.32322833e-11]]), 2.277641405635212), (1.4427952349916183e-05, Vec([[ 2.98787647e-07],
     [-4.60738665e-09],
     [ 1.03746955e-10]]), 2.1869991161338866), (1.5032508233984543e-05, Vec([[ 2.44238391e-07],
     [-2.45831884e-09],
     [ 5.76699433e-11]]), 2.1045664300600597), (1.5952609620615625e-05, Vec([[1.49374931e-07],
     [1.46806068e-09],
     [3.71036665e-10]]), 2.082666840582683), (1.6488709595172815e-05, Vec([[9.22773811e-08],
     [6.19608014e-09],
     [7.63920413e-11]]), 2.02420814468181), (1.728819764852602e-05, Vec([[3.08702088e-08],
     [2.05643527e-09],
     [2.19106441e-09]]), 2.0104863414735963), (1.7950067059858242e-05, Vec([[-3.39023973e-08],
     [-3.59544592e-09],
     [ 1.14000606e-09]]), 1.9905499043126624), (1.8611573135465382e-05, Vec([[-1.24016836e-07],
     [-5.25588550e-09],
     [ 7.20380213e-11]]), 1.9799627936297948), (1.929775101315918e-05, Vec([[-1.66365378e-07],
     [ 1.13923766e-08],
     [-2.60492273e-09]]), 1.9803879863957778), (1.9597809027039618e-05, Vec([[-2.37545993e-07],
     [-1.25535337e-09],
     [-2.64404389e-09]]), 1.950096631084771), (2.0097998024397762e-05, Vec([[-3.17539583e-07],
     [-4.05781887e-09],
     [ 2.17073202e-09]]), 1.9485330411494257), (2.064343171894453e-05, Vec([[-3.81075883e-07],
     [-1.33038129e-08],
     [-1.29799496e-09]]), 1.9590153231987246), (2.1096216649928926e-05, Vec([[-4.24228066e-07],
     [ 5.56426957e-10],
     [ 4.38757997e-09]]), 1.9682138259431035), (2.15406214654693e-05, Vec([[-4.50282878e-07],
     [ 8.16121233e-09],
     [ 8.02318905e-11]]), 1.984195402104664), (2.1883893278899333e-05, Vec([[-4.96691648e-07],
     [-1.52985801e-08],
     [ 5.78094878e-09]]), 1.9985242558384466), (2.2237396574575124e-05, Vec([[-4.86089920e-07],
     [-2.53708792e-08],
     [ 5.59831543e-09]]), 2.0216068772946567), (2.2348036020896708e-05, Vec([[-4.76669830e-07],
     [-1.56981410e-08],
     [ 9.05496451e-10]]), 2.0306418570685603), (2.2577901954001108e-05, Vec([[-4.78527417e-07],
     [ 8.04266552e-09],
     [-7.52727148e-09]]), 2.058781548310981), (2.2310287209597673e-05, Vec([[-4.28794555e-07],
     [ 3.14420586e-08],
     [-6.57832249e-09]]), 2.049880281810491), (2.243266824299838e-05, Vec([[-3.87441411e-07],
     [ 2.08182423e-08],
     [-3.68223024e-09]]), 2.0854121574118705), (2.201984734036798e-05, Vec([[-3.33460845e-07],
     [-8.58916798e-09],
     [-2.85740390e-09]]), 2.0799190235191225), (2.1837407843898588e-05, Vec([[-2.75347626e-07],
     [-4.04493210e-09],
     [-5.03733854e-11]]), 2.1049772223943446), (2.1483945753402616e-05, Vec([[-1.98420443e-07],
     [-9.27222002e-09],
     [-6.34575538e-10]]), 2.122981404641976), (2.061243558150474e-05, Vec([[-1.16493041e-07],
     [-6.62383986e-09],
     [ 5.29009814e-11]]), 2.0980680119220443), (2.037164152582544e-05, Vec([[-4.59227228e-08],
     [ 1.96631243e-09],
     [-1.30230832e-09]]), 2.146710095366313), (2.0370315567366234e-05, Vec([[ 3.88160012e-08],
     [-7.64524719e-09],
     [ 2.51671354e-09]]), 2.1465703693453735), (2.0795554627145216e-05, Vec([[ 1.18740789e-07],
     [-2.00586891e-09],
     [-1.48771659e-09]]), 2.116707061660383), (2.1175879189661533e-05, Vec([[2.00932656e-07],
     [2.27456501e-08],
     [3.17422266e-09]]), 2.092539157499796), (2.136349419700901e-05, Vec([[ 2.61142207e-07],
     [-3.82397258e-08],
     [ 4.64027164e-10]]), 2.0592951781143896), (2.1991162945922634e-05, Vec([[ 3.33955905e-07],
     [-1.66862613e-08],
     [ 3.32124090e-10]]), 2.0772095943045237), (2.202988657530502e-05, Vec([[ 3.92695865e-07],
     [-4.91515164e-10],
     [-1.88064170e-09]]), 2.0479682930667313), (2.2475298633657524e-05, Vec([[ 4.35422165e-07],
     [-7.25192405e-09],
     [ 1.47452075e-09]]), 2.0650416134991416), (2.2389275324239083e-05, Vec([[ 4.83303722e-07],
     [-1.40581696e-08],
     [ 1.94852245e-09]]), 2.041581499091822), (2.241016487264479e-05, Vec([[ 4.91157449e-07],
     [-8.45653602e-09],
     [-5.73541027e-10]]), 2.0362871606099215), (2.2261964003848687e-05, Vec([[ 4.95364504e-07],
     [-2.85075030e-08],
     [-4.74976664e-09]]), 2.023840307984725), (2.1936867870585576e-05, Vec([[ 4.77381433e-07],
     [ 6.26873642e-09],
     [-1.13139616e-09]]), 2.003362106447514), (2.1557687423520383e-05, Vec([[ 4.47429571e-07],
     [ 1.56226188e-08],
     [-4.34910485e-09]]), 1.9857674178216562), (2.126899969118917e-05, Vec([[ 4.28740836e-07],
     [-7.53643093e-09],
     [-2.98794324e-09]]), 1.9843339661720407), (2.0598375004820838e-05, Vec([[3.67854421e-07],
     [1.13439888e-08],
     [8.53920794e-09]]), 1.9547395421860017), (2.0443208007069374e-05, Vec([[ 3.22818722e-07],
     [ 1.15719782e-08],
     [-2.77652930e-09]]), 1.9820017008912432), (1.986391406945473e-05, Vec([[ 2.79351105e-07],
     [ 1.66801894e-09],
     [-5.74731951e-09]]), 1.976575639325559), (1.909727946363548e-05, Vec([[ 1.69094063e-07],
     [-8.83120353e-09],
     [-2.56877194e-09]]), 1.959815047713952), (1.8473986728473113e-05, Vec([[ 1.21046245e-07],
     [-3.00083343e-09],
     [ 3.45874952e-09]]), 1.9653258811683343), (1.8260679351873823e-05, Vec([[ 4.37608620e-08],
     [-5.89408746e-09],
     [ 2.18380161e-09]]), 2.0249948602054815), (1.7148475216643068e-05, Vec([[-2.67933064e-08],
     [-2.48588355e-09],
     [ 1.28315580e-09]]), 1.994237681745778), (1.65641879485516e-05, Vec([[-1.16161018e-07],
     [-5.82315893e-10],
     [-2.32183177e-09]]), 2.0334741152403084), (1.5916073542489354e-05, Vec([[-1.78654939e-07],
     [-3.60479980e-09],
     [ 1.43132440e-10]]), 2.07789693269876), (1.5134339653868468e-05, Vec([[-2.48239850e-07],
     [-1.31435625e-08],
     [-5.20105759e-10]]), 2.118822932333482), (1.431805643915123e-05, Vec([[-3.01596920e-07],
     [-3.06166794e-09],
     [-5.58582659e-11]]), 2.170341017057818), (1.3577784064970514e-05, Vec([[-3.42284048e-07],
     [ 3.38499178e-09],
     [-2.17347400e-10]]), 2.253951225615885), (1.383132287676605e-05, Vec([[-3.15485811e-07],
     [-5.04232084e-09],
     [ 7.98803644e-10]]), 2.1905062170041267), (1.4614475091931037e-05, Vec([[-2.78874020e-07],
     [-7.93204706e-09],
     [ 7.60846798e-10]]), 2.1262254969571512), (1.5475919577347547e-05, Vec([[-2.11341802e-07],
     [ 2.80605781e-09],
     [-9.87499840e-10]]), 2.089933370133039), (1.612452257723939e-05, Vec([[-1.44364167e-07],
     [-5.42513492e-10],
     [ 7.97432892e-11]]), 2.0393463405212904), (1.6796751666305367e-05, Vec([[-6.66065378e-08],
     [-5.35043775e-09],
     [-2.00102067e-09]]), 2.005198581476897), (1.7388824112335635e-05, Vec([[ 7.04552556e-10],
     [ 1.22464576e-09],
     [-1.71381472e-09]]), 1.9731407038890967), (1.820007250237952e-05, Vec([[ 5.41835168e-08],
     [-6.49788213e-09],
     [ 2.96553313e-09]]), 1.9753829174223931), (1.878895503384526e-05, Vec([[ 1.21556072e-07],
     [ 6.21864575e-09],
     [-7.16566697e-10]]), 1.96187970526227), (1.9298646310752842e-05, Vec([[ 1.89087401e-07],
     [-2.30208927e-09],
     [-2.07258852e-09]]), 1.9489585365812458), (2.018328214403177e-05, Vec([[2.85329992e-07],
     [1.92421630e-09],
     [1.12399330e-09]]), 1.9812449411967235), (2.0513582559637423e-05, Vec([[ 3.30157981e-07],
     [-2.24937892e-08],
     [ 5.14606864e-09]]), 1.9665426877750039), (2.111957151328013e-05, Vec([[4.01062779e-07],
     [7.06263344e-09],
     [2.13961112e-09]]), 1.986152116890125), (2.148631852851308e-05, Vec([[ 4.46718987e-07],
     [-6.62519288e-09],
     [ 5.67368402e-10]]), 1.9908173779264682), (2.164369193603206e-05, Vec([[ 4.75375620e-07],
     [-5.49542535e-09],
     [ 2.40003974e-09]]), 1.9841026341627153), (2.2192353719523927e-05, Vec([[ 4.90944524e-07],
     [-5.69854600e-09],
     [ 7.87551725e-10]]), 2.021074594548957), (2.25294162696146e-05, Vec([[ 5.10389567e-07],
     [ 2.15454326e-08],
     [-4.67321748e-10]]), 2.0466076348067523), (2.252231943538993e-05, Vec([[ 4.89463685e-07],
     [-7.71471924e-09],
     [-2.05501539e-10]]), 2.0490571036435345), (2.224135511076495e-05, Vec([[ 4.48887776e-07],
     [-1.62500230e-08],
     [ 2.81164687e-09]]), 2.034765769056076), (2.227232045268259e-05, Vec([[ 4.09368948e-07],
     [ 7.26594521e-09],
     [-5.00200069e-09]]), 2.0573418701994552), (2.1958326216639566e-05, Vec([[ 3.55786601e-07],
     [ 8.26397382e-09],
     [-3.38698565e-09]]), 2.0565453316641786), (2.200659205117801e-05, Vec([[ 3.06947085e-07],
     [ 1.05203981e-08],
     [-1.28014637e-09]]), 2.098702827814402), (2.159107062622711e-05, Vec([[ 2.44264639e-07],
     [ 2.47572149e-08],
     [-2.87480960e-09]]), 2.1060138386545555), (2.140369481197378e-05, Vec([[ 1.60000643e-07],
     [-1.73964460e-08],
     [ 1.53156712e-09]]), 2.145278393151188), (2.0755928428683482e-05, Vec([[ 8.08764994e-08],
     [ 6.87499895e-09],
     [-4.34946952e-10]]), 2.1482114228392803), (2.0128901909976175e-05, Vec([[ 3.69105756e-09],
     [-3.61952152e-08],
     [-7.45108986e-10]]), 2.1625626669726628)]