[(1.9844972745475344e-05, Vec([[ 5.61503239e-09],
     [ 5.75281886e-09],
     [-6.75143335e-10]]), 2.132058538433494), (2.0600764106273923e-05, Vec([[-8.52206500e-08],
     [ 1.44227069e-08],
     [-1.02737370e-09]]), 2.1321521185801315), (2.1168326451976384e-05, Vec([[-1.56831959e-07],
     [-1.72401445e-11],
     [ 2.02761538e-09]]), 2.1216875756979605), (2.1464567987700638e-05, Vec([[-2.21600736e-07],
     [ 1.27017752e-08],
     [-1.25282461e-09]]), 2.093674649367691), (2.1857919842385343e-05, Vec([[-2.93217057e-07],
     [ 1.69469484e-08],
     [-5.85660795e-09]]), 2.0845244041727518), (2.2244052968790127e-05, Vec([[-3.58710867e-07],
     [-7.88904971e-09],
     [-3.90585354e-09]]), 2.083305568873038), (2.2216024492350323e-05, Vec([[-4.02249745e-07],
     [ 2.02891278e-08],
     [ 4.07873214e-09]]), 2.0521416919530653), (2.2410433279255418e-05, Vec([[-4.53182732e-07],
     [-7.86235401e-09],
     [-2.36223224e-09]]), 2.0502340023460786), (2.2522201030497837e-05, Vec([[-4.95354981e-07],
     [-2.49445678e-09],
     [ 4.05607388e-09]]), 2.049046331290094), (2.2449621552165562e-05, Vec([[-4.89419145e-07],
     [ 2.52573902e-09],
     [ 6.36146845e-10]]), 2.039358957078306), (2.2155090816829196e-05, Vec([[-4.98394296e-07],
     [ 5.01482069e-10],
     [-6.63928508e-10]]), 2.0176810335546036), (2.1940162228480876e-05, Vec([[-4.66178112e-07],
     [ 3.28146488e-10],
     [ 2.57785320e-09]]), 2.0112804137179414), (2.1368984154378298e-05, Vec([[-4.52352337e-07],
     [ 1.16156796e-08],
     [ 1.43073377e-09]]), 1.979945747649477), (2.105818810550984e-05, Vec([[-3.83492961e-07],
     [ 1.31768652e-08],
     [-1.33631902e-09]]), 1.9803794247117703), (2.070393380691356e-05, Vec([[-3.39753749e-07],
     [ 2.27401999e-08],
     [ 1.98775754e-09]]), 1.9847907852173439), (1.982515509451297e-05, Vec([[-2.67643872e-07],
     [ 4.32377314e-09],
     [ 3.13537265e-09]]), 1.9460902324580036), (1.945102045478432e-05, Vec([[-2.27962279e-07],
     [-1.62334886e-08],
     [ 1.47335459e-09]]), 1.9643467085795554), (1.859642547204901e-05, Vec([[-1.29638030e-07],
     [ 1.00882083e-09],
     [-3.64567710e-09]]), 1.9417764137662448), (1.8231819917664778e-05, Vec([[-6.46673053e-08],
     [-2.79528272e-09],
     [ 6.65842998e-10]]), 1.978828689510313), (1.7482088298348477e-05, Vec([[1.55087973e-08],
     [7.05984330e-09],
     [1.01004427e-09]]), 1.9837235564412985), (1.6744723359608558e-05, Vec([[ 8.67539182e-08],
     [-8.54559435e-09],
     [-2.01424355e-09]]), 1.998987434889883), (1.605389441040636e-05, Vec([[ 1.38502319e-07],
     [-1.55258077e-09],
     [ 5.93602593e-10]]), 2.0304136547392035), (1.5607145733950754e-05, Vec([[2.07699919e-07],
     [4.50362758e-09],
     [5.12589872e-10]]), 2.1076547030947803), (1.4606392751527673e-05, Vec([[ 2.70332347e-07],
     [-1.26991559e-08],
     [-1.07768440e-09]]), 2.125049616322872), (1.4042815223412903e-05, Vec([[ 3.31441674e-07],
     [ 2.88915134e-09],
     [-7.96120708e-10]]), 2.2240008656582297), (1.343139004764767e-05, Vec([[ 3.62030659e-07],
     [ 1.76974405e-09],
     [-4.37054153e-11]]), 2.2296493974833442), (1.44230345205099e-05, Vec([[ 2.95242011e-07],
     [-2.80251369e-09],
     [ 6.00457800e-10]]), 2.1862536681102176), (1.5232254372960144e-05, Vec([[ 2.57702283e-07],
     [-9.45372079e-12],
     [ 6.07323651e-10]]), 2.13253109251551), (1.5886475971618805e-05, Vec([[ 1.72168868e-07],
     [-6.98332307e-09],
     [-1.49817130e-09]]), 2.074032870273874), (1.6677540598299842e-05, Vec([[ 1.01763796e-07],
     [-6.42102543e-09],
     [-2.18583846e-09]]), 2.047389658813763), (1.713492323054448e-05, Vec([[3.23838561e-08],
     [4.22947774e-09],
     [1.47898633e-09]]), 1.9926616884869688), (1.7807887328469806e-05, Vec([[-2.74966822e-08],
     [ 3.09964824e-09],
     [-9.99851274e-10]]), 1.9747830634553731), (1.8298932190901402e-05, Vec([[-1.08599662e-07],
     [ 1.01131134e-08],
     [ 2.03138389e-09]]), 1.9467029808511327), (1.9069279896467504e-05, Vec([[-1.85314177e-07],
     [ 2.00752340e-08],
     [ 2.70970996e-09]]), 1.9569416555551482), (1.9848429276936383e-05, Vec([[-2.76682555e-07],
     [ 7.38480733e-09],
     [-5.13076645e-09]]), 1.9750348118952374), (2.0362614619287884e-05, Vec([[-3.18454877e-07],
     [-1.00518853e-08],
     [-8.14664592e-09]]), 1.9741880430930985), (2.0717295480161472e-05, Vec([[-3.50898023e-07],
     [-7.38794148e-09],
     [ 2.80173639e-09]]), 1.9660248283053916), (2.131969127462402e-05, Vec([[-4.18132080e-07],
     [ 2.66181740e-08],
     [-6.07274663e-09]]), 1.9890633390748247), (2.168452488702142e-05, Vec([[-4.85425174e-07],
     [-2.39446546e-10],
     [-1.96661586e-09]]), 1.997450939223153), (2.1949127659397985e-05, Vec([[-5.03291305e-07],
     [-1.36604380e-08],
     [-2.13737215e-09]]), 2.0044817191691084), (2.207360402626498e-05, Vec([[-4.94664708e-07],
     [-1.32416096e-08],
     [ 1.50355931e-09]]), 2.0067164587601423), (2.2351169406806098e-05, Vec([[-4.94293463e-07],
     [ 8.52542750e-09],
     [ 2.93472089e-09]]), 2.0309265704355877), (2.2535508421215373e-05, Vec([[-4.87201966e-07],
     [-2.64043065e-08],
     [ 8.84465299e-10]]), 2.054915864810148), (2.265079419515856e-05, Vec([[-4.47861846e-07],
     [-6.41965341e-09],
     [ 1.73776933e-09]]), 2.0811662329487497), (2.2389749466755812e-05, Vec([[-3.84448006e-07],
     [-1.84249842e-08],
     [ 2.64429235e-09]]), 2.081422291525746), (2.1959091190211734e-05, Vec([[-3.27997311e-07],
     [ 4.56720963e-09],
     [ 9.13575223e-10]]), 2.0741802065985304), (2.17635097966822e-05, Vec([[-2.71727029e-07],
     [ 1.33471029e-08],
     [ 1.84063178e-09]]), 2.0978539545009265), (2.1345301328645585e-05, Vec([[-2.03220701e-07],
     [-1.73989918e-08],
     [ 6.20779756e-10]]), 2.1092809634383465), (2.085730993503163e-05, Vec([[-1.15097685e-07],
     [ 3.69011909e-08],
     [ 1.63648429e-10]]), 2.122992919318036), (2.024275645519088e-05, Vec([[-3.92099123e-08],
     [ 1.28848038e-08],
     [ 3.11082832e-10]]), 2.1331285250288192), (2.013394838933494e-05, Vec([[3.89279858e-08],
     [3.28273275e-09],
     [1.62347496e-09]]), 2.121662616739881), (2.0798054199971554e-05, Vec([[1.33177162e-07],
     [1.03790308e-08],
     [1.20785213e-09]]), 2.116961484470811), (2.145863998376051e-05, Vec([[ 1.91139703e-07],
     [ 6.09499919e-10],
     [-5.35099452e-10]]), 2.120480761650367), (2.1642441900789633e-05, Vec([[ 2.63380248e-07],
     [ 1.05476995e-08],
     [-5.99791275e-10]]), 2.086183834812784), (2.1949980494443516e-05, Vec([[ 3.21338617e-07],
     [-1.52068402e-08],
     [-1.12562443e-09]]), 2.0733196416203588), (2.2440595255639137e-05, Vec([[ 3.92789562e-07],
     [-2.66088750e-08],
     [-6.74753200e-10]]), 2.0861490777083747), (2.2237732764917707e-05, Vec([[ 4.27148352e-07],
     [-9.48027204e-09],
     [-1.88607231e-10]]), 2.0432139433581926), (2.2667385337946252e-05, Vec([[ 4.88869420e-07],
     [ 4.36821398e-09],
     [-2.85417074e-09]]), 2.066941152339823), (2.2349049695798135e-05, Vec([[ 4.7649881e-07],
     [-6.9799537e-09],
     [ 2.1163224e-10]]), 2.030733964074399), (2.227859069960309e-05, Vec([[5.03499362e-07],
     [2.16729079e-08],
     [5.01828612e-10]]), 2.0253518447498795), (2.191254676620399e-05, Vec([[4.69586650e-07],
     [5.50613268e-09],
     [2.71096908e-09]]), 2.0011410063710366), (2.1550687502623108e-05, Vec([[ 4.65251412e-07],
     [ 1.13391569e-08],
     [-2.96025670e-09]]), 1.985122626264377), (2.109648409340605e-05, Vec([[ 4.45063020e-07],
     [-1.62209000e-08],
     [-4.32198037e-09]]), 1.96823877761847), (2.0541715817070967e-05, Vec([[ 3.73575947e-07],
     [-1.47491335e-09],
     [ 4.10196920e-09]]), 1.9493627124750708), (2.03961325061524e-05, Vec([[3.38391502e-07],
     [2.02010744e-08],
     [2.23501090e-09]]), 1.9774376558130202), (1.94575129584487e-05, Vec([[ 2.59796420e-07],
     [ 8.10836229e-09],
     [-1.14072612e-09]]), 1.936136351630261), (1.9104369065482763e-05, Vec([[ 1.66921222e-07],
     [ 1.94226415e-09],
     [-3.87532967e-09]]), 1.9605426020448746), (1.8399432908284545e-05, Vec([[ 1.01560438e-07],
     [-6.29922507e-10],
     [ 7.32843049e-10]]), 1.9573945908350607), (1.7992039157547894e-05, Vec([[ 3.11384691e-08],
     [-2.67442361e-09],
     [-3.92001666e-09]]), 1.995204346814818), (1.717957441288054e-05, Vec([[-5.50494123e-08],
     [-3.13239005e-09],
     [ 8.17059852e-10]]), 1.9978542825353682), (1.658695251189293e-05, Vec([[-1.02051319e-07],
     [-8.46737808e-10],
     [-9.12006003e-10]]), 2.0362687678030014), (1.591638505741484e-05, Vec([[-1.81332057e-07],
     [ 7.64877275e-10],
     [ 8.56674053e-10]]), 2.077937602020024), (1.5078865685280376e-05, Vec([[-2.40987685e-07],
     [-4.00740592e-09],
     [-2.48855799e-11]]), 2.1110565203538254), (1.4448698153931195e-05, Vec([[-3.06239217e-07],
     [-1.02383247e-09],
     [ 1.88899605e-10]]), 2.190143779627633), (1.3504689455575398e-05, Vec([[-3.48432002e-07],
     [-6.95915180e-09],
     [-2.02459226e-10]]), 2.2418173101224808), (1.395974758320232e-05, Vec([[-3.22958858e-07],
     [ 1.77518084e-09],
     [-3.46723642e-10]]), 2.2108452055717454), (1.4828640615835074e-05, Vec([[-2.89258503e-07],
     [ 6.38411493e-09],
     [ 4.61501167e-11]]), 2.157383933687141), (1.5589259557684125e-05, Vec([[-2.09781738e-07],
     [-4.09455021e-09],
     [ 5.96181242e-10]]), 2.1052392785084195), (1.617085517813837e-05, Vec([[-1.27738027e-07],
     [-1.42366854e-08],
     [ 1.48324232e-09]]), 2.045206248598417), (1.6737082727681485e-05, Vec([[-7.59964524e-08],
     [ 2.56152159e-09],
     [-5.34909647e-10]]), 1.998075295173459), (1.7583209307385433e-05, Vec([[-1.69885927e-08],
     [ 1.74573076e-09],
     [ 2.15864068e-09]]), 1.9951979366328614), (1.8117888060754307e-05, Vec([[ 5.22042509e-08],
     [-8.01386363e-09],
     [-1.35225830e-09]]), 1.9664628572389455), (1.891791342507833e-05, Vec([[ 1.34113440e-07],
     [-1.82444518e-08],
     [ 1.75484094e-09]]), 1.9753451082145734), (1.937889539765972e-05, Vec([[ 1.99482364e-07],
     [-9.58658723e-09],
     [ 3.62680861e-09]]), 1.957062842990181), (1.999867122956964e-05, Vec([[ 2.61883190e-07],
     [ 8.07963762e-09],
     [-4.52744274e-09]]), 1.9631230402215665), (2.0762330012657693e-05, Vec([[ 3.41729643e-07],
     [ 9.99333654e-10],
     [-3.43969669e-09]]), 1.9903889605270955), (2.0800952027883086e-05, Vec([[ 4.07088113e-07],
     [-1.06391473e-08],
     [-1.44803049e-09]]), 1.9561881204612268), (2.1615300888609464e-05, Vec([[ 4.52272159e-07],
     [-4.61932928e-09],
     [ 3.88690996e-09]]), 2.0027682537168046), (2.1802147124745372e-05, Vec([[ 4.77364210e-07],
     [ 1.77636818e-08],
     [-8.15895209e-09]]), 1.998628407226388), (2.216893968653913e-05, Vec([[ 4.87244793e-07],
     [ 1.04986006e-08],
     [-5.68843703e-09]]), 2.0189422606911083), (2.2288017758177992e-05, Vec([[ 4.88652805e-07],
     [ 1.57225266e-08],
     [-6.87421411e-09]]), 2.0246786140711612), (2.246228134051393e-05, Vec([[ 4.82633476e-07],
     [-3.84918178e-08],
     [ 4.61447449e-09]]), 2.04359490046558), (2.2697421166442596e-05, Vec([[ 4.60246341e-07],
     [-2.22371188e-08],
     [ 4.59190071e-09]]), 2.0764892878749515), (2.2466749468445527e-05, Vec([[ 4.18282074e-07],
     [ 1.62268501e-08],
     [-1.13985720e-09]]), 2.0753016941774094), (2.2265331939279057e-05, Vec([[ 3.52648155e-07],
     [ 2.62051740e-08],
     [-4.07897956e-09]]), 2.085298487959397), (2.1944563045999543e-05, Vec([[ 2.98283841e-07],
     [-1.40820784e-08],
     [ 1.83641583e-09]]), 2.092787307216219), (2.161726803476242e-05, Vec([[ 2.35937273e-07],
     [-4.93897100e-09],
     [-2.30347342e-10]]), 2.1085691591325144), (2.1051107816335025e-05, Vec([[ 1.60064815e-07],
     [-3.78083772e-08],
     [ 5.92331409e-10]]), 2.1099388281791267), (2.0771234462447583e-05, Vec([[ 8.17339743e-08],
     [ 2.88325775e-08],
     [-2.89741527e-10]]), 2.1497955772982524), (2.001858075546558e-05, Vec([[ 6.87750354e-09],
     [-1.73465908e-08],
     [ 2.72818311e-10]]), 2.150710236512773)]