[(1.9983371702680057e-05, array([[-6.45174777e-10],
       [ 2.58282004e-09],
       [-2.00138430e-09]]), 2.146927527280349), (2.0783534721777806e-05, array([[-6.25450439e-08],
       [-7.14798145e-09],
       [ 3.89988422e-10]]), 2.1510686380378803), (2.1220495413315142e-05, array([[-1.11853832e-07],
       [-5.76080962e-09],
       [-2.20533849e-09]]), 2.1269164367210847), (2.143325225535548e-05, array([[-1.51791504e-07],
       [-2.92077722e-08],
       [-1.43628298e-09]]), 2.090620082652208), (2.168161970820815e-05, array([[-1.93824028e-07],
       [-2.10599775e-08],
       [-3.15821155e-09]]), 2.067711187965478), (2.191364604937914e-05, array([[-2.11360618e-07],
       [ 1.78916388e-08],
       [ 9.43488667e-10]]), 2.0523607326883346), (2.2430994402409374e-05, array([[-2.39230651e-07],
       [-2.03523472e-09],
       [-3.29617134e-09]]), 2.0719989222644335), (2.2481707553757518e-05, array([[-2.38590779e-07],
       [-3.96422545e-09],
       [ 9.29601359e-10]]), 2.056754578689063), (2.23654451606316e-05, array([[-2.36695246e-07],
       [ 4.16833224e-09],
       [ 5.13367464e-09]]), 2.034784845939588), (2.251654271757936e-05, array([[-2.49310978e-07],
       [-4.91271169e-09],
       [ 3.88889600e-09]]), 2.0454381810771443), (2.2432077874469512e-05, array([[-2.27876821e-07],
       [-3.91581629e-09],
       [ 4.63682839e-10]]), 2.0429064563416968), (2.2121956002390028e-05, array([[-2.21005099e-07],
       [-7.79852448e-09],
       [-3.41096022e-09]]), 2.0279456622695093), (2.1612873035573683e-05, array([[-1.65876734e-07],
       [-1.95343423e-08],
       [-6.91006241e-09]]), 2.0025433007073676), (2.1296270974553963e-05, array([[-1.00693385e-07],
       [-1.35019836e-08],
       [-1.14771853e-09]]), 2.0027694999104986), (2.0918232347007477e-05, array([[-6.66060515e-08],
       [-7.90868165e-09],
       [ 6.25215740e-10]]), 2.00533459933647), (2.0332796482847972e-05, array([[1.07416018e-08],
       [1.68308700e-09],
       [5.29028709e-10]]), 1.9959216684654624), (1.9699958029447276e-05, array([[ 8.92154956e-08],
       [-5.12953340e-09],
       [ 1.16593332e-09]]), 1.9894867626228734), (1.936687040422747e-05, array([[ 1.67616192e-07],
       [-1.44921085e-08],
       [-2.66782687e-10]]), 2.0222236911023352), (1.8607320829839132e-05, array([[ 2.34500921e-07],
       [-1.57079115e-08],
       [ 6.21841405e-10]]), 2.0195844660210267), (1.8088116064464314e-05, array([[3.26338706e-07],
       [6.10347663e-09],
       [4.38136111e-10]]), 2.0524906016011744), (1.7246516251817497e-05, array([[ 3.76600181e-07],
       [ 5.24022302e-09],
       [-1.61086638e-09]]), 2.058891541091024), (1.6690379187096288e-05, array([[ 4.38680471e-07],
       [-1.01256167e-08],
       [ 8.32810900e-10]]), 2.1109129621712457), (1.5935448770870412e-05, array([[ 5.14173016e-07],
       [-1.16030109e-08],
       [ 5.36810050e-10]]), 2.15199012813658), (1.4924845237503862e-05, array([[ 5.37597788e-07],
       [-3.11751391e-09],
       [-7.91368763e-10]]), 2.1713805170902774), (1.4100804736180715e-05, array([[ 6.05255432e-07],
       [-2.29673920e-09],
       [ 2.11445116e-10]]), 2.23318483087766), (1.3655529229114072e-05, array([[ 6.35366583e-07],
       [-6.85968399e-09],
       [-1.93301852e-11]]), 2.2668571465797602), (1.4792597364823882e-05, array([[ 5.85458953e-07],
       [ 6.89803625e-09],
       [-1.07943365e-10]]), 2.2422722627291063), (1.5354864690816754e-05, array([[ 5.19665058e-07],
       [-5.04314913e-09],
       [ 5.94205077e-10]]), 2.1496966616223765), (1.6202471056711505e-05, array([[ 4.67871214e-07],
       [-5.97315664e-09],
       [ 1.33152445e-09]]), 2.115287091442755), (1.7112058106466824e-05, array([[4.02363539e-07],
       [1.03293196e-08],
       [1.10585199e-10]]), 2.10073245522616), (1.789174493897356e-05, array([[ 3.35053897e-07],
       [-1.13696002e-08],
       [-3.21872369e-09]]), 2.0806743164463155), (1.837203253035917e-05, array([[ 2.40910047e-07],
       [-8.19718169e-09],
       [ 1.21021647e-09]]), 2.0373432296037546), (1.892721393576867e-05, array([[1.72767041e-07],
       [1.78137605e-09],
       [5.46333273e-09]]), 2.0135417413202052), (1.9811856987517108e-05, array([[ 1.33597090e-07],
       [ 1.50082450e-09],
       [-1.70361619e-09]]), 2.0331469475129813), (2.0146900438927982e-05, array([[6.39601017e-08],
       [5.84962845e-09],
       [1.92144451e-10]]), 2.004734438352088), (2.0622246756838825e-05, array([[-7.41121767e-09],
       [ 1.26964062e-08],
       [ 4.92312966e-10]]), 1.9993597939285868), (2.1223327287085925e-05, array([[-7.68749774e-08],
       [-5.61594357e-09],
       [-1.82205409e-09]]), 2.0140461106816745), (2.158554176355649e-05, array([[-1.35211544e-07],
       [-3.48340565e-11],
       [ 4.91396089e-09]]), 2.0138663934154897), (2.1719816913387237e-05, array([[-1.82145344e-07],
       [-1.12103700e-08],
       [ 1.62599454e-10]]), 2.0007018331937974), (2.2340975826534614e-05, array([[-2.04701487e-07],
       [ 1.88354215e-08],
       [-7.15594368e-09]]), 2.04026685377235), (2.2055389787919557e-05, array([[-2.35538742e-07],
       [-2.70095224e-09],
       [-4.16626508e-09]]), 2.005060598130041), (2.2625185873775726e-05, array([[-2.59314841e-07],
       [-8.73981225e-09],
       [ 3.64695601e-09]]), 2.0558249242253464), (2.2472738277665403e-05, array([[-2.56226375e-07],
       [-2.89435362e-08],
       [ 7.21912522e-09]]), 2.049192126015074), (2.238239463683169e-05, array([[-2.46401126e-07],
       [-2.05804959e-08],
       [ 1.61905229e-10]]), 2.056505548077594), (2.222506890427857e-05, array([[-2.28983917e-07],
       [-6.39701622e-09],
       [ 3.70144185e-09]]), 2.0661130628883257), (2.201049543911529e-05, array([[-2.11379093e-07],
       [-1.12608853e-09],
       [-1.31095052e-09]]), 2.0790356751007213), (2.151763425277734e-05, array([[-1.57321112e-07],
       [ 1.78703579e-09],
       [ 1.05806911e-11]]), 2.074153228519011), (2.1325462059760374e-05, array([[-1.29898675e-07],
       [-3.32693109e-09],
       [ 7.44597256e-10]]), 2.1073205042467045), (2.075320313738711e-05, array([[-8.52650942e-08],
       [ 7.89965419e-09],
       [ 2.03448766e-10]]), 2.1123962510544567), (2.0280787631543244e-05, array([[-2.92164583e-08],
       [-1.27621991e-08],
       [-1.05737267e-09]]), 2.1371361505366004), (2.040561676658345e-05, array([[ 3.19234809e-08],
       [-7.93270556e-09],
       [ 3.75979041e-11]]), 2.150290317030594), (2.065964829291396e-05, array([[ 8.36028094e-08],
       [-4.89146396e-09],
       [-5.17492381e-10]]), 2.1028736293451824), (2.1412851274625384e-05, array([[ 1.30580193e-07],
       [ 7.44881593e-10],
       [-2.62140451e-10]]), 2.115956053798643), (2.1496163621125338e-05, array([[ 1.70245767e-07],
       [-1.51782915e-08],
       [-7.53037867e-10]]), 2.0720836060207293), (2.2146632991436513e-05, array([[ 1.87843618e-07],
       [-1.71340555e-08],
       [ 1.70224358e-10]]), 2.0918947599304856), (2.2297312322970133e-05, array([[ 2.23299003e-07],
       [-1.79654861e-09],
       [-1.93472662e-09]]), 2.0728290407648955), (2.240956704822199e-05, array([[ 2.46528912e-07],
       [-2.44746441e-09],
       [ 1.83134792e-09]]), 2.0590021627466437), (2.2571954941153643e-05, array([[ 2.56089153e-07],
       [ 1.83476640e-09],
       [-6.49798058e-09]]), 2.0582392658463435), (2.2427490955844285e-05, array([[ 2.44516726e-07],
       [-7.25745203e-09],
       [ 3.90982542e-09]]), 2.03786148551843), (2.229453078957331e-05, array([[ 2.27935197e-07],
       [ 7.37153286e-09],
       [-4.09773492e-10]]), 2.0268009620240357), (2.2055710151043935e-05, array([[2.15804005e-07],
       [2.03186577e-08],
       [5.33502539e-09]]), 2.0142152566200298), (2.177698042674405e-05, array([[ 1.76008014e-07],
       [ 3.03538712e-08],
       [-2.27211570e-09]]), 2.0059673999534446), (2.133273113071936e-05, array([[1.17958579e-07],
       [2.46871695e-08],
       [4.68373598e-09]]), 1.9902799185914757), (2.1228425124331436e-05, array([[ 8.88690943e-08],
       [-2.31269955e-09],
       [-1.92569302e-09]]), 2.0145298839910293), (2.048180744551572e-05, array([[1.57940222e-08],
       [6.08457775e-09],
       [2.74924401e-09]]), 1.985743978161408), (2.0250410840440208e-05, array([[-4.60221876e-08],
       [-7.34856167e-10],
       [ 6.40064706e-09]]), 2.015034328762935), (1.958799674625577e-05, array([[-1.28339183e-07],
       [ 1.73754547e-08],
       [ 3.65526893e-09]]), 2.010173797319298), (1.9025057607042476e-05, array([[-1.86149621e-07],
       [ 1.86758771e-08],
       [ 7.99657997e-10]]), 2.023950685653081), (1.845958558175106e-05, array([[-2.57668926e-07],
       [ 9.02410508e-09],
       [ 3.19003751e-09]]), 2.0470523141152084), (1.7602493579146174e-05, array([[-3.54672176e-07],
       [ 4.27078653e-09],
       [ 1.20250161e-10]]), 2.047036575832261), (1.685325136591957e-05, array([[-3.92208364e-07],
       [-1.40568922e-09],
       [ 1.38865452e-09]]), 2.0689604897433265), (1.62805640437134e-05, array([[-4.53130291e-07],
       [ 1.41283983e-09],
       [ 1.16531074e-10]]), 2.1254823935518665), (1.5373261293327683e-05, array([[-5.11139153e-07],
       [ 1.35208173e-08],
       [ 3.18211327e-11]]), 2.1522722046700853), (1.4621300911496939e-05, array([[-5.88088516e-07],
       [-5.13672613e-10],
       [-3.08314243e-10]]), 2.2163070264338063), (1.3425726440320105e-05, array([[-6.18471326e-07],
       [-4.02497337e-09],
       [-4.13694629e-10]]), 2.2287092223696225), (1.4178390773503844e-05, array([[-6.17371085e-07],
       [ 6.81716546e-09],
       [ 5.87615405e-10]]), 2.245472353815506), (1.4932120869999482e-05, array([[-5.59025374e-07],
       [-5.61122569e-09],
       [ 2.32830740e-11]]), 2.1724390316945588), (1.5729854810009633e-05, array([[-4.94842403e-07],
       [ 3.44532510e-09],
       [ 1.23735726e-10]]), 2.124225853622667), (1.6524812384572932e-05, array([[-4.61547195e-07],
       [-7.44949045e-09],
       [-3.38764242e-10]]), 2.089972928057341), (1.7311503955691828e-05, array([[-3.85288228e-07],
       [-1.20148821e-09],
       [-2.50156303e-09]]), 2.0666497823397574), (1.8141498237066392e-05, array([[-3.10901969e-07],
       [ 2.28745426e-08],
       [-6.87875782e-11]]), 2.05854797137746), (1.8655579781686443e-05, array([[-2.31379833e-07],
       [-1.19805849e-08],
       [ 1.44862702e-09]]), 2.024822352248096), (1.9187879250932578e-05, array([[-1.54823771e-07],
       [ 2.53096310e-08],
       [-1.31505519e-09]]), 2.0035340348421453), (1.9987696300434998e-05, array([[-6.96949350e-08],
       [ 5.31032288e-09],
       [-4.28330257e-09]]), 2.0185452753554576), (2.0314462847659216e-05, array([[-4.29540673e-08],
       [ 3.32778094e-09],
       [ 1.17925695e-09]]), 1.9941219898149711), (2.1057463210491162e-05, array([[ 4.31503397e-08],
       [-1.11907869e-08],
       [-2.95432032e-09]]), 2.018682021011862), (2.1285814665954132e-05, array([[ 1.09429935e-07],
       [ 2.15402701e-08],
       [-4.18830161e-09]]), 2.00178615517515), (2.1730475113043794e-05, array([[ 1.41616387e-07],
       [ 1.95204062e-08],
       [-7.72430545e-09]]), 2.013439735068474), (2.2060423897675962e-05, array([[ 2.05478736e-07],
       [ 7.70146772e-09],
       [-3.88505590e-09]]), 2.0223049420351984), (2.229584553745412e-05, array([[ 2.35025569e-07],
       [-5.70937799e-09],
       [ 2.30171578e-09]]), 2.0304996734119705), (2.242307800719218e-05, array([[ 2.49515006e-07],
       [ 2.05782918e-08],
       [-1.93253485e-09]]), 2.036947699673886), (2.238793601730622e-05, array([[ 2.34193024e-07],
       [-3.20845930e-09],
       [-1.11640415e-09]]), 2.036831040594111), (2.2614778517255264e-05, array([[ 2.46397223e-07],
       [-3.31016412e-08],
       [ 1.25249336e-09]]), 2.0689286679040446), (2.2458273665274308e-05, array([[2.41988328e-07],
       [1.12895583e-09],
       [2.65304944e-09]]), 2.0745187661127393), (2.2254589726230083e-05, array([[ 2.15452782e-07],
       [-6.27520049e-09],
       [-7.55621036e-10]]), 2.0842924072645546), (2.201074871833305e-05, array([[ 1.72209414e-07],
       [-5.51175395e-09],
       [-8.17937350e-10]]), 2.0990992367218912), (2.1507473749732406e-05, array([[1.52866118e-07],
       [1.12717487e-09],
       [5.36112657e-10]]), 2.0978597187494374), (2.1338719353657646e-05, array([[ 1.10646525e-07],
       [-8.30344935e-09],
       [ 9.05167370e-10]]), 2.1387659452754724), (2.0785794588033468e-05, array([[ 5.27368682e-08],
       [ 8.70997909e-09],
       [-2.83010295e-10]]), 2.151302531237173), (2.0041301614239383e-05, array([[-4.14014838e-09],
       [ 1.09471230e-08],
       [-5.88309212e-10]]), 2.1531512678797866)]