[(2.0187468600967317e-05, Vec([[ 1.32658953e-09],
     [ 1.68912094e-08],
     [-1.88276733e-09]]), 2.168854820416105), (2.069851317559552e-05, Vec([[-8.27363045e-08],
     [-8.15955800e-09],
     [-4.28921577e-10]]), 2.142269019301295), (2.0931537544644352e-05, Vec([[-1.59694664e-07],
     [ 1.13841012e-08],
     [ 1.73290015e-10]]), 2.0979543777104284), (2.163176064631662e-05, Vec([[-2.24792982e-07],
     [ 1.58697525e-08],
     [ 7.83433142e-10]]), 2.10998278243169), (2.2193726559081442e-05, Vec([[-2.99490820e-07],
     [-3.73083566e-09],
     [ 1.91868570e-09]]), 2.1165492858214052), (2.2155257262642996e-05, Vec([[-3.58688987e-07],
     [ 7.21227161e-09],
     [ 1.87899934e-09]]), 2.0749892521762616), (2.224077252206502e-05, Vec([[-3.97971184e-07],
     [ 2.96844194e-08],
     [ 6.21734682e-09]]), 2.054427720382171), (2.253576973576388e-05, Vec([[-4.47517613e-07],
     [-1.64519641e-08],
     [-2.26312300e-09]]), 2.061700494834873), (2.2373669604616886e-05, Vec([[-4.96219018e-07],
     [-8.86366333e-09],
     [-1.15364257e-09]]), 2.035533097265119), (2.2321694523585878e-05, Vec([[-4.94840035e-07],
     [-2.42584348e-09],
     [-3.32839801e-09]]), 2.027737864447405), (2.2246128993988465e-05, Vec([[-4.93967741e-07],
     [-2.58483016e-08],
     [-3.30518960e-09]]), 2.025971949845685), (2.167531455914698e-05, Vec([[-4.44746729e-07],
     [-3.24838595e-08],
     [-7.36309380e-10]]), 1.9870015171262552), (2.1264127754059493e-05, Vec([[-4.38702219e-07],
     [-1.49020473e-08],
     [-7.35079700e-10]]), 1.9702302655083892), (2.091777638604876e-05, Vec([[-3.85996265e-07],
     [ 1.60526969e-08],
     [ 5.15552098e-09]]), 1.9671746571023305), (2.056588321493751e-05, Vec([[-3.37491100e-07],
     [-5.54846484e-09],
     [-6.43960450e-10]]), 1.9715565107358264), (1.9890615260170686e-05, Vec([[-2.90446530e-07],
     [ 9.86402007e-09],
     [ 6.85493036e-09]]), 1.9525159773459626), (1.9494804215052615e-05, Vec([[-1.94200959e-07],
     [ 1.69581260e-08],
     [ 5.33394335e-09]]), 1.9687684038614142), (1.871162986477604e-05, Vec([[-1.30333446e-07],
     [ 1.34506928e-09],
     [-1.31820963e-09]]), 1.9538056702970676), (1.8183743228633265e-05, Vec([[-5.22206013e-08],
     [ 6.17521468e-09],
     [ 1.36511114e-09]]), 1.9736105855589876), (1.7647719947979606e-05, Vec([[ 1.53791358e-08],
     [-2.45901921e-09],
     [ 1.21772330e-09]]), 2.0025180734039276), (1.6882959287091916e-05, Vec([[ 8.17081002e-08],
     [ 2.67574070e-10],
     [-1.25050473e-09]]), 2.0154900593976217), (1.6299379099438108e-05, Vec([[ 1.63717265e-07],
     [-4.98309979e-09],
     [ 1.15756143e-09]]), 2.0614612904030065), (1.528691029386385e-05, Vec([[2.14708928e-07],
     [8.36656001e-09],
     [1.86608159e-09]]), 2.0644087603130354), (1.484368494785115e-05, Vec([[2.72140753e-07],
     [3.82660836e-09],
     [6.17028373e-10]]), 2.1595726980537036), (1.3969335337386865e-05, Vec([[ 3.33913804e-07],
     [-9.96138851e-10],
     [-2.96927840e-10]]), 2.212363645661351), (1.3590553921032942e-05, Vec([[3.62927041e-07],
     [2.77499174e-09],
     [4.27833074e-10]]), 2.256071058468221), (1.4272971461620035e-05, Vec([[ 3.07951461e-07],
     [-5.25731745e-09],
     [-9.46733946e-10]]), 2.163507004606134), (1.5268054577161655e-05, Vec([[ 2.54867147e-07],
     [ 2.84929387e-09],
     [-1.14185452e-09]]), 2.1375431574869075), (1.586068496194675e-05, Vec([[1.70835596e-07],
     [8.73825012e-09],
     [1.25735507e-10]]), 2.070665767216346), (1.6567110136129663e-05, Vec([[ 1.08136820e-07],
     [-3.84259036e-09],
     [-1.29120366e-09]]), 2.0338328525848937), (1.7295061075330902e-05, Vec([[ 4.66180153e-08],
     [-4.54653293e-09],
     [-3.12993832e-09]]), 2.011284505986026), (1.7835345593155128e-05, Vec([[-4.15536147e-08],
     [ 5.03781796e-09],
     [-9.58210440e-10]]), 1.9778280128675225), (1.8431076944898085e-05, Vec([[-9.82593834e-08],
     [ 2.00836081e-08],
     [-9.78537812e-10]]), 1.960760991658839), (1.9280913873171343e-05, Vec([[-1.82232761e-07],
     [-1.33919149e-08],
     [-3.18414805e-10]]), 1.9786601130423267), (1.9653170608483975e-05, Vec([[-2.67330337e-07],
     [-5.48571040e-09],
     [-2.64562392e-09]]), 1.9556054322633727), (2.010281159103065e-05, Vec([[-3.37652549e-07],
     [-8.03494390e-09],
     [ 2.41993574e-09]]), 1.9489997241304158), (2.084716291555012e-05, Vec([[-3.75934348e-07],
     [-2.64960057e-09],
     [ 5.15571043e-09]]), 1.978348956356127), (2.130233302110557e-05, Vec([[-4.19432518e-07],
     [-5.27199929e-09],
     [ 2.66196517e-09]]), 1.9874438660130824), (2.1556193166098746e-05, Vec([[-4.69751873e-07],
     [-1.13548072e-08],
     [-2.48098457e-09]]), 1.9856297756134058), (2.2070872328677755e-05, Vec([[-4.92110272e-07],
     [ 2.95891108e-09],
     [-1.16898573e-10]]), 2.0155999270434473), (2.2082575773816835e-05, Vec([[-4.83690801e-07],
     [-1.26470582e-08],
     [ 3.84983547e-10]]), 2.007532082409761), (2.2552674116333e-05, Vec([[-4.96307068e-07],
     [-4.25753203e-09],
     [ 6.05189309e-09]]), 2.049236183735797), (2.253927418995227e-05, Vec([[-4.75863742e-07],
     [ 4.86535548e-09],
     [ 6.61087222e-10]]), 2.055259249027448), (2.2392236223896226e-05, Vec([[-4.42081799e-07],
     [ 2.61121846e-09],
     [-3.31973840e-09]]), 2.0574097979904593), (2.2116400442262245e-05, Vec([[-3.90905506e-07],
     [-8.04135336e-09],
     [ 1.79541022e-09]]), 2.0560108971824325), (2.207074660589979e-05, Vec([[-3.23151097e-07],
     [ 9.72797266e-09],
     [-6.45635656e-10]]), 2.0847267930293443), (2.1869184011154645e-05, Vec([[-2.69225482e-07],
     [-1.71192031e-08],
     [ 1.49578959e-09]]), 2.108040228258737), (2.1359432967664447e-05, Vec([[-2.00969051e-07],
     [-1.72366403e-08],
     [-3.11782566e-10]]), 2.110677411148582), (2.0902674115364594e-05, Vec([[-1.18316253e-07],
     [ 2.93282374e-08],
     [-2.84147875e-09]]), 2.1276103812025045), (2.0181731754551608e-05, Vec([[-3.97462083e-08],
     [ 1.30147838e-08],
     [ 1.81146456e-10]]), 2.1266979023044326), (2.0335531158694686e-05, Vec([[ 3.86663407e-08],
     [-1.17805218e-08],
     [-5.74043227e-10]]), 2.1429048796909487), (2.0824417664292355e-05, Vec([[ 1.23409488e-07],
     [-1.83566041e-09],
     [ 2.44659762e-09]]), 2.1196449296637003), (2.1399381341380057e-05, Vec([[ 2.00685576e-07],
     [ 5.99465818e-09],
     [-2.17705295e-09]]), 2.1146249939398145), (2.1795983342429467e-05, Vec([[2.81778657e-07],
     [3.96819220e-08],
     [6.41395549e-09]]), 2.1009841828969424), (2.177014665764498e-05, Vec([[3.29431677e-07],
     [1.37989971e-09],
     [1.40407438e-09]]), 2.056333156089916), (2.2159350819294587e-05, Vec([[ 3.96522031e-07],
     [-8.84537337e-10],
     [ 3.74913458e-09]]), 2.0600037007784393), (2.246942649893275e-05, Vec([[ 4.37934680e-07],
     [-1.24633804e-08],
     [-3.77820046e-10]]), 2.06450207884092), (2.252322259950739e-05, Vec([[ 4.86815453e-07],
     [-1.87707888e-08],
     [-3.48119660e-09]]), 2.0537955736914357), (2.2193586966919574e-05, Vec([[4.73051488e-07],
     [2.52535292e-08],
     [1.51967034e-09]]), 2.0166079297249055), (2.2466888559911598e-05, Vec([[4.94139426e-07],
     [7.39262547e-09],
     [1.30664793e-10]]), 2.0424700468785755), (2.2116054505767246e-05, Vec([[4.98106917e-07],
     [2.22293114e-08],
     [4.98505899e-09]]), 2.019726143329285), (2.1590623606060547e-05, Vec([[ 4.47456497e-07],
     [-5.20651482e-10],
     [-1.15545716e-09]]), 1.9888013053101778), (2.1333227504164014e-05, Vec([[ 4.15583604e-07],
     [-6.57564731e-09],
     [-2.48367025e-09]]), 1.9903262287471215), (2.0675059059684092e-05, Vec([[ 3.92957248e-07],
     [-2.09638111e-08],
     [-1.25427722e-09]]), 1.9620166868278133), (2.0216246132488195e-05, Vec([[ 3.24569183e-07],
     [-1.32598797e-08],
     [ 3.42117448e-09]]), 1.9599973842838978), (1.9510772873101287e-05, Vec([[ 2.60058966e-07],
     [-1.33181736e-08],
     [-3.27237983e-09]]), 1.941436024669863), (1.9133134251744603e-05, Vec([[1.77821323e-07],
     [1.02672329e-08],
     [3.36890772e-09]]), 1.9634945641289816), (1.832867950606157e-05, Vec([[ 1.18983075e-07],
     [-2.52954021e-09],
     [-1.13623049e-09]]), 1.9498676019607424), (1.7963839305623097e-05, Vec([[2.29569525e-08],
     [1.36254539e-09],
     [1.46590855e-09]]), 1.9920771600269722), (1.717022397281992e-05, Vec([[-2.75884957e-08],
     [-7.91755448e-09],
     [ 2.36561196e-09]]), 1.9967668972329307), (1.673225956352229e-05, Vec([[-1.10642843e-07],
     [-1.27385045e-08],
     [-7.43746190e-10]]), 2.054107138700986), (1.571584743594879e-05, Vec([[-1.66081528e-07],
     [-3.54177360e-09],
     [-1.68287266e-09]]), 2.051756741054372), (1.5004936452161022e-05, Vec([[-2.41706259e-07],
     [ 7.48409114e-09],
     [-5.16447497e-10]]), 2.1007063525839964), (1.4174170305937262e-05, Vec([[-3.00843305e-07],
     [-6.09489026e-10],
     [-3.08663925e-10]]), 2.148530656271265), (1.3461633785997264e-05, Vec([[-3.42740984e-07],
     [ 8.93962417e-10],
     [ 2.53718300e-10]]), 2.2346699450774206), (1.3828929361419148e-05, Vec([[-3.19212424e-07],
     [ 3.45614771e-09],
     [ 1.79193916e-10]]), 2.1901271491235925), (1.4805003914696219e-05, Vec([[-2.78508575e-07],
     [ 5.09921839e-10],
     [-1.04199044e-09]]), 2.1539450858113707), (1.5287859763735542e-05, Vec([[-2.11508121e-07],
     [ 7.55029359e-10],
     [-3.98392294e-10]]), 2.0645369807240357), (1.624247422866441e-05, Vec([[-1.37534453e-07],
     [-1.40156858e-08],
     [ 1.37182831e-09]]), 2.0542642562325812), (1.6783584669198105e-05, Vec([[-6.89364081e-08],
     [-3.61823213e-09],
     [-3.94770824e-09]]), 2.0036267035063036), (1.7570228041230304e-05, Vec([[-9.52765858e-09],
     [-3.27814926e-11],
     [ 7.09597616e-10]]), 1.9937249293453512), (1.800170119643171e-05, Vec([[7.10360172e-08],
     [1.85272117e-09],
     [8.13297240e-10]]), 1.95385227302387), (1.8932631047344063e-05, Vec([[1.40569719e-07],
     [7.89794057e-10],
     [1.47062653e-09]]), 1.9768818729990354), (1.938493110161798e-05, Vec([[ 1.81694789e-07],
     [-1.04637104e-08],
     [-1.79852593e-09]]), 1.9576723850567235), (2.007221699483785e-05, Vec([[ 2.78504195e-07],
     [-1.40770055e-08],
     [ 3.26348662e-09]]), 1.9703424891865196), (2.0541470257541494e-05, Vec([[ 3.33389914e-07],
     [ 8.65652012e-09],
     [-4.06275413e-10]]), 1.969216152940471), (2.078681899495568e-05, Vec([[ 3.99090792e-07],
     [-4.12188190e-09],
     [ 1.40110812e-10]]), 1.9548590047995196), (2.1411201070490484e-05, Vec([[ 4.60921192e-07],
     [-1.56442434e-08],
     [ 2.64862778e-10]]), 1.9838573609920367), (2.1652220398322858e-05, Vec([[ 4.72264363e-07],
     [ 2.95776840e-08],
     [-5.44980466e-09]]), 1.9848844483072963), (2.2172885022120047e-05, Vec([[ 5.11020760e-07],
     [ 1.76303181e-08],
     [-1.88470391e-09]]), 2.0193015654142727), (2.230558096765722e-05, Vec([[ 5.08848379e-07],
     [ 1.52170096e-08],
     [-5.00018248e-09]]), 2.0262740836644135), (2.2591982619888456e-05, Vec([[ 4.77183437e-07],
     [ 1.81818808e-08],
     [-5.07681929e-09]]), 2.0553949874244934), (2.267703582629521e-05, Vec([[ 4.61421797e-07],
     [ 2.07866751e-08],
     [-8.31871970e-09]]), 2.074624320919661), (2.2438266488203826e-05, Vec([[ 4.09603105e-07],
     [-4.72305435e-10],
     [ 2.69562674e-09]]), 2.072670660380827), (2.228560930897298e-05, Vec([[ 3.63748543e-07],
     [ 1.84494081e-08],
     [-3.73616867e-09]]), 2.0871976003767574), (2.178980047296944e-05, Vec([[ 2.94319702e-07],
     [ 1.16903824e-08],
     [-1.89084269e-09]]), 2.078028063763041), (2.1711112201593386e-05, Vec([[ 2.31627273e-07],
     [-1.58472888e-08],
     [ 1.33907174e-09]]), 2.1177228096135123), (2.1014148817615494e-05, Vec([[ 1.56910235e-07],
     [-5.04162486e-09],
     [-9.77979866e-10]]), 2.1062344518047653), (2.080073962310716e-05, Vec([[ 8.15274664e-08],
     [-1.32937771e-08],
     [-3.07912548e-09]]), 2.152849322804236), (1.9932230330533937e-05, Vec([[4.32960003e-09],
     [1.84034686e-08],
     [1.20897234e-09]]), 2.14143311816476)]