[(1.9990848929515928e-05, array([[ 2.92943804e-09],
       [ 8.33268593e-09],
       [-1.47067148e-09]]), 2.147730848379535), (2.07257706029555e-05, array([[-5.22870244e-08],
       [-5.69598635e-09],
       [-8.67463607e-10]]), 2.1450901273530563), (2.1362446416854342e-05, array([[-9.45647779e-08],
       [-2.64994553e-08],
       [-7.73230527e-10]]), 2.1411440933688715), (2.153359444017345e-05, array([[-1.54649090e-07],
       [-1.62227749e-08],
       [-1.29101426e-12]]), 2.100407556070538), (2.1964239898803414e-05, array([[-1.93573705e-07],
       [-1.49834236e-08],
       [ 2.26618701e-10]]), 2.094663829783909), (2.2169905411662223e-05, array([[-2.04462854e-07],
       [ 1.39450715e-09],
       [-7.73633839e-11]]), 2.076361150115377), (2.238440572977999e-05, array([[-2.24702919e-07],
       [-1.78619273e-08],
       [-1.91128707e-09]]), 2.067695426942467), (2.2405880635272302e-05, array([[-2.41091232e-07],
       [-1.45073377e-08],
       [-4.47765646e-09]]), 2.0498175005596804), (2.2520765417129507e-05, array([[-2.34809755e-07],
       [ 7.58872589e-09],
       [-3.00924666e-09]]), 2.0489157206849606), (2.2301552762577998e-05, array([[-2.44896933e-07],
       [-2.48706414e-08],
       [-3.15611054e-09]]), 2.0259081551746987), (2.234227626126914e-05, array([[-2.29844878e-07],
       [ 1.77047458e-08],
       [ 4.74279493e-09]]), 2.034728154874326), (2.2120010399498227e-05, array([[-2.08890340e-07],
       [ 2.13426129e-08],
       [ 7.62739573e-09]]), 2.0277673065696558), (2.171662115100847e-05, array([[-1.54592382e-07],
       [-1.83643476e-08],
       [-1.02096598e-09]]), 2.012156094581786), (2.1293709403995505e-05, array([[-9.64565050e-08],
       [-6.25619087e-10],
       [-2.73049722e-09]]), 2.0025286016146198), (2.0915750861453253e-05, array([[-3.06679438e-08],
       [-2.30633830e-08],
       [ 1.97993967e-09]]), 2.0050967107444952), (2.0609034314783503e-05, array([[ 2.47920093e-08],
       [-5.26656161e-09],
       [-4.03453274e-09]]), 2.02303791265131), (2.0092802258331602e-05, array([[ 1.00409601e-07],
       [-1.41867909e-08],
       [-6.19525323e-09]]), 2.0291598620259226), (1.9295262457472118e-05, array([[ 1.82493075e-07],
       [-3.47880982e-09],
       [-1.75941168e-09]]), 2.0147466293273846), (1.8719555631967497e-05, array([[ 2.33816054e-07],
       [-8.23074429e-09],
       [-1.12261585e-09]]), 2.031766104903821), (1.7850808320655158e-05, array([[ 2.99393844e-07],
       [-2.53245551e-09],
       [ 1.79436402e-10]]), 2.02556287114436), (1.7469377307784478e-05, array([[ 3.76844128e-07],
       [-1.51042866e-09],
       [-1.15451155e-09]]), 2.0854967253653074), (1.667644799893114e-05, array([[ 4.40643196e-07],
       [-1.44143710e-08],
       [ 4.69863970e-11]]), 2.109151017439697), (1.5653918612814045e-05, array([[ 5.06162436e-07],
       [ 1.64754229e-09],
       [-1.78639698e-09]]), 2.1139711096814793), (1.5174204482369016e-05, array([[ 5.56963236e-07],
       [ 2.64398682e-09],
       [-8.17381718e-11]]), 2.2076592052401516), (1.4188111102125786e-05, array([[ 6.18823746e-07],
       [ 3.74286310e-09],
       [-2.47780030e-10]]), 2.2470117900984565), (1.3773897425866664e-05, array([[6.41687535e-07],
       [1.30359202e-08],
       [3.81368234e-10]]), 2.286506607851777), (1.471427551943102e-05, array([[5.78355004e-07],
       [7.24504443e-09],
       [1.59831436e-12]]), 2.2304001825826005), (1.545670140784739e-05, array([[ 5.53136746e-07],
       [-5.64200104e-09],
       [-8.37517069e-10]]), 2.163953905501723), (1.6012057790778455e-05, array([[ 4.48674770e-07],
       [-2.26829666e-09],
       [ 1.58706206e-09]]), 2.090427999143942), (1.7206242274931532e-05, array([[ 4.01484136e-07],
       [-3.78291291e-09],
       [-1.53281546e-09]]), 2.112294813081147), (1.7697552134759052e-05, array([[3.45659563e-07],
       [9.65716401e-09],
       [2.37506453e-09]]), 2.0580911653033733), (1.8337701850696712e-05, array([[ 2.76628429e-07],
       [-1.33172276e-09],
       [-2.11322067e-09]]), 2.03353617245521), (1.9268087144420297e-05, array([[1.94705629e-07],
       [2.74673169e-09],
       [8.70429110e-10]]), 2.0498049988945657), (1.9674072399387465e-05, array([[1.21732151e-07],
       [6.56503086e-09],
       [3.46697650e-09]]), 2.0190071162520034), (2.0077370145467903e-05, array([[6.76395883e-08],
       [8.94340668e-09],
       [5.35015596e-09]]), 1.9978157674512866), (2.0756786936654674e-05, array([[-1.52472528e-08],
       [ 1.37194116e-08],
       [-1.59113562e-09]]), 2.012403679464605), (2.123216993346916e-05, array([[-7.89538893e-08],
       [ 3.26307854e-10],
       [-7.65702631e-10]]), 2.0148852579706635), (2.138027950718441e-05, array([[-1.53962421e-07],
       [ 7.13086720e-09],
       [-5.49468140e-10]]), 1.9947160396985275), (2.1895177289786984e-05, array([[-1.67288205e-07],
       [ 1.10719176e-08],
       [ 4.14925960e-09]]), 2.016855000042836), (2.215681141836009e-05, array([[-2.00588558e-07],
       [ 5.97191790e-09],
       [-1.69442516e-09]]), 2.023448226843941), (2.2172554499339146e-05, array([[-2.40436160e-07],
       [ 1.23132283e-08],
       [-3.07583415e-09]]), 2.015712069204352), (2.2473969649880246e-05, array([[-2.41787418e-07],
       [-3.03706582e-08],
       [ 4.74057621e-09]]), 2.0420847461880958), (2.245817628815037e-05, array([[-2.55894767e-07],
       [ 1.99918273e-08],
       [-2.10368016e-09]]), 2.047864280966348), (2.221928680923008e-05, array([[-2.41156469e-07],
       [-2.73131795e-08],
       [ 4.82854714e-09]]), 2.0415191197780223), (2.2120148542209e-05, array([[-2.26188266e-07],
       [-2.68299953e-08],
       [ 2.68599917e-09]]), 2.056359332469376), (2.1959493665398302e-05, array([[-2.02361183e-07],
       [-5.71071030e-09],
       [ 6.78010183e-10]]), 2.0742182230199933), (2.172946940826565e-05, array([[-1.61577211e-07],
       [ 3.95671358e-09],
       [-8.63502070e-10]]), 2.0945726931547757), (2.1342059162566434e-05, array([[-1.26832421e-07],
       [-3.35020022e-09],
       [-1.54168060e-09]]), 2.1089605819602046), (2.069510490805482e-05, array([[-8.11274316e-08],
       [ 2.63908579e-09],
       [-8.60425052e-10]]), 2.1064826346829513), (2.005611034496047e-05, array([[-2.68069738e-08],
       [ 2.72394212e-09],
       [ 1.00265231e-09]]), 2.1134602479984905), (2.0484397351062727e-05, array([[ 2.84091254e-08],
       [-3.75627309e-08],
       [-1.19896761e-09]]), 2.158592008173457), (2.0876026622963052e-05, array([[7.41283892e-08],
       [7.30474318e-09],
       [1.10331371e-09]]), 2.1248980257807237), (2.1056807021684325e-05, array([[ 1.28844823e-07],
       [ 7.57084189e-09],
       [-2.10524306e-09]]), 2.0807727901235427), (2.1693321686657893e-05, array([[ 1.65911998e-07],
       [ 7.94427206e-10],
       [-1.42835343e-10]]), 2.0910882992574007), (2.1960968702503263e-05, array([[ 1.97429085e-07],
       [-3.31856824e-08],
       [-1.29234934e-09]]), 2.0743575499502658), (2.2319643941283526e-05, array([[ 2.28325478e-07],
       [ 2.48174472e-09],
       [-2.39411083e-10]]), 2.074905058999595), (2.2349739413578924e-05, array([[ 2.49133873e-07],
       [-1.60253779e-10],
       [ 4.56516891e-09]]), 2.0535051699284868), (2.2378382000149488e-05, array([[2.54079035e-07],
       [2.92065202e-08],
       [5.15428853e-10]]), 2.040588183828025), (2.2595945586264698e-05, array([[2.60856213e-07],
       [1.52981193e-08],
       [1.85227652e-09]]), 2.0531680217719446), (2.229788934001723e-05, array([[2.29599700e-07],
       [2.90046808e-08],
       [2.55887286e-09]]), 2.0271062886234157), (2.2199488000487644e-05, array([[2.21084270e-07],
       [1.55798808e-08],
       [2.11205012e-09]]), 2.0273456222228723), (2.186873106858283e-05, array([[ 1.93863863e-07],
       [ 3.49980692e-09],
       [-7.97544868e-09]]), 2.014418929635097), (2.1451562097193686e-05, array([[ 1.31894501e-07],
       [-3.39999922e-09],
       [-3.13035747e-09]]), 2.001366491840416), (2.1074679029586684e-05, array([[7.16402139e-08],
       [8.57320541e-09],
       [9.85845207e-10]]), 1.9999397247777948), (2.0735584761044864e-05, array([[ 1.95436879e-08],
       [-3.40465402e-09],
       [-6.23591473e-09]]), 2.0103480946411914), (2.010116910476549e-05, array([[-5.51632555e-08],
       [-1.30201933e-08],
       [ 1.41828656e-09]]), 2.000183903107957), (1.9647056702521005e-05, array([[-1.24355195e-07],
       [-2.41819714e-09],
       [ 3.77727444e-09]]), 2.0162346915543297), (1.9258000320075107e-05, array([[-1.67565327e-07],
       [ 8.98990230e-10],
       [ 5.81068461e-09]]), 2.0487319280281766), (1.855928010635772e-05, array([[-2.71081879e-07],
       [ 8.17797833e-09],
       [ 9.98321856e-10]]), 2.058107811888811), (1.7829617099010568e-05, array([[-3.29468805e-07],
       [-1.21624909e-08],
       [-3.89924395e-10]]), 2.0734493195894856), (1.687162617770778e-05, array([[-4.10243597e-07],
       [-1.54156106e-08],
       [-3.27664265e-09]]), 2.071216241987855), (1.630150412578196e-05, array([[-4.88355909e-07],
       [ 5.28838778e-09],
       [ 5.17441222e-10]]), 2.128216191695269), (1.546813178590157e-05, array([[-5.13696039e-07],
       [ 1.29506173e-08],
       [-9.72150042e-10]]), 2.1655541700458225), (1.449902279234202e-05, array([[-5.77707145e-07],
       [ 4.96983910e-09],
       [ 1.67132287e-10]]), 2.1977720235429854), (1.3639719294227399e-05, array([[-6.21852868e-07],
       [ 1.23522184e-08],
       [-2.40420388e-10]]), 2.264232651894603), (1.397896472004351e-05, array([[-5.93718881e-07],
       [-1.72169593e-09],
       [ 1.55528549e-10]]), 2.2138886785713057), (1.5089300505566585e-05, array([[-5.73026348e-07],
       [ 3.02877405e-09],
       [ 9.38370964e-10]]), 2.195306725993735), (1.5892367466109648e-05, array([[-5.11721801e-07],
       [-1.28084194e-08],
       [ 3.03903783e-10]]), 2.1461722472669917), (1.6794196897333303e-05, array([[-4.53181837e-07],
       [ 3.13738372e-09],
       [ 6.63728138e-10]]), 2.1240432899957744), (1.7476221143719114e-05, array([[-3.92510017e-07],
       [-8.63089492e-10],
       [ 1.65512030e-09]]), 2.0863137434638444), (1.8018691308181987e-05, array([[-3.40898114e-07],
       [ 1.34246407e-08],
       [-6.00762044e-09]]), 2.0446128514098296), (1.8656502722423845e-05, array([[-2.32088031e-07],
       [ 2.83247049e-09],
       [-9.95830811e-10]]), 2.0249225255504943), (1.9368742373971214e-05, array([[-1.69022837e-07],
       [ 1.97003479e-08],
       [-2.85877132e-09]]), 2.022419155908255), (2.0011429501929328e-05, array([[-8.59813861e-08],
       [ 1.68579842e-08],
       [-2.89427485e-09]]), 2.0209420769190474), (2.070369552739335e-05, array([[-3.05641796e-08],
       [-8.11602093e-09],
       [ 3.72448951e-10]]), 2.0323301103856752), (2.087078734002189e-05, array([[ 5.53014808e-08],
       [ 4.21199047e-09],
       [-3.36862824e-09]]), 2.000786265017602), (2.138726016730626e-05, array([[ 1.05335605e-07],
       [-2.69133419e-09],
       [-3.71247763e-09]]), 2.0113264148879395), (2.165375485525731e-05, array([[ 1.59108932e-07],
       [-3.37767508e-09],
       [-6.05529589e-09]]), 2.0063312105328426), (2.209021875009604e-05, array([[ 1.81874653e-07],
       [-4.41208375e-09],
       [-4.76824197e-09]]), 2.025036271114631), (2.2347027703971846e-05, array([[ 2.28603439e-07],
       [ 1.62613255e-08],
       [-2.86185412e-09]]), 2.0351608723884427), (2.2121739114423118e-05, array([[ 2.30791097e-07],
       [-3.40497419e-08],
       [ 9.36918645e-09]]), 2.0095736003530282), (2.2512025016976227e-05, array([[2.61884449e-07],
       [7.49211539e-09],
       [2.99469671e-09]]), 2.048120528206045), (2.2483155105440977e-05, array([[ 2.49422160e-07],
       [-1.17093276e-08],
       [ 3.05707414e-09]]), 2.0568870089569034), (2.2434883197851726e-05, array([[ 2.38019226e-07],
       [-2.86373537e-08],
       [ 3.72507004e-09]]), 2.072358138615742), (2.2110962450657254e-05, array([[2.12640150e-07],
       [5.02129415e-09],
       [8.79696997e-10]]), 2.070840744320632), (2.1898865219040683e-05, array([[ 1.85367774e-07],
       [-3.54999095e-09],
       [-3.08155252e-09]]), 2.088429242212764), (2.1667141023298333e-05, array([[ 1.52574918e-07],
       [ 8.55190465e-09],
       [-6.95902463e-10]]), 2.113433818502583), (2.107543673313548e-05, array([[ 1.01041722e-07],
       [-4.77677825e-09],
       [ 1.57303381e-09]]), 2.11237729966731), (2.0604840979361248e-05, array([[ 5.31573206e-08],
       [ 1.13902863e-09],
       [-6.55046690e-10]]), 2.1325740696080393), (2.028566743722471e-05, array([[-1.66462916e-10],
       [-2.17758436e-08],
       [ 7.14559432e-10]]), 2.179404881128814)]