[(2.005942896430355e-05, Vec([[2.70247756e-10],
     [2.03837184e-08],
     [5.28728771e-10]]), 2.155098792423114), (2.051194804204585e-05, Vec([[-8.18383723e-08],
     [ 1.52842450e-08],
     [ 2.01843387e-09]]), 2.1229597721928357), (2.1137523567274955e-05, Vec([[-1.52340647e-07],
     [-3.10501999e-08],
     [-1.38577283e-09]]), 2.1186002226228395), (2.1487235599459192e-05, Vec([[-2.36659776e-07],
     [-9.55017027e-09],
     [-3.35363023e-10]]), 2.095885670065978), (2.2000842223072106e-05, Vec([[-3.02969502e-07],
     [-2.47673924e-08],
     [-5.54735457e-09]]), 2.098154483914663), (2.232701463217659e-05, Vec([[-3.57981505e-07],
     [-2.13986786e-08],
     [-1.39244706e-09]]), 2.0910754881219487), (2.2340738677911532e-05, Vec([[-4.16007507e-07],
     [-6.38681970e-09],
     [-4.17742584e-09]]), 2.0636618079781557), (2.2374079312744008e-05, Vec([[-4.47320864e-07],
     [-1.89832796e-08],
     [-6.65603351e-10]]), 2.0469081345534716), (2.257654789661571e-05, Vec([[-4.85263041e-07],
     [-1.18446705e-08],
     [-2.30152811e-09]]), 2.053990752418613), (2.220969114739447e-05, Vec([[-4.85135837e-07],
     [ 1.46444862e-08],
     [ 8.57289394e-09]]), 2.0175633014629826), (2.2169279909183597e-05, Vec([[-4.87224573e-07],
     [ 8.51198591e-09],
     [-2.32064555e-10]]), 2.0189732450270603), (2.1844507519359102e-05, Vec([[-4.70191263e-07],
     [ 7.90486658e-09],
     [-1.12173965e-09]]), 2.0025116343017726), (2.1298721684509474e-05, Vec([[-4.23576115e-07],
     [-1.31741729e-08],
     [ 9.92429898e-10]]), 1.973435570215159), (2.1045955949588808e-05, Vec([[-4.27078278e-07],
     [-2.05366174e-08],
     [-5.66268458e-09]]), 1.9792290736091727), (2.0466736324052505e-05, Vec([[-3.58490702e-07],
     [-2.52105214e-08],
     [-2.91581616e-09]]), 1.9620517549127663), (1.9890998767939915e-05, Vec([[-2.80227448e-07],
     [ 1.12101250e-08],
     [-2.86205227e-09]]), 1.9525536234940106), (1.9654931203959362e-05, Vec([[-2.19019373e-07],
     [-3.87571804e-09],
     [-2.04479820e-09]]), 1.9849395309416056), (1.8449007946273267e-05, Vec([[-1.19402447e-07],
     [-8.18789726e-10],
     [-1.53994520e-09]]), 1.92638356985883), (1.8267847818034974e-05, Vec([[-4.26308335e-08],
     [ 1.04679534e-08],
     [ 2.06831097e-09]]), 1.9827390529955455), (1.7425623036925857e-05, Vec([[ 2.88529784e-08],
     [-2.80538803e-09],
     [-2.62123359e-09]]), 1.9773163431099678), (1.6653994777927815e-05, Vec([[ 6.16941847e-08],
     [-9.92440739e-10],
     [-2.00958839e-09]]), 1.988156244020366), (1.6165690136064536e-05, Vec([[ 1.49419699e-07],
     [-7.18549984e-10],
     [-4.64088789e-10]]), 2.0445530007517636), (1.5562848413182357e-05, Vec([[ 2.06142042e-07],
     [-2.87034190e-09],
     [-1.23380916e-09]]), 2.1016726063011997), (1.476212203478125e-05, Vec([[ 2.69243592e-07],
     [-4.64153650e-09],
     [ 6.33480180e-10]]), 2.1477063022861906), (1.392729590219752e-05, Vec([[ 3.21545824e-07],
     [-1.13400781e-08],
     [ 3.00363272e-10]]), 2.2057057399091624), (1.344425391270913e-05, Vec([[ 3.47482991e-07],
     [ 9.30068024e-09],
     [-1.75896415e-10]]), 2.231784836100036), (1.4338017647093321e-05, Vec([[ 3.04430478e-07],
     [ 1.02578546e-08],
     [-5.38282207e-10]]), 2.173366750929651), (1.4909399974677494e-05, Vec([[ 2.52033560e-07],
     [ 8.45587821e-09],
     [-8.63895538e-10]]), 2.0873311486440804), (1.5851691429859136e-05, Vec([[ 1.67653778e-07],
     [-1.29815802e-08],
     [-3.24118819e-10]]), 2.069491631353685), (1.6492557807324735e-05, Vec([[ 8.85698573e-08],
     [ 2.93859758e-09],
     [-1.14553091e-09]]), 2.024680563844475), (1.7277639738663544e-05, Vec([[5.05975102e-08],
     [1.72301884e-09],
     [8.65121805e-11]]), 2.0092585365858593), (1.7985646637842662e-05, Vec([[-3.23679194e-08],
     [-3.16208618e-09],
     [-8.33901501e-10]]), 1.9944954564555146), (1.8606777193385164e-05, Vec([[-8.82293690e-08],
     [-1.16711420e-08],
     [-3.46807513e-09]]), 1.9794525849112667), (1.9268047767258094e-05, Vec([[-1.82780994e-07],
     [ 1.21747001e-08],
     [-2.41779889e-09]]), 1.977339758065992), (1.9767569001460317e-05, Vec([[-2.72540856e-07],
     [ 9.08948244e-10],
     [-1.04813559e-10]]), 1.966988741511711), (2.026855395600853e-05, Vec([[-3.22469145e-07],
     [-2.16231557e-09],
     [-2.04649220e-12]]), 1.965068711403954), (2.080876756585632e-05, Vec([[-3.94227010e-07],
     [-1.30283647e-09],
     [ 8.87094384e-11]]), 1.9747053238722556), (2.114618649436194e-05, Vec([[-4.39505071e-07],
     [-1.90953931e-08],
     [ 3.69568500e-09]]), 1.9728758627587715), (2.1661583879452838e-05, Vec([[-4.71299700e-07],
     [-8.91365200e-09],
     [-1.45933604e-09]]), 1.9953377484867487), (2.190695637827443e-05, Vec([[-4.79213764e-07],
     [-6.54237859e-09],
     [-1.18047670e-09]]), 2.000630469889508), (2.2230474449578612e-05, Vec([[-5.06478117e-07],
     [-2.73348545e-09],
     [ 1.44680021e-09]]), 2.0209775853066527), (2.2339537589377535e-05, Vec([[-4.98832664e-07],
     [ 1.58572049e-08],
     [ 1.33185870e-09]]), 2.029869651817677), (2.236855286794134e-05, Vec([[-4.69782305e-07],
     [ 8.53088746e-09],
     [-3.59536425e-10]]), 2.0396919076342814), (2.246310990449531e-05, Vec([[-4.39606044e-07],
     [-1.15453828e-08],
     [ 5.36652361e-10]]), 2.0639217070033067), (2.238254062412241e-05, Vec([[-4.05889646e-07],
     [-2.84560626e-09],
     [ 4.06985078e-09]]), 2.0807521345963202), (2.1842329951304382e-05, Vec([[-3.28752427e-07],
     [ 1.80318103e-08],
     [-4.47497031e-09]]), 2.0631513416723033), (2.163464925031438e-05, Vec([[-2.73113449e-07],
     [ 1.04497956e-09],
     [ 1.33026998e-09]]), 2.0854326764395132), (2.148089219317256e-05, Vec([[-1.96619049e-07],
     [-8.94537721e-09],
     [-5.97709850e-10]]), 2.122679660648542), (2.0948400379243865e-05, Vec([[-1.18973912e-07],
     [-6.22688660e-09],
     [ 8.30017830e-10]]), 2.1322646983097893), (2.0272899988015873e-05, Vec([[-4.63103018e-08],
     [ 1.13880114e-08],
     [-3.28861170e-09]]), 2.13630497137181), (2.0337791004928904e-05, Vec([[ 4.07086874e-08],
     [-3.91384370e-09],
     [ 1.03209942e-09]]), 2.143143016353565), (2.0892177477116265e-05, Vec([[ 1.23691200e-07],
     [-5.58048570e-09],
     [ 4.73708212e-10]]), 2.1265419649615196), (2.111833321386025e-05, Vec([[1.99475699e-07],
     [1.59109138e-08],
     [1.57168625e-09]]), 2.086852630548909), (2.169280215247254e-05, Vec([[2.66835454e-07],
     [2.40289131e-09],
     [3.95029212e-09]]), 2.091038219704266), (2.2184593132996558e-05, Vec([[3.25757555e-07],
     [1.65765218e-08],
     [4.02979320e-09]]), 2.0954803443056083), (2.2192489269962127e-05, Vec([[ 3.88013728e-07],
     [ 6.07430740e-11],
     [-2.67954552e-09]]), 2.063084356505671), (2.2296962798255382e-05, Vec([[ 4.37992644e-07],
     [-2.23473711e-08],
     [-7.45056149e-09]]), 2.0486560282712745), (2.235592839149485e-05, Vec([[ 4.77210279e-07],
     [-3.08685465e-09],
     [-4.71364804e-09]]), 2.038540736049868), (2.2186491990354385e-05, Vec([[4.91832164e-07],
     [3.11589070e-08],
     [7.69026418e-09]]), 2.0159632486274384), (2.230903596621352e-05, Vec([[ 5.06362342e-07],
     [-5.78408466e-09],
     [ 1.35585060e-09]]), 2.0281196309947442), (2.213531652678962e-05, Vec([[ 4.75072468e-07],
     [-4.36627566e-08],
     [-2.31747248e-09]]), 2.021485227772764), (2.1572826710441948e-05, Vec([[ 4.72956220e-07],
     [-6.78732220e-09],
     [ 2.54759751e-09]]), 1.9871619599219883), (2.1357748294487574e-05, Vec([[ 4.22314797e-07],
     [ 5.73180920e-10],
     [-2.44961726e-09]]), 1.9926139450395144), (2.068753618870793e-05, Vec([[3.66256177e-07],
     [1.72799027e-09],
     [3.04484525e-09]]), 1.9632007383595553), (2.028141324924024e-05, Vec([[ 3.11205818e-07],
     [-1.17323845e-08],
     [ 1.90461811e-09]]), 1.9663154404422107), (1.970277484297629e-05, Vec([[ 2.57765620e-07],
     [-5.53529824e-09],
     [ 1.62805965e-10]]), 1.9605413437439636), (1.9139965544596114e-05, Vec([[ 1.82925313e-07],
     [ 2.74942240e-09],
     [-1.13472460e-10]]), 1.9641956100843083), (1.8594549526823607e-05, Vec([[1.20550167e-07],
     [1.00590423e-08],
     [1.21832771e-09]]), 1.9781517639291524), (1.7877085262776726e-05, Vec([[ 4.71832483e-08],
     [ 5.04264024e-10],
     [-2.58645803e-09]]), 1.9824566805540702), (1.709296044115259e-05, Vec([[-4.14136717e-08],
     [ 1.31681198e-09],
     [-4.08910308e-11]]), 1.987781734159877), (1.6477917603429257e-05, Vec([[-9.01815021e-08],
     [ 2.86394524e-09],
     [ 1.21995986e-09]]), 2.022883284330637), (1.5954353854045234e-05, Vec([[-1.68857130e-07],
     [-2.70851303e-09],
     [-1.09550487e-09]]), 2.08289455612343), (1.5261170019882716e-05, Vec([[-2.51691248e-07],
     [-2.02818757e-09],
     [-3.69121845e-10]]), 2.1365793124711874), (1.425317935430389e-05, Vec([[-2.85764215e-07],
     [-3.28358536e-10],
     [-7.97510436e-10]]), 2.1605069031255457), (1.3330382845521152e-05, Vec([[-3.52288335e-07],
     [ 6.31755475e-09],
     [-3.71371472e-10]]), 2.2128819112764857), (1.4195450927410334e-05, Vec([[-3.42179023e-07],
     [-8.57005821e-09],
     [-1.82576070e-10]]), 2.2481742192500835), (1.479541824046288e-05, Vec([[-2.88330064e-07],
     [-2.43219265e-09],
     [ 2.39357116e-10]]), 2.1525504886854225), (1.5580088796372192e-05, Vec([[-2.09427404e-07],
     [-5.37239923e-09],
     [-9.46563719e-10]]), 2.1040008202701515), (1.6139746091080866e-05, Vec([[-1.37163302e-07],
     [ 1.46548377e-10],
     [-4.67217939e-11]]), 2.0412717319301694), (1.6820926788467115e-05, Vec([[-7.59391612e-08],
     [ 2.82139714e-09],
     [ 1.33481338e-10]]), 2.0080846109681234), (1.7551390740431034e-05, Vec([[ 1.78425095e-08],
     [ 4.55552448e-09],
     [-3.37322415e-09]]), 1.9915874274235235), (1.8229672956630384e-05, Vec([[7.42928973e-08],
     [1.41758978e-08],
     [1.41128370e-09]]), 1.9785956646060903), (1.8528125048336746e-05, Vec([[ 1.39520037e-07],
     [ 4.35311420e-09],
     [-3.14040649e-09]]), 1.9346447124608488), (1.930370859074792e-05, Vec([[2.08947384e-07],
     [1.17899534e-08],
     [2.60720299e-09]]), 1.9494697731546358), (1.990600318662715e-05, Vec([[2.69815215e-07],
     [1.53007613e-09],
     [5.47095799e-10]]), 1.9540264973510755), (2.0570198361928094e-05, Vec([[ 3.49741994e-07],
     [-1.12750003e-08],
     [ 2.94402564e-09]]), 1.971970184005053), (2.0845493869520872e-05, Vec([[ 3.84859187e-07],
     [-2.44909849e-08],
     [-1.44967199e-10]]), 1.9603769778442208), (2.1404760007826787e-05, Vec([[ 4.37842305e-07],
     [-2.00792067e-08],
     [-7.43899845e-10]]), 1.9832605635711018), (2.1791363773058793e-05, Vec([[ 4.86469872e-07],
     [-7.00027566e-09],
     [ 3.78858866e-10]]), 1.9976398847252506), (2.223831770583145e-05, Vec([[ 4.99001856e-07],
     [-1.67483567e-08],
     [ 3.08155411e-09]]), 2.0252605698702055), (2.250058894327961e-05, Vec([[4.94311468e-07],
     [8.85363661e-09],
     [1.78532892e-11]]), 2.043988915108816), (2.2516752573658447e-05, Vec([[ 4.98291119e-07],
     [-4.69311587e-08],
     [ 1.46706741e-09]]), 2.048550636376314), (2.248894642275263e-05, Vec([[ 4.55853378e-07],
     [ 1.95609011e-09],
     [-1.86923319e-09]]), 2.0574168316302432), (2.231847857573546e-05, Vec([[ 4.12339669e-07],
     [ 2.13499986e-08],
     [-1.09183174e-09]]), 2.0616055947362963), (2.2160540497575636e-05, Vec([[3.48171002e-07],
     [2.14617869e-08],
     [1.73535956e-09]]), 2.075484062756522), (2.1922304994571588e-05, Vec([[3.03636491e-07],
     [1.40245166e-08],
     [1.12336365e-09]]), 2.0906646234601496), (2.1681671317099337e-05, Vec([[ 2.30816772e-07],
     [ 1.11083867e-08],
     [-4.36957535e-09]]), 2.114851117364431), (2.1225283565405566e-05, Vec([[1.56988057e-07],
     [1.04929285e-08],
     [8.13218440e-10]]), 2.1273963500871163), (2.060477361183491e-05, Vec([[ 7.89051842e-08],
     [ 3.90597671e-08],
     [-1.55790783e-09]]), 2.132567097157248), (2.0021445284829758e-05, Vec([[3.59261315e-09],
     [3.44012275e-08],
     [2.14297072e-09]]), 2.15101798923019)]