[(1.9960929321450047e-05, array([[ 2.77361461e-10],
       [-2.83764832e-08],
       [ 6.47353209e-10]]), 2.1445164143431876), (2.0691621231921708e-05, array([[-6.00075015e-08],
       [-1.15201777e-08],
       [-9.51581531e-10]]), 2.1415557121526168), (2.1182451839109003e-05, array([[-1.08981891e-07],
       [ 3.34781046e-09],
       [ 2.43375411e-09]]), 2.1231033540519646), (2.1682478505740033e-05, array([[-1.52461378e-07],
       [ 1.24899065e-09],
       [ 1.52093110e-09]]), 2.1149298513224237), (2.2273801209026514e-05, array([[-1.74577368e-07],
       [ 1.24164433e-08],
       [-1.49763037e-09]]), 2.124185765558256), (2.2174299233286663e-05, array([[-2.16006845e-07],
       [ 1.67815050e-08],
       [ 2.01608580e-09]]), 2.076772661141343), (2.2354629227327035e-05, array([[-2.49793669e-07],
       [ 1.91242310e-08],
       [ 2.38466479e-09]]), 2.0649449077329973), (2.2648187343788487e-05, array([[-2.42556229e-07],
       [ 2.62813175e-08],
       [ 1.83423126e-09]]), 2.071985097526951), (2.2464786557515745e-05, array([[-2.44736216e-07],
       [-2.78127724e-09],
       [-1.16730019e-09]]), 2.0438228224923702), (2.2477562208487134e-05, array([[-2.50567411e-07],
       [ 3.99337031e-10],
       [ 9.71190620e-10]]), 2.041897130276623), (2.23140803517106e-05, array([[-2.22928209e-07],
       [ 6.03525185e-09],
       [ 5.48946866e-09]]), 2.032160331866493), (2.212936625649179e-05, array([[-1.82917433e-07],
       [-1.50844416e-08],
       [-1.03561577e-09]]), 2.028624968957415), (2.1600758083272212e-05, array([[-1.54891655e-07],
       [ 1.34726644e-08],
       [ 3.22882477e-09]]), 2.0014207883727155), (2.1365081086752153e-05, array([[-9.04917072e-08],
       [ 3.55825160e-09],
       [-1.92790154e-09]]), 2.0092406231489575), (2.09254772437687e-05, array([[-2.91373150e-08],
       [-8.21864944e-09],
       [ 5.44918901e-10]]), 2.0060291342236876), (2.0211548246998788e-05, array([[ 2.21398016e-08],
       [ 4.00174857e-09],
       [-2.03553733e-09]]), 1.984019617441702), (2.0029960557147644e-05, array([[ 1.07719623e-07],
       [ 4.39133894e-09],
       [-1.65392004e-09]]), 2.0228135168987245), (1.927590065110626e-05, array([[ 1.85882240e-07],
       [-1.28202638e-08],
       [-1.76314255e-09]]), 2.0127249344061946), (1.866329228437446e-05, array([[2.47511530e-07],
       [2.75000304e-09],
       [2.19843024e-09]]), 2.0256594448508047), (1.796323481999277e-05, array([[ 3.17610173e-07],
       [-2.74089962e-09],
       [-2.93307502e-09]]), 2.038320105365933), (1.727517889926475e-05, array([[ 3.69610397e-07],
       [-2.15090657e-09],
       [-6.92965034e-10]]), 2.0623132919833647), (1.676634492614491e-05, array([[ 4.43579842e-07],
       [ 6.78869384e-09],
       [-2.20304807e-10]]), 2.1205207165212863), (1.5707031405064222e-05, array([[ 5.06204980e-07],
       [-8.84064434e-09],
       [ 2.79998739e-10]]), 2.121143684878049), (1.5117906494158057e-05, array([[ 5.77879880e-07],
       [ 6.69865338e-09],
       [-4.55651935e-10]]), 2.1994685437755037), (1.4059953372388539e-05, array([[ 5.90612236e-07],
       [-1.20099005e-08],
       [-3.44648614e-10]]), 2.226715083395286), (1.3696295228628476e-05, array([[6.36755702e-07],
       [5.55974093e-09],
       [5.57051211e-10]]), 2.273624419805588), (1.4605853023580635e-05, array([[ 5.88202604e-07],
       [-5.52888754e-09],
       [ 4.08612050e-10]]), 2.2139654247706098), (1.547173339989547e-05, array([[ 5.34758608e-07],
       [-5.40055377e-09],
       [ 1.05965080e-09]]), 2.1660583996652316), (1.6234579526703065e-05, array([[4.84347428e-07],
       [9.02468122e-09],
       [2.05135427e-09]]), 2.119478960192984), (1.6789993251247863e-05, array([[ 4.13672510e-07],
       [ 1.10569275e-08],
       [-2.23042951e-10]]), 2.0611947158241124), (1.7689366472389486e-05, array([[ 3.42175571e-07],
       [-1.42773601e-08],
       [ 8.75174084e-10]]), 2.0571392348173556), (1.8339499284203433e-05, array([[ 2.65859872e-07],
       [-1.94659342e-08],
       [ 8.38269837e-10]]), 2.0337354965626284), (1.9041313747440954e-05, array([[ 1.81937282e-07],
       [-7.45531171e-09],
       [-1.46654696e-09]]), 2.0256800694575943), (1.9719009484192523e-05, array([[ 1.25475466e-07],
       [-7.00663653e-09],
       [-2.38749887e-09]]), 2.023618682793146), (1.999083534538315e-05, array([[ 6.18539146e-08],
       [ 6.15041042e-09],
       [-2.41011044e-09]]), 1.9892050486773647), (2.081291083232708e-05, array([[-1.32536062e-08],
       [-1.07282055e-08],
       [ 7.86627469e-09]]), 2.0178449808809424), (2.1026404408176595e-05, array([[-8.94648787e-08],
       [ 3.87189671e-09],
       [ 2.28872855e-09]]), 1.9953585715881739), (2.1457704054206575e-05, array([[-1.03686180e-07],
       [-1.76378231e-08],
       [ 2.38606344e-09]]), 2.001939518033299), (2.191699208191902e-05, array([[-1.65417540e-07],
       [ 9.43851962e-09],
       [ 2.87721067e-09]]), 2.018864450434769), (2.2123346359820543e-05, array([[-2.03259962e-07],
       [-1.01887820e-08],
       [-5.16008343e-09]]), 2.0203920644709132), (2.2229031419694974e-05, array([[-2.58877914e-07],
       [-7.82773976e-10],
       [-2.96972981e-09]]), 2.0208463991254324), (2.240005083913892e-05, array([[-2.39982444e-07],
       [ 4.95620840e-09],
       [-4.06505924e-10]]), 2.0353681545835487), (2.244673723189471e-05, array([[-2.38382590e-07],
       [-4.81654004e-09],
       [-3.16070995e-09]]), 2.046821202738919), (2.2419566151694563e-05, array([[-2.50849254e-07],
       [ 3.67707998e-08],
       [ 4.40182459e-10]]), 2.059920885345401), (2.2225063136004276e-05, array([[-2.24965076e-07],
       [ 2.32781361e-09],
       [-7.87515633e-10]]), 2.066112526651209), (2.2076370576670184e-05, array([[-2.03646106e-07],
       [ 2.15608471e-08],
       [-2.15126656e-09]]), 2.085258013959819), (2.174810690822677e-05, array([[-1.61729488e-07],
       [ 1.29343246e-08],
       [-1.06830076e-09]]), 2.0963692210751668), (2.1331309768275317e-05, array([[-1.26394280e-07],
       [-4.82159478e-09],
       [-3.08570805e-09]]), 2.107898357895168), (2.0644686100375824e-05, array([[-8.10108013e-08],
       [-1.40541498e-08],
       [-1.60334666e-09]]), 2.1013506798893378), (2.021061646125077e-05, array([[-2.50693075e-08],
       [ 2.48249432e-08],
       [-2.76164369e-09]]), 2.129741696855509), (2.019143894355789e-05, array([[ 3.42810375e-08],
       [-1.65100598e-08],
       [ 9.63785098e-10]]), 2.1277208203943174), (2.0595467291845123e-05, array([[7.58631567e-08],
       [1.13547234e-08],
       [1.29289655e-09]]), 2.0963408688286873), (2.14109201500638e-05, array([[1.26140009e-07],
       [1.20880949e-08],
       [3.26095736e-09]]), 2.1157652256527637), (2.1788219529606528e-05, array([[ 1.64072323e-07],
       [-1.37285768e-08],
       [-6.95289746e-10]]), 2.1002358042767306), (2.2131612890710492e-05, array([[ 2.06320370e-07],
       [-3.22388748e-09],
       [ 1.34336986e-09]]), 2.090476012890494), (2.2363651568411976e-05, array([[2.32049035e-07],
       [4.59076345e-09],
       [3.31054768e-09]]), 2.0789961479257264), (2.2469031753730956e-05, array([[2.40869284e-07],
       [2.78169829e-08],
       [2.04589782e-09]]), 2.0644658094555064), (2.2273329850313982e-05, array([[ 2.43025163e-07],
       [-1.74899628e-08],
       [ 4.38559915e-10]]), 2.0310089311528925), (2.236734040226555e-05, array([[ 2.48614134e-07],
       [ 2.31377602e-08],
       [-6.38451556e-10]]), 2.032395938939365), (2.246629186893763e-05, array([[ 2.39602553e-07],
       [-2.89588396e-09],
       [-4.50521713e-09]]), 2.0424158015638167), (2.1988802796025803e-05, array([[2.16670442e-07],
       [1.19997553e-08],
       [2.71240996e-09]]), 2.008105010595998), (2.177632196166494e-05, array([[1.88817997e-07],
       [1.42176730e-08],
       [2.18235913e-09]]), 2.005906746021778), (2.158192618658879e-05, array([[ 1.17704081e-07],
       [-5.31891849e-10],
       [ 3.75841091e-09]]), 2.0135290709137967), (2.111082388164818e-05, array([[ 7.06328688e-08],
       [ 7.37843179e-09],
       [-8.69201561e-10]]), 2.003369790088992), (2.0462078420694395e-05, array([[ 1.85448356e-08],
       [-2.61161923e-09],
       [-2.14400869e-09]]), 1.9838312176622108), (2.02378753142993e-05, array([[-5.13854046e-08],
       [ 2.57383954e-09],
       [-3.61161573e-09]]), 2.0137869705882263), (1.9712205224985853e-05, array([[-1.30860747e-07],
       [-3.38753948e-09],
       [-3.96813583e-09]]), 2.0229204111043875), (1.9150628628626843e-05, array([[-1.84370800e-07],
       [ 9.35735285e-09],
       [ 1.93262511e-09]]), 2.0373093603274617), (1.819999755434044e-05, array([[-2.99765798e-07],
       [ 1.17192447e-08],
       [ 2.73891738e-09]]), 2.0182656292855747), (1.765680615761132e-05, array([[-3.49772201e-07],
       [ 3.42303523e-09],
       [-5.38516492e-10]]), 2.053352717016805), (1.6938801238001788e-05, array([[-3.97844695e-07],
       [ 6.69464280e-09],
       [-1.91491423e-09]]), 2.0794628730163027), (1.6255669080751506e-05, array([[-4.68253616e-07],
       [ 5.53323313e-10],
       [ 1.90336504e-11]]), 2.1222322724060905), (1.5555995874269994e-05, array([[-5.43135927e-07],
       [ 9.16142908e-09],
       [ 1.21085614e-10]]), 2.177855231712296), (1.4640106970670276e-05, array([[-5.98527374e-07],
       [ 1.09196099e-09],
       [ 5.61785726e-11]]), 2.2191576620467166), (1.3660365811242756e-05, array([[-6.41465827e-07],
       [-4.84522970e-09],
       [-3.90599621e-10]]), 2.2676600331306567), (1.4184300509031887e-05, array([[-6.18889459e-07],
       [ 2.74801987e-09],
       [-2.05820449e-11]]), 2.2464082955566083), (1.4975577549632612e-05, array([[-5.43770303e-07],
       [ 2.25265595e-09],
       [ 4.85585984e-10]]), 2.1787614414744403), (1.5498004548842795e-05, array([[-4.99048502e-07],
       [-2.40663344e-09],
       [ 2.57185932e-10]]), 2.092915817713984), (1.6757730816739863e-05, array([[-4.52234864e-07],
       [-1.46376465e-08],
       [-1.32024643e-09]]), 2.1194312484512783), (1.7345657519099657e-05, array([[-3.82597695e-07],
       [-1.23041593e-08],
       [ 1.22743311e-09]]), 2.070727039553433), (1.7929572289190484e-05, array([[-2.98556230e-07],
       [ 1.36260046e-09],
       [-1.76294526e-09]]), 2.034500358309272), (1.8886185065194572e-05, array([[-2.16770523e-07],
       [ 5.92622270e-10],
       [ 1.11205681e-09]]), 2.049851578788251), (1.92723886618979e-05, array([[-1.55026178e-07],
       [ 1.60235450e-09],
       [ 3.94405649e-09]]), 2.0123582242650206), (1.9872519105376067e-05, array([[-7.50866391e-08],
       [ 4.61958891e-10],
       [-5.30610726e-10]]), 2.0069136005781174), (2.0335732201313707e-05, array([[-3.30690128e-08],
       [-1.81919117e-09],
       [-3.21093735e-09]]), 1.9962098464395663), (2.0942605749748068e-05, array([[ 1.06967064e-08],
       [-1.67610627e-08],
       [-6.07653591e-10]]), 2.0076711652091723), (2.1392175962229872e-05, array([[ 1.12530085e-07],
       [-1.87698639e-08],
       [-3.46608989e-10]]), 2.011788711979885), (2.154026718922418e-05, array([[ 1.49105824e-07],
       [ 1.02432725e-08],
       [-3.11814385e-09]]), 1.9958159974487932), (2.1939933549756147e-05, array([[ 1.96172316e-07],
       [-5.89378778e-09],
       [-6.27528642e-09]]), 2.011259450470938), (2.2382379956326933e-05, array([[2.25441870e-07],
       [1.20426063e-08],
       [2.18537029e-09]]), 2.038380428997803), (2.2571936730709023e-05, array([[ 2.45205799e-07],
       [-4.74854867e-09],
       [-3.78485118e-10]]), 2.0504702604189706), (2.2353238424190216e-05, array([[ 2.47735297e-07],
       [-5.53860191e-09],
       [ 3.50544570e-09]]), 2.0336742898048494), (2.230520454928105e-05, array([[ 2.57339537e-07],
       [-6.98419776e-09],
       [ 7.06976695e-09]]), 2.0406070791389825), (2.2271879555562644e-05, array([[2.39370272e-07],
       [1.60622374e-08],
       [2.38658633e-09]]), 2.057301143589615), (2.2284035180323964e-05, array([[ 2.33118988e-07],
       [-1.89546786e-08],
       [ 3.19439713e-09]]), 2.087050172613246), (2.1912611993677635e-05, array([[ 1.90541911e-07],
       [-6.62666935e-10],
       [-2.22816608e-09]]), 2.089740230971805), (2.173577184112455e-05, array([[ 1.51763766e-07],
       [ 5.12209338e-09],
       [-4.19919445e-10]]), 2.1201281346206837), (2.1187074280287523e-05, array([[1.06192605e-07],
       [3.17625055e-08],
       [2.31834423e-10]]), 2.123566658321205), (2.0742737570677964e-05, array([[5.59011550e-08],
       [2.04551513e-08],
       [8.95402927e-12]]), 2.1468461863025543), (2.0051180164477377e-05, array([[ 2.98544772e-09],
       [-2.10439710e-08],
       [ 1.21349656e-09]]), 2.154212576839612)]