[(0.00010249987986852817, array([[ 1.07898381e-08],
       [-1.65589777e-08],
       [ 1.34902898e-10]]), 2.324268062039304), (0.00010186101955414676, array([[-2.38914736e-07],
       [-9.16370975e-08],
       [-3.23579419e-09]]), 2.3141958860431577), (0.00010104889589818052, array([[-5.48304808e-07],
       [ 3.85481703e-08],
       [ 5.39328986e-09]]), 2.309458383267674), (9.899534675528734e-05, array([[-7.43741402e-07],
       [-5.44749803e-09],
       [ 2.44695590e-09]]), 2.2853785518070926), (9.724300814413621e-05, array([[-1.05915188e-06],
       [-9.60640205e-08],
       [-1.64652474e-08]]), 2.277094530355138), (9.462526877989367e-05, array([[-1.34362190e-06],
       [-1.52491047e-08],
       [-1.67237831e-10]]), 2.2572315454774357), (9.15732230767144e-05, array([[-1.51914390e-06],
       [-3.64340137e-09],
       [ 1.28727274e-08]]), 2.2352259551373708), (8.875231504946645e-05, array([[-1.68554889e-06],
       [ 5.75951838e-08],
       [ 9.48870884e-10]]), 2.227130095140575), (8.432094907026367e-05, array([[-1.78845824e-06],
       [-1.98042191e-08],
       [ 1.76249223e-09]]), 2.1860448236287935), (8.009627445266928e-05, array([[-1.94832987e-06],
       [-5.59132790e-09],
       [-7.12586634e-09]]), 2.1566673382584076), (7.623047194832936e-05, array([[-2.05214117e-06],
       [-5.09781855e-08],
       [ 3.19252427e-09]]), 2.143961486271462), (7.208092199776206e-05, array([[-2.25784552e-06],
       [-1.77710466e-09],
       [-1.82982074e-08]]), 2.1306987145553347), (6.743440247782755e-05, array([[-2.31110739e-06],
       [-1.19964682e-08],
       [ 4.82229443e-09]]), 2.1094803211359627), (6.275325048878908e-05, array([[-2.35349614e-06],
       [-1.21609575e-08],
       [-1.41454107e-08]]), 2.093437247589704), (5.710609469026319e-05, array([[-2.30563301e-06],
       [ 1.83872744e-08],
       [-4.38378057e-11]]), 2.049432184579973), (5.2103287361131085e-05, array([[-2.25736502e-06],
       [ 3.07991620e-08],
       [ 5.45627013e-09]]), 2.0320841518552486), (4.719971215062787e-05, array([[-2.08301046e-06],
       [-2.12510685e-08],
       [ 5.74026091e-10]]), 2.024605164158714), (4.21372611089076e-05, array([[-1.96134546e-06],
       [-2.25039574e-09],
       [ 7.84904554e-09]]), 2.0169187927619214), (3.870310406920869e-05, array([[-1.77331792e-06],
       [-1.10933669e-08],
       [-1.30263172e-09]]), 2.044287822427703), (3.5252012213091304e-05, array([[-1.37842172e-06],
       [-4.26302427e-09],
       [ 8.96776712e-10]]), 2.0268317949308488), (3.244680744503331e-05, array([[-1.05756044e-06],
       [ 1.98010063e-08],
       [ 2.82329718e-09]]), 2.05580929566987), (2.9363232912387822e-05, array([[-7.19396960e-07],
       [ 2.19326653e-09],
       [-9.78632981e-10]]), 2.0810597875609336), (2.6028149015215893e-05, array([[-4.92915133e-07],
       [ 2.17556855e-08],
       [-6.36940171e-09]]), 2.1024863292225713), (2.2506366053676382e-05, array([[-2.62155652e-07],
       [ 3.40002403e-09],
       [-1.35067444e-09]]), 2.1232820267893104), (1.9788943193208355e-05, array([[-8.56595193e-08],
       [-1.54030193e-08],
       [ 2.42481430e-09]]), 2.254579839156348), (1.777370270617781e-05, array([[-6.92766672e-09],
       [-1.37491631e-08],
       [-4.64980433e-10]]), 2.2635282571668114), (2.051815836874419e-05, array([[-1.03826731e-07],
       [-3.64094233e-09],
       [-1.32849723e-10]]), 2.1167163747438447), (2.3666178822964893e-05, array([[-2.49247826e-07],
       [ 9.12940301e-09],
       [ 1.02509691e-09]]), 2.0587274568669005), (2.6265745386506197e-05, array([[-4.21068043e-07],
       [ 3.99647020e-09],
       [ 1.02325530e-09]]), 1.9821115476730728), (2.9278560919235193e-05, array([[-6.60733496e-07],
       [ 2.08035068e-08],
       [ 8.36532737e-10]]), 1.957921918113854), (3.2277216926952024e-05, array([[-9.75297953e-07],
       [ 1.02200268e-10],
       [ 7.93612717e-09]]), 1.9448579821263432), (3.468185506771637e-05, array([[-1.24072165e-06],
       [ 1.19791451e-08],
       [-4.13921117e-09]]), 1.908570359344984), (3.7968908612675536e-05, array([[-1.58631229e-06],
       [-2.28755629e-10],
       [-1.24987019e-09]]), 1.929909818549449), (4.3323820147007855e-05, array([[-1.70945585e-06],
       [-1.50233153e-08],
       [ 3.44861459e-09]]), 1.9591477953659984), (4.901639238320437e-05, array([[-1.77268472e-06],
       [-8.93050454e-09],
       [ 7.62082348e-09]]), 2.0015667793932175), (5.396569627247803e-05, array([[-1.85323960e-06],
       [ 1.31106294e-08],
       [ 9.01242894e-09]]), 2.0162175601528003), (5.974398364691259e-05, array([[-1.97131707e-06],
       [ 1.70205841e-08],
       [-2.23813236e-09]]), 2.0647772837243896), (6.443168124615311e-05, array([[-2.02349440e-06],
       [ 4.24962755e-08],
       [-1.62856493e-08]]), 2.0792902573893812), (6.91831765221605e-05, array([[-1.92306924e-06],
       [ 3.56139996e-09],
       [-2.62584695e-09]]), 2.1018687160914666), (7.482233858130127e-05, array([[-1.89838659e-06],
       [ 7.51386284e-09],
       [-6.80378812e-09]]), 2.1556248233819018), (7.933611845500439e-05, array([[-1.88963983e-06],
       [ 4.36077032e-08],
       [-7.83700912e-09]]), 2.181618746783962), (8.307650136997454e-05, array([[-1.76406954e-06],
       [ 4.55881291e-09],
       [-1.18033208e-08]]), 2.1934556132348977), (8.6986622701089e-05, array([[-1.53431476e-06],
       [-2.38400722e-08],
       [-1.80750142e-08]]), 2.217281397356769), (9.13437614272048e-05, array([[-1.41265594e-06],
       [ 1.05208145e-09],
       [-1.42465491e-09]]), 2.259321663702438), (9.425271289602514e-05, array([[-1.06946493e-06],
       [ 1.41695624e-08],
       [ 6.50413546e-09]]), 2.273041811468245), (9.639268395336541e-05, array([[-9.77282287e-07],
       [-4.06358522e-08],
       [ 1.48465289e-09]]), 2.2769451281475894), (9.859335508239794e-05, array([[-8.07250194e-07],
       [-6.64063411e-08],
       [ 2.45794365e-09]]), 2.2911365429103574), (0.00010085122830028485, array([[-6.20762730e-07],
       [-3.79472751e-08],
       [-2.52519288e-09]]), 2.3153570437068103), (0.0001022352207683189, array([[-3.71085073e-07],
       [-3.11706552e-08],
       [ 3.91086047e-09]]), 2.3284410270448914), (0.00010260303268099008, array([[-1.45195977e-07],
       [-3.41094012e-08],
       [-1.21607266e-09]]), 2.3276558761289308), (0.00010239706880555456, array([[ 8.62000715e-08],
       [ 2.77396176e-08],
       [-2.73923421e-09]]), 2.3229833726716653), (0.00010165117291716932, array([[ 2.33427377e-07],
       [-1.77128914e-08],
       [ 6.64870492e-10]]), 2.31513914371981), (0.00010117689372804117, array([[6.55970875e-07],
       [1.32439100e-09],
       [1.45108245e-09]]), 2.3228337175634954), (9.904080054637973e-05, array([[8.57223595e-07],
       [2.50651455e-08],
       [2.67213191e-09]]), 2.301534390236187), (9.655100875537729e-05, array([[ 1.11081949e-06],
       [-7.31497006e-08],
       [-1.06327852e-08]]), 2.2806850062360575), (9.427504481898697e-05, array([[ 1.28262620e-06],
       [-2.09742006e-08],
       [-3.87669147e-11]]), 2.273580378402426), (9.105085551904408e-05, array([[ 1.49454970e-06],
       [-2.49234898e-08],
       [ 2.49704718e-10]]), 2.2520768485843163), (8.748623213366358e-05, array([[ 1.57484524e-06],
       [-4.42175448e-09],
       [ 3.78871767e-09]]), 2.2300163980544987), (8.341810141365922e-05, array([[1.80407324e-06],
       [1.00214967e-08],
       [1.16087154e-08]]), 2.202474824695965), (7.944890898644523e-05, array([[ 1.86745803e-06],
       [-2.55839364e-08],
       [ 2.75149844e-09]]), 2.184720309384236), (7.43647255239766e-05, array([[ 1.96712669e-06],
       [-1.14702116e-08],
       [-1.20323162e-08]]), 2.1424410324903502), (6.944366848838968e-05, array([[ 1.92612864e-06],
       [-1.42929101e-08],
       [-4.04829655e-09]]), 2.10978277760373), (6.51543185061016e-05, array([[ 1.99269570e-06],
       [-7.76322533e-09],
       [ 5.46036596e-09]]), 2.102610657931112), (5.957308058231524e-05, array([[1.96262037e-06],
       [8.47490571e-08],
       [1.19555476e-08]]), 2.0588708016996042), (5.3991428320416975e-05, array([[ 1.89029379e-06],
       [-2.26437379e-08],
       [ 3.34862791e-09]]), 2.017178937666606), (4.878107699296621e-05, array([[1.84895512e-06],
       [3.29246159e-08],
       [1.15661654e-08]]), 1.9919577599431824), (4.30259783426483e-05, array([[ 1.65411991e-06],
       [-2.65176962e-08],
       [ 3.34819829e-09]]), 1.945679082025421), (3.825959375045922e-05, array([[1.63086185e-06],
       [5.55470980e-09],
       [2.88336139e-09]]), 1.944684962792808), (3.4874366327747886e-05, array([[ 1.25197768e-06],
       [-5.29014453e-09],
       [-1.88708387e-09]]), 1.9191644087122655), (3.225316547374805e-05, array([[9.53427367e-07],
       [2.47973392e-08],
       [4.73354925e-11]]), 1.9434087660786459), (2.9801823796502356e-05, array([[6.68666165e-07],
       [4.59151197e-08],
       [3.34893103e-09]]), 1.9929136603365263), (2.601884367106948e-05, array([[ 4.35022673e-07],
       [-2.06870620e-08],
       [ 7.51473515e-11]]), 1.9634794192447347), (2.3751992879818127e-05, array([[ 2.45728309e-07],
       [-3.10876331e-08],
       [ 2.80364047e-10]]), 2.066192445463093), (2.0602478699884654e-05, array([[ 1.02351844e-07],
       [-2.69654315e-08],
       [ 1.29132677e-09]]), 2.1254151196526796), (1.805225951773611e-05, array([[ 8.26706682e-09],
       [-1.02883750e-08],
       [ 2.46040783e-10]]), 2.299003207131477), (1.984688697157961e-05, array([[ 1.05019538e-07],
       [ 2.71833574e-08],
       [-2.78670233e-10]]), 2.2611814486129447), (2.3024735364768565e-05, array([[ 2.68950867e-07],
       [ 3.07378011e-08],
       [-1.30691862e-09]]), 2.172185712033579), (2.6248712615207505e-05, array([[ 4.92601348e-07],
       [-4.04749233e-08],
       [ 1.02509089e-09]]), 2.1203028844234617), (2.9097568853999553e-05, array([[ 7.64369595e-07],
       [ 1.18138561e-08],
       [-1.61287414e-09]]), 2.06223138434792), (3.253341554042268e-05, array([[1.06111524e-06],
       [4.41679253e-09],
       [4.39302243e-09]]), 2.061296730077195), (3.5889114177941e-05, array([[ 1.39025951e-06],
       [ 1.45069532e-08],
       [-2.27925539e-09]]), 2.063462286012173), (3.836063771278731e-05, array([[ 1.74973015e-06],
       [-1.72326582e-09],
       [ 2.96371800e-09]]), 2.0261988391572263), (4.2358822876407046e-05, array([[ 2.05845232e-06],
       [ 3.17415441e-09],
       [-1.33446129e-10]]), 2.0275239455617737), (4.7411673540194224e-05, array([[2.17685864e-06],
       [3.56783089e-08],
       [7.80513483e-09]]), 2.033697129011145), (5.221852079855922e-05, array([[ 2.21359539e-06],
       [-2.15976786e-08],
       [-8.00343335e-10]]), 2.036578379644343), (5.743345825495338e-05, array([[2.30882658e-06],
       [1.34297976e-08],
       [5.79402172e-09]]), 2.0611806578239196), (6.263022237518236e-05, array([[ 2.26597553e-06],
       [-1.70900698e-09],
       [-6.08671969e-10]]), 2.0893330516553283), (6.692387423505292e-05, array([[ 2.24373270e-06],
       [-2.70031298e-08],
       [ 1.33436365e-08]]), 2.093509996762268), (7.155618461893417e-05, array([[ 2.19870772e-06],
       [-8.11762184e-08],
       [ 2.15975895e-08]]), 2.115187574748017), (7.572987277697448e-05, array([[ 2.16675468e-06],
       [-2.14679744e-08],
       [ 9.76412686e-09]]), 2.1298822694436867), (8.015363722573384e-05, array([[ 2.08293126e-06],
       [-3.97457058e-08],
       [ 1.36923087e-08]]), 2.1582118847425695), (8.480870965918955e-05, array([[ 1.83275900e-06],
       [-7.91024699e-08],
       [ 1.12343179e-08]]), 2.1986901569931407), (8.847567612541033e-05, array([[1.54887366e-06],
       [3.70719703e-08],
       [5.16180850e-09]]), 2.220188181874323), (9.098582286644847e-05, array([[ 1.47885946e-06],
       [-6.97255199e-08],
       [ 8.68308917e-09]]), 2.220888006205076), (9.458867102780341e-05, array([[ 1.12883515e-06],
       [ 4.33482921e-08],
       [-1.63667537e-09]]), 2.256358527079953), (9.731110635141219e-05, array([[ 1.02843200e-06],
       [-1.18648536e-08],
       [-1.62218400e-09]]), 2.278689154567969), (9.904545318971052e-05, array([[ 7.48901769e-07],
       [-2.08829380e-08],
       [ 3.61993773e-09]]), 2.2865352947681665), (0.00010097559750397727, array([[ 4.68092747e-07],
       [-2.04123813e-08],
       [-3.50392715e-09]]), 2.307783158719518), (0.00010202030800916936, array([[ 1.39583051e-07],
       [-7.90369989e-08],
       [ 3.75821097e-09]]), 2.317814784508154), (0.00010291589173372468, array([[-1.74854550e-08],
       [ 9.29946578e-09],
       [ 3.61009467e-09]]), 2.333701469112033)]