[(0.00010276816291426508, array([[-9.87269301e-08],
       [-9.14332180e-09],
       [ 4.25982424e-10]]), 2.3303515980941043), (0.00010225928935140129, array([[-2.32312544e-07],
       [-1.39623151e-08],
       [ 9.34795656e-10]]), 2.3232442377126765), (0.00010116415541959265, array([[-4.63881320e-07],
       [-4.33306081e-08],
       [ 2.37981601e-09]]), 2.312092623509595), (9.926246498942812e-05, array([[-7.33738423e-07],
       [-7.93345179e-09],
       [-5.53155001e-09]]), 2.291545167745223), (9.751935361048944e-05, array([[-1.07055542e-06],
       [-1.52246303e-08],
       [ 4.38803984e-09]]), 2.2835655842841636), (9.435072978556683e-05, array([[-1.28499453e-06],
       [ 3.55438209e-08],
       [ 1.04194208e-08]]), 2.2506825751395056), (9.169014742393075e-05, array([[-1.51965412e-06],
       [ 6.91666558e-09],
       [-7.53624174e-09]]), 2.238079980876604), (8.85047732661099e-05, array([[-1.78997513e-06],
       [-1.66596307e-08],
       [-1.32928455e-08]]), 2.2209183388026035), (8.442161421173168e-05, array([[-1.91002577e-06],
       [-6.21106962e-08],
       [-7.66008929e-09]]), 2.188654596334774), (8.056544143186549e-05, array([[-2.00138042e-06],
       [ 3.66939943e-10],
       [ 1.84896648e-08]]), 2.1693000993591727), (7.629398213505413e-05, array([[-2.25908576e-06],
       [ 5.36912440e-08],
       [ 5.46619472e-09]]), 2.1457476931627975), (7.202502895147719e-05, array([[-2.21527237e-06],
       [ 5.87791679e-09],
       [ 2.58817402e-09]]), 2.1290465264510336), (6.68032298645721e-05, array([[-2.32195149e-06],
       [ 4.74696253e-08],
       [-9.70112531e-09]]), 2.0897360043187403), (6.254807967650183e-05, array([[-2.32357077e-06],
       [ 4.06619304e-09],
       [ 1.63826527e-08]]), 2.0865927858731417), (5.751403083155175e-05, array([[-2.25258200e-06],
       [ 3.11451573e-08],
       [ 9.16919602e-09]]), 2.064072258669169), (5.230609818120898e-05, array([[-2.18886135e-06],
       [-1.46432069e-08],
       [ 6.95267176e-09]]), 2.039993991601992), (4.787094211637774e-05, array([[-2.09639212e-06],
       [ 4.47757436e-08],
       [ 6.24551758e-10]]), 2.053397196844388), (4.26770528852077e-05, array([[-2.02955884e-06],
       [-3.90024018e-09],
       [-1.17676457e-08]]), 2.0427561668376626), (3.838113101106939e-05, array([[-1.77986922e-06],
       [-5.76797208e-09],
       [ 5.28873917e-09]]), 2.027281289806263), (3.49759189033622e-05, array([[-1.37294463e-06],
       [-1.26648971e-09],
       [-2.76042997e-09]]), 2.010957674181543), (3.283303514067195e-05, array([[-1.09396012e-06],
       [-4.57695039e-08],
       [-1.86859036e-09]]), 2.0802804393496963), (2.9145758600493735e-05, array([[-7.50988152e-07],
       [ 1.68416239e-09],
       [ 2.46102654e-09]]), 2.0656467352359167), (2.6216982895301967e-05, array([[-4.99680844e-07],
       [ 4.87977326e-09],
       [-3.32287891e-10]]), 2.1177398399944254), (2.301582297713183e-05, array([[-2.59473453e-07],
       [-7.07411607e-09],
       [ 1.37432177e-09]]), 2.1713449049286107), (1.9565968956795272e-05, array([[-9.51819692e-08],
       [ 3.12812272e-09],
       [ 4.15328558e-11]]), 2.229176096613858), (1.7647458273388004e-05, array([[-2.08721620e-08],
       [ 1.47102025e-08],
       [-8.48603460e-10]]), 2.247450693270663), (2.0845629225780076e-05, array([[-1.04712672e-07],
       [-4.38131717e-08],
       [ 2.10199732e-10]]), 2.150499276351387), (2.3410107749637057e-05, array([[-2.45512939e-07],
       [-1.50905515e-08],
       [-4.85783461e-09]]), 2.0364517632066366), (2.6364274595313952e-05, array([[-4.30116289e-07],
       [ 2.61672065e-08],
       [ 2.08986221e-09]]), 1.9895469308951028), (2.9236553019545023e-05, array([[-6.70793510e-07],
       [-2.26415383e-08],
       [ 1.28770703e-09]]), 1.9551127572481888), (3.213956697317255e-05, array([[-9.62661387e-07],
       [ 1.47091414e-08],
       [-1.89715190e-09]]), 1.9365639085712034), (3.486272819970697e-05, array([[-1.24571347e-06],
       [-3.52341806e-08],
       [ 2.33486618e-09]]), 1.9185239531722214), (3.8377614226833724e-05, array([[-1.58288435e-06],
       [ 1.85976106e-08],
       [-6.07304889e-09]]), 1.9506837887919555), (4.34257100460504e-05, array([[-1.74148367e-06],
       [-3.25372637e-08],
       [ 2.43124692e-09]]), 1.963755361605584), (4.939492062843946e-05, array([[-1.86839242e-06],
       [-1.53744591e-08],
       [-1.42107549e-09]]), 2.017023844344088), (5.426514095121566e-05, array([[-1.91417818e-06],
       [-2.16332148e-08],
       [-2.08129008e-09]]), 2.0274051415474097), (5.9383178346006566e-05, array([[-1.92997026e-06],
       [-3.14535146e-08],
       [ 7.11045360e-09]]), 2.052307700283805), (6.457725601973355e-05, array([[-1.88339752e-06],
       [-2.50664518e-08],
       [-5.30252413e-09]]), 2.0839881358642742), (6.96597963136194e-05, array([[-2.02358235e-06],
       [ 1.35808866e-08],
       [ 1.20257659e-09]]), 2.116349002766604), (7.422850411741926e-05, array([[-1.89757480e-06],
       [-6.01358054e-08],
       [ 2.13521207e-08]]), 2.138516506058556), (7.927571287823546e-05, array([[-1.84770262e-06],
       [-1.02365658e-09],
       [-3.67102569e-09]]), 2.1799576882238045), (8.330297420593169e-05, array([[-1.71996845e-06],
       [-1.73225564e-08],
       [ 1.89565631e-08]]), 2.1994351393955287), (8.74698802107568e-05, array([[-1.57682253e-06],
       [ 3.84545860e-08],
       [-4.93855885e-09]]), 2.229599588971144), (9.109758731100106e-05, array([[-1.47575026e-06],
       [-2.14119498e-09],
       [-3.56040308e-09]]), 2.253232725551745), (9.457206757135762e-05, array([[-1.43327100e-06],
       [ 2.46685399e-08],
       [-2.94482613e-09]]), 2.280743515826818), (9.663009184145508e-05, array([[-1.09160467e-06],
       [-2.21521396e-08],
       [ 6.99807659e-09]]), 2.28255307173832), (9.944433353073107e-05, array([[-9.03742201e-07],
       [-1.21230802e-07],
       [ 9.09116234e-09]]), 2.3109117886008583), (0.00010070116238126532, array([[-6.63106938e-07],
       [ 2.29158536e-08],
       [ 2.25459124e-10]]), 2.3119118086960113), (0.00010250218613280214, array([[-3.01102390e-07],
       [ 7.19396357e-08],
       [ 4.02274021e-09]]), 2.3345212516758083), (0.00010247422806912146, array([[ 2.29860305e-08],
       [-1.26232786e-08],
       [-1.48938722e-09]]), 2.3247338103395045), (0.00010254256575351604, array([[ 2.28753133e-07],
       [-7.94929797e-08],
       [-4.65864636e-09]]), 2.3262841213633183), (0.00010255542543413505, array([[4.31864146e-07],
       [3.98911990e-08],
       [8.23679169e-10]]), 2.3357337944036773), (0.00010081613693010139, array([[ 5.45029374e-07],
       [-3.74088837e-09],
       [ 2.61020295e-09]]), 2.314551410969391), (9.880348903300227e-05, array([[9.49119911e-07],
       [4.31192481e-08],
       [3.79433894e-09]]), 2.2960196871418654), (9.729897623831598e-05, array([[ 1.26649297e-06],
       [-6.80057783e-08],
       [ 1.85948253e-09]]), 2.298353161602641), (9.400298668196797e-05, array([[ 1.13409479e-06],
       [-5.69296275e-08],
       [-7.68376240e-09]]), 2.2670192991337954), (9.075041043571148e-05, array([[1.51233137e-06],
       [8.21570200e-09],
       [1.12361872e-08]]), 2.2446455574384268), (8.760750407037495e-05, array([[ 1.66819081e-06],
       [-2.28933112e-08],
       [-1.06000607e-09]]), 2.23310760910445), (8.372189274354487e-05, array([[ 1.87435284e-06],
       [ 6.66135292e-09],
       [-3.29257121e-10]]), 2.2104957787178754), (7.90325134020583e-05, array([[1.83786180e-06],
       [2.44058884e-08],
       [7.80342047e-09]]), 2.1732700843081028), (7.46879083031088e-05, array([[ 1.95310944e-06],
       [-5.18871249e-08],
       [-2.12639073e-08]]), 2.1517518991966873), (7.016344346794058e-05, array([[ 1.99735908e-06],
       [-7.89109828e-09],
       [ 2.94514110e-08]]), 2.131650413468337), (6.422609965934832e-05, array([[1.97719101e-06],
       [1.01206233e-08],
       [1.40585564e-08]]), 2.0726558846355676), (5.941617793306812e-05, array([[ 1.97985374e-06],
       [-2.99211956e-08],
       [ 6.92837699e-09]]), 2.053448179936779), (5.3942707114528524e-05, array([[ 1.90763655e-06],
       [-4.26721799e-09],
       [ 1.98423029e-09]]), 2.01535866001526), (4.884192593676546e-05, array([[ 1.79382064e-06],
       [-3.60619113e-08],
       [ 2.13675474e-09]]), 1.9944425047101495), (4.3290220356090085e-05, array([[1.66858427e-06],
       [1.45787416e-08],
       [9.24424849e-09]]), 1.9576283781936932), (3.8391154056451704e-05, array([[ 1.52254164e-06],
       [-2.23184903e-08],
       [-8.57322722e-09]]), 1.9513720005703834), (3.4917225397387364e-05, array([[ 1.21853657e-06],
       [-1.72327867e-08],
       [-6.79903404e-10]]), 1.921522977761796), (3.223271302173886e-05, array([[ 9.38847959e-07],
       [ 9.38115557e-09],
       [-1.67613426e-09]]), 1.9421764072097214), (2.8940752375479136e-05, array([[ 6.60098390e-07],
       [-6.31483663e-09],
       [-3.95027973e-10]]), 1.9353319160379117), (2.6682285665176308e-05, array([[ 4.54050636e-07],
       [ 1.66550328e-08],
       [-2.61695499e-09]]), 2.013545237609287), (2.3730665174369146e-05, array([[ 2.50358402e-07],
       [-1.86799126e-08],
       [ 9.38092125e-10]]), 2.0643371424533323), (2.0942835023384728e-05, array([[1.08779775e-07],
       [1.87076143e-08],
       [1.87188663e-10]]), 2.160527325643724), (1.8081102043212488e-05, array([[ 1.97299512e-08],
       [-4.26731762e-09],
       [ 6.60414152e-10]]), 2.302676379373812), (1.9696533794866747e-05, array([[9.80860218e-08],
       [2.02497447e-08],
       [8.52961733e-10]]), 2.2440515171325064), (2.2878566150478248e-05, array([[ 2.70858728e-07],
       [-1.95853993e-09],
       [-5.32757968e-10]]), 2.1583959040818046), (2.6480827304993758e-05, array([[ 4.83090004e-07],
       [-8.79996053e-09],
       [ 1.90623735e-10]]), 2.1390525066805823), (2.918085414768929e-05, array([[7.76047901e-07],
       [9.36934790e-09],
       [6.72380111e-10]]), 2.0681340612128976), (3.271956726586988e-05, array([[ 1.08681216e-06],
       [-5.77536535e-08],
       [-8.43336573e-09]]), 2.0730911862260055), (3.5391822719063165e-05, array([[1.39015967e-06],
       [6.57971697e-11],
       [6.39286171e-09]]), 2.034870268793172), (3.8165463340080914e-05, array([[ 1.77038561e-06],
       [-4.38125924e-08],
       [ 3.05313033e-09]]), 2.015889779897789), (4.2842346933835705e-05, array([[ 2.01059601e-06],
       [ 9.83208355e-09],
       [-4.57518929e-09]]), 2.050668040182917), (4.753536755073385e-05, array([[ 2.20123328e-06],
       [ 3.06194470e-08],
       [-4.17485918e-09]]), 2.0390029141759953), (5.259201880981429e-05, array([[2.29676493e-06],
       [6.59701870e-08],
       [7.57279668e-09]]), 2.051145203118654), (5.735460308731014e-05, array([[2.29595953e-06],
       [3.61906196e-08],
       [8.90391819e-10]]), 2.0583506916116425), (6.300798473079571e-05, array([[ 2.38779499e-06],
       [ 9.66174720e-09],
       [-4.05117062e-09]]), 2.101935136484695), (6.669573898536692e-05, array([[ 2.26105512e-06],
       [-1.14306797e-08],
       [-2.76363582e-09]]), 2.086373478870999), (7.20353396081453e-05, array([[ 2.21501160e-06],
       [-6.54744993e-08],
       [ 5.29106170e-09]]), 2.1293513075539963), (7.619633187195609e-05, array([[ 2.20569856e-06],
       [-2.46390413e-08],
       [ 2.14124863e-09]]), 2.1430013058211532), (8.13818638131988e-05, array([[ 2.09265410e-06],
       [ 8.16877136e-09],
       [-1.26045824e-08]]), 2.19128303796745), (8.45536181458176e-05, array([[1.96952291e-06],
       [5.06104293e-09],
       [4.67127357e-09]]), 2.1920768362406235), (8.775173087325908e-05, array([[ 1.65425884e-06],
       [ 4.76310838e-09],
       [-1.20734911e-08]]), 2.2020216669231174), (9.204662748978906e-05, array([[ 1.53216870e-06],
       [-4.64920412e-08],
       [ 3.90662334e-09]]), 2.2467813617925954), (9.430566689818351e-05, array([[ 1.32291825e-06],
       [ 1.70678711e-08],
       [-4.57428210e-09]]), 2.2496076257920072), (9.778466551787805e-05, array([[ 8.68943266e-07],
       [ 4.88568274e-08],
       [-3.44177598e-09]]), 2.2897782704678042), (0.00010007162928903074, array([[ 7.58131160e-07],
       [ 2.59397197e-08],
       [-4.93772084e-09]]), 2.310225305709395), (0.00010108568192506578, array([[ 5.62229763e-07],
       [-6.53634403e-08],
       [ 6.45030259e-09]]), 2.310299122767321), (0.00010152135443259955, array([[ 1.24754717e-07],
       [ 1.15884826e-08],
       [-2.47523379e-09]]), 2.3064789828513623), (0.00010209090830124705, array([[7.28751255e-09],
       [1.96522274e-08],
       [3.55083896e-09]]), 2.314994299442383)]