[(0.00010251264877709884, array([[ 9.12798919e-08],
       [-4.70663687e-08],
       [-5.96761201e-09]]), 2.3245576074164886), (0.00010259002192722561, array([[-3.14041659e-07],
       [ 5.32681896e-08],
       [ 4.48557609e-09]]), 2.3307582010492225), (0.00010146556235415622, array([[-5.57533746e-07],
       [ 1.85745639e-08],
       [-2.40381096e-09]]), 2.3189812368449076), (9.948920876693153e-05, array([[-7.51473157e-07],
       [ 4.86084741e-08],
       [ 4.06105770e-09]]), 2.296779710406536), (9.699722885345911e-05, array([[-1.03038857e-06],
       [-1.39591956e-08],
       [ 8.70488641e-09]]), 2.2713392304198887), (9.4653116045742e-05, array([[-1.29566373e-06],
       [ 1.53239977e-08],
       [ 2.99168317e-10]]), 2.257895826041588), (9.181017990353893e-05, array([[-1.45870484e-06],
       [-3.66281146e-08],
       [-8.77589295e-09]]), 2.2410098735337067), (8.854755699444582e-05, array([[-1.67107511e-06],
       [ 1.45916052e-08],
       [ 4.68004064e-09]]), 2.221991943799906), (8.463895247310248e-05, array([[-2.01922201e-06],
       [-4.83165609e-08],
       [-6.43322016e-09]]), 2.19428915318553), (8.007629571913631e-05, array([[-2.01044393e-06],
       [ 3.39084997e-08],
       [ 5.48442827e-09]]), 2.1561293921134124), (7.680779039764996e-05, array([[-2.09831984e-06],
       [-9.16369377e-09],
       [-1.00323092e-08]]), 2.16019841212306), (7.123724275674598e-05, array([[-2.25515191e-06],
       [-6.20503888e-08],
       [ 4.35227451e-10]]), 2.105759712326898), (6.735587735066099e-05, array([[-2.32696560e-06],
       [-7.47406562e-09],
       [ 8.83694317e-09]]), 2.107023901202131), (6.255681532969437e-05, array([[-2.40760483e-06],
       [-3.48313235e-08],
       [ 3.59349898e-09]]), 2.086884205706104), (5.7096462937847457e-05, array([[-2.16564194e-06],
       [-1.16009645e-08],
       [-4.05056110e-09]]), 2.0490865187889256), (5.250828520942977e-05, array([[-2.25004350e-06],
       [-2.84739791e-08],
       [-5.06918035e-09]]), 2.0478795027965253), (4.7192679815094054e-05, array([[-2.15984206e-06],
       [-1.85009256e-08],
       [ 7.41130110e-09]]), 2.0243035160725475), (4.2535021296875123e-05, array([[-2.01601912e-06],
       [ 1.77653840e-09],
       [ 5.38899960e-09]]), 2.0359577615276114), (3.841356987074737e-05, array([[-1.74649416e-06],
       [ 7.29185340e-09],
       [ 5.50272645e-09]]), 2.0289947018802548), (3.584153150685481e-05, array([[-1.42411882e-06],
       [ 1.41631756e-08],
       [-1.23500950e-09]]), 2.0607264969155863), (3.232409978538748e-05, array([[-1.05299778e-06],
       [ 3.10180232e-08],
       [ 1.91031712e-09]]), 2.048034615594576), (2.9215598662921618e-05, array([[-7.43314933e-07],
       [-2.17623569e-08],
       [ 1.58306258e-09]]), 2.0705965085089444), (2.604242819460593e-05, array([[-4.90161167e-07],
       [ 1.49301888e-08],
       [ 1.07389843e-09]]), 2.103639764276386), (2.3140175542609646e-05, array([[-2.69809471e-07],
       [-1.28160958e-08],
       [ 2.82518641e-09]]), 2.183076499742028), (1.985429231666343e-05, array([[-9.25077196e-08],
       [ 1.33293597e-08],
       [ 1.48798987e-09]]), 2.262025149136262), (1.7983037506088825e-05, array([[-1.95741666e-08],
       [ 1.89732716e-08],
       [ 7.15751456e-10]]), 2.2901876000533243), (2.091942495820671e-05, array([[-1.15535548e-07],
       [-4.54312731e-09],
       [ 5.90090631e-10]]), 2.1581122712608924), (2.3826756027150387e-05, array([[-2.52021576e-07],
       [-6.58242864e-09],
       [ 1.02231977e-10]]), 2.0726961123763745), (2.6437995588305202e-05, array([[-4.69549068e-07],
       [-2.22382002e-08],
       [ 9.07040042e-10]]), 1.9951101932112354), (2.954930716295633e-05, array([[-7.05431603e-07],
       [-6.58194289e-09],
       [-9.95692289e-10]]), 1.976027316336495), (3.208638317984205e-05, array([[-9.25127804e-07],
       [ 2.25580332e-08],
       [-5.23252543e-09]]), 1.9333593285353012), (3.5360178489287376e-05, array([[-1.23773576e-06],
       [ 1.88909951e-08],
       [-4.69439056e-09]]), 1.9458990424252904), (3.8146275155561954e-05, array([[-1.55389623e-06],
       [-3.03639672e-08],
       [ 7.82454203e-09]]), 1.938925127261388), (4.3275298381674425e-05, array([[-1.68084610e-06],
       [-2.01658018e-08],
       [ 2.95106163e-09]]), 1.956953591132445), (4.868413026182183e-05, array([[-1.79143122e-06],
       [-3.12554088e-09],
       [ 1.26028340e-08]]), 1.9879989749940121), (5.436822593158983e-05, array([[-1.85409800e-06],
       [-2.12450916e-08],
       [ 3.45010255e-09]]), 2.031256509397256), (5.9324761884593734e-05, array([[-2.01173125e-06],
       [-3.64972328e-08],
       [ 8.84435741e-09]]), 2.050288802728637), (6.467665684435388e-05, array([[-2.01099423e-06],
       [-3.13799209e-09],
       [-4.55072459e-09]]), 2.087195923744586), (6.947032683317042e-05, array([[-2.01480485e-06],
       [ 4.67835573e-08],
       [ 8.63964951e-10]]), 2.1105926904139576), (7.46892071852753e-05, array([[-1.96858729e-06],
       [ 6.81451796e-08],
       [-5.26033589e-09]]), 2.1517893198747076), (7.94658587051879e-05, array([[-1.80917141e-06],
       [ 1.76490048e-08],
       [-1.02264694e-08]]), 2.185186400048639), (8.311799202448094e-05, array([[-1.66038582e-06],
       [-1.55004614e-08],
       [-1.03538108e-08]]), 2.194551084367205), (8.786594731421852e-05, array([[-1.56647167e-06],
       [-9.33347169e-09],
       [-1.24799740e-08]]), 2.239695304764461), (9.104583261027967e-05, array([[-1.52614644e-06],
       [ 5.90221019e-08],
       [-1.61258252e-08]]), 2.25195261058044), (9.415912313442834e-05, array([[-1.18974410e-06],
       [-9.21779596e-08],
       [ 9.62096823e-09]]), 2.2707847576954854), (9.64603569042471e-05, array([[-1.03288766e-06],
       [-1.74240721e-08],
       [-9.42228420e-10]]), 2.2785436685087226), (9.908743613857459e-05, array([[-8.33277782e-07],
       [-1.06930682e-08],
       [-3.57597496e-09]]), 2.3026181195543414), (0.0001005710402358724, array([[-6.22427138e-07],
       [ 2.81605845e-09],
       [-3.51187604e-09]]), 2.308924445716349), (0.00010216914354996009, array([[-3.81957174e-07],
       [ 1.07329408e-08],
       [-1.40902707e-09]]), 2.326936096503113), (0.0001027641438213837, array([[-2.32042931e-07],
       [ 1.25949268e-08],
       [ 3.14355985e-10]]), 2.3313108489191894), (0.00010293377985400128, array([[ 2.42064042e-08],
       [-3.08303816e-08],
       [ 1.02904068e-09]]), 2.3351592177033087), (0.00010176915539828636, array([[ 4.55419682e-07],
       [ 2.30080411e-08],
       [-4.30393513e-10]]), 2.317826233818906), (0.00010088362186128822, array([[ 5.89195199e-07],
       [-3.83799471e-08],
       [ 6.91075291e-09]]), 2.3161007397520037), (9.924617608666224e-05, array([[8.33511478e-07],
       [3.84861311e-08],
       [1.08900940e-08]]), 2.3063069573627235), (9.680605057471852e-05, array([[ 1.13318384e-06],
       [-7.02427613e-08],
       [-9.89733595e-09]]), 2.2867094907114964), (9.382193844613488e-05, array([[1.38634166e-06],
       [3.18472522e-08],
       [3.86137762e-09]]), 2.2626530565366707), (9.127629985516759e-05, array([[ 1.27773863e-06],
       [-1.42380369e-09],
       [-1.79700651e-09]]), 2.2576530506653834), (8.722263723212731e-05, array([[ 1.67467617e-06],
       [-2.33227041e-08],
       [-5.15783077e-09]]), 2.223297387090907), (8.361669066452256e-05, array([[ 1.77897754e-06],
       [-1.90604662e-09],
       [ 9.76519998e-09]]), 2.2077181450073775), (7.881350798431819e-05, array([[1.85153017e-06],
       [4.42148809e-08],
       [1.11321645e-08]]), 2.167247779029076), (7.427144037540469e-05, array([[1.97869448e-06],
       [1.12977970e-08],
       [8.38244461e-09]]), 2.1397534957770197), (6.932252959946993e-05, array([[1.98147236e-06],
       [7.21542996e-09],
       [2.71887849e-09]]), 2.106102431402209), (6.432475459870763e-05, array([[ 1.97197123e-06],
       [ 3.91299880e-08],
       [-2.93691035e-09]]), 2.0758396018735126), (5.95062412624921e-05, array([[ 1.92511251e-06],
       [ 1.61913068e-08],
       [-4.69772366e-09]]), 2.0565608066037626), (5.384883760120893e-05, array([[ 1.94071661e-06],
       [-3.72632282e-08],
       [ 2.69334293e-09]]), 2.0118515921148963), (4.88236624398478e-05, array([[ 1.79464553e-06],
       [-1.79226324e-08],
       [-1.15278412e-08]]), 1.9936967213726047), (4.331298391487516e-05, array([[ 1.72802036e-06],
       [-1.84928802e-08],
       [ 6.11112967e-09]]), 1.958657769781442), (3.818955616765963e-05, array([[ 1.55950461e-06],
       [ 3.41996514e-09],
       [-8.13244729e-09]]), 1.941125044331858), (3.5107190947117114e-05, array([[ 1.22016235e-06],
       [-2.08999126e-08],
       [-2.89079628e-09]]), 1.9319769346450988), (3.250918122749045e-05, array([[9.93238890e-07],
       [3.61493258e-08],
       [1.70521883e-10]]), 1.9588349499204205), (2.9490865571499404e-05, array([[ 6.40350146e-07],
       [ 1.05773634e-08],
       [-4.85291262e-09]]), 1.9721191982715869), (2.615770477622741e-05, array([[ 4.32967382e-07],
       [-5.90349511e-09],
       [ 5.84072530e-10]]), 1.9739583984629514), (2.3736869510859917e-05, array([[ 2.75776499e-07],
       [-4.67033378e-10],
       [-3.04789585e-09]]), 2.0648768594047144), (2.0859478455721712e-05, array([[ 1.09721751e-07],
       [ 1.47717699e-08],
       [-1.01601674e-09]]), 2.151928005541803), (1.7611461274923814e-05, array([[ 1.39949345e-08],
       [ 1.29459757e-08],
       [-1.07840390e-09]]), 2.242866379886791), (1.9704654314321887e-05, array([[ 1.00835926e-07],
       [-6.17207283e-09],
       [-3.54730044e-10]]), 2.244976698395007), (2.3128517727229702e-05, array([[ 2.59033725e-07],
       [ 4.11448391e-09],
       [-1.00128015e-09]]), 2.1819766851469606), (2.6026820045446903e-05, array([[ 4.62003724e-07],
       [ 2.66214803e-08],
       [-2.40436938e-09]]), 2.1023789784935776), (2.935087322691356e-05, array([[7.52189358e-07],
       [3.75288713e-09],
       [3.67632356e-09]]), 2.080183819832716), (3.2112393459121655e-05, array([[1.05494690e-06],
       [7.98158397e-09],
       [1.06178085e-09]]), 2.03462103602356), (3.554268660549959e-05, array([[1.41781985e-06],
       [9.07193176e-09],
       [3.91043375e-09]]), 2.0435442622063094), (3.836450246382342e-05, array([[1.77844072e-06],
       [5.81700648e-09],
       [7.38498981e-09]]), 2.0264029742949585), (4.2487853877535784e-05, array([[ 2.05793822e-06],
       [-4.73221486e-09],
       [-4.76629906e-09]]), 2.0337000719681106), (4.8636666421288494e-05, array([[ 2.16582577e-06],
       [-5.21155651e-10],
       [ 1.34349102e-08]]), 2.086242511178017), (5.249500463979221e-05, array([[ 2.20618088e-06],
       [-7.17730985e-09],
       [-1.08727916e-08]]), 2.0473615463209383), (5.7320123573264875e-05, array([[2.25588124e-06],
       [6.79183373e-09],
       [1.63295735e-09]]), 2.0571132855838568), (6.245440939167754e-05, array([[ 2.29937108e-06],
       [-2.90802910e-09],
       [-4.30691170e-09]]), 2.083467961872535), (6.704524614836052e-05, array([[ 2.27572590e-06],
       [-9.68825443e-09],
       [-5.65913533e-10]]), 2.097306748171835), (7.220403843302067e-05, array([[2.20624798e-06],
       [1.65988735e-08],
       [2.25732993e-09]]), 2.1343380135969645), (7.626849367166561e-05, array([[2.12310338e-06],
       [7.32630338e-09],
       [1.96455985e-09]]), 2.1450308369968507), (8.016995914955721e-05, array([[ 2.04094274e-06],
       [-4.04069017e-09],
       [ 7.74089587e-09]]), 2.1586513678552106), (8.44458644460355e-05, array([[ 1.91696823e-06],
       [-4.78411282e-08],
       [ 7.41442134e-09]]), 2.189283290624347), (8.822818361844713e-05, array([[ 1.73211080e-06],
       [-1.80014920e-08],
       [ 1.02535904e-08]]), 2.213977662066785), (9.158221931562662e-05, array([[ 1.48304231e-06],
       [ 2.19198224e-08],
       [-8.20297448e-09]]), 2.235445545821629), (9.460738348564207e-05, array([[ 1.39914737e-06],
       [-5.47315324e-08],
       [ 2.24130288e-09]]), 2.2568049020353054), (9.772275369620738e-05, array([[1.02948443e-06],
       [2.80767930e-08],
       [2.48611355e-10]]), 2.2883285099844426), (9.905717908533846e-05, array([[ 8.41752332e-07],
       [-4.75877451e-08],
       [ 1.08804336e-08]]), 2.286805995475292), (0.00010146027296481032, array([[ 4.26052442e-07],
       [ 1.51072689e-08],
       [-3.53227712e-09]]), 2.31886034859117), (0.00010252362295365625, array([[1.98136629e-07],
       [3.36546320e-08],
       [9.02850013e-10]]), 2.3292496727412964), (0.00010287709656653042, array([[ 1.38866684e-08],
       [-6.30635986e-09],
       [-3.99483496e-09]]), 2.3328217571729875)]