[(0.00010272145468421066, array([[ 4.35901228e-08],
       [-1.23197763e-08],
       [ 3.10226360e-09]]), 2.3292924510249655), (0.00010212598749617248, array([[-3.18269360e-07],
       [-4.34756994e-08],
       [-8.15283946e-10]]), 2.3202157327328257), (0.00010047321422133254, array([[-6.69379986e-07],
       [-1.03292140e-08],
       [ 5.99943307e-11]]), 2.2963012590569374), (9.94830219513688e-05, array([[-1.00659364e-06],
       [ 7.70249042e-09],
       [-3.48524230e-09]]), 2.296636883333805), (9.717567691884775e-05, array([[-1.17030158e-06],
       [ 5.02919036e-09],
       [-4.11489842e-09]]), 2.27551786620465), (9.45663633057488e-05, array([[-1.35414868e-06],
       [ 3.11035412e-08],
       [ 2.61404441e-09]]), 2.255826389157612), (9.17063115968277e-05, array([[-1.50984091e-06],
       [-7.77086460e-08],
       [-8.21945350e-09]]), 2.2384745348476085), (8.868808649047394e-05, array([[-1.68925318e-06],
       [-5.96718409e-08],
       [ 3.88299968e-09]]), 2.225518358515789), (8.451659616737252e-05, array([[-1.93164347e-06],
       [ 2.74500916e-08],
       [ 3.11333568e-09]]), 2.19111703081584), (8.046437861292338e-05, array([[-2.03171790e-06],
       [-1.33427462e-08],
       [-9.94608829e-09]]), 2.166578888139123), (7.604284538020197e-05, array([[-2.27290380e-06],
       [-2.35997651e-08],
       [ 1.70521984e-08]]), 2.1386845395914116), (7.161906167071421e-05, array([[-2.19660623e-06],
       [-5.29879238e-08],
       [-1.26920229e-09]]), 2.1170462087622552), (6.679489312632342e-05, array([[-2.35580975e-06],
       [ 1.74140651e-08],
       [ 1.88434816e-09]]), 2.089475214801345), (6.276677699473323e-05, array([[-2.32939991e-06],
       [-8.61371289e-09],
       [-5.97533817e-09]]), 2.0938884894162655), (5.761195807831839e-05, array([[-2.38980038e-06],
       [ 6.24250730e-09],
       [ 2.06349681e-09]]), 2.067586686548705), (5.263311904274935e-05, array([[-2.24075756e-06],
       [ 1.08015291e-08],
       [ 3.13380856e-10]]), 2.052748156333601), (4.7175932981377845e-05, array([[-2.11057494e-06],
       [-8.50783134e-09],
       [ 6.16031410e-09]]), 2.0235851700386367), (4.245974321173293e-05, array([[-2.00081536e-06],
       [-7.00851904e-09],
       [ 8.55770944e-09]]), 2.0323545424143896), (3.833043347294739e-05, array([[-1.76256966e-06],
       [ 1.84381714e-08],
       [-2.93259698e-09]]), 2.0246034591179405), (3.559860899052282e-05, array([[-1.40710956e-06],
       [ 1.55741023e-08],
       [ 3.30770716e-09]]), 2.04675954726091), (3.219156710819819e-05, array([[-1.02740218e-06],
       [ 1.10224631e-08],
       [ 8.97507861e-10]]), 2.0396374285922083), (2.906218258280987e-05, array([[-7.68065047e-07],
       [-2.15091477e-08],
       [-1.39564395e-09]]), 2.0597234538954283), (2.6148271629494208e-05, array([[-4.96233978e-07],
       [ 4.61130886e-08],
       [-2.61578659e-09]]), 2.112189522261884), (2.317358655461299e-05, array([[-2.83953235e-07],
       [-1.60854962e-08],
       [-8.70016129e-10]]), 2.1862285413072615), (1.9525996887149557e-05, array([[-9.35488136e-08],
       [-9.72265238e-09],
       [ 9.58851333e-10]]), 2.2246220271280497), (1.7767327029501828e-05, array([[-2.59343508e-08],
       [ 5.72752468e-09],
       [ 1.15329460e-09]]), 2.2627162978045323), (2.0704845531366223e-05, array([[-1.28978776e-07],
       [-3.14617355e-08],
       [-7.77608677e-10]]), 2.1359755970860643), (2.372466007898376e-05, array([[-2.55371405e-07],
       [-2.65768254e-08],
       [-3.39568513e-09]]), 2.0638147575409445), (2.633563569429168e-05, array([[-4.66202884e-07],
       [-1.73100053e-08],
       [-1.21351675e-09]]), 1.9873857321324713), (2.948088727815645e-05, array([[-6.84393666e-07],
       [ 1.77223238e-09],
       [ 1.17779376e-09]]), 1.971451927796941), (3.1924038444590117e-05, array([[-9.22867231e-07],
       [ 1.98099170e-08],
       [-1.77816543e-10]]), 1.9235772753017322), (3.504016044807006e-05, array([[-1.23662704e-06],
       [ 1.24601366e-08],
       [ 6.01428709e-09]]), 1.9282881924078834), (3.8051936809682324e-05, array([[-1.60859177e-06],
       [-2.55619114e-08],
       [ 1.44131240e-09]]), 1.934130032889936), (4.335634094617932e-05, array([[-1.69383905e-06],
       [ 1.43901827e-08],
       [ 1.07161858e-09]]), 1.9606184194195582), (4.846449800573989e-05, array([[-1.76961914e-06],
       [-1.93552394e-08],
       [ 3.23904099e-09]]), 1.979030370694863), (5.418727246905627e-05, array([[-1.88787635e-06],
       [-2.41652616e-09],
       [ 1.63392571e-08]]), 2.0244958897086214), (5.933847786983951e-05, array([[-1.91023520e-06],
       [-5.88038471e-08],
       [ 1.47021742e-08]]), 2.050762832966171), (6.468236055007736e-05, array([[-2.01650344e-06],
       [-1.85388867e-08],
       [ 1.01959264e-08]]), 2.0873799894016116), (6.995001834249562e-05, array([[-2.01935187e-06],
       [-3.27783018e-09],
       [ 8.43295140e-09]]), 2.1251662995991674), (7.437544654639169e-05, array([[-1.97752153e-06],
       [ 2.08893607e-08],
       [ 7.61702599e-10]]), 2.1427499041787823), (7.922026716225412e-05, array([[-1.71353241e-06],
       [ 3.14794811e-10],
       [ 1.76392377e-08]]), 2.17843301805126), (8.37004507557104e-05, array([[-1.72320184e-06],
       [ 7.35079096e-09],
       [-1.47057555e-08]]), 2.209929649333527), (8.752505261284228e-05, array([[-1.73180367e-06],
       [-6.41407238e-08],
       [ 7.76158746e-09]]), 2.2310059286702035), (9.142668365112576e-05, array([[-1.53294534e-06],
       [-2.77998052e-08],
       [-2.25933897e-09]]), 2.2613726847462376), (9.462693082444057e-05, array([[-1.27803156e-06],
       [ 3.08582635e-08],
       [ 3.42356531e-09]]), 2.2820666232933187), (9.685286476887068e-05, array([[-9.92321500e-07],
       [-4.42032421e-08],
       [-9.63799157e-11]]), 2.287815314794105), (9.919393066736461e-05, array([[-8.96292745e-07],
       [-1.18789925e-08],
       [-2.80676065e-09]]), 2.3050928655078278), (0.00010099536697292308, array([[-5.98537150e-07],
       [-1.67853032e-08],
       [-1.36687634e-09]]), 2.318666200140382), (0.00010178171713268943, array([[-3.69807447e-07],
       [ 4.76575939e-09],
       [-2.86713432e-10]]), 2.3181123314820713), (0.00010195211733463584, array([[-4.49176847e-08],
       [ 1.43592494e-08],
       [ 2.94852063e-09]]), 2.3128891885251184), (0.00010266276520553786, array([[2.26957665e-07],
       [1.52789142e-09],
       [2.09591213e-09]]), 2.329010970204872), (0.00010149345232820507, array([[ 4.30604444e-07],
       [ 2.65746631e-09],
       [-2.49019624e-09]]), 2.311547005047891), (0.00010125168803813657, array([[5.96388392e-07],
       [2.35633413e-08],
       [7.29590907e-09]]), 2.3245508561212227), (9.933238012268523e-05, array([[ 7.45346469e-07],
       [ 2.94130819e-09],
       [-5.77115295e-10]]), 2.3083101878736807), (9.684511673819317e-05, array([[ 1.15430383e-06],
       [-7.02112449e-08],
       [ 5.88610131e-09]]), 2.2876322942578944), (9.459313407509444e-05, array([[ 1.24343274e-06],
       [-1.73414502e-08],
       [-4.40565444e-09]]), 2.281251565328459), (9.099533452431254e-05, array([[1.48777385e-06],
       [3.36317766e-08],
       [2.01402132e-08]]), 2.250703577063335), (8.690656729860578e-05, array([[1.60653329e-06],
       [6.36041584e-08],
       [2.97298687e-09]]), 2.215240792155967), (8.347538758724036e-05, array([[ 1.71007777e-06],
       [ 8.30698903e-09],
       [-1.07234668e-08]]), 2.2039873423986873), (7.916759830057939e-05, array([[ 1.83847342e-06],
       [-1.01535556e-08],
       [-9.11159115e-09]]), 2.1769847070141295), (7.424764390734229e-05, array([[1.95509568e-06],
       [7.41064044e-08],
       [1.49538873e-08]]), 2.1390679216792736), (6.953744877149008e-05, array([[ 1.97527993e-06],
       [-2.58991864e-08],
       [-2.44640496e-09]]), 2.112631936216327), (6.507441059830984e-05, array([[ 1.96158553e-06],
       [-4.57007229e-08],
       [-9.57912604e-09]]), 2.1000319306505837), (5.9267656250353044e-05, array([[1.95082024e-06],
       [4.46783690e-08],
       [1.06142959e-08]]), 2.048315207913638), (5.3814256531653454e-05, array([[ 1.94673883e-06],
       [-2.03496327e-08],
       [ 4.41645897e-09]]), 2.0105596054548047), (4.883207831115988e-05, array([[1.84940892e-06],
       [3.23406680e-08],
       [5.32137496e-09]]), 1.9940403804551867), (4.332021537137205e-05, array([[1.67743772e-06],
       [3.02346207e-08],
       [7.41005845e-09]]), 1.958984783696768), (3.832788699131026e-05, array([[ 1.57648794e-06],
       [-2.40701427e-08],
       [-4.08579121e-09]]), 1.948156218640678), (3.53768023533411e-05, array([[1.26631092e-06],
       [3.03866370e-10],
       [1.67120604e-09]]), 1.9468138670253223), (3.243933068892353e-05, array([[9.31216209e-07],
       [9.64954557e-09],
       [1.25723744e-09]]), 1.9546261181058577), (2.9186593337635146e-05, array([[ 6.72207335e-07],
       [-5.07109662e-09],
       [-1.98465257e-09]]), 1.9517718431744682), (2.6170036398089883e-05, array([[ 4.47930279e-07],
       [-2.23378134e-08],
       [-1.56286357e-09]]), 1.9748889888473278), (2.360721172003174e-05, array([[ 2.64177823e-07],
       [ 2.51117261e-08],
       [-8.51579541e-10]]), 2.0535978922350906), (2.045639040337609e-05, array([[ 1.20813239e-07],
       [-2.09025122e-09],
       [ 3.80954446e-10]]), 2.1103442013070466), (1.772745111164182e-05, array([[ 2.18219477e-08],
       [-1.08048968e-08],
       [ 5.62440609e-10]]), 2.2576379937308846), (1.992089391527528e-05, array([[1.05421001e-07],
       [2.48040629e-08],
       [1.66635894e-10]]), 2.2696131552273275), (2.277357204173474e-05, array([[2.72937101e-07],
       [1.26967758e-08],
       [6.11413839e-10]]), 2.148490613130694), (2.6153769450320142e-05, array([[ 5.07791470e-07],
       [-1.60960009e-08],
       [ 5.56838136e-10]]), 2.1126336219602684), (2.9448202136782088e-05, array([[7.54570457e-07],
       [1.38178527e-08],
       [1.33184523e-10]]), 2.087081809611256), (3.26417417315394e-05, array([[1.05127432e-06],
       [1.33649834e-08],
       [5.48513070e-10]]), 2.068160209359079), (3.5095157304183184e-05, array([[ 1.35044842e-06],
       [-4.01361315e-08],
       [-5.94589389e-09]]), 2.0178133447316338), (3.8576859331260296e-05, array([[1.82149701e-06],
       [1.09735506e-08],
       [1.24918736e-08]]), 2.0376196084267795), (4.221601740928188e-05, array([[ 2.02760023e-06],
       [-3.93030158e-09],
       [ 4.01726041e-09]]), 2.0206884981982287), (4.7508824631968606e-05, array([[2.15133406e-06],
       [9.46173074e-09],
       [4.38451382e-09]]), 2.0378643705714823), (5.246225837937067e-05, array([[ 2.24217296e-06],
       [-3.22871157e-08],
       [-3.22155840e-10]]), 2.0460844070039137), (5.812556772609413e-05, array([[ 2.32295088e-06],
       [ 5.22492642e-08],
       [-4.83774413e-09]]), 2.0860191874607623), (6.290653565820977e-05, array([[ 2.28229071e-06],
       [ 3.71478622e-08],
       [-1.86499142e-08]]), 2.098550813511294), (6.717942063985708e-05, array([[ 2.22979227e-06],
       [-1.67956543e-08],
       [ 1.93415096e-10]]), 2.101503989327838), (7.165474590407385e-05, array([[ 2.23413431e-06],
       [ 1.53983733e-08],
       [-1.22429096e-08]]), 2.1181010280964436), (7.633035104152131e-05, array([[ 2.14964893e-06],
       [-2.80218060e-08],
       [-8.51257102e-09]]), 2.146770558859029), (8.057015485955951e-05, array([[ 2.05159806e-06],
       [-4.18442023e-08],
       [ 7.53091342e-09]]), 2.1694270128221076), (8.450842707357488e-05, array([[ 1.79682652e-06],
       [ 1.30987062e-08],
       [-2.88358085e-09]]), 2.1909052447127797), (8.843751214633189e-05, array([[ 1.70401720e-06],
       [ 5.47933344e-09],
       [-8.13018390e-10]]), 2.2192305037978852), (9.16755123953219e-05, array([[ 1.61658706e-06],
       [-2.52373093e-08],
       [ 7.84806629e-09]]), 2.237722752041562), (9.498431970181682e-05, array([[ 1.27122873e-06],
       [-5.21715375e-08],
       [ 8.21324688e-09]]), 2.265796499404097), (9.76852391353448e-05, array([[ 1.22032548e-06],
       [-1.49628220e-09],
       [ 5.96160829e-10]]), 2.2874500488695597), (9.969125555150642e-05, array([[ 9.46741093e-07],
       [-1.97030547e-08],
       [-4.75583359e-09]]), 2.3014441052802717), (0.00010141906293192726, array([[ 4.52371665e-07],
       [ 4.40889435e-08],
       [-9.71928454e-09]]), 2.3179184990531767), (0.00010239506086391654, array([[ 2.60517460e-07],
       [-5.26374153e-08],
       [ 7.20567973e-10]]), 2.326328851209379), (0.00010306611050752477, array([[ 8.52684851e-09],
       [-9.15402422e-09],
       [-4.32861115e-10]]), 2.3371078018678384)]