[(0.00010195009581792876, array([[ 2.12396121e-07],
       [-7.39270378e-08],
       [ 3.70750323e-09]]), 2.3118012619663104), (0.00010175310775120165, array([[-2.17060818e-07],
       [-2.09402034e-08],
       [ 4.80217586e-10]]), 2.311744221495481), (0.00010091272655118525, array([[-6.69632604e-07],
       [-3.82033884e-08],
       [-4.38947441e-09]]), 2.3063462518864544), (9.84538036199987e-05, array([[-8.62491962e-07],
       [ 1.47703220e-08],
       [ 2.46266827e-09]]), 2.272876640284661), (9.709479113654616e-05, array([[-1.11666011e-06],
       [ 8.74239902e-08],
       [ 7.13985365e-09]]), 2.2736238012638634), (9.500095587062986e-05, array([[-1.20494375e-06],
       [ 5.46285822e-08],
       [ 7.31638526e-09]]), 2.266193345674917), (9.213159698599418e-05, array([[-1.57661451e-06],
       [-5.13418265e-08],
       [ 3.27348362e-09]]), 2.2488553962857742), (8.826424098090787e-05, array([[-1.87508183e-06],
       [-7.05851575e-08],
       [-2.01676592e-08]]), 2.214882477192371), (8.496543687982268e-05, array([[-1.93734609e-06],
       [ 3.59992819e-08],
       [-1.53431429e-08]]), 2.2027533552038387), (8.038406674394144e-05, array([[-2.04819616e-06],
       [-1.27973045e-08],
       [-1.64518334e-10]]), 2.1644164157158867), (7.577163620437133e-05, array([[-2.13735646e-06],
       [ 4.02121940e-09],
       [-8.41514080e-10]]), 2.131056854587724), (7.197281044785323e-05, array([[-2.22861291e-06],
       [ 1.17438843e-08],
       [ 4.46615861e-09]]), 2.1275029571477577), (6.701848303758072e-05, array([[-2.26786743e-06],
       [-1.33396806e-08],
       [-2.74154413e-09]]), 2.096469545594991), (6.165260410876412e-05, array([[-2.27431172e-06],
       [-3.72460036e-08],
       [ 3.02208926e-09]]), 2.056719880594019), (5.742997491967945e-05, array([[-2.29800219e-06],
       [-1.87900480e-08],
       [ 1.15572096e-08]]), 2.061055647359472), (5.293885003114425e-05, array([[-2.22289542e-06],
       [ 1.92604728e-08],
       [-1.21127717e-08]]), 2.064671993152999), (4.7367715359044776e-05, array([[-2.18404880e-06],
       [-2.21930431e-08],
       [ 3.44800007e-10]]), 2.0318115675001294), (4.27153171182862e-05, array([[-2.00226500e-06],
       [-1.94773652e-08],
       [ 1.31717232e-10]]), 2.044587701416694), (3.8250567986754256e-05, array([[-1.75475123e-06],
       [ 3.33081321e-08],
       [-3.81092554e-09]]), 2.020384985050203), (3.5603330061366426e-05, array([[-1.39361164e-06],
       [ 6.35966118e-09],
       [-2.32336772e-09]]), 2.0470309875530015), (3.2014337633014776e-05, array([[-1.02049351e-06],
       [-4.59562756e-09],
       [ 1.38109316e-09]]), 2.02840828060389), (2.9691978807760972e-05, array([[-7.50977590e-07],
       [-1.14633135e-08],
       [ 9.65623128e-10]]), 2.1043589884775376), (2.6126891576188244e-05, array([[-5.07697771e-07],
       [-2.02412302e-08],
       [-3.49032462e-09]]), 2.110462497041321), (2.2570543602257645e-05, array([[-2.68021930e-07],
       [-2.07365229e-08],
       [-3.70153532e-10]]), 2.129336626412413), (1.953635080847791e-05, array([[-9.87992973e-08],
       [ 9.31630628e-09],
       [ 2.53425000e-10]]), 2.225801662748568), (1.779539761862836e-05, array([[-1.47758591e-08],
       [ 5.01741156e-09],
       [-4.15700785e-10]]), 2.266291161901991), (2.091489228851769e-05, array([[-1.06376870e-07],
       [-9.66448673e-09],
       [-4.68177791e-10]]), 2.157644667103656), (2.3846501750117998e-05, array([[-2.51224109e-07],
       [ 6.73934277e-09],
       [-1.34126109e-09]]), 2.0744137982915025), (2.657418460814732e-05, array([[-4.57681449e-07],
       [-2.14316034e-08],
       [ 2.24076132e-09]]), 2.005387526860941), (2.873946409924961e-05, array([[-6.74086250e-07],
       [ 2.68440634e-08],
       [-8.94940505e-10]]), 1.921871325233047), (3.2074382444997524e-05, array([[-9.59188369e-07],
       [ 3.44875716e-08],
       [-1.40324994e-09]]), 1.932636226385368), (3.523586450593152e-05, array([[-1.22432761e-06],
       [ 1.57503193e-08],
       [ 5.94113853e-09]]), 1.9390579440059055), (3.8373174583561915e-05, array([[-1.58704942e-06],
       [ 1.29993696e-09],
       [ 3.53151898e-10]]), 1.950458127548212), (4.343998136777206e-05, array([[-1.68668733e-06],
       [ 1.02680674e-08],
       [ 1.33512209e-08]]), 1.964400725481463), (4.87999520101233e-05, array([[-1.84249754e-06],
       [-4.72765937e-09],
       [-5.66982042e-09]]), 1.992728514490087), (5.361011608117319e-05, array([[-1.86133498e-06],
       [-1.22903763e-10],
       [-6.29658898e-09]]), 2.0029326944831074), (5.9092192066309176e-05, array([[-1.93586352e-06],
       [ 1.56999664e-08],
       [-1.08420825e-08]]), 2.0422510916762255), (6.471060320574445e-05, array([[-1.99366141e-06],
       [-3.29426690e-08],
       [ 5.99651854e-09]]), 2.0882914149245164), (7.020114500706953e-05, array([[-2.00697167e-06],
       [-1.49649648e-08],
       [ 5.20002064e-10]]), 2.1327958319013627), (7.46722207446107e-05, array([[-1.87699859e-06],
       [-1.32873141e-08],
       [ 6.57223596e-09]]), 2.15129994205183), (7.951820959625685e-05, array([[-1.91858195e-06],
       [ 2.79211536e-08],
       [ 3.97495315e-09]]), 2.186625967393135), (8.327926284366656e-05, array([[-1.71927082e-06],
       [-2.48367626e-08],
       [-1.15931033e-09]]), 2.1988090920801002), (8.735095898665058e-05, array([[-1.61660300e-06],
       [ 3.93551864e-08],
       [ 1.09259500e-08]]), 2.226568297379704), (9.105396386195578e-05, array([[-1.48458707e-06],
       [ 8.78458168e-09],
       [-1.12190175e-08]]), 2.252153731190954), (9.461660136327111e-05, array([[-1.32179143e-06],
       [-3.77322292e-08],
       [-6.34420011e-09]]), 2.2818175132528045), (9.698177853067021e-05, array([[-9.76785315e-07],
       [-5.35552247e-08],
       [ 9.25009003e-09]]), 2.2908604583656094), (9.932623004600475e-05, array([[-8.28002545e-07],
       [ 3.90749547e-09],
       [ 5.20196649e-09]]), 2.308167270884878), (0.00010100997804126317, array([[-5.93239075e-07],
       [ 6.31209464e-09],
       [ 5.90230885e-09]]), 2.319001643154487), (0.00010239607236563546, array([[-4.90728501e-07],
       [ 7.39762830e-08],
       [-2.31025873e-09]]), 2.3321044754694453), (0.00010287372375110662, array([[-1.42098867e-07],
       [ 1.61005335e-08],
       [ 3.37990724e-09]]), 2.333796782918025), (0.00010252487296568056, array([[ 2.19900426e-07],
       [ 1.12886186e-08],
       [-3.80397323e-09]]), 2.3258827421789583), (0.00010205090543806712, array([[3.10086036e-07],
       [4.05629405e-08],
       [5.51743324e-09]]), 2.3242431843283957), (0.00010135309998699178, array([[ 4.91811369e-07],
       [-4.07896692e-08],
       [-2.43813057e-09]]), 2.326879086268295), (9.925573661077575e-05, array([[8.54598387e-07],
       [4.71000170e-08],
       [1.83120719e-09]]), 2.306529127164609), (9.679350125262816e-05, array([[1.13139915e-06],
       [1.05295914e-08],
       [3.19456036e-09]]), 2.286413056203987), (9.401204267048179e-05, array([[1.16576054e-06],
       [1.82038573e-08],
       [7.00649101e-09]]), 2.26723769752153), (9.109268858194132e-05, array([[ 1.42773893e-06],
       [-2.56531200e-08],
       [-1.23141151e-08]]), 2.253111559042765), (8.711441996498593e-05, array([[ 1.51829339e-06],
       [-2.28748721e-09],
       [ 1.50423533e-08]]), 2.220538938425416), (8.308817770415237e-05, array([[1.70685214e-06],
       [3.37543458e-08],
       [9.35083540e-09]]), 2.1937639016235755), (7.913403080166775e-05, array([[1.90021911e-06],
       [2.47808338e-09],
       [4.02845091e-09]]), 2.176061653475157), (7.443574979712612e-05, array([[ 1.90143961e-06],
       [-4.17751078e-08],
       [-1.05080743e-08]]), 2.1444872353913382), (6.942004044800848e-05, array([[1.85112047e-06],
       [1.42337223e-08],
       [8.93079583e-09]]), 2.109064929112285), (6.508863727013979e-05, array([[ 1.95849245e-06],
       [ 3.46960872e-08],
       [-2.61020948e-09]]), 2.10049104299344), (5.986434791310873e-05, array([[ 1.95319487e-06],
       [ 3.12329398e-08],
       [-4.13168663e-09]]), 2.0689371235516547), (5.426488650592411e-05, array([[1.91234294e-06],
       [9.43647560e-09],
       [7.90528170e-09]]), 2.027395635192441), (4.8670109003204534e-05, array([[ 1.86383380e-06],
       [ 6.76881561e-09],
       [-4.59988858e-09]]), 1.9874264219339184), (4.3244201583787275e-05, array([[1.66380392e-06],
       [3.40811253e-08],
       [3.39734127e-09]]), 1.9555473618844994), (3.813844671246706e-05, array([[1.55951460e-06],
       [8.34745945e-09],
       [1.66726806e-09]]), 1.938527217767943), (3.5166152139883525e-05, array([[ 1.28759635e-06],
       [-6.26258757e-09],
       [-6.25420435e-09]]), 1.9352216164721199), (3.259022183341429e-05, array([[ 9.68709447e-07],
       [-2.08909503e-08],
       [-5.54389447e-09]]), 1.9637180372592093), (2.9306653460813953e-05, array([[ 6.77118276e-07],
       [-1.06246750e-08],
       [-4.98235447e-09]]), 1.9598005283038935), (2.647248696580782e-05, array([[ 4.65318723e-07],
       [-1.48170386e-08],
       [-3.63272384e-09]]), 1.9977130417745284), (2.3551502543688035e-05, array([[ 2.80322237e-07],
       [ 2.26051977e-08],
       [-1.17853438e-09]]), 2.0487517355405025), (2.0882631745824183e-05, array([[ 1.16231678e-07],
       [ 2.69721345e-08],
       [-1.78279402e-09]]), 2.1543165702174583), (1.77003836589944e-05, array([[ 1.57159205e-08],
       [ 3.48517892e-08],
       [-1.19905509e-09]]), 2.254190881728968), (1.98366744233577e-05, array([[ 9.92384526e-08],
       [ 6.43469971e-09],
       [-8.76942066e-10]]), 2.2600179198129107), (2.275600865626863e-05, array([[ 2.72195670e-07],
       [-5.74765877e-09],
       [-1.33203563e-09]]), 2.1468336588004915), (2.616678166070654e-05, array([[4.87413270e-07],
       [3.79084300e-08],
       [2.36732373e-09]]), 2.1136847145460056), (2.9100266126449856e-05, array([[7.54643427e-07],
       [2.84218195e-08],
       [2.69651413e-09]]), 2.0624225480814626), (3.2572890412624986e-05, array([[ 1.09217332e-06],
       [-1.96995859e-08],
       [-1.18927921e-09]]), 2.063797833131983), (3.527866927642442e-05, array([[ 1.3793275e-06],
       [-2.0576755e-08],
       [-5.7337726e-10]]), 2.0283644559090797), (3.811194142690485e-05, array([[ 1.74955343e-06],
       [-2.24033641e-08],
       [ 6.90475013e-09]]), 2.0130627664586807), (4.21982029737437e-05, array([[2.01434243e-06],
       [1.28828024e-08],
       [4.98530038e-09]]), 2.0198358022974077), (4.760187305614857e-05, array([[ 2.22129615e-06],
       [ 1.54812657e-09],
       [-1.04419979e-08]]), 2.04185563050778), (5.25435708024888e-05, array([[ 2.21892296e-06],
       [-6.89177705e-08],
       [ 2.23583759e-09]]), 2.049255678812966), (5.778863069892742e-05, array([[ 2.30547823e-06],
       [-5.78286620e-10],
       [ 5.71689239e-10]]), 2.0739271403439443), (6.213964978331653e-05, array([[ 2.36604424e-06],
       [-2.74755426e-08],
       [ 5.15537525e-09]]), 2.072967637458306), (6.704777824006469e-05, array([[2.30689154e-06],
       [8.15218075e-09],
       [2.94902448e-09]]), 2.0973859569647506), (7.196175051747642e-05, array([[ 2.25630744e-06],
       [ 1.46281696e-08],
       [-2.35558962e-09]]), 2.127176027652633), (7.669231270196797e-05, array([[ 2.14357192e-06],
       [-4.84066844e-08],
       [ 4.75589013e-09]]), 2.1569506330428876), (8.030611455495306e-05, array([[ 2.09964912e-06],
       [ 3.06459509e-08],
       [-2.21502372e-08]]), 2.1623174798903975), (8.503157024445226e-05, array([[ 1.98959586e-06],
       [-2.26889695e-08],
       [ 5.52365582e-09]]), 2.204467881676938), (8.804073232023598e-05, array([[ 1.73730780e-06],
       [-6.17481083e-09],
       [-5.11062214e-09]]), 2.2092738024842316), (9.153921896904763e-05, array([[ 1.55342485e-06],
       [-2.32940051e-08],
       [ 3.14983489e-09]]), 2.23439594324651), (9.469233545679843e-05, array([[ 1.33157597e-06],
       [ 7.41512117e-09],
       [-7.53900370e-09]]), 2.2588313826109183), (9.730602039997323e-05, array([[ 1.12620339e-06],
       [ 5.22525877e-08],
       [-9.96423936e-09]]), 2.278570059196237), (9.940862068053532e-05, array([[ 7.96441355e-07],
       [-4.20324215e-08],
       [-2.51392128e-09]]), 2.2949192766566915), (0.00010147372282220448, array([[6.42078399e-07],
       [1.92661677e-08],
       [2.78634311e-09]]), 2.3191677432008455), (0.00010247142097272343, array([[3.68329003e-07],
       [6.17199171e-08],
       [1.12608782e-09]]), 2.328063688053073), (0.00010282147784576298, array([[-7.06654925e-08],
       [ 1.97197857e-08],
       [-2.43137397e-09]]), 2.3315605574867337)]