[(0.00010303445335109922, array([[-4.24533062e-08],
       [ 1.74990560e-08],
       [ 9.23418312e-10]]), 2.3363899501229457), (0.00010207824523947174, array([[-2.16603207e-07],
       [ 9.76680026e-09],
       [ 5.53432055e-09]]), 2.319131069192927), (0.00010106812660830762, array([[-4.29445858e-07],
       [ 3.55347660e-09],
       [ 6.87568520e-09]]), 2.309897898458062), (9.949875752005583e-05, array([[-7.77174242e-07],
       [ 3.48366868e-08],
       [ 7.99058625e-09]]), 2.2970001502181234), (9.71435516175356e-05, array([[-1.05026967e-06],
       [-3.39230077e-08],
       [ 1.26528271e-09]]), 2.2747656028872147), (9.449985133804404e-05, array([[-1.26441051e-06],
       [-4.47548611e-08],
       [-3.09210907e-09]]), 2.254239784294125), (9.256523365827401e-05, array([[-1.40719481e-06],
       [-3.44041857e-09],
       [ 2.83679223e-09]]), 2.2594401055753806), (8.824235984879704e-05, array([[-1.75622703e-06],
       [ 9.25648295e-09],
       [ 6.64528340e-09]]), 2.214333397116965), (8.434100601312524e-05, array([[-1.81322619e-06],
       [ 6.36389986e-09],
       [ 1.70323172e-09]]), 2.186564805633311), (8.005543462486037e-05, array([[-2.14159991e-06],
       [-1.11095419e-10],
       [ 7.11682989e-09]]), 2.1555676875775562), (7.62547667449658e-05, array([[-2.19345236e-06],
       [ 2.45786483e-08],
       [ 2.37502701e-09]]), 2.144644770881593), (7.179285707245373e-05, array([[-2.25824800e-06],
       [-5.59940073e-08],
       [-2.20507194e-08]]), 2.122183568674127), (6.72347881104545e-05, array([[-2.23935954e-06],
       [ 2.30190043e-08],
       [ 1.48409851e-09]]), 2.103235992361375), (6.191808298958471e-05, array([[-2.22300253e-06],
       [ 9.41112018e-09],
       [ 1.98901701e-10]]), 2.065576208724106), (5.726270692555831e-05, array([[-2.30826823e-06],
       [ 2.54023288e-08],
       [ 6.42918174e-09]]), 2.0550527082255434), (5.240641213344713e-05, array([[-2.21720298e-06],
       [ 7.11193095e-08],
       [ 3.40048737e-09]]), 2.0439063434492035), (4.77905903626246e-05, array([[-2.11958286e-06],
       [ 3.02795999e-08],
       [ 9.50912718e-09]]), 2.04995055346066), (4.257166314314554e-05, array([[-2.00722794e-06],
       [-9.38396520e-10],
       [-1.14232126e-09]]), 2.037711639838622), (3.825360073350075e-05, array([[-1.73269367e-06],
       [-4.74993750e-09],
       [ 2.34423424e-09]]), 2.020545173939221), (3.576619951284955e-05, array([[-1.43902329e-06],
       [-1.05976229e-08],
       [ 4.81496279e-09]]), 2.0563952468382163), (3.243471934639893e-05, array([[-1.07397968e-06],
       [-2.26155503e-08],
       [-4.58979350e-09]]), 2.0550434013494), (2.9054127379631613e-05, array([[-7.51227904e-07],
       [-1.93080786e-08],
       [-3.96785752e-09]]), 2.0591525576502865), (2.5877573709388867e-05, array([[-4.69356805e-07],
       [-1.15081483e-08],
       [-1.80373841e-09]]), 2.0903232467907484), (2.326056093012725e-05, array([[-2.55394714e-07],
       [-1.04116890e-08],
       [ 4.22247546e-11]]), 2.1944338254424363), (1.9493849178165317e-05, array([[-1.03047346e-07],
       [ 1.39032616e-08],
       [-8.12219685e-10]]), 2.220959397151134), (1.7950095227734013e-05, array([[-1.01837889e-08],
       [ 4.96708505e-09],
       [ 6.61207682e-10]]), 2.2859923133905373), (2.0815817443665857e-05, array([[-1.08617527e-07],
       [-2.40290665e-09],
       [ 2.22000234e-10]]), 2.1474238011441393), (2.3610954572054837e-05, array([[-2.55347576e-07],
       [-7.06940710e-09],
       [-3.17651501e-09]]), 2.0539234839702236), (2.6211948839764703e-05, array([[-4.33711173e-07],
       [-4.81436663e-08],
       [-2.10903087e-10]]), 1.9780518587149964), (2.9527202230093383e-05, array([[-6.96646621e-07],
       [-8.69341505e-09],
       [-3.48929326e-09]]), 1.9745491107419584), (3.1922584811270106e-05, array([[-9.27378954e-07],
       [-1.83120313e-08],
       [ 2.24902734e-09]]), 1.9234896868838118), (3.490523793607112e-05, array([[-1.28200598e-06],
       [ 1.64192884e-08],
       [ 4.64165390e-09]]), 1.9208632981308393), (3.8042030385019126e-05, array([[-1.63479529e-06],
       [-2.95459619e-08],
       [-5.11971137e-09]]), 1.9336265023191934), (4.3433204166181454e-05, array([[-1.70946711e-06],
       [ 6.75969766e-09],
       [ 2.28989790e-09]]), 1.9640942534411414), (4.879588650729969e-05, array([[-1.87638958e-06],
       [ 6.27682057e-09],
       [-9.00202667e-09]]), 1.9925625011423553), (5.470727212329151e-05, array([[-2.00413982e-06],
       [-4.06445643e-08],
       [-2.09356991e-09]]), 2.0439236467202018), (5.895455328372968e-05, array([[-1.96042774e-06],
       [ 4.98058823e-10],
       [ 2.22516464e-09]]), 2.0374942372737936), (6.430389327097391e-05, array([[-1.97728836e-06],
       [-5.15613734e-08],
       [ 9.18565272e-10]]), 2.0751663809568153), (6.999429643491498e-05, array([[-2.04642170e-06],
       [ 1.73906535e-08],
       [-8.67503479e-11]]), 2.1265115216884514), (7.369161399259041e-05, array([[-1.92413326e-06],
       [-3.88033196e-08],
       [ 1.07362186e-08]]), 2.1230487500053), (7.929067969017309e-05, array([[-1.79093196e-06],
       [-2.32165298e-08],
       [ 4.65964303e-09]]), 2.1803692520630564), (8.404647781354038e-05, array([[-1.68650405e-06],
       [ 4.87047692e-08],
       [ 3.84631419e-09]]), 2.2190657465428716), (8.732733325572138e-05, array([[-1.66675180e-06],
       [-3.99121411e-08],
       [ 1.26302499e-09]]), 2.2259660795666467), (9.108484977437764e-05, array([[-1.47199004e-06],
       [ 7.17893576e-09],
       [ 9.02096463e-09]]), 2.2529176718251867), (9.54549208704077e-05, array([[-1.25962111e-06],
       [ 5.02454698e-08],
       [-9.28754675e-09]]), 2.302034812389785), (9.663834242829255e-05, array([[-1.11752766e-06],
       [-2.75459994e-08],
       [ 1.00783028e-08]]), 2.2827479634327252), (9.877012909033287e-05, array([[-8.59639855e-07],
       [ 8.35104693e-08],
       [-5.86273331e-09]]), 2.2952444606202067), (0.00010019569469419397, array([[-7.19399399e-07],
       [-3.53471428e-08],
       [ 2.92057611e-09]]), 2.3003072086395586), (0.00010256936962201445, array([[-4.98341889e-07],
       [-2.83012068e-08],
       [-4.96424735e-09]]), 2.33605137790282), (0.00010276696121253277, array([[-2.73337380e-07],
       [-9.51678808e-09],
       [ 5.09665442e-09]]), 2.3313747643502656), (0.00010301496862424143, array([[1.28923040e-07],
       [9.26470229e-09],
       [4.17674665e-09]]), 2.3370010688960776), (0.000102047281226474, array([[4.31209433e-07],
       [1.84107373e-08],
       [5.93150860e-09]]), 2.3241606417085365), (0.00010040087543784922, array([[5.69724452e-07],
       [7.37661937e-09],
       [1.91445330e-09]]), 2.3050177777427985), (9.91062728673832e-05, array([[ 8.33498160e-07],
       [-1.00522284e-08],
       [-5.50509071e-09]]), 2.3030558520738014), (9.648478633020992e-05, array([[ 1.13261637e-06],
       [ 8.08138341e-09],
       [-3.42991668e-09]]), 2.2791207295485045), (9.403456314457657e-05, array([[ 1.34012266e-06],
       [ 9.86398746e-09],
       [-8.75861255e-09]]), 2.267780811641629), (9.104360716923462e-05, array([[ 1.39614861e-06],
       [ 7.60859973e-10],
       [-5.60391145e-09]]), 2.2518975659108778), (8.737167935279369e-05, array([[ 1.52281551e-06],
       [-3.85772858e-08],
       [-1.31624084e-08]]), 2.2270964576987144), (8.351090097665516e-05, array([[ 1.64602701e-06],
       [-4.31764412e-08],
       [ 6.20357226e-09]]), 2.2049249967542788), (7.988015749237846e-05, array([[1.90957403e-06],
       [4.42847929e-08],
       [4.21755833e-09]]), 2.1965789664926008), (7.489643956429384e-05, array([[ 1.95206556e-06],
       [-4.36346465e-08],
       [ 4.90341844e-09]]), 2.1577596660158593), (6.995322273761228e-05, array([[2.00684457e-06],
       [1.10789004e-08],
       [3.99206850e-09]]), 2.125263653004838), (6.465625219710471e-05, array([[1.99077301e-06],
       [5.82361932e-08],
       [1.82417846e-08]]), 2.0865374404734665), (5.918943681324492e-05, array([[ 1.96573045e-06],
       [-2.51538052e-08],
       [-3.37884340e-09]]), 2.045611911162603), (5.468331717478379e-05, array([[ 1.91626094e-06],
       [-2.66513573e-09],
       [-7.09534826e-09]]), 2.0430286635888826), (4.895180462861399e-05, array([[ 1.87744047e-06],
       [ 2.20100184e-08],
       [-6.07789759e-09]]), 1.9989293616303365), (4.327603656514256e-05, array([[ 1.73059746e-06],
       [-1.19415039e-08],
       [ 3.30475000e-09]]), 1.9569869725496276), (3.8004781514596484e-05, array([[ 1.57025348e-06],
       [-4.08881240e-10],
       [ 3.64893984e-09]]), 1.9317331910973252), (3.506359130251007e-05, array([[ 1.23279420e-06],
       [-4.43913705e-09],
       [ 7.93586897e-11]]), 1.9295776111598788), (3.2233456404772666e-05, array([[ 9.04238833e-07],
       [-6.82829213e-09],
       [-5.59138802e-09]]), 1.942221199622597), (2.9628286437373073e-05, array([[ 6.52207988e-07],
       [-4.52685758e-09],
       [ 8.62006875e-09]]), 1.9813088345396546), (2.6491575706736926e-05, array([[ 4.59173830e-07],
       [-1.18431114e-08],
       [ 1.97243105e-09]]), 1.9991535496782393), (2.3606275697295035e-05, array([[ 2.37073258e-07],
       [ 5.96421614e-09],
       [-3.31594450e-09]]), 2.0535164673577277), (2.0646921536125114e-05, array([[ 9.79943993e-08],
       [ 1.26324283e-08],
       [-3.75361156e-10]]), 2.1299999794397815), (1.7753939389241366e-05, array([[ 1.86596269e-08],
       [-2.73174620e-08],
       [-4.84411652e-10]]), 2.2610113462518204), (1.9487951653138998e-05, array([[9.91868913e-08],
       [3.00600445e-08],
       [1.12612839e-09]]), 2.220287484513077), (2.3054989045928178e-05, array([[ 2.61023413e-07],
       [ 1.14128735e-09],
       [-3.71993013e-11]]), 2.1750398865945555), (2.605111520023448e-05, array([[ 4.75394635e-07],
       [-3.17742767e-08],
       [-4.19570377e-09]]), 2.1043414780465564), (2.9462199952195755e-05, array([[ 7.51670724e-07],
       [-1.34317794e-08],
       [-5.04549090e-10]]), 2.088073876488156), (3.206590921951223e-05, array([[ 1.02063655e-06],
       [-1.02516629e-08],
       [ 1.65454832e-09]]), 2.0316758238619914), (3.5623349270360397e-05, array([[ 1.40491169e-06],
       [-1.53268384e-08],
       [-4.40473036e-09]]), 2.048182001828532), (3.883197799489995e-05, array([[ 1.77818647e-06],
       [-5.06999385e-08],
       [-7.61513840e-09]]), 2.0510949094367446), (4.2160908694132746e-05, array([[ 2.00849094e-06],
       [-7.56869928e-10],
       [ 3.79162239e-09]]), 2.0180506949736206), (4.716299902149944e-05, array([[ 2.13854201e-06],
       [ 3.90649020e-09],
       [-2.71113026e-09]]), 2.023030375088209), (5.216045663018118e-05, array([[ 2.22045168e-06],
       [ 5.20863076e-08],
       [-9.90229498e-09]]), 2.034313814732462), (5.724911279946028e-05, array([[ 2.28450744e-06],
       [-3.28602406e-08],
       [ 5.66427456e-09]]), 2.054564840167016), (6.25481150884951e-05, array([[ 2.32467519e-06],
       [-2.46367227e-09],
       [ 5.87710147e-09]]), 2.086593967210925), (6.689231173988923e-05, array([[ 2.28876856e-06],
       [-1.07327833e-08],
       [-8.68536144e-09]]), 2.0925226600322415), (7.196087975317577e-05, array([[ 2.16095596e-06],
       [-7.02550668e-09],
       [-1.97775062e-09]]), 2.127150288021054), (7.613546883227486e-05, array([[ 2.20422641e-06],
       [-2.00182800e-08],
       [ 7.85500640e-09]]), 2.1412895492272495), (8.00722206229343e-05, array([[2.12963764e-06],
       [2.99926948e-08],
       [1.00877603e-10]]), 2.1560196663248017), (8.46030033718413e-05, array([[ 1.75866371e-06],
       [ 6.51712340e-08],
       [-1.08172105e-08]]), 2.193357162409899), (8.808861310931356e-05, array([[ 1.67311134e-06],
       [-1.62843163e-10],
       [ 7.20942091e-09]]), 2.2104753119465403), (9.120214402020696e-05, array([[ 1.51328019e-06],
       [ 3.51327387e-08],
       [-1.16570121e-08]]), 2.2261682250428594), (9.535826659068567e-05, array([[ 1.35928469e-06],
       [ 2.96686619e-09],
       [-5.66346267e-09]]), 2.274716788083555), (9.696380542231508e-05, array([[ 1.05808745e-06],
       [ 6.91643242e-08],
       [-4.14284917e-09]]), 2.2705565693967853), (9.880704538024918e-05, array([[ 9.02921460e-07],
       [-4.41878295e-08],
       [-5.02695019e-09]]), 2.2810314795669013), (0.00010163458897713412, array([[ 5.38508419e-07],
       [ 2.31034269e-08],
       [-6.98384195e-09]]), 2.3228443166733617), (0.00010223097425624312, array([[2.94970453e-07],
       [7.74470871e-09],
       [1.70920655e-09]]), 2.3226009427897045), (0.00010253608906796272, array([[-8.64193092e-08],
       [ 6.50571953e-08],
       [ 9.27062388e-10]]), 2.325089135058177)]