[(0.00010345569383377128, array([[ 6.15295631e-08],
       [-1.97401951e-08],
       [ 2.98446432e-09]]), 2.345941920345433), (0.00010214861572702194, array([[-1.58038891e-07],
       [ 4.29483646e-08],
       [-7.75730211e-10]]), 2.320729826926752), (0.00010076581023121391, array([[-5.98484284e-07],
       [ 9.70780888e-09],
       [-6.22738947e-09]]), 2.302988499940916), (9.980467303625983e-05, array([[-8.16853412e-07],
       [ 2.49024652e-08],
       [-9.99848093e-10]]), 2.3040624292273164), (9.730563728073703e-05, array([[-1.04616390e-06],
       [ 5.23549040e-08],
       [ 9.92921244e-09]]), 2.2785610878703393), (9.469509107294784e-05, array([[-1.32067744e-06],
       [ 4.09186036e-08],
       [ 1.69146644e-09]]), 2.2588971162545826), (9.22950535160339e-05, array([[-1.59107369e-06],
       [ 3.03073954e-08],
       [-1.56112021e-09]]), 2.252845233775445), (8.848869345365832e-05, array([[-1.72683566e-06],
       [ 8.20602175e-09],
       [-8.09235595e-09]]), 2.2205148357028235), (8.421644399695099e-05, array([[-1.75470926e-06],
       [ 4.04544619e-08],
       [-3.98584568e-09]]), 2.1833354995868195), (8.064233805910418e-05, array([[-1.99862554e-06],
       [ 1.51179612e-08],
       [ 4.71314416e-09]]), 2.1713706131941937), (7.651200428553673e-05, array([[-2.18250883e-06],
       [-6.10331024e-08],
       [-8.32686103e-09]]), 2.1518795074077044), (7.180232887801689e-05, array([[-2.28837078e-06],
       [-1.67578732e-08],
       [-5.51971904e-09]]), 2.122463553493668), (6.717945715552992e-05, array([[-2.24770272e-06],
       [ 2.92852981e-08],
       [ 9.05877882e-09]]), 2.1015051316096773), (6.217208794854859e-05, array([[-2.28218989e-06],
       [-3.17782267e-08],
       [-1.24676313e-09]]), 2.074049768866819), (5.763663335808931e-05, array([[-2.28053816e-06],
       [ 1.72169257e-08],
       [-6.62599605e-11]]), 2.0684722367303507), (5.24956785452794e-05, array([[-2.26565940e-06],
       [ 2.48562854e-08],
       [-7.05100329e-09]]), 2.0473878293585295), (4.7659411418376423e-05, array([[-2.17320603e-06],
       [ 1.54429288e-08],
       [-5.58917417e-10]]), 2.0443237062649358), (4.265618107551319e-05, array([[-2.05908274e-06],
       [ 3.58687358e-08],
       [ 6.29492379e-09]]), 2.041757128359509), (3.819114732428015e-05, array([[-1.75637645e-06],
       [ 1.96297495e-08],
       [-7.53587595e-09]]), 2.017246401217775), (3.5831404192573125e-05, array([[-1.39233323e-06],
       [ 3.18907713e-08],
       [ 4.09866887e-09]]), 2.0601442219958086), (3.2376075429304793e-05, array([[-1.10427628e-06],
       [-1.63322486e-08],
       [ 3.36978837e-09]]), 2.05132775967646), (2.9388498285823604e-05, array([[-7.38557847e-07],
       [-1.72471007e-08],
       [ 3.80077837e-09]]), 2.082850419840144), (2.626398587766322e-05, array([[-4.76574433e-07],
       [-6.24699339e-09],
       [ 6.94477071e-10]]), 2.1215366189274745), (2.3209066621367017e-05, array([[-2.73623064e-07],
       [-7.18819085e-09],
       [-6.10924509e-11]]), 2.1895757803892373), (1.9583791997851388e-05, array([[-9.60944608e-08],
       [-1.83513116e-08],
       [ 1.08750369e-09]]), 2.231206698685189), (1.774785069010794e-05, array([[-1.38699576e-08],
       [ 1.52450532e-09],
       [-6.14648295e-10]]), 2.2602359342419693), (2.0896987845353038e-05, array([[-1.24015601e-07],
       [-1.44393356e-08],
       [-1.69364950e-09]]), 2.155797589634705), (2.3680657015380012e-05, array([[-2.60177058e-07],
       [ 1.57775203e-08],
       [-7.96387631e-10]]), 2.0599869188389315), (2.6132003888692458e-05, array([[-4.30361989e-07],
       [ 1.52214889e-09],
       [-8.89592060e-10]]), 1.972018913204915), (2.925629915261837e-05, array([[-6.80721247e-07],
       [-2.25271931e-08],
       [-1.71055720e-09]]), 1.9564332247004295), (3.190620823014536e-05, array([[-9.13630527e-07],
       [-1.22282191e-08],
       [-1.99431095e-09]]), 1.9225029188922445), (3.470841006783458e-05, array([[-1.22434427e-06],
       [ 2.58849746e-08],
       [-3.44539402e-09]]), 1.9100317023446325), (3.7884766871635e-05, array([[-1.53114652e-06],
       [ 1.87365614e-08],
       [ 2.94209788e-09]]), 1.9256330042264331), (4.3546529076564385e-05, array([[-1.69587820e-06],
       [ 3.99832160e-08],
       [-1.76926942e-09]]), 1.969218922678143), (4.886910213904593e-05, array([[-1.82273732e-06],
       [ 8.09995835e-10],
       [ 6.59361661e-10]]), 1.995552235170308), (5.4390510675107615e-05, array([[-1.93270379e-06],
       [-4.19918383e-09],
       [ 9.97923447e-09]]), 2.032089091839577), (5.9246897502511785e-05, array([[-1.94363413e-06],
       [ 2.58769875e-08],
       [ 3.79048257e-10]]), 2.0475977768291216), (6.500415186024286e-05, array([[-1.96971098e-06],
       [ 9.46727593e-09],
       [ 9.41086864e-09]]), 2.0977645940432863), (6.964292592721257e-05, array([[-1.89656045e-06],
       [ 8.54789045e-09],
       [ 6.71335264e-10]]), 2.115836459989596), (7.447463824767393e-05, array([[-1.86577371e-06],
       [-5.67015360e-09],
       [-1.49734717e-10]]), 2.1456076081427544), (7.892008117130706e-05, array([[-2.05391127e-06],
       [ 8.47664877e-09],
       [-1.28481749e-09]]), 2.1701783744144727), (8.363322196750699e-05, array([[-1.70343883e-06],
       [-3.77757953e-08],
       [ 6.05451868e-09]]), 2.208154618362988), (8.737383192788393e-05, array([[-1.52316188e-06],
       [ 3.70684441e-08],
       [-4.63541575e-09]]), 2.227151326649317), (9.130291942328856e-05, array([[-1.43674785e-06],
       [ 1.32414008e-08],
       [-4.18585039e-09]]), 2.2583114663688137), (9.432344902167212e-05, array([[-1.14511347e-06],
       [-2.34340715e-08],
       [ 1.33614561e-08]]), 2.2747477164362455), (9.684632490226422e-05, array([[-9.59137751e-07],
       [ 9.38337939e-09],
       [-5.42135560e-10]]), 2.287660832972482), (9.90835461668581e-05, array([[-7.77187204e-07],
       [-1.44553348e-08],
       [ 3.36977460e-09]]), 2.3025277234384665), (0.0001006870261890013, array([[-6.30610023e-07],
       [ 3.98004286e-09],
       [ 1.91949155e-09]]), 2.3115872679553453), (0.0001016443941863318, array([[-4.58952620e-07],
       [ 2.69190279e-08],
       [ 5.07806860e-09]]), 2.3149847558789594), (0.00010226734673547193, array([[-2.58412477e-07],
       [ 6.10706350e-09],
       [-1.16702475e-09]]), 2.3200404933941083), (0.00010260351138222707, array([[ 1.29400228e-07],
       [-4.36931093e-08],
       [ 1.43828700e-10]]), 2.3276667359614134), (0.00010161555546977857, array([[4.23554376e-07],
       [6.08842424e-08],
       [1.11311208e-09]]), 2.3143279445541998), (0.00010070739629880882, array([[ 5.58669123e-07],
       [-3.22735886e-08],
       [-7.21137811e-09]]), 2.3120549278740072), (9.943188679568745e-05, array([[ 7.74269747e-07],
       [-4.88038052e-08],
       [-8.31276345e-09]]), 2.3106225483221943), (9.72197071862931e-05, array([[ 1.22074563e-06],
       [-9.65056179e-09],
       [ 6.86884968e-09]]), 2.2964807032954977), (9.371848708382034e-05, array([[ 1.18442600e-06],
       [-3.56453930e-08],
       [-5.07759568e-09]]), 2.2601581758614193), (9.013269223527065e-05, array([[1.44793671e-06],
       [1.35023404e-09],
       [4.91130050e-09]]), 2.2293667459409225), (8.80432405734963e-05, array([[ 1.79974876e-06],
       [-1.00455559e-08],
       [ 1.75663544e-09]]), 2.24421449442221), (8.316542896880021e-05, array([[ 1.78683497e-06],
       [-3.95409043e-08],
       [-6.54786290e-09]]), 2.195803554440883), (7.90577309364095e-05, array([[1.79077075e-06],
       [7.17400975e-09],
       [5.05351674e-09]]), 2.1739635269261637), (7.416276893592859e-05, array([[1.86483078e-06],
       [1.86105544e-08],
       [6.25945192e-09]]), 2.13662268141103), (7.008632397281332e-05, array([[ 1.90381577e-06],
       [-1.00861489e-08],
       [-1.13005290e-08]]), 2.1293074297784096), (6.4361290050942e-05, array([[ 1.96750957e-06],
       [ 3.86155064e-09],
       [-1.52756323e-09]]), 2.0770186462257776), (5.9184381757941687e-05, array([[ 2.03332711e-06],
       [-4.51288486e-08],
       [-5.87109209e-09]]), 2.04543720631835), (5.415743798077441e-05, array([[1.88828412e-06],
       [3.99508486e-08],
       [1.28623744e-09]]), 2.0233812405272538), (4.862000598891939e-05, array([[1.86586031e-06],
       [1.06540307e-08],
       [1.30326461e-08]]), 1.985380483339405), (4.3195693790709896e-05, array([[ 1.75305564e-06],
       [-1.42146998e-08],
       [ 1.07656101e-09]]), 1.9533537894907644), (3.8054524960220597e-05, array([[1.59703645e-06],
       [3.40160556e-08],
       [5.67223139e-09]]), 1.9342615851867566), (3.5105184672790965e-05, array([[1.21230732e-06],
       [7.19001163e-10],
       [4.08253251e-09]]), 1.9318665277564209), (3.188169859046538e-05, array([[9.19001089e-07],
       [9.83876088e-09],
       [2.97636613e-09]]), 1.9210260948996867), (2.9049585670693162e-05, array([[ 6.75177490e-07],
       [-5.53160226e-09],
       [-8.01847528e-10]]), 1.9426098384299275), (2.632704136308673e-05, array([[ 4.26359476e-07],
       [ 1.72896363e-08],
       [-1.97655080e-09]]), 1.9867371717023299), (2.3359551205012648e-05, array([[ 2.50174079e-07],
       [ 1.28161129e-08],
       [-6.62578217e-10]]), 2.0320538353737922), (2.1043511182288666e-05, array([[ 1.18927885e-07],
       [ 1.75218313e-08],
       [-1.72128183e-09]]), 2.1709133880898985), (1.7921955177773302e-05, array([[ 1.34611401e-08],
       [-1.01904739e-08],
       [ 4.76531584e-10]]), 2.2824086032713167), (1.9563288704955727e-05, array([[ 1.07714682e-07],
       [-1.21132921e-08],
       [ 2.29148320e-10]]), 2.2288707320624344), (2.3033353969953027e-05, array([[ 2.67886910e-07],
       [ 3.02412242e-08],
       [-5.77599479e-10]]), 2.172998803291427), (2.6516645089252278e-05, array([[ 4.97825201e-07],
       [-6.46839026e-09],
       [ 8.73831616e-10]]), 2.141945774338707), (2.9230608244778298e-05, array([[ 7.41271714e-07],
       [-2.76224537e-08],
       [ 2.99682352e-09]]), 2.071660282287644), (3.230137833065982e-05, array([[ 1.07965426e-06],
       [-1.73558775e-08],
       [-2.44494360e-09]]), 2.046594998525335), (3.5448287361813635e-05, array([[1.40933949e-06],
       [1.98966769e-08],
       [4.35438606e-09]]), 2.0381167312227286), (3.849667686914972e-05, array([[ 1.78557316e-06],
       [-1.54770516e-08],
       [-2.25841054e-09]]), 2.033384391774084), (4.2675093630158145e-05, array([[ 2.02200541e-06],
       [-1.53221113e-08],
       [-9.08516645e-09]]), 2.042662386221049), (4.708476089342499e-05, array([[ 2.09284145e-06],
       [ 4.73527176e-09],
       [-1.78067169e-09]]), 2.019674394491799), (5.240279371176336e-05, array([[2.26745178e-06],
       [5.01050600e-08],
       [1.28135084e-08]]), 2.0437652211183357), (5.7373475729543115e-05, array([[ 2.33903993e-06],
       [ 1.73976836e-08],
       [-4.87519357e-09]]), 2.05902799585754), (6.198353704186418e-05, array([[2.20267149e-06],
       [1.68840090e-08],
       [7.68551678e-09]]), 2.0677597442378888), (6.743450873301827e-05, array([[ 2.33026459e-06],
       [ 4.16988979e-08],
       [-5.14912227e-09]]), 2.1094836450066525), (7.201429473171041e-05, array([[ 2.32469533e-06],
       [ 6.60014337e-09],
       [-6.03037757e-09]]), 2.1287292249012633), (7.68103134955446e-05, array([[ 2.13966059e-06],
       [ 1.56171497e-08],
       [-3.45814776e-09]]), 2.1602693735715994), (8.032575654475623e-05, array([[ 2.11282806e-06],
       [-2.91535805e-08],
       [-1.03467952e-08]]), 2.1628463588945257), (8.42143684144536e-05, array([[ 1.86862440e-06],
       [ 4.01293658e-09],
       [-6.11684002e-10]]), 2.1832816895144194), (8.83107270515731e-05, array([[ 1.68502627e-06],
       [ 3.06983308e-08],
       [-8.54059209e-09]]), 2.216048987912974), (9.125989577287325e-05, array([[ 1.55554450e-06],
       [-5.16677958e-08],
       [ 1.31212381e-08]]), 2.2275778971301485), (9.499810726152048e-05, array([[1.33002953e-06],
       [5.93517247e-08],
       [8.90851727e-09]]), 2.2661253937374988), (9.779951983472938e-05, array([[ 1.09756939e-06],
       [-6.29516348e-08],
       [-1.60352118e-09]]), 2.290126107132876), (9.948948262700333e-05, array([[ 8.17027456e-07],
       [-4.03442984e-08],
       [ 7.54266656e-10]]), 2.2967860326626295), (0.00010096738193941683, array([[ 4.40351882e-07],
       [-1.08604435e-07],
       [ 8.74468646e-09]]), 2.3075953931405007), (0.00010186654456599082, array([[ 3.68314160e-07],
       [-7.58158472e-09],
       [ 4.13029594e-09]]), 2.314321409621616), (0.00010281443201429761, array([[-6.25208691e-08],
       [ 3.58096393e-09],
       [-1.31813571e-09]]), 2.3314007875331835)]