[(0.0001019948517837337, array([[-9.73372534e-08],
       [-2.88113987e-08],
       [ 3.67676601e-09]]), 2.312816139857285), (0.00010275706909321382, array([[-3.37413173e-07],
       [ 1.10890252e-08],
       [-6.81753802e-09]]), 2.334553370840348), (0.00010128695118647894, array([[-4.12726170e-07],
       [ 4.82530146e-08],
       [-2.39069909e-09]]), 2.314899103587824), (9.965348969153545e-05, array([[-8.70693403e-07],
       [-5.55386055e-08],
       [-2.33384526e-09]]), 2.3005722533276587), (9.785743906173325e-05, array([[-1.12379297e-06],
       [ 6.90941901e-10],
       [ 1.27047465e-08]]), 2.2914823748741755), (9.452102823734341e-05, array([[-1.13713835e-06],
       [-2.77713043e-08],
       [-1.00982027e-08]]), 2.254744947087851), (9.19664994280361e-05, array([[-1.58818719e-06],
       [-1.18823656e-08],
       [-6.50900228e-09]]), 2.244825502674095), (8.80586886575384e-05, array([[-1.71493827e-06],
       [ 3.13385962e-09],
       [-5.84161299e-09]]), 2.2097243946652045), (8.452575811148211e-05, array([[-1.98662367e-06],
       [-9.57762114e-08],
       [-2.20549891e-08]]), 2.191354556848409), (8.078033603148295e-05, array([[-2.05840198e-06],
       [ 3.19293956e-08],
       [ 1.76446076e-09]]), 2.1750863380741445), (7.60194880389711e-05, array([[-2.22705369e-06],
       [-7.82443783e-08],
       [-1.77360389e-08]]), 2.1380276206620024), (7.145693353026632e-05, array([[-2.23999573e-06],
       [ 2.85637783e-08],
       [ 6.25507182e-09]]), 2.112253730934956), (6.708785164943892e-05, array([[-2.35850925e-06],
       [-1.97066262e-08],
       [ 3.11130356e-09]]), 2.0986395317777484), (6.253364502155516e-05, array([[-2.29625817e-06],
       [-8.00064843e-10],
       [ 4.50527301e-10]]), 2.0861112483577764), (5.755165727397116e-05, array([[-2.26648796e-06],
       [ 1.44495416e-08],
       [-1.94613299e-09]]), 2.065422602139579), (5.184358982723156e-05, array([[-2.22428164e-06],
       [ 2.40518760e-08],
       [-4.28117661e-09]]), 2.021955669188591), (4.7743863715057314e-05, array([[-2.16961498e-06],
       [ 1.54970892e-08],
       [-1.85946988e-09]]), 2.0479462401363193), (4.277315804272216e-05, array([[-2.06278081e-06],
       [-1.73442943e-08],
       [ 8.22914977e-09]]), 2.047356283057159), (3.820883399576173e-05, array([[-1.76810970e-06],
       [ 8.56129149e-09],
       [ 1.01387226e-08]]), 2.0181806065741315), (3.562863172855766e-05, array([[-1.39567865e-06],
       [-2.06534320e-08],
       [-4.73647071e-09]]), 2.048485719362862), (3.2455721985594756e-05, array([[-1.07276911e-06],
       [-5.03339902e-08],
       [-5.96420596e-10]]), 2.0563741153484743), (2.923766607936033e-05, array([[-7.62431742e-07],
       [ 1.44372444e-09],
       [ 1.11801167e-09]]), 2.072160492049278), (2.6447448282455308e-05, array([[-4.99275503e-07],
       [-2.10766968e-08],
       [ 3.78849485e-09]]), 2.1363562358651276), (2.3236889837824606e-05, array([[-2.74745736e-07],
       [-8.37028965e-10],
       [-2.57793855e-09]]), 2.192200661513581), (1.9824480034688877e-05, array([[-9.53513989e-08],
       [ 1.79354653e-08],
       [-7.71525809e-10]]), 2.2586285973728444), (1.8094833263276114e-05, array([[-1.42461965e-08],
       [-5.55434200e-09],
       [-1.06445982e-10]]), 2.304425086727209), (2.1084183585182507e-05, array([[-1.06619146e-07],
       [-2.89261644e-09],
       [ 9.31867943e-10]]), 2.175109278367107), (2.3464017867916935e-05, array([[-2.59986898e-07],
       [ 9.86733193e-09],
       [ 6.89988167e-10]]), 2.041141419341493), (2.6292977913208824e-05, array([[-4.38637209e-07],
       [-2.70627947e-08],
       [ 5.00853895e-09]]), 1.9841666161607667), (2.920073802105384e-05, array([[-6.89907431e-07],
       [-3.83417644e-09],
       [-4.96484766e-09]]), 1.952717729338978), (3.2463200414709375e-05, array([[-9.95484114e-07],
       [-6.74692159e-09],
       [-3.70807312e-09]]), 1.956064384200202), (3.488490201804241e-05, array([[-1.23780040e-06],
       [-1.78631812e-08],
       [ 1.36356774e-09]]), 1.9197441962170612), (3.8133448187572384e-05, array([[-1.56656030e-06],
       [ 4.21912518e-09],
       [-1.71999863e-09]]), 1.938273149304428), (4.3845974695016536e-05, array([[-1.72364297e-06],
       [-1.76261494e-08],
       [-2.17815827e-10]]), 1.9827601621448352), (4.872796387036104e-05, array([[-1.79441612e-06],
       [ 3.11355376e-08],
       [-7.21439892e-09]]), 1.9897889046564623), (5.429322558128302e-05, array([[-1.88406911e-06],
       [-1.69071972e-08],
       [-8.27239438e-09]]), 2.0284544141080065), (5.9373744900322816e-05, array([[-2.00699204e-06],
       [-3.92050130e-08],
       [ 8.32809575e-09]]), 2.051981676420546), (6.477482770963124e-05, array([[-2.02169260e-06],
       [-9.10044369e-10],
       [-2.71571852e-09]]), 2.0903640193115924), (6.959475210109668e-05, array([[-1.96543893e-06],
       [-1.39409517e-08],
       [-1.39002570e-08]]), 2.1143728807910462), (7.409120134348758e-05, array([[-2.00584160e-06],
       [ 4.12093734e-08],
       [-6.34902293e-09]]), 2.134560825530277), (7.916956953694456e-05, array([[-1.83577614e-06],
       [-5.05226751e-08],
       [ 1.03553300e-08]]), 2.1770389129204997), (8.269183900870573e-05, array([[-1.72675181e-06],
       [-6.22384923e-08],
       [ 1.59702142e-08]]), 2.1832994342719956), (8.753407554988443e-05, array([[-1.57915424e-06],
       [-1.29817391e-08],
       [-4.82603496e-10]]), 2.2312359225454896), (9.113337084028393e-05, array([[-1.37850882e-06],
       [ 1.47091451e-08],
       [-1.33636860e-09]]), 2.2541178051855297), (9.402488751388368e-05, array([[-1.30075308e-06],
       [-3.84682059e-08],
       [ 8.78701331e-09]]), 2.267547469677866), (9.694569235234971e-05, array([[-1.10647116e-06],
       [ 4.43538461e-08],
       [-1.08385909e-08]]), 2.2900080467037442), (9.89316399211158e-05, array([[-7.13220279e-07],
       [-6.73910138e-08],
       [ 1.47020407e-09]]), 2.2989976888795893), (0.00010059426407573774, array([[-5.86917822e-07],
       [-9.33863728e-09],
       [ 3.98932101e-09]]), 2.3094576219812333), (0.00010179961310385644, array([[-3.61935374e-07],
       [ 6.86741530e-08],
       [-1.83088943e-09]]), 2.318519918154951), (0.00010224921888372533, array([[-2.36218556e-07],
       [ 2.26769628e-08],
       [ 2.21359235e-09]]), 2.3196292443351183), (0.00010188843565376106, array([[2.58739980e-07],
       [1.96405225e-08],
       [1.26989304e-09]]), 2.311444503754924), (0.0001022420652245857, array([[ 3.01666562e-07],
       [-8.48257473e-08],
       [-1.78946549e-10]]), 2.3285969118041714), (0.00010054804860181376, array([[ 6.96520396e-07],
       [-4.50947789e-08],
       [ 3.04672056e-09]]), 2.3083966004658625), (9.881854835258471e-05, array([[ 8.54376772e-07],
       [ 3.40110038e-09],
       [-2.90935041e-09]]), 2.296369639300181), (9.652187579133167e-05, array([[ 1.09842144e-06],
       [-7.86790621e-09],
       [-2.81078602e-09]]), 2.2799968403106825), (9.392567618374739e-05, array([[ 1.21703407e-06],
       [-1.65321403e-08],
       [-3.53102170e-09]]), 2.2651548435704347), (9.143220533304794e-05, array([[ 1.43814700e-06],
       [ 1.66351461e-08],
       [-9.74165913e-10]]), 2.261509259542283), (8.679271404765502e-05, array([[ 1.60628587e-06],
       [-3.77423327e-08],
       [-8.89911137e-09]]), 2.2123386827565814), (8.32012356619647e-05, array([[ 1.67356105e-06],
       [-5.13271382e-09],
       [-2.09222482e-08]]), 2.1967489528485897), (7.905176158490689e-05, array([[ 2.01080064e-06],
       [-2.63374626e-09],
       [ 4.04295701e-09]]), 2.173799379128189), (7.453984088275652e-05, array([[ 1.96519732e-06],
       [ 1.01065553e-08],
       [-3.60888201e-09]]), 2.1474860901763146), (6.980726862454987e-05, array([[1.98375034e-06],
       [3.18222323e-08],
       [5.40559030e-09]]), 2.1208293902309614), (6.46591386876048e-05, array([[ 2.07196503e-06],
       [ 1.04413745e-08],
       [-2.89084102e-09]]), 2.086630591101524), (5.96596777544542e-05, array([[1.96740388e-06],
       [8.93760537e-09],
       [2.77065880e-09]]), 2.061863636508278), (5.469125841003625e-05, array([[ 1.89682174e-06],
       [ 8.55390825e-09],
       [-1.71694149e-09]]), 2.043325356841657), (4.9062759966344296e-05, array([[ 1.85685251e-06],
       [-5.40143102e-09],
       [ 3.40198976e-09]]), 2.0034601829984435), (4.369627598123433e-05, array([[ 1.70229433e-06],
       [ 2.03634394e-08],
       [-1.57149233e-09]]), 1.9759906320322955), (3.8264277976954706e-05, array([[ 1.58270028e-06],
       [-2.39904886e-08],
       [-1.51919806e-09]]), 1.944923055880976), (3.5087231081841255e-05, array([[ 1.25177463e-06],
       [-1.56490975e-08],
       [-5.68956976e-09]]), 1.930878527216556), (3.243737766174989e-05, array([[9.32376236e-07],
       [3.53028053e-08],
       [3.61187769e-09]]), 1.9545084387998455), (2.9076707228677586e-05, array([[ 6.59665710e-07],
       [-8.81551962e-09],
       [-2.21786962e-09]]), 1.94442351680632), (2.630269783538921e-05, array([[ 4.33926513e-07],
       [-1.36139302e-08],
       [ 2.57256192e-10]]), 1.9849001179027772), (2.3517905381743036e-05, array([[ 2.55619490e-07],
       [ 6.14817390e-09],
       [-1.77482714e-09]]), 2.045829109108649), (2.0577055359566194e-05, array([[ 1.23841653e-07],
       [-7.85405630e-09],
       [ 5.47665788e-10]]), 2.1227923696092477), (1.7875825845494353e-05, array([[ 1.65023909e-08],
       [-1.73850925e-08],
       [-2.94420369e-10]]), 2.276533910258625), (1.944868336306938e-05, array([[ 9.00670826e-08],
       [ 4.24525444e-09],
       [-8.69430644e-10]]), 2.2158135975427267), (2.257147886496504e-05, array([[ 2.66149712e-07],
       [-2.09186209e-08],
       [-1.59601630e-09]]), 2.129424860403289), (2.6195504057603876e-05, array([[4.87008229e-07],
       [1.34492217e-08],
       [1.88164649e-10]]), 2.1160048352270366), (2.9009896194472806e-05, array([[ 7.60218381e-07],
       [ 1.38133768e-08],
       [-1.82282052e-09]]), 2.05601776179641), (3.2261812299941695e-05, array([[1.08110076e-06],
       [1.80915346e-08],
       [7.02253096e-09]]), 2.0440881197243654), (3.5517739033242066e-05, array([[1.39088340e-06],
       [5.30988035e-08],
       [8.53909260e-09]]), 2.0421098892589655), (3.838133602731715e-05, array([[ 1.77339885e-06],
       [ 6.10717452e-09],
       [-3.56530543e-09]]), 2.027292118710785), (4.2477376127838267e-05, array([[ 2.03434379e-06],
       [-1.12768118e-08],
       [-9.89845922e-09]]), 2.0331985498066167), (4.7980266776815616e-05, array([[ 2.15693200e-06],
       [-3.40927716e-08],
       [ 7.12655997e-09]]), 2.0580866168007237), (5.229063743875111e-05, array([[ 2.20153889e-06],
       [ 3.43282120e-08],
       [-5.88879006e-09]]), 2.0393910060455003), (5.763388754332286e-05, array([[ 2.31356826e-06],
       [-8.20321910e-08],
       [ 5.78126366e-09]]), 2.068373694513695), (6.213781824821027e-05, array([[ 2.26854309e-06],
       [ 2.50892117e-08],
       [-2.28856501e-09]]), 2.072906537773718), (6.673271265919798e-05, array([[ 2.26913404e-06],
       [-2.90234337e-08],
       [ 3.83758939e-09]]), 2.087530087878877), (7.146167165650372e-05, array([[ 2.29115962e-06],
       [-2.52637005e-09],
       [-1.06491198e-08]]), 2.1123937890696705), (7.633622231587763e-05, array([[ 2.17233352e-06],
       [-9.38455384e-09],
       [ 6.50661420e-09]]), 2.1469356868685185), (8.062287724074709e-05, array([[ 2.06863074e-06],
       [ 1.45031816e-08],
       [-1.69307727e-08]]), 2.1708466124012324), (8.403026428722323e-05, array([[1.92081811e-06],
       [3.32168159e-08],
       [6.91172034e-09]]), 2.1785087371368874), (8.825558910466151e-05, array([[ 1.76201657e-06],
       [-6.36415890e-08],
       [ 9.88078385e-10]]), 2.2146653690081304), (9.181010043577447e-05, array([[ 1.56792046e-06],
       [ 2.04988011e-08],
       [-3.53699451e-09]]), 2.241007933791894), (9.473912368169893e-05, array([[ 1.36979442e-06],
       [-1.49637361e-08],
       [-2.22874932e-09]]), 2.2599474888958895), (9.743784736889145e-05, array([[ 1.18216774e-06],
       [ 2.55984191e-08],
       [-1.22321462e-09]]), 2.281656990335101), (9.9273879278327e-05, array([[ 7.82613631e-07],
       [-7.66342996e-08],
       [ 1.18849255e-08]]), 2.2918086747876107), (0.0001009868873769072, array([[4.94579245e-07],
       [3.20583665e-09],
       [1.35339301e-09]]), 2.3080411871863538), (0.00010260979163923675, array([[ 1.00528220e-07],
       [-4.06795672e-08],
       [-1.92262332e-09]]), 2.3312073521219756), (0.00010241946255829724, array([[-4.10402692e-08],
       [-6.54160771e-08],
       [-2.84511968e-09]]), 2.3224445341869338)]