[(0.00010316157630040988, array([[-3.41897533e-08],
       [-1.10019950e-08],
       [ 5.31317194e-10]]), 2.339272566291999), (0.00010208712418335167, array([[-2.90470114e-07],
       [-3.86113663e-08],
       [-3.21348632e-09]]), 2.3193327912598107), (0.00010123174220137918, array([[-5.06845459e-07],
       [ 1.35307086e-08],
       [-4.57194734e-09]]), 2.3136373099547813), (9.976773876385476e-05, array([[-8.52138216e-07],
       [-4.32138616e-08],
       [ 3.08941568e-09]]), 2.3032097750698455), (9.690921115274148e-05, array([[-1.06319441e-06],
       [-4.92377904e-09],
       [-6.57634759e-10]]), 2.2692781606452734), (9.452554303792938e-05, array([[-1.26614880e-06],
       [-3.87550173e-08],
       [-2.27820273e-09]]), 2.254852645067847), (9.141408045386508e-05, array([[-1.65617776e-06],
       [-1.11629891e-07],
       [-1.25082805e-08]]), 2.2313414165221532), (8.848150220228155e-05, array([[-1.70128025e-06],
       [-2.21185466e-08],
       [-7.30017566e-09]]), 2.2203343801017046), (8.411738495417506e-05, array([[-1.90867005e-06],
       [-2.36397118e-09],
       [ 7.61796151e-09]]), 2.18076736545074), (8.035863992432655e-05, array([[-2.13994716e-06],
       [-3.84450468e-08],
       [-9.03083154e-09]]), 2.1637317747415845), (7.592481694928672e-05, array([[-2.13001118e-06],
       [-1.46992515e-08],
       [-2.06416237e-08]]), 2.135365021769997), (7.157727171728085e-05, array([[-2.18635997e-06],
       [ 1.64488761e-08],
       [-1.62603242e-08]]), 2.1158109054726473), (6.722688920522837e-05, array([[-2.40780718e-06],
       [ 3.30599939e-08],
       [ 4.42269528e-09]]), 2.1029888991193384), (6.22504071663044e-05, array([[-2.27209658e-06],
       [ 7.33077166e-09],
       [-2.27180195e-09]]), 2.0766624840070707), (5.722405487373723e-05, array([[-2.34923269e-06],
       [ 2.18267324e-08],
       [-1.33937707e-08]]), 2.0536655575294254), (5.238345270888072e-05, array([[-2.26093355e-06],
       [-3.65407589e-08],
       [ 1.14945975e-09]]), 2.043010901238931), (4.7913477373994345e-05, array([[-2.13754709e-06],
       [-4.99281315e-08],
       [-2.40039104e-09]]), 2.055221722849008), (4.237143995414534e-05, array([[-2.02971354e-06],
       [ 1.27208712e-08],
       [ 6.26618364e-10]]), 2.0281278676139043), (3.8647830621366993e-05, array([[-1.75206042e-06],
       [ 1.50743262e-09],
       [ 8.25649625e-09]]), 2.0413682933861996), (3.584971984613824e-05, array([[-1.41813576e-06],
       [-6.96598613e-09],
       [ 1.11666633e-08]]), 2.0611972895133825), (3.2613727823594166e-05, array([[-1.05545912e-06],
       [-1.29817916e-09],
       [ 2.28332760e-09]]), 2.0663852657853727), (2.909351094804387e-05, array([[-7.43741782e-07],
       [-5.54355993e-09],
       [ 1.92902436e-09]]), 2.0619437884646166), (2.616275607085081e-05, array([[-4.95182346e-07],
       [ 6.61082883e-09],
       [ 2.07643744e-09]]), 2.1133595378446617), (2.2961248432178498e-05, array([[-2.73723593e-07],
       [ 1.26303117e-08],
       [-6.95474788e-10]]), 2.1661962660882375), (1.9600491705772312e-05, array([[-9.32572993e-08],
       [-2.20715366e-09],
       [ 4.59809724e-10]]), 2.233109317962566), (1.812250434133778e-05, array([[-1.42287941e-08],
       [-2.50198353e-08],
       [ 3.10411312e-10]]), 2.307949072029218), (2.0580311127940932e-05, array([[-1.29369328e-07],
       [-2.12483499e-08],
       [ 7.03779645e-10]]), 2.1231282446964457), (2.374063014946953e-05, array([[-2.62226153e-07],
       [ 3.47280861e-08],
       [ 1.18969127e-09]]), 2.06520399839994), (2.613930512288324e-05, array([[-4.44871361e-07],
       [ 1.31982587e-08],
       [ 7.52771254e-10]]), 1.972569891689967), (2.9031690792071542e-05, array([[-6.70556002e-07],
       [-2.01949437e-08],
       [-6.17672462e-10]]), 1.9414131684442717), (3.1922279632515606e-05, array([[-9.06984425e-07],
       [ 2.23812448e-08],
       [-2.62479182e-09]]), 1.9234712983920779), (3.572700409649945e-05, array([[-1.28384269e-06],
       [-1.47770232e-08],
       [ 6.57247855e-09]]), 1.9660857504201978), (3.780715018026497e-05, array([[-1.56563919e-06],
       [-3.06412682e-08],
       [ 4.28011418e-09]]), 1.9216878496188463), (4.3428914794573254e-05, array([[-1.73901651e-06],
       [ 1.81326804e-08],
       [-4.77109312e-09]]), 1.963900283636512), (4.9053974916636095e-05, array([[-1.88547820e-06],
       [ 4.55226954e-08],
       [-8.82783607e-09]]), 2.0031014486486427), (5.41981533182397e-05, array([[-1.94632320e-06],
       [-1.33825026e-08],
       [ 1.23921242e-08]]), 2.0249024101597284), (5.935362622246274e-05, array([[-1.93252992e-06],
       [ 3.32642056e-08],
       [ 8.08483545e-09]]), 2.0512863664246552), (6.43085144778195e-05, array([[-1.97124539e-06],
       [ 5.30513677e-08],
       [-6.43666078e-09]]), 2.0753155130326135), (6.959077149305597e-05, array([[-2.00800105e-06],
       [ 4.32607587e-08],
       [-1.86730072e-08]]), 2.114251945096382), (7.492589738391023e-05, array([[-1.93920071e-06],
       [ 4.56519670e-08],
       [ 3.00192772e-09]]), 2.1586083431410583), (7.929817545835544e-05, array([[-1.72332623e-06],
       [ 3.47605218e-08],
       [-5.80589665e-09]]), 2.180575373924154), (8.330379051528344e-05, array([[-1.83427363e-06],
       [ 5.70714288e-09],
       [ 1.23593923e-09]]), 2.1994566922811245), (8.735145716685618e-05, array([[-1.56277128e-06],
       [ 3.76129699e-08],
       [-1.08313590e-08]]), 2.226580995949531), (9.103737780443821e-05, array([[-1.49624342e-06],
       [ 8.99018313e-09],
       [-1.05406156e-08]]), 2.2517434870924036), (9.416977759539396e-05, array([[-1.19069346e-06],
       [-3.55503461e-08],
       [ 1.13663839e-08]]), 2.27104170558069), (9.689703109922114e-05, array([[-1.14070432e-06],
       [-3.57342025e-08],
       [-3.48570407e-09]]), 2.2888585922151212), (9.887981731374531e-05, array([[-7.96771451e-07],
       [ 1.89717495e-08],
       [-2.61809193e-09]]), 2.2977934224318535), (0.00010091237547455302, array([[-4.77014991e-07],
       [-9.83868827e-08],
       [ 7.51232927e-09]]), 2.316760869352077), (0.00010177109816978548, array([[-2.03293501e-07],
       [-3.20183010e-08],
       [-1.52035989e-09]]), 2.3178704810835056), (0.00010262880961557565, array([[-6.36407923e-08],
       [ 4.89098170e-09],
       [-1.06840813e-09]]), 2.328240652540396), (0.00010196881168586701, array([[ 1.16434245e-07],
       [ 4.02174738e-09],
       [-3.99028810e-10]]), 2.31326791714284), (0.00010163885765318685, array([[2.83601482e-07],
       [2.13530565e-08],
       [4.08700636e-10]]), 2.3148586595021383), (0.00010145821709549835, array([[6.26163368e-07],
       [1.20719839e-08],
       [3.26812609e-09]]), 2.3292923800049867), (9.914780805686383e-05, array([[9.11270831e-07],
       [5.31891598e-08],
       [2.95180110e-10]]), 2.3040210569839723), (9.665929116685072e-05, array([[1.17367210e-06],
       [4.30795019e-08],
       [8.73646149e-09]]), 2.2832428052220033), (9.447417001214715e-05, array([[ 1.21334640e-06],
       [ 6.88781820e-08],
       [-6.20559851e-09]]), 2.2783825732238), (9.087489220949437e-05, array([[1.45559643e-06],
       [5.46042228e-08],
       [8.37976038e-09]]), 2.2477245237941963), (8.74392274571292e-05, array([[ 1.57238836e-06],
       [-3.98545540e-08],
       [-1.47062256e-08]]), 2.2288182529646887), (8.314804930802733e-05, array([[ 1.67377382e-06],
       [-4.05156579e-09],
       [-5.70621029e-09]]), 2.1953446820299156), (7.934881580982059e-05, array([[1.85956712e-06],
       [7.92591585e-09],
       [1.59721757e-08]]), 2.1819679041140776), (7.442514039087302e-05, array([[1.86434100e-06],
       [8.64612377e-08],
       [1.53087284e-08]]), 2.1441815793544623), (6.965053458397125e-05, array([[1.95298083e-06],
       [2.00425753e-08],
       [4.66597073e-09]]), 2.1160676201995825), (6.47768104342389e-05, array([[1.98025918e-06],
       [4.38952773e-08],
       [1.53251267e-08]]), 2.0904280042935146), (5.9525760486786856e-05, array([[1.91238465e-06],
       [2.51023176e-09],
       [8.39080080e-09]]), 2.057235399231498), (5.4053627108220196e-05, array([[ 1.91651503e-06],
       [ 8.13801799e-10],
       [-1.28917570e-08]]), 2.0195027525499696), (4.8880329581248983e-05, array([[1.88105525e-06],
       [3.03822729e-09],
       [1.12274483e-08]]), 1.9960107037404837), (4.356212457158816e-05, array([[1.71651416e-06],
       [2.98350526e-08],
       [6.33910462e-09]]), 1.969924167035402), (3.823819064410499e-05, array([[ 1.58649138e-06],
       [-1.17094971e-08],
       [-3.98776336e-09]]), 1.9435970709726387), (3.501274019068686e-05, array([[ 1.28363046e-06],
       [ 2.53120094e-09],
       [-2.07833143e-09]]), 1.9267792336055056), (3.241200433065615e-05, array([[ 9.52501839e-07],
       [ 9.31458953e-09],
       [-1.75800061e-09]]), 1.9529795732343147), (2.8858042472535204e-05, array([[ 6.54540209e-07],
       [-1.93227419e-09],
       [-1.41367855e-09]]), 1.9298009224803492), (2.6373298009991697e-05, array([[4.26749946e-07],
       [1.52637126e-08],
       [6.29710506e-09]]), 1.9902278715716002), (2.385939364516041e-05, array([[ 2.53930722e-07],
       [ 3.58600085e-08],
       [-2.71918585e-09]]), 2.0755352678153067), (2.0472262344130337e-05, array([[ 1.19355115e-07],
       [-2.66717268e-08],
       [ 5.53751272e-10]]), 2.1119815995710476), (1.8018588641837313e-05, array([[ 1.43915679e-08],
       [ 5.77620445e-09],
       [-6.01074985e-10]]), 2.2947151316358743), (1.9585200360133076e-05, array([[9.40028312e-08],
       [3.87119680e-08],
       [2.22836642e-09]]), 2.231367155217682), (2.314727344917827e-05, array([[2.69000249e-07],
       [1.06021746e-08],
       [1.61309563e-09]]), 2.183746126167242), (2.6042463947246837e-05, array([[4.70962048e-07],
       [3.26539953e-08],
       [1.76023978e-09]]), 2.103642652281938), (2.9269642453796092e-05, array([[ 7.50389994e-07],
       [-6.74554645e-09],
       [ 9.52174332e-10]]), 2.0744267529609703), (3.271338709224495e-05, array([[ 1.05503573e-06],
       [-1.83528996e-08],
       [-3.98274285e-10]]), 2.072699614315318), (3.561305272559664e-05, array([[ 1.40454369e-06],
       [-2.88769825e-08],
       [ 4.65763993e-09]]), 2.047589996918884), (3.901431718515914e-05, array([[ 1.76953281e-06],
       [ 7.28681589e-09],
       [-5.28949110e-10]]), 2.060726017720246), (4.251323859540413e-05, array([[ 2.05398682e-06],
       [-8.43793663e-09],
       [ 3.79339462e-09]]), 2.0349151228083944), (4.778065188259004e-05, array([[ 2.16541114e-06],
       [-2.48772827e-08],
       [ 3.70793279e-09]]), 2.0495242479370672), (5.2582335626156396e-05, array([[ 2.20867642e-06],
       [-4.09517774e-08],
       [ 1.07861560e-08]]), 2.050767548558888), (5.708777798307235e-05, array([[ 2.30887551e-06],
       [-3.26160375e-08],
       [ 1.35929970e-08]]), 2.048774831815156), (6.207636313046997e-05, array([[ 2.26420119e-06],
       [-3.78684093e-08],
       [ 7.16819326e-09]]), 2.0708564060031653), (6.722901925938254e-05, array([[ 2.25695832e-06],
       [-4.56445480e-08],
       [ 1.86270078e-09]]), 2.103055531389457), (7.177609334521372e-05, array([[ 2.19512236e-06],
       [-2.45031553e-08],
       [-1.44691649e-08]]), 2.121688035999302), (7.644657315017052e-05, array([[2.17757684e-06],
       [2.71558166e-08],
       [5.16230436e-09]]), 2.1500392743533534), (8.096611815527138e-05, array([[ 2.01216862e-06],
       [-1.05232385e-08],
       [-4.19181359e-09]]), 2.180088696063262), (8.451370541170746e-05, array([[ 2.00838863e-06],
       [ 5.04696155e-08],
       [-9.21747364e-09]]), 2.191042087144931), (8.833185258120093e-05, array([[ 1.79849600e-06],
       [ 1.98683809e-08],
       [-6.07644537e-09]]), 2.216579107074189), (9.2158585227218e-05, array([[ 1.61137981e-06],
       [ 4.98342015e-08],
       [-4.21162029e-09]]), 2.2495141567316788), (9.443774398423798e-05, array([[ 1.33857108e-06],
       [ 6.67331580e-08],
       [-6.19896895e-09]]), 2.2527582489703715), (9.710810714994155e-05, array([[ 1.13468599e-06],
       [-6.41704250e-08],
       [ 3.85790593e-09]]), 2.273935616188633), (9.945079393933488e-05, array([[7.47328060e-07],
       [1.79243883e-09],
       [5.12883485e-09]]), 2.2958928765710245), (0.00010144583854989067, array([[ 6.73267003e-07],
       [-9.99249393e-08],
       [ 4.61591164e-09]]), 2.3185304520569487), (0.0001027389712026153, array([[ 2.02223805e-07],
       [-5.09534207e-08],
       [-1.75008321e-09]]), 2.3341422021307423), (0.00010281304463666401, array([[-1.31766990e-07],
       [ 1.72938619e-08],
       [-6.18535647e-09]]), 2.331369327618032)]