[(1.4596820685367604, array([[-0.01673815],
       [ 0.00351516],
       [ 0.00082491]]), 2.327299289145124), (1.459308116583593, array([[ 0.002997  ],
       [-0.00291867],
       [ 0.00033461]]), 2.3256121170242214), (1.4594836317117268, array([[-0.00030824],
       [-0.00702435],
       [-0.00067748]]), 2.3253868981475647), (1.460574184204434, array([[-0.00155589],
       [-0.0009383 ],
       [-0.0009551 ]]), 2.327205118674094), (1.4583132989753216, array([[ 0.01204122],
       [-0.00191275],
       [ 0.00065518]]), 2.3242684110255034), (1.4569621757036033, array([[ 0.02721198],
       [ 0.0005121 ],
       [-0.00042035]]), 2.323365482241394), (1.4540078933408747, array([[ 0.00312982],
       [-0.00379401],
       [ 0.00049233]]), 2.320488187757587), (1.4521800685256256, array([[ 0.0127685 ],
       [-0.01181   ],
       [-0.00203592]]), 2.319990010993229), (1.4489323333912238, array([[-0.01494359],
       [ 0.00107374],
       [ 0.00078762]]), 2.317804091423476), (1.4445934222591983, array([[-0.00469287],
       [-0.00376832],
       [ 0.00029089]]), 2.314448118794346), (1.440788399759038, array([[-0.00347367],
       [ 0.01004545],
       [ 0.00198339]]), 2.312521483209802), (1.4364445144550293, array([[ 2.34939126e-03],
       [ 2.27269608e-03],
       [-6.20577966e-05]]), 2.3103040731736386), (1.432215364974219, array([[-0.00370435],
       [-0.00382776],
       [-0.00124378]]), 2.3088448554807757), (1.4251545142281319, array([[0.00858332],
       [0.00509489],
       [0.00041272]]), 2.3033845261479997), (1.4199476820571888, array([[ 0.02981495],
       [-0.00503543],
       [-0.00096846]]), 2.3014811300200377), (1.412992071581297, array([[-0.02344016],
       [ 0.00302818],
       [-0.00011312]]), 2.297304358522143), (1.4058507078766151, array([[0.02365722],
       [0.00714102],
       [0.00082601]]), 2.2933778158706413), (1.3989648932033756, array([[-0.03149212],
       [-0.00968858],
       [-0.00077267]]), 2.2904216153408616), (1.3912017441613755, array([[ 0.03238713],
       [-0.00022579],
       [-0.00051948]]), 2.2865800007534065), (1.3818053630477383, array([[-0.01192086],
       [ 0.0018254 ],
       [ 0.00070853]]), 2.2805898506773894), (1.3732068443748868, array([[ 0.0008473 ],
       [ 0.01182164],
       [-0.00033171]]), 2.2764474324364627), (1.3652385912566996, array([[-0.01309389],
       [ 0.00837331],
       [ 0.00230399]]), 2.273892588687254), (1.3543354591521792, array([[0.04126899],
       [0.00447281],
       [0.00042861]]), 2.266975624139387), (1.3445546610616745, array([[ 0.017271  ],
       [ 0.00528396],
       [-0.00065104]]), 2.262449823186042), (1.33498658468514, array([[-0.00971132],
       [ 0.00376527],
       [ 0.00160286]]), 2.2588076147779135), (1.323167244220361, array([[ 0.00922481],
       [ 0.0037534 ],
       [-0.00271806]]), 2.251864440760421), (1.3118154553614245, array([[-0.00571888],
       [-0.00581531],
       [-0.00118579]]), 2.2462089851433533), (1.3009020339371304, array([[ 0.01905936],
       [-0.0079557 ],
       [-0.00046119]]), 2.24180694983973), (1.288564171285954, array([[ 0.00636653],
       [-0.00730348],
       [-0.001028  ]]), 2.2354439418001095), (1.2765497937065093, array([[-0.00515229],
       [ 0.01690693],
       [ 0.00246917]]), 2.2301251710497234), (1.2634041104735712, array([[-0.02856722],
       [-0.00312631],
       [-0.00234077]]), 2.223304625248602), (1.250015445439088, array([[0.0184484 ],
       [0.00123874],
       [0.00183148]]), 2.2165149264354627), (1.237216282605288, array([[-0.02454281],
       [ 0.00494345],
       [ 0.00200745]]), 2.2112351736046523), (1.22332075941584, array([[-0.01669324],
       [-0.00700086],
       [-0.000959  ]]), 2.204455156214641), (1.2093140203943573, array([[0.00785982],
       [0.00304689],
       [0.00050092]]), 2.197918068400763), (1.1957748959129257, array([[ 0.01481992],
       [-0.01306039],
       [-0.00283451]]), 2.1926818156737102), (1.180485047910346, array([[ 0.00317156],
       [-0.00849657],
       [-0.00230519]]), 2.184667147914833), (1.1651085126824017, array([[-0.046439  ],
       [ 0.01244618],
       [ 0.00169221]]), 2.176894042443001), (1.1503475053743557, array([[-0.02631879],
       [ 0.00165723],
       [-0.00084132]]), 2.1706833096771296), (1.1357944152474835, array([[ 0.02289435],
       [ 0.00201458],
       [-0.00218764]]), 2.1652946914864963), (1.120209346600154, array([[-0.02122974],
       [-0.00658845],
       [ 0.00022363]]), 2.158355082158099), (1.1033581212568064, array([[0.01735433],
       [0.0032371 ],
       [0.00048537]]), 2.1493469486051087), (1.088355672038916, array([[0.00792103],
       [0.00799631],
       [0.00020273]]), 2.1443252384972173), (1.0716696087099373, array([[-0.01682625],
       [-0.00472558],
       [-0.0011879 ]]), 2.1363761470305263), (1.0553853981432426, array([[-0.00451945],
       [ 0.01735016],
       [ 0.00331149]]), 2.1295903113387116), (1.0383151104594204, array([[ 0.00333543],
       [-0.00052882],
       [-0.00127565]]), 2.1215717209319216), (1.0210988619686872, array([[-0.00759283],
       [ 0.0020917 ],
       [ 0.00079216]]), 2.1135850988904012), (1.0054644318989283, array([[-0.00505055],
       [ 0.00246124],
       [-0.00219724]]), 2.1092430184049373), (0.9877423715458911, array([[ 0.00386957],
       [ 0.00368619],
       [-0.0016349 ]]), 2.1008793752846104), (0.9702342648943264, array([[-9.36404143e-03],
       [ 4.75095091e-03],
       [-2.20095089e-06]]), 2.093275737372737), (0.9527167801555539, array([[-8.07837468e-05],
       [-1.72389734e-03],
       [ 4.65528564e-04]]), 2.0859627841425286), (0.9347821056518469, array([[-1.23122477e-02],
       [ 4.21546523e-03],
       [ 6.64826182e-05]]), 2.0780335038606306), (0.9175446263514037, array([[-0.00572434],
       [ 0.0059246 ],
       [-0.00082937]]), 2.0719613162783124), (0.8993642203942545, array([[0.00381134],
       [0.0034974 ],
       [0.00152937]]), 2.064058528347952), (0.8827484676034184, array([[ 0.01010327],
       [-0.00066279],
       [-0.00162347]]), 2.060071173630559), (0.8641074667503622, array([[ 0.01107673],
       [-0.00757358],
       [-0.00086375]]), 2.0516651047643037), (0.8456719672518683, array([[-0.00561169],
       [ 0.00530905],
       [ 0.00118471]]), 2.0439814971812535), (0.8272370588182723, array([[-0.00655667],
       [ 0.00169802],
       [-0.00166699]]), 2.0365401638787106), (0.8090784154331886, array([[-0.00650189],
       [-0.00404358],
       [-0.00204961]]), 2.0300310405353006), (0.790014583643481, array([[ 0.00584933],
       [-0.00155466],
       [-0.00034011]]), 2.021470665924074), (0.7719833096700186, array([[-0.00392361],
       [-0.00528321],
       [-0.00026825]]), 2.0157774395771075), (0.7531571769347984, array([[0.00455678],
       [0.00138533],
       [0.00149862]]), 2.0082434424095985), (0.7343523857729619, array([[ 0.00598951],
       [-0.0064905 ],
       [ 0.00050846]]), 2.0009563884868053), (0.7167720726381829, array([[-1.17578513e-02],
       [ 1.40082712e-03],
       [ 6.95767184e-05]]), 1.997268384075761), (0.6975603535814081, array([[ 0.00402613],
       [-0.00040719],
       [-0.00045682]]), 1.9892707458536831), (0.6798258312509922, array([[-2.62727000e-03],
       [-3.89782685e-03],
       [ 4.39127938e-05]]), 1.985714943567361), (0.6608545586899935, array([[-0.00497294],
       [-0.00426452],
       [-0.00130373]]), 1.9787906758418958), (0.6422867078291117, array([[ 5.49977867e-03],
       [ 1.70885746e-05],
       [-1.54345186e-03]]), 1.9732582136265249), (0.6232722052492948, array([[ 0.00019375],
       [ 0.00173439],
       [-0.0001428 ]]), 1.9665294051844444), (0.6048908160512785, array([[ 0.0017339 ],
       [-0.0025811 ],
       [ 0.00056757]]), 1.9619878705429492), (0.5863178196607752, array([[0.00244292],
       [0.00146576],
       [0.00118072]]), 1.9570520834509417), (0.5675386332696348, array([[ 3.45592212e-03],
       [-3.74124335e-05],
       [ 9.16400634e-05]]), 1.951617788223203), (0.5485361163270578, array([[ 0.00566466],
       [-0.00570188],
       [-0.0005001 ]]), 1.9455579463477295), (0.5301824608748351, array([[-0.00497401],
       [-0.00317869],
       [-0.00066937]]), 1.9419856481551363), (0.5113589831042598, array([[ 0.00469492],
       [-0.00562323],
       [-0.00183685]]), 1.9368966799290321), (0.4926195252011743, array([[ 0.00733279],
       [-0.00245081],
       [-0.00056459]]), 1.9322815500404622), (0.4742719295564861, array([[-0.00288398],
       [ 0.00128387],
       [-0.00041032]]), 1.9294234048379442), (0.45628656883478297, array([[-0.0037819 ],
       [-0.00024347],
       [-0.00063515]]), 1.9283793926243658), (0.43756415341631344, array([[-0.00164633],
       [ 0.00107463],
       [ 0.00058266]]), 1.9245141456978048), (0.41836101276559823, array([[0.00481693],
       [0.00347524],
       [0.00111668]]), 1.9186203853831738), (0.4002262557113204, array([[-0.00804749],
       [ 0.00121621],
       [-0.00089967]]), 1.9178233962760671), (0.38185681532342886, array([[-0.00320111],
       [ 0.00366622],
       [ 0.00022884]]), 1.9162791872867613), (0.36304634259703655, array([[-0.00522812],
       [-0.00527548],
       [-0.0007379 ]]), 1.9127641576639065), (0.3444395198983926, array([[0.00347458],
       [0.00248968],
       [0.00059206]]), 1.910515539772862), (0.32669949739689247, array([[-0.00069784],
       [-0.00456975],
       [ 0.00034595]]), 1.9136007291221404), (0.3085771541842988, array([[ 0.00358749],
       [-0.0028779 ],
       [-0.0003822 ]]), 1.9151904741220316), (0.2899424378431661, array([[-0.0018633 ],
       [ 0.00397928],
       [ 0.00021216]]), 1.9141125405195252), (0.271692074892478, array([[-1.57198595e-03],
       [-2.34639378e-04],
       [ 7.91050972e-05]]), 1.916113108756461), (0.2534541762821491, array([[-0.00020572],
       [-0.00061715],
       [ 0.00043906]]), 1.9190197930842876), (0.23517408251101038, array([[-0.00125335],
       [-0.00080694],
       [-0.00020478]]), 1.9225658059123916), (0.21659341459506634, array([[-0.00117394],
       [ 0.00269991],
       [ 0.0003894 ]]), 1.9245825796173854), (0.19881213945934784, array([[ 1.85378693e-05],
       [-2.68630699e-03],
       [-7.30614256e-05]]), 1.935296310769056), (0.18020577650215916, array([[ 0.00098962],
       [-0.00141027],
       [-0.00016869]]), 1.9399327341778094), (0.16239425736666824, array([[1.60259923e-04],
       [5.56568775e-03],
       [5.38290529e-05]]), 1.9557880326483805), (0.1443824518250138, array([[-0.00101868],
       [-0.00036723],
       [ 0.00040954]]), 1.9737430546696153), (0.1268117007018249, array([[ 1.57187795e-04],
       [ 7.23015181e-04],
       [-1.69618151e-05]]), 2.0048606634687927), (0.1084389209771617, array([[8.55776758e-04],
       [7.99555199e-04],
       [1.02797257e-05]]), 2.0331000796880936), (0.09063841605163188, array([[ 4.92501585e-04],
       [ 1.09906930e-04],
       [-1.15315065e-06]]), 2.0880618706124623), (0.07261469707288247, array([[-7.19931686e-05],
       [ 1.11327485e-03],
       [-1.15067430e-05]]), 2.1696643643944444), (0.05473778280081235, array([[ 3.89431366e-04],
       [ 7.28380794e-04],
       [-2.23906259e-06]]), 2.3272867923734073)]