[(1.459283107417906, array([[ 0.04757196],
       [ 0.01478971],
       [-0.00044563]]), 2.3266631904025825), (1.4604239936862213, array([[0.03931503],
       [0.00511283],
       [0.0008982 ]]), 2.3273904236624774), (1.4601897013707517, array([[0.05507796],
       [0.0067031 ],
       [0.00062625]]), 2.326511874884954), (1.45773056543637, array([[ 0.02659001],
       [-0.00658129],
       [-0.00053208]]), 2.3226742401852336), (1.4591325397647508, array([[ 0.07116554],
       [-0.00647693],
       [-0.00014305]]), 2.325574121869142), (1.4568251398723076, array([[ 0.02944984],
       [-0.00603198],
       [-0.00036243]]), 2.323146956101476), (1.4542632538849525, array([[0.03507766],
       [0.00298446],
       [0.00018614]]), 2.3208957241463968), (1.4513186205667834, array([[0.01471919],
       [0.00588371],
       [0.00094746]]), 2.3186137693667117), (1.448709615932184, array([[ 0.0377301 ],
       [-0.00441602],
       [ 0.00102263]]), 2.317447818445161), (1.4449692065470172, array([[ 0.01606132],
       [ 0.0054879 ],
       [-0.00056429]]), 2.3150501797096275), (1.4403135080766967, array([[0.04242581],
       [0.00203423],
       [0.0004489 ]]), 2.311759263568254), (1.4357133579296535, array([[ 0.05798364],
       [-0.00377602],
       [-0.00024651]]), 2.3091281183200367), (1.4304385867582106, array([[0.04485326],
       [0.00316673],
       [0.00035809]]), 2.3059805479585376), (1.4258042043795802, array([[ 0.00170716],
       [ 0.00405332],
       [-0.00053929]]), 2.304434578073385), (1.420411167712384, array([[0.04965018],
       [0.00631952],
       [0.00091114]]), 2.302232357338442), (1.4122103078688797, array([[ 2.40182990e-02],
       [ 4.30839362e-03],
       [-9.39295919e-05]]), 2.2960333328596563), (1.4063098150038298, array([[ 0.02580346],
       [-0.00182437],
       [ 0.00131759]]), 2.294126761754271), (1.3986256656597889, array([[0.01381317],
       [0.00133206],
       [0.00086435]]), 2.2898662232062024), (1.3911495072423665, array([[0.04557186],
       [0.00207936],
       [0.00083839]]), 2.2864941441227566), (1.3812730023642557, array([[ 0.03115852],
       [ 0.00051722],
       [-0.00147394]]), 2.2797112201523406), (1.3737878483036867, array([[ 0.05144587],
       [ 0.00168045],
       [-0.00028047]]), 2.2774105975323624), (1.3635714214847927, array([[ 0.0235548 ],
       [-0.00279498],
       [ 0.00056986]]), 2.271115810318476), (1.3561257157800586, array([[ 0.02000372],
       [ 0.0054616 ],
       [-0.00043337]]), 2.269972273240561), (1.344282815969817, array([[0.03353377],
       [0.00222253],
       [0.00177418]]), 2.2619923959814674), (1.3342270143079271, array([[0.03249763],
       [0.00501132],
       [0.0009919 ]]), 2.2575224158315788), (1.3224654420800535, array([[0.05675129],
       [0.0089342 ],
       [0.0004923 ]]), 2.250670061674095), (1.312329927449202, array([[ 0.04548773],
       [-0.00771409],
       [-0.00113255]]), 2.2470899107502653), (1.3008500435747843, array([[ 0.03241173],
       [-0.00101761],
       [ 0.00134503]]), 2.2417173563479897), (1.2880573543608242, array([[ 0.04257418],
       [-0.00818377],
       [-0.00426187]]), 2.2345646989574712), (1.2765071080689057, array([[0.05205837],
       [0.00382799],
       [0.00086459]]), 2.23005059948555), (1.2640707976954715, array([[0.02606267],
       [0.01367659],
       [0.00212497]]), 2.2244778435180037), (1.250657002490523, array([[ 0.0322853 ],
       [-0.00562884],
       [-0.00117292]]), 2.2176525290033786), (1.2378764326119571, array([[ 0.03218398],
       [-0.00161961],
       [ 0.00011677]]), 2.212415037574377), (1.2227903512035385, array([[ 2.15449101e-02],
       [-6.81220636e-03],
       [ 6.06577316e-05]]), 2.2034993471110136), (1.2100719337567167, array([[ 0.05882195],
       [-0.00225647],
       [ 0.00074714]]), 2.199295569566977), (1.1954513407111023, array([[ 0.05615393],
       [-0.00590887],
       [-0.00272038]]), 2.1920885153712626), (1.1805522879185923, array([[ 0.03366791],
       [-0.0004945 ],
       [ 0.00028882]]), 2.184791585778152), (1.1651682779789387, array([[0.02918371],
       [0.00565493],
       [0.00050055]]), 2.1770057081947827), (1.1506655982651952, array([[ 0.04230404],
       [-0.00137654],
       [ 0.00018143]]), 2.1712835447590035), (1.1360311642239243, array([[ 0.04479913],
       [-0.00148992],
       [-0.00115608]]), 2.165746033115774), (1.1196189032714743, array([[ 0.0137181 ],
       [ 0.00401669],
       [-0.00209469]]), 2.157217449836917), (1.1043433297472849, array([[5.77240343e-02],
       [2.41560390e-03],
       [7.40445679e-05]]), 2.1512661395023827), (1.088795651305321, array([[ 0.0191269 ],
       [-0.00299303],
       [-0.00154097]]), 2.1451921046050586), (1.071091425011942, array([[ 0.04361969],
       [ 0.00163264],
       [-0.0002221 ]]), 2.1352235363276004), (1.0549959096032515, array([[ 0.043416  ],
       [-0.00031124],
       [ 0.00094795]]), 2.1288043889423984), (1.0379764519897048, array([[ 0.03492913],
       [-0.00554613],
       [-0.00080694]]), 2.1208797458030184), (1.0221705846179236, array([[ 0.02700812],
       [-0.00111821],
       [-0.00259641]]), 2.1158034707894773), (1.004461479997278, array([[ 0.05258828],
       [-0.00472022],
       [ 0.00320847]]), 2.107139046121843), (0.987441622583345, array([[ 0.01968721],
       [-0.00554722],
       [-0.00084231]]), 2.100239697053978), (0.9699716668950609, array([[ 0.01808602],
       [ 0.00266707],
       [-0.00056739]]), 2.092709183458456), (0.9526536558732892, array([[0.01209138],
       [0.00193993],
       [0.00283463]]), 2.0858245742292336), (0.9351947866450651, array([[ 0.02755184],
       [ 0.00128017],
       [-0.0019766 ]]), 2.0789508993960486), (0.9182879995955229, array([[ 0.02118706],
       [ 0.00127223],
       [-0.00024246]]), 2.0736399709847286), (0.8997685720965245, array([[ 0.00374951],
       [ 0.00262202],
       [-0.00131422]]), 2.064986523436701), (0.8815007761612411, array([[ 0.01974664],
       [ 0.00130786],
       [-0.00100545]]), 2.0571594345928315), (0.864668995244716, array([[ 0.04321455],
       [-0.00160446],
       [-0.00159133]]), 2.0529983514512335), (0.8449371580145812, array([[ 0.03139366],
       [-0.00990813],
       [-0.00210633]]), 2.042205469899832), (0.8271131707037507, array([[ 0.0277405 ],
       [-0.00377372],
       [-0.00133342]]), 2.0362351689339597), (0.8086703000829446, array([[ 0.01668029],
       [-0.00198514],
       [-0.00306362]]), 2.029007052237861), (0.7910932878960575, array([[ 0.03169654],
       [-0.00160275],
       [-0.0001594 ]]), 2.024230828899464), (0.7732543106518613, array([[0.01360198],
       [0.000176  ],
       [0.0020527 ]]), 2.0190962355572615), (0.7542757050755464, array([[1.16031113e-02],
       [6.87864738e-05],
       [1.39256316e-03]]), 2.0112259231886433), (0.7347853750635238, array([[0.01924315],
       [0.00394454],
       [0.00107908]]), 2.0021361935829436), (0.7165292532177774, array([[ 0.01654054],
       [-0.00154986],
       [ 0.00226877]]), 1.996591773518613), (0.6974877988893836, array([[ 0.03367952],
       [-0.00868033],
       [ 0.0005033 ]]), 1.9890638376978835), (0.67914018386401, array([[ 2.66529152e-02],
       [-1.68233529e-03],
       [ 2.74712807e-05]]), 1.9837122243416982), (0.660735750401617, array([[ 0.02101193],
       [-0.0016698 ],
       [ 0.00083329]]), 1.9784349292859242), (0.642688105548586, array([[ 0.02094223],
       [ 0.00091175],
       [-0.00131498]]), 1.9744914033177157), (0.6234787775527746, array([[ 0.02461907],
       [-0.00783547],
       [-0.00103627]]), 1.9671811758003461), (0.6050838965939435, array([[0.0174073 ],
       [0.00623841],
       [0.00215693]]), 1.9626141351062294), (0.5861042815574787, array([[0.02488055],
       [0.00115423],
       [0.00174019]]), 1.9563393212323303), (0.56699157456705, array([[ 0.01474796],
       [-0.00390014],
       [ 0.0015443 ]]), 1.949736595591406), (0.5492411198544918, array([[ 0.01908886],
       [ 0.00097733],
       [-0.00080518]]), 1.9480584657742104), (0.5300633142973257, array([[ 1.00169092e-02],
       [ 5.89863442e-03],
       [-8.66708824e-05]]), 1.9415492305807633), (0.5114162931813968, array([[ 0.01829922],
       [-0.00214451],
       [-0.00141965]]), 1.9371137558029305), (0.4929441315593788, array([[ 0.02671417],
       [-0.00269662],
       [ 0.00125183]]), 1.933554806265392), (0.47424458849823276, array([[0.0211656 ],
       [0.00042039],
       [0.00020675]]), 1.929312176501584), (0.45588216724535996, array([[0.01667274],
       [0.0002301 ],
       [0.00015195]]), 1.92667029193052), (0.43682540279057913, array([[0.01434647],
       [0.00024819],
       [0.00051968]]), 1.9212649397967536), (0.41875369581841904, array([[ 0.01364933],
       [-0.00034247],
       [ 0.00071715]]), 1.9204212456142837), (0.39995860205758366, array([[ 0.01129979],
       [-0.00211693],
       [ 0.00104414]]), 1.9165408406418227), (0.38190715184441554, array([[0.01556052],
       [0.00445346],
       [0.00069534]]), 1.9165317919900335), (0.363184469156789, array([[0.01137445],
       [0.0056712 ],
       [0.00031708]]), 1.9134918981799682), (0.34478114746819194, array([[ 0.01507248],
       [-0.0026645 ],
       [-0.00022407]]), 1.9124104581640762), (0.3267819153161435, array([[ 1.17104288e-02],
       [-5.17865896e-03],
       [-8.78523063e-05]]), 1.914083481595371), (0.3080108202477229, array([[ 1.52994585e-02],
       [ 3.71754920e-03],
       [-1.33838906e-05]]), 1.9116755108598633), (0.2896998328922076, array([[0.01188338],
       [0.00302015],
       [0.00055316]]), 1.9125109357924757), (0.27111821356601806, array([[ 0.00861278],
       [ 0.00038439],
       [-0.00044918]]), 1.9120659417175496), (0.25328462608409114, array([[ 0.01032883],
       [-0.00076137],
       [-0.00094738]]), 1.917736049447598), (0.2356582985152827, array([[ 0.00818195],
       [-0.00083718],
       [-0.00016591]]), 1.9265243081527303), (0.21692124191475637, array([[ 9.14120936e-03],
       [ 7.44555599e-05],
       [-4.22866997e-05]]), 1.9274955525246074), (0.19870505009552872, array([[0.00832809],
       [0.00028973],
       [0.00017262]]), 1.9342538711510058), (0.18035409239178604, array([[0.00700472],
       [0.00218128],
       [0.00029489]]), 1.9415293691740383), (0.16265476011079633, array([[ 0.00673543],
       [ 0.00148973],
       [-0.00022143]]), 1.958925385887956), (0.14416622428442188, array([[ 0.00859969],
       [ 0.00223948],
       [-0.00014889]]), 1.970787171866151), (0.12623218917481865, array([[6.45416132e-03],
       [3.95425970e-03],
       [1.96080866e-05]]), 1.9956987339457954), (0.10846174437298459, array([[ 5.79138773e-03],
       [ 1.73866866e-03],
       [-4.77439733e-05]]), 2.0335279910638997), (0.09054620768365623, array([[ 5.44226067e-03],
       [ 4.90503087e-04],
       [-8.66098522e-05]]), 2.0859376413318924), (0.07258869052775978, array([[ 4.03200276e-03],
       [-8.11887827e-05],
       [-4.43644984e-05]]), 2.1688873113119658), (0.054809017661738145, array([[ 3.21621479e-03],
       [ 9.34127180e-04],
       [-2.79929803e-05]]), 2.3303154855813952)]