[(1.4590685982680764, array([[ 0.01104631],
       [-0.00338325],
       [-0.00101782]]), 2.3263211796300487), (1.46012856114826, array([[ 0.04432912],
       [ 0.01483754],
       [-0.00019874]]), 2.3269196104858505), (1.4593967900708698, array([[ 0.06120861],
       [-0.00467579],
       [ 0.0009618 ]]), 2.32524853385935), (1.4593805853158999, array([[ 0.03643598],
       [-0.01299858],
       [ 0.0001181 ]]), 2.3253032985042723), (1.4579797226953912, array([[0.03509478],
       [0.00092654],
       [0.00104334]]), 2.3237367551661934), (1.4571790019542101, array([[ 0.05086375],
       [-0.00162748],
       [-0.00041733]]), 2.32371124730977), (1.455263653504791, array([[ 0.05762069],
       [-0.00134354],
       [-0.00034938]]), 2.322492287350423), (1.4519407468244283, array([[ 0.04672799],
       [ 0.00534522],
       [-0.00018553]]), 2.319607672763815), (1.4491719070626932, array([[0.06274827],
       [0.00196165],
       [0.00036958]]), 2.318187328668675), (1.4450509513883083, array([[ 1.41974076e-02],
       [ 1.20436492e-02],
       [-1.20012738e-06]]), 2.315181146797828), (1.4405576657536638, array([[ 0.05531304],
       [-0.00308367],
       [ 0.00119297]]), 2.312151146146828), (1.4359889646933044, array([[ 0.00583191],
       [-0.0058306 ],
       [-0.00045773]]), 2.309571390177912), (1.4312447597057074, array([[0.02128256],
       [0.00645382],
       [0.00134805]]), 2.307280162742721), (1.4258839345822232, array([[0.0356272 ],
       [0.00141083],
       [0.00080371]]), 2.304563440812969), (1.4198185025945196, array([[ 5.39207109e-02],
       [-8.03320850e-03],
       [-3.22423767e-05]]), 2.3012717532243454), (1.4139333414322999, array([[ 0.0367492 ],
       [-0.00401209],
       [-0.00081384]]), 2.2988347162465397), (1.4057336070881354, array([[ 0.02200915],
       [-0.00547507],
       [-0.00162448]]), 2.293186788225233), (1.399519532478186, array([[1.36655870e-02],
       [1.09632679e-02],
       [7.04792215e-05]]), 2.2913296851501292), (1.3910100614716587, array([[ 0.01397882],
       [-0.01134449],
       [-0.00102864]]), 2.286264950972426), (1.3821688911813816, array([[ 0.05252871],
       [-0.0008127 ],
       [-0.00054564]]), 2.2811898328414437), (1.3730447614880739, array([[0.04152209],
       [0.0025957 ],
       [0.00079284]]), 2.2761787379036336), (1.3645119749208077, array([[ 3.73138561e-02],
       [ 2.20540468e-03],
       [-2.92298412e-05]]), 2.2726823624955945), (1.3545124845620349, array([[ 0.04365195],
       [-0.00062068],
       [-0.00172061]]), 2.2672719408947994), (1.3450885457612418, array([[ 0.06462163],
       [-0.00134542],
       [-0.00040611]]), 2.263348178142607), (1.3342225850250928, array([[ 0.01839208],
       [-0.00123476],
       [ 0.00150882]]), 2.2575149214508046), (1.3231887286717912, array([[ 0.04128152],
       [-0.00404099],
       [ 0.00032809]]), 2.251901004597998), (1.3121766995848845, array([[ 0.06250385],
       [-0.00459013],
       [ 0.00106404]]), 2.2468275401521773), (1.300790386600625, array([[0.0323961 ],
       [0.008251  ],
       [0.00322347]]), 2.2416145512052594), (1.2882772402984768, array([[ 0.03657724],
       [-0.00332486],
       [-0.00110973]]), 2.234946164388659), (1.2760447346061852, array([[0.06621886],
       [0.00181351],
       [0.00103915]]), 2.229242835696999), (1.2629329518846377, array([[ 0.02307057],
       [-0.01391805],
       [-0.00305562]]), 2.2224754930166286), (1.2508091500025722, array([[ 0.04439167],
       [ 0.00131529],
       [-0.00155754]]), 2.217922315454984), (1.2370032449476678, array([[ 0.03513423],
       [-0.01185433],
       [-0.00273664]]), 2.2108544185431045), (1.2240422102591753, array([[ 0.03212697],
       [-0.00057644],
       [-0.00300226]]), 2.2057552290036493), (1.2099864139851044, array([[ 0.04563435],
       [-0.00606334],
       [-0.00199248]]), 2.1991401381008213), (1.1960191028854694, array([[ 0.03878356],
       [-0.01214976],
       [-0.00173171]]), 2.1931296158322415), (1.1809221599477384, array([[0.01843408],
       [0.00174313],
       [0.00305576]]), 2.185476090230316), (1.1659990549953505, array([[ 0.03104601],
       [-0.00102948],
       [ 0.00056916]]), 2.178557935749504), (1.150662975306967, array([[0.03165065],
       [0.00160262],
       [0.00025058]]), 2.1712785952879776), (1.1357453266244046, array([[0.00778534],
       [0.01244859],
       [0.00081069]]), 2.1652011082345117), (1.1202261711436399, array([[ 0.04184315],
       [ 0.00101309],
       [-0.00040487]]), 2.158387498722956), (1.103703957544255, array([[ 0.03324434],
       [-0.00842467],
       [-0.00099282]]), 2.15002063936319), (1.0880461346891954, array([[ 0.0288722 ],
       [-0.00415725],
       [-0.00124732]]), 2.1437153746739135), (1.0722488439403801, array([[ 0.0380285 ],
       [-0.00501089],
       [-0.00097993]]), 2.1375308539661155), (1.0554842891345972, array([[ 0.03161489],
       [-0.0028218 ],
       [ 0.00140753]]), 2.129789856734581), (1.0390890340875016, array([[0.02945253],
       [0.00690409],
       [0.00039186]]), 2.1231530660042974), (1.0214338994001821, array([[ 0.03656788],
       [-0.00238675],
       [-0.00099318]]), 2.114278596992449), (1.004201644466175, array([[ 0.03317563],
       [-0.00546102],
       [-0.00070284]]), 2.106593968382119), (0.9871323632756211, array([[ 0.04185216],
       [ 0.00134794],
       [-0.00072168]]), 2.09958191773831), (0.9701542948442723, array([[ 0.04613078],
       [-0.00148334],
       [-0.0018857 ]]), 2.09310320237624), (0.9525638155373611, array([[ 0.04160879],
       [-0.00399811],
       [ 0.00060051]]), 2.085627869813856), (0.9360614242588082, array([[ 0.03444368],
       [-0.00218355],
       [ 0.00039471]]), 2.0808774467552413), (0.9172074491493377, array([[ 0.02886652],
       [ 0.00304342],
       [-0.00154188]]), 2.071199916669675), (0.9000253833299714, array([[ 0.01372652],
       [-0.00379432],
       [ 0.00057713]]), 2.0655759102552462), (0.8815980830998389, array([[ 0.01508361],
       [-0.00780062],
       [-0.00245625]]), 2.0573865199139125), (0.8634608887054839, array([[0.03634195],
       [0.00536465],
       [0.00043566]]), 2.0501299234781465), (0.8454908901730089, array([[ 0.02395206],
       [-0.0050659 ],
       [-0.00059767]]), 2.043543835519185), (0.8272870823661815, array([[ 0.03697858],
       [ 0.00394669],
       [-0.00018742]]), 2.03666331474988), (0.8094396624470321, array([[ 0.03200913],
       [-0.0006561 ],
       [ 0.00233512]]), 2.030937433089365), (0.7910228444822791, array([[ 3.14143296e-02],
       [-2.36170435e-03],
       [-9.38002716e-05]]), 2.0240505799553197), (0.7724567699582873, array([[0.01056525],
       [0.00164602],
       [0.00065858]]), 2.0170137235170227), (0.7535238241382188, array([[ 0.01975118],
       [-0.00389498],
       [-0.00071752]]), 2.0092210827541326), (0.7354149429225474, array([[ 0.03735073],
       [ 0.00162747],
       [-0.00046719]]), 2.0038516340906685), (0.716551119711954, array([[ 0.03060791],
       [-0.00867607],
       [-0.00140482]]), 1.9966527039861308), (0.6980691778645993, array([[ 0.03047242],
       [-0.00081484],
       [-0.00033743]]), 1.990721787697067), (0.6797469184176677, array([[0.0200569 ],
       [0.00619976],
       [0.00059447]]), 1.9854844457175171), (0.6613054180434944, array([[ 0.02599852],
       [ 0.00339853],
       [-0.001007  ]]), 1.9801406798224874), (0.6424319497660259, array([[ 1.62901653e-02],
       [-3.32627505e-03],
       [ 7.17710209e-05]]), 1.9737044315561278), (0.6231508461364031, array([[ 0.0313041 ],
       [-0.00325101],
       [-0.0007598 ]]), 1.966146496622056), (0.604316949171738, array([[ 0.01969425],
       [-0.0008377 ],
       [-0.00045336]]), 1.960126510067492), (0.5858541376974102, array([[ 0.02822592],
       [-0.00742507],
       [ 0.00021404]]), 1.9555043737924034), (0.5676904504490484, array([[2.18725113e-02],
       [7.72338211e-05],
       [7.09790934e-04]]), 1.952139848027651), (0.5492260793534697, array([[ 0.01720368],
       [-0.00223247],
       [ 0.00139947]]), 1.9480051198496495), (0.530344979961945, array([[ 0.0163822 ],
       [-0.00097246],
       [-0.00030004]]), 1.942580933284331), (0.5114837273537703, array([[0.01697902],
       [0.00218639],
       [0.00129676]]), 1.9373691791530614), (0.4930743919418871, array([[0.01827711],
       [0.00045388],
       [0.00071981]]), 1.9340657477140064), (0.47426425481662254, array([[ 0.01708806],
       [-0.00212587],
       [ 0.00068159]]), 1.9293921826175344), (0.4554242148896668, array([[ 0.01701638],
       [-0.00097231],
       [-0.0006748 ]]), 1.9247348725124611), (0.437230086370093, array([[ 0.01961239],
       [-0.00020265],
       [-0.00029648]]), 1.9230448371380355), (0.41908713616573146, array([[ 0.01010268],
       [-0.00354467],
       [-0.00121432]]), 1.9219504164216539), (0.39985923380236144, array([[0.01178447],
       [0.00042644],
       [0.00054551]]), 1.9160646830634709), (0.38231339781346274, array([[ 0.01117461],
       [-0.00719191],
       [-0.00017153]]), 1.9185704637229053), (0.3633681776630681, array([[ 0.01714298],
       [-0.00155066],
       [ 0.00014921]]), 1.914459794024215), (0.3450828584910732, array([[ 0.01341673],
       [ 0.00071857],
       [-0.00091335]]), 1.9140839699547831), (0.3264144801425595, array([[ 0.01568809],
       [-0.00235861],
       [ 0.00091156]]), 1.9119312768271426), (0.30803855654677936, array([[ 1.33092466e-02],
       [ 4.90176393e-03],
       [-2.98068656e-05]]), 1.911847656772223), (0.29107902521330226, array([[ 0.00697561],
       [-0.00055749],
       [-0.00042069]]), 1.921615947591485), (0.2717138678605434, array([[ 0.01061652],
       [ 0.00160242],
       [-0.00025942]]), 1.916266804044796), (0.25285575485458167, array([[ 0.00938024],
       [ 0.00210602],
       [-0.00034395]]), 1.9144888653207253), (0.2349273430976544, array([[0.00887719],
       [0.00246708],
       [0.00033819]]), 1.9205486926572908), (0.21692669812500254, array([[ 1.11425511e-02],
       [-2.83559238e-04],
       [-6.75217528e-05]]), 1.9275440347335893), (0.19901935596554982, array([[ 0.00553876],
       [-0.00304437],
       [-0.00017614]]), 1.9373134176774858), (0.18057191086238467, array([[ 5.93075204e-03],
       [-2.42750190e-03],
       [-7.34480810e-05]]), 1.9438742062232421), (0.16279074001513869, array([[ 7.56245112e-03],
       [-5.45156780e-04],
       [-3.84280900e-06]]), 1.9605630538320444), (0.14469236337403676, array([[ 0.00588641],
       [-0.00170205],
       [-0.00022187]]), 1.977979620538349), (0.1267676848331296, array([[ 6.57357721e-03],
       [-4.80155752e-05],
       [ 5.15306030e-05]]), 2.0041647838044776), (0.10878693239781426, array([[ 5.07857898e-03],
       [ 3.37985484e-03],
       [-6.66647397e-05]]), 2.0396248776175203), (0.09037828528355386, array([[ 4.55861904e-03],
       [ 2.30825052e-03],
       [-8.26928252e-05]]), 2.082069167276965), (0.07255502078813751, array([[4.33543234e-03],
       [1.50956709e-03],
       [2.53816419e-05]]), 2.167881288603594), (0.05479506808522277, array([[ 3.71828302e-03],
       [ 1.09154796e-04],
       [-2.95482371e-05]]), 2.3297223913141036)]