[(1.460747551730679, array([[-0.02476294],
       [-0.00837862],
       [-0.00019906]]), 2.3289980825558616), (1.461014504385347, array([[ 0.00480776],
       [ 0.00209122],
       [-0.00087667]]), 2.328331485266613), (1.4606309753085822, array([[-0.01034259],
       [-0.0060273 ],
       [-0.00025624]]), 2.327214954118752), (1.4592721028145021, array([[-0.02099349],
       [-0.00100425],
       [-0.00087612]]), 2.32513044796695), (1.4586577409839272, array([[-0.03013818],
       [-0.00519759],
       [-0.0009947 ]]), 2.324817384747813), (1.4568202365495997, array([[-0.00083254],
       [-0.00804949],
       [ 0.00093557]]), 2.3231391369480914), (1.4539667293624015, array([[-0.02098291],
       [ 0.00196264],
       [-0.00073571]]), 2.3204224931171074), (1.452041105950988, array([[-0.03623735],
       [-0.00868198],
       [-0.00103667]]), 2.3197680056152126), (1.4478470081970503, array([[-2.36456808e-03],
       [-1.87126412e-05],
       [-8.60181852e-06]]), 2.316067936381858), (1.4443467027454728, array([[0.00804375],
       [0.00045765],
       [0.00030502]]), 2.314052838360687), (1.4415176698380978, array([[-0.04035643],
       [ 0.00522781],
       [ 0.00189334]]), 2.3136919900831017), (1.4362294420279094, array([[0.00445231],
       [0.00192278],
       [0.00102294]]), 2.3099581616543268), (1.4324217731161621, array([[-0.00301618],
       [-0.0082563 ],
       [-0.00121401]]), 2.3091776017899615), (1.4255840018906123, array([[-0.02621206],
       [ 0.00185639],
       [ 0.00087697]]), 2.304078679116013), (1.4194082156972143, array([[-0.02081172],
       [ 0.00010006],
       [ 0.00054588]]), 2.3006067515739503), (1.4124300836217059, array([[ 0.00479778],
       [-0.01436678],
       [-0.0001404 ]]), 2.2963906538984786), (1.4058779648018485, array([[-1.11623083e-02],
       [-5.06628543e-06],
       [ 4.51641671e-04]]), 2.293422280355603), (1.3989187494677562, array([[-0.03222067],
       [-0.00304137],
       [-0.00122046]]), 2.2903460676198373), (1.3911830734401343, array([[-0.03604233],
       [ 0.00262709],
       [ 0.00108108]]), 2.2865493135450485), (1.3831974988820461, array([[-0.01887899],
       [ 0.00459801],
       [ 0.00087624]]), 2.2828874903735366), (1.373380673236433, array([[-0.01466369],
       [-0.005375  ],
       [-0.00211202]]), 2.2767355989768285), (1.364394853902802, array([[-0.02179114],
       [ 0.00421238],
       [ 0.00063008]]), 2.27248728991522), (1.3541508998106335, array([[-0.0239474 ],
       [-0.00665137],
       [-0.00101284]]), 2.266666696594395), (1.3436069602287002, array([[-0.00553624],
       [ 0.00730217],
       [ 0.00067611]]), 2.2608551497643585), (1.333905180819765, array([[-0.03620271],
       [ 0.00728908],
       [ 0.00085166]]), 2.2569778710832713), (1.3227224160088877, array([[-0.01573535],
       [-0.00594324],
       [-0.00222328]]), 2.251107399021337), (1.3125704539150256, array([[-0.01280756],
       [ 0.00651248],
       [ 0.00150262]]), 2.2475017619039392), (1.300460669453241, array([[-0.00290084],
       [-0.0003021 ],
       [ 0.00031802]]), 2.241046359156048), (1.2889661220664015, array([[-0.01032902],
       [ 0.00804431],
       [ 0.00029564]]), 2.2361412593703758), (1.277047311829449, array([[-0.0108402 ],
       [-0.00088285],
       [-0.00032049]]), 2.2309943323581902), (1.2624004139862466, array([[-0.02052148],
       [ 0.00861077],
       [ 0.0010392 ]]), 2.221538347124196), (1.2508401370957354, array([[-0.0327531 ],
       [-0.00387146],
       [ 0.00206673]]), 2.2179772614596702), (1.2376482741098964, array([[0.00352096],
       [0.00504481],
       [0.00209332]]), 2.212007257534616), (1.2241362880592286, array([[-0.02680929],
       [ 0.00312364],
       [ 0.00234148]]), 2.2059247595947205), (1.2097684791206855, array([[-0.02423705],
       [-0.00693885],
       [ 0.00125676]]), 2.198744043316371), (1.196397961882229, array([[-0.02301151],
       [-0.00018959],
       [-0.00111995]]), 2.193824326212714), (1.1808775842715262, array([[-0.01887476],
       [ 0.00764858],
       [-0.0011186 ]]), 2.1853935961609596), (1.1657066235270779, array([[-0.01529384],
       [-0.00774838],
       [-0.00163506]]), 2.1780115554645985), (1.1513637902500444, array([[-0.01308368],
       [ 0.00431015],
       [ 0.00083521]]), 2.17260101941895), (1.1365083635473705, array([[-0.01431859],
       [ 0.00685946],
       [-0.00164235]]), 2.1666557727200266), (1.1198544104023982, array([[-0.03543819],
       [-0.0006233 ],
       [-0.00189377]]), 2.1576712114614356), (1.1042858070134765, array([[0.00088043],
       [0.00313938],
       [0.00158688]]), 2.1511540849391326), (1.087818752855274, array([[-0.01232997],
       [ 0.00467745],
       [-0.00084741]]), 2.1432673771876325), (1.071828933544232, array([[-0.03233713],
       [-0.00274717],
       [-0.00192129]]), 2.1366937615013013), (1.0557805820930894, array([[-0.00159806],
       [-0.01194392],
       [ 0.00119293]]), 2.1303877261146513), (1.0385934544391755, array([[-0.01418066],
       [ 0.00431898],
       [ 0.00128325]]), 2.1221404564826147), (1.022354584638719, array([[-6.97965460e-04],
       [-1.67681135e-03],
       [-6.40600965e-05]]), 2.1161843346966194), (1.0041829654651517, array([[-0.0289294 ],
       [-0.00563049],
       [-0.00162695]]), 2.10655478395028), (0.987516129588187, array([[-0.01428019],
       [ 0.00383933],
       [ 0.00085441]]), 2.1003981697836047), (0.9704933007380321, array([[-0.01449135],
       [-0.00247773],
       [ 0.00048581]]), 2.093834605953613), (0.9523290130864449, array([[-0.00449435],
       [-0.00061771],
       [-0.00014279]]), 2.085113772461486), (0.9355750255403619, array([[-0.01303527],
       [ 0.00820895],
       [ 0.00091589]]), 2.0797961757006767), (0.9175404931741836, array([[-0.0154491 ],
       [-0.0053188 ],
       [ 0.00011478]]), 2.0719519829085047), (0.8991480396406439, array([[-0.00981093],
       [-0.00640981],
       [ 0.00024972]]), 2.063562389277666), (0.8815652115197776, array([[-0.01189946],
       [-0.00639178],
       [ 0.00097721]]), 2.057309807467501), (0.8638862557300041, array([[-0.00920724],
       [-0.00866004],
       [-0.00233943]]), 2.051139879663582), (0.8459911169608526, array([[-0.00580406],
       [-0.00436095],
       [-0.00111924]]), 2.0447528791417016), (0.8270403050916426, array([[0.00741528],
       [0.00055763],
       [0.00047843]]), 2.036055784144507), (0.8087330804887891, array([[-0.02367291],
       [-0.00689698],
       [-0.00322056]]), 2.0291645724116427), (0.79020589233895, array([[-0.01764928],
       [-0.00097589],
       [-0.00191439]]), 2.021960182097615), (0.771888749873807, array([[-0.00283762],
       [ 0.00485802],
       [ 0.00140327]]), 2.0155305281458538), (0.7540418368121747, array([[0.00189906],
       [0.00469335],
       [0.00020234]]), 2.010602329042976), (0.7349055615802164, array([[-2.39102458e-02],
       [ 3.53361136e-03],
       [-6.82459965e-05]]), 2.00246367665925), (0.7164791211970293, array([[-0.01261213],
       [-0.00313288],
       [-0.0006808 ]]), 1.996452081831545), (0.6969246742431806, array([[-0.00784046],
       [ 0.00135227],
       [ 0.00195772]]), 1.987457944560165), (0.6790640073530742, array([[ 0.00021875],
       [ 0.00179436],
       [-0.00030253]]), 1.9834897190629042), (0.6609254664231338, array([[-0.01656202],
       [-0.00236123],
       [-0.00020265]]), 1.979002994209588), (0.6421583012192184, array([[-0.00524843],
       [-0.00213376],
       [-0.00137174]]), 1.9728637178436177), (0.6232550711449216, array([[-0.01374218],
       [-0.00425453],
       [ 0.00020553]]), 1.966475344182209), (0.6055031511198151, array([[-0.01117929],
       [ 0.00123641],
       [-0.00013372]]), 1.9639740041480511), (0.5859107393046562, array([[ 0.00282962],
       [ 0.00588563],
       [-0.00093128]]), 1.9556933025434542), (0.567480145905842, array([[-0.0129773 ],
       [-0.00142245],
       [ 0.00027503]]), 1.9514166653870237), (0.5487852626742927, array([[-0.00306427],
       [-0.00660766],
       [-0.00176097]]), 1.9464416231763624), (0.5297483804219071, array([[-0.00423394],
       [ 0.00306919],
       [ 0.00041216]]), 1.94039567098324), (0.5116364283411823, array([[-0.00510607],
       [ 0.00199506],
       [-0.00072061]]), 1.9379475713302061), (0.492712502642547, array([[-0.00620723],
       [ 0.00271418],
       [ 0.00066255]]), 1.9326462505554511), (0.4744666168544156, array([[-0.01643998],
       [-0.00123063],
       [ 0.00058519]]), 1.9302154277383956), (0.4555107497585738, array([[-0.00802905],
       [-0.00357223],
       [ 0.00018094]]), 1.9251005901761868), (0.43686050795073994, array([[-0.00628187],
       [ 0.00528599],
       [-0.00109208]]), 1.921419340875519), (0.41863658133683823, array([[-0.00706498],
       [ 0.00113528],
       [-0.00093518]]), 1.919884153904186), (0.39988507616103347, array([[-0.00154298],
       [ 0.00574754],
       [ 0.00033699]]), 1.9161885157190475), (0.3807997097329988, array([[-0.01088599],
       [-0.00330878],
       [ 0.00038203]]), 1.910974294561487), (0.36301934038208483, array([[-0.00463634],
       [ 0.00147342],
       [-0.00010428]]), 1.9126218924407736), (0.344617273094936, array([[-0.00426883],
       [-0.00272637],
       [ 0.00026791]]), 1.9115014900620173), (0.3268441832966989, array([[-0.0041662 ],
       [ 0.00194784],
       [ 0.00086213]]), 1.914448208367041), (0.30810967959017205, array([[-0.0011228 ],
       [-0.00328241],
       [-0.00024291]]), 1.9122890834084765), (0.28998366426851635, array([[-0.01009052],
       [-0.00278807],
       [-0.00011209]]), 1.9143847049475773), (0.271986645847665, array([[-0.00599326],
       [ 0.00280297],
       [ 0.00034063]]), 1.9181905755685353), (0.2526810057050529, array([[-0.00079826],
       [ 0.00135578],
       [ 0.00078996]]), 1.9131657579973842), (0.23490869596561015, array([[-0.00397837],
       [ 0.00178177],
       [ 0.00076331]]), 1.9203962509508588), (0.21720299786265693, array([[-0.00447663],
       [ 0.00243732],
       [-0.00047458]]), 1.9299991493677837), (0.19919608164994207, array([[-3.87448482e-03],
       [-2.35981095e-03],
       [ 7.71114976e-05]]), 1.9390337178862789), (0.18040243745727255, array([[-0.00335306],
       [ 0.00067895],
       [ 0.00023291]]), 1.9420498085122972), (0.1627058516751121, array([[-1.80865616e-03],
       [ 1.95132123e-03],
       [ 8.81437235e-05]]), 1.9595407048756983), (0.14479440896409765, array([[-0.00333265],
       [-0.00235225],
       [ 0.00017099]]), 1.9793746084478663), (0.12667828130506584, array([[-2.57262090e-03],
       [ 9.08750089e-04],
       [ 7.64168756e-05]]), 2.0027513368149776), (0.10842800641074436, array([[-2.21508306e-03],
       [-1.26604751e-03],
       [-5.02476705e-05]]), 2.0328954446211553), (0.09060910865710071, array([[-1.48759979e-03],
       [-1.62853475e-03],
       [-2.81810373e-05]]), 2.087386708184506), (0.07255465152074785, array([[-1.21176064e-03],
       [-2.98308899e-03],
       [ 1.82343475e-05]]), 2.1678702552132667), (0.054720330469532896, array([[-1.70001975e-03],
       [ 2.00281914e-03],
       [ 1.50394913e-05]]), 2.326544771451029)]