[(1.4589071803496267, array([[-0.02881645],
       [ 0.00138885],
       [ 0.00076951]]), 2.3260638168693757), (1.4604067319782408, array([[-0.02710438],
       [-0.00438211],
       [ 0.00024339]]), 2.3273629147102675), (1.4604247969034572, array([[-0.07145365],
       [-0.0118185 ],
       [ 0.00078459]]), 2.3268864512485994), (1.4595040638084409, array([[-0.0299919 ],
       [ 0.01681922],
       [-0.00030032]]), 2.3255000428963033), (1.4580230701072197, array([[-0.06695208],
       [ 0.00289304],
       [ 0.00012885]]), 2.3238058425290284), (1.4572593011918427, array([[-0.04110266],
       [-0.00887088],
       [ 0.00012376]]), 2.3238392976326105), (1.4545607437876213, array([[-0.0384973 ],
       [ 0.0050315 ],
       [ 0.00080798]]), 2.3213704958503754), (1.4526028286736896, array([[-0.09732755],
       [-0.01058548],
       [-0.00082055]]), 2.3206654088600724), (1.4488474380797824, array([[-0.0368738 ],
       [ 0.007846  ],
       [ 0.00087646]]), 2.3176682874969106), (1.4456690092149411, array([[-0.05263791],
       [-0.00539435],
       [-0.00023527]]), 2.316171365050324), (1.4420827061555468, array([[-0.06281177],
       [-0.00059569],
       [ 0.00011594]]), 2.3145988953740613), (1.4365873452094793, array([[-0.02491064],
       [ 0.01419822],
       [ 0.00172294]]), 2.310533794872221), (1.4320282700480185, array([[-0.00781112],
       [-0.00742761],
       [ 0.00043847]]), 2.3085432436084212), (1.4256380202991943, array([[-0.04349331],
       [ 0.00462738],
       [ 0.00041537]]), 2.304165985555569), (1.4189644945002429, array([[-6.53055735e-02],
       [-9.89094594e-04],
       [-8.41491409e-05]]), 2.2998875589059926), (1.4136226973640005, array([[-0.04175465],
       [-0.00096998],
       [ 0.00146766]]), 2.2983296575229932), (1.4056469675570624, array([[-0.06478059],
       [ 0.00914369],
       [ 0.00026536]]), 2.2930454523227604), (1.3980133963237853, array([[-4.20863555e-02],
       [-9.37472712e-03],
       [ 1.04969905e-05]]), 2.288863799965701), (1.3903369827806265, array([[-0.04946081],
       [-0.00064882],
       [ 0.00060739]]), 2.285158678441999), (1.3830543025780857, array([[-0.04046488],
       [ 0.0041381 ],
       [ 0.00078082]]), 2.2826511531539833), (1.3738761125768901, array([[-0.05831422],
       [-0.00186849],
       [-0.00164503]]), 2.2775569185173854), (1.363778581810697, array([[-0.03560977],
       [-0.00323516],
       [-0.001105  ]]), 2.2714608491510733), (1.3547830743338949, array([[-0.03167952],
       [-0.00996663],
       [ 0.00046059]]), 2.2677248718232508), (1.3445804670544852, array([[-0.04190325],
       [ 0.00767611],
       [ 0.00185702]]), 2.262493246310116), (1.3337013887507767, array([[-4.83262437e-02],
       [ 1.83150606e-03],
       [ 4.75682480e-06]]), 2.2566330533281396), (1.3232237793253794, array([[-0.02886748],
       [-0.0103786 ],
       [-0.00244642]]), 2.251960656407537), (1.312910746552207, array([[-0.02717619],
       [ 0.00835594],
       [-0.00014344]]), 2.2480844417131234), (1.29918271158849, array([[-2.89000084e-02],
       [-6.74304065e-03],
       [ 8.96589915e-05]]), 2.2388440912311287), (1.2886173713538318, array([[-0.04328111],
       [-0.00177965],
       [ 0.00014549]]), 2.235536235045639), (1.276086919651093, array([[-5.08627681e-02],
       [-6.64674821e-03],
       [ 9.83959147e-06]]), 2.229316532728603), (1.2645067974050472, array([[-0.03357865],
       [ 0.0064362 ],
       [ 0.00062078]]), 2.2252451040982657), (1.2503648311131605, array([[-0.00374413],
       [ 0.00653192],
       [-0.00137694]]), 2.217134453629699), (1.2376034783112686, array([[-0.0314997 ],
       [-0.00408807],
       [-0.00050157]]), 2.211927195505892), (1.2230042922306212, array([[-0.03219095],
       [ 0.00563572],
       [-0.00114636]]), 2.203884874289105), (1.2099151672448567, array([[-0.02257052],
       [ 0.00886831],
       [ 0.00220828]]), 2.1990106477492133), (1.1949869940951456, array([[-0.05253971],
       [ 0.00809387],
       [ 0.00052133]]), 2.191237047102061), (1.1801110778125516, array([[-0.02205476],
       [ 0.00055234],
       [-0.00210385]]), 2.1839750593632674), (1.1659130287827215, array([[-0.03735403],
       [-0.00221535],
       [-0.00263469]]), 2.1783972039826964), (1.1516330102817032, array([[-0.04985229],
       [ 0.00615133],
       [ 0.00117396]]), 2.173109032368621), (1.134927179873971, array([[-0.05293116],
       [ 0.00102209],
       [-0.00057968]]), 2.1636413815869875), (1.1201336997098397, array([[-0.0294856 ],
       [ 0.00077254],
       [-0.00277279]]), 2.158209330071085), (1.103905371650735, array([[-0.02673706],
       [-0.00333082],
       [-0.00188444]]), 2.1504129950152926), (1.0881096452677392, array([[-0.0258189 ],
       [ 0.00058546],
       [ 0.00078846]]), 2.1438405059522094), (1.0719882798418812, array([[-0.0330743 ],
       [-0.00470166],
       [-0.00066899]]), 2.13701141875933), (1.0552179204422278, array([[-0.03016147],
       [ 0.00586878],
       [ 0.00128613]]), 2.1292523694929426), (1.0391094084393437, array([[-0.04697148],
       [-0.00356413],
       [-0.002251  ]]), 2.1231946965731536), (1.0219235225427283, array([[-0.02619616],
       [ 0.01496284],
       [ 0.00181883]]), 2.11529207395996), (1.0050794286493996, array([[-0.04980588],
       [-0.00152057],
       [-0.00074142]]), 2.1084353663484663), (0.9885479554289077, array([[-0.04021341],
       [-0.00244001],
       [-0.00158392]]), 2.1025928125265936), (0.9700936438450075, array([[-0.03284178],
       [-0.007435  ],
       [-0.00180803]]), 2.0929723481384523), (0.9525079210626366, array([[-0.01575903],
       [-0.00472306],
       [-0.00164829]]), 2.0855054894836855), (0.9357660232914652, array([[-0.01647214],
       [-0.00170964],
       [ 0.00074238]]), 2.0802207663336754), (0.9173592343418657, array([[-0.02971832],
       [-0.00264228],
       [ 0.00030823]]), 2.0715426717120673), (0.8989924700477188, array([[-0.0359351 ],
       [ 0.00643646],
       [ 0.00485863]]), 2.0632053540101434), (0.8824561833189709, array([[-0.02977195],
       [ 0.00319704],
       [ 0.00054536]]), 2.059389069440075), (0.8640819773601089, array([[-0.03521452],
       [-0.00509884],
       [ 0.00077813]]), 2.051604584870035), (0.8457846876348915, array([[-0.04519805],
       [ 0.0027016 ],
       [-0.00056796]]), 2.0442539413276557), (0.826754221792165, array([[-0.01307041],
       [ 0.00388874],
       [ 0.00169057]]), 2.035351487687535), (0.8079939826570212, array([[-0.00592249],
       [-0.00485561],
       [-0.00087701]]), 2.027310127265336), (0.7903546425476199, array([[-0.03028027],
       [ 0.00200388],
       [-0.00228747]]), 2.0223408006198573), (0.7723238720177015, array([[-0.0373851 ],
       [ 0.00133975],
       [ 0.00025766]]), 2.01666670478353), (0.754876184072097, array([[-0.02257574],
       [-0.00408251],
       [-0.00049778]]), 2.0128270604333753), (0.7349605896738475, array([[-0.01273201],
       [-0.00642387],
       [-0.00015395]]), 2.0026136166848163), (0.7171427145488487, array([[-0.02948814],
       [ 0.00613344],
       [-0.00011898]]), 1.9983011689710504), (0.6989541442580479, array([[-0.03258105],
       [-0.00870693],
       [-0.00205707]]), 1.9932454944251123), (0.6797992072706343, array([[-0.02650157],
       [-0.00062944],
       [ 0.00064851]]), 1.985637177125982), (0.6600874785722474, array([[-0.02709104],
       [-0.00311498],
       [-0.00098534]]), 1.9764938149597846), (0.6415254664312349, array([[-0.02025813],
       [-0.00357024],
       [-0.00169359]]), 1.9709194981858926), (0.6235452495984084, array([[-0.01969024],
       [ 0.00208681],
       [ 0.00070895]]), 1.9673909063663182), (0.6048963074034649, array([[-0.018297  ],
       [-0.00541248],
       [-0.00209407]]), 1.962005681966262), (0.5863344378094879, array([[-0.01811771],
       [ 0.00310883],
       [-0.00086615]]), 1.9571075526546236), (0.5680171308312146, array([[-0.01756067],
       [-0.00743278],
       [ 0.00148225]]), 1.9532632169183752), (0.5482615500141149, array([[-0.02276542],
       [ 0.00395445],
       [ 0.00138546]]), 1.9445841095190401), (0.5302540060349937, array([[-0.02022489],
       [-0.00092575],
       [ 0.00049344]]), 1.9422477082655252), (0.5111670984542409, array([[-0.01910105],
       [ 0.00160196],
       [ 0.00097081]]), 1.9361698700873535), (0.4933391732898026, array([[-0.02056309],
       [ 0.00430341],
       [-0.00054187]]), 1.9351043425873278), (0.473836181980348, array([[-0.01151313],
       [-0.00270683],
       [-0.00037478]]), 1.9276507054230994), (0.45636568223439417, array([[-0.01889046],
       [-0.00079494],
       [ 0.00100632]]), 1.9287137453314382), (0.43668466928240784, array([[-0.01809586],
       [ 0.0039161 ],
       [ 0.00109839]]), 1.9206459594137977), (0.4185813255872685, array([[-1.80568145e-02],
       [-9.73247740e-05],
       [-5.59740509e-04]]), 1.919630748820301), (0.4000691563431469, array([[-0.01107487],
       [-0.00195124],
       [ 0.00059725]]), 1.9170705999776638), (0.38183557021694425, array([[-0.01331906],
       [-0.00290255],
       [-0.0001846 ]]), 1.91617257257215), (0.363193615977645, array([[-0.01366583],
       [ 0.0054462 ],
       [ 0.00071366]]), 1.9135400895787986), (0.3451699556401672, array([[-0.01541168],
       [ 0.00168833],
       [ 0.00028226]]), 1.9145670749621966), (0.3263416629090784, array([[-0.00966718],
       [-0.00167283],
       [ 0.0005325 ]]), 1.9115047591489935), (0.30811231920144205, array([[-0.013553  ],
       [ 0.00108491],
       [ 0.00023645]]), 1.912305466210285), (0.2900157191123099, array([[-9.13893491e-03],
       [-1.34999057e-03],
       [-1.23607840e-05]]), 1.9145963213599455), (0.27234017876378935, array([[-0.00901294],
       [ 0.00016726],
       [-0.00052007]]), 1.9206838726410795), (0.25390263136349195, array([[-0.01038153],
       [-0.00108382],
       [-0.00051006]]), 1.922415255688337), (0.2354310734872949, array([[-0.00989022],
       [-0.00159528],
       [-0.00054081]]), 1.9246667264651889), (0.21732402756412061, array([[-9.45135761e-03],
       [-1.42418302e-03],
       [-2.79089425e-05]]), 1.931074582134236), (0.19834954506474092, array([[-0.00987365],
       [ 0.00018682],
       [ 0.00030521]]), 1.9307932797785958), (0.18067918099799324, array([[-0.0075295 ],
       [ 0.00120864],
       [ 0.00013385]]), 1.9450289796800422), (0.16257717952680686, array([[-0.00738187],
       [-0.00021368],
       [ 0.00012166]]), 1.957991047567175), (0.1447508327866529, array([[-5.97040571e-03],
       [ 2.17772467e-03],
       [ 8.88743558e-05]]), 1.9787789115574654), (0.12668148151649541, array([[-5.63046973e-03],
       [ 3.05078501e-03],
       [ 2.96804636e-05]]), 2.002801931341937), (0.10832204382730269, array([[-0.00582782],
       [ 0.00048064],
       [ 0.00026899]]), 2.030908772908657), (0.09058015435482893, array([[-4.41413217e-03],
       [-2.28702963e-04],
       [-2.11887258e-05]]), 2.086719680039073), (0.07254068280909752, array([[-0.00376417],
       [ 0.00011089],
       [ 0.00013745]]), 2.167452882186787), (0.054848399825508744, array([[-3.27194490e-03],
       [-1.08039519e-03],
       [ 9.80288171e-06]]), 2.3319898973845175)]