[(0.00010261423784018922, array([[ 9.02101701e-09],
       [-3.10134279e-10],
       [-2.21467651e-11]]), 2.3268612219680014), (0.00010248560816769687, array([[-1.36764655e-07],
       [ 2.06614596e-09],
       [-9.18200926e-11]]), 2.324991979641404), (0.000102113157912748, array([[-2.72648876e-07],
       [-2.22982891e-09],
       [-5.87287750e-11]]), 2.319924255489514), (0.00010165579937070876, array([[-4.02701668e-07],
       [ 5.59830042e-09],
       [ 2.70759476e-10]]), 2.3152445127320744), (0.00010112090959075086, array([[-5.39986257e-07],
       [-7.11673820e-09],
       [-1.92353825e-11]]), 2.311104246139686), (0.00010029825636828795, array([[-6.95782496e-07],
       [ 1.66819135e-09],
       [ 5.68885814e-10]]), 2.3026618343444714), (9.938459788439595e-05, array([[-8.07081423e-07],
       [ 2.87972960e-09],
       [ 2.00327847e-10]]), 2.2943646931853388), (9.840677751995371e-05, array([[-9.37229715e-07],
       [-5.54879635e-10],
       [-5.18525405e-10]]), 2.2868008077987363), (9.732977215484315e-05, array([[-1.07624275e-06],
       [ 1.77885200e-09],
       [ 6.38295915e-10]]), 2.279126243050817), (9.608525332844887e-05, array([[-1.20656277e-06],
       [-2.58068531e-09],
       [-2.90874499e-10]]), 2.2696831385967458), (9.475696563647384e-05, array([[-1.29831989e-06],
       [ 1.82772685e-09],
       [ 4.69266687e-10]]), 2.260373098499647), (9.326481624545628e-05, array([[-1.41950867e-06],
       [ 2.43241998e-09],
       [ 8.72984987e-10]]), 2.249217241085538), (9.17140575665785e-05, array([[-1.52729228e-06],
       [ 2.22964925e-09],
       [ 4.40175147e-10]]), 2.2386636075050177), (9.003050744205278e-05, array([[-1.62942101e-06],
       [-1.07452647e-09],
       [ 7.95705090e-10]]), 2.2268392792216747), (8.833522739742705e-05, array([[-1.71592424e-06],
       [ 9.18884378e-10],
       [ 5.48903166e-10]]), 2.2166637939330998), (8.645723123633207e-05, array([[-1.81220289e-06],
       [ 4.46467483e-09],
       [ 1.12226032e-09]]), 2.2037872552659947), (8.454268697947066e-05, array([[-1.90379392e-06],
       [-2.26233928e-09],
       [-1.27869998e-09]]), 2.191793442613386), (8.254100962922889e-05, array([[-1.97470168e-06],
       [ 7.17865293e-10],
       [ 1.13164763e-10]]), 2.179317110226104), (8.054300499930939e-05, array([[-2.04009779e-06],
       [-5.81137781e-09],
       [ 4.40890418e-10]]), 2.1686959773620953), (7.84422527571599e-05, array([[-2.10006382e-06],
       [-2.55895104e-09],
       [ 3.36775408e-11]]), 2.157038842933098), (7.621941554810862e-05, array([[-2.15473812e-06],
       [ 5.64300323e-10],
       [ 1.63850340e-09]]), 2.1436505279939624), (7.396508730427812e-05, array([[-2.20365907e-06],
       [ 4.50357056e-09],
       [ 3.10638059e-10]]), 2.1309274914397967), (7.163171772891069e-05, array([[-2.23279495e-06],
       [ 1.25251370e-09],
       [ 2.61308346e-10]]), 2.1174203195003427), (6.938326317137739e-05, array([[-2.25350038e-06],
       [ 2.99851665e-11],
       [-2.46922392e-10]]), 2.1079475908936622), (6.708124865216771e-05, array([[-2.28724788e-06],
       [-4.55696963e-09],
       [-1.30441901e-09]]), 2.098432977077294), (6.471041169264506e-05, array([[-2.30129449e-06],
       [ 5.72569488e-12],
       [ 1.19159047e-09]]), 2.088285234559297), (6.23148097911293e-05, array([[-2.29570463e-06],
       [-1.18330961e-09],
       [-7.49563919e-10]]), 2.078810944088435), (5.981649837556926e-05, array([[-2.29129247e-06],
       [ 7.08744855e-10],
       [-2.37113656e-10]]), 2.067283423344249), (5.7389220233646446e-05, array([[-2.29044733e-06],
       [-5.87143768e-09],
       [-2.40349529e-10]]), 2.0595930370079585), (5.49328998344695e-05, array([[-2.26012483e-06],
       [ 1.21484483e-09],
       [-4.55885879e-10]]), 2.0523533453020057), (5.249307223254799e-05, array([[-2.23089656e-06],
       [ 6.95719162e-10],
       [-2.61567304e-11]]), 2.0472861803635327), (4.998805194596241e-05, array([[-2.19325561e-06],
       [-3.73734890e-09],
       [-6.75780768e-10]]), 2.0412441486800397), (4.748088400738461e-05, array([[-2.14761588e-06],
       [ 6.79856872e-10],
       [-5.94513898e-10]]), 2.036665873160267), (4.5050056651191365e-05, array([[-2.10879424e-06],
       [ 2.35299302e-09],
       [ 2.00014975e-10]]), 2.0372099890962745), (4.2524460649637956e-05, array([[-2.04540247e-06],
       [-1.86138172e-09],
       [-1.11146091e-09]]), 2.035452271438417), (4.0062406711968164e-05, array([[-1.96988292e-06],
       [ 1.61084424e-09],
       [-5.64454603e-10]]), 2.036319580761857), (3.857078876157304e-05, array([[-1.77527110e-06],
       [-2.05699190e-09],
       [-9.66822579e-10]]), 2.0372989625254934), (3.706779794393686e-05, array([[-1.58421074e-06],
       [ 1.39530564e-09],
       [ 1.52866076e-10]]), 2.0398707134856013), (3.557167769556125e-05, array([[-1.40040075e-06],
       [-1.87330076e-09],
       [ 3.78763232e-11]]), 2.0452111192002134), (3.397843375587387e-05, array([[-1.22537825e-06],
       [-9.73548449e-10],
       [ 5.93280787e-10]]), 2.047364500471595), (3.2478646696740954e-05, array([[-1.05842842e-06],
       [ 3.84092766e-09],
       [ 3.53577415e-10]]), 2.0578266106164524), (3.094205720106066e-05, array([[-9.00880512e-07],
       [-2.06742943e-09],
       [-2.61048116e-11]]), 2.069163581933034), (2.9354758905796753e-05, array([[-7.54301087e-07],
       [-2.35846231e-09],
       [-3.74635660e-10]]), 2.0804592094703387), (2.7802633938008715e-05, array([[-6.14740286e-07],
       [ 6.74713073e-10],
       [ 2.77865548e-10]]), 2.098090915499605), (2.6190663433300563e-05, array([[-4.85602316e-07],
       [-1.68250413e-09],
       [ 2.37166836e-10]]), 2.1156138221581937), (2.458274994154488e-05, array([[-3.71706093e-07],
       [-1.75446957e-09],
       [ 1.56021477e-10]]), 2.1384602325763766), (2.297007577641184e-05, array([[-2.68728458e-07],
       [-2.32987681e-10],
       [ 1.61430131e-10]]), 2.167029050079675), (2.1366686049677454e-05, array([[-1.76378825e-07],
       [ 4.86947149e-10],
       [-7.38986428e-11]]), 2.2042531021818634), (1.9682523242041518e-05, array([[-9.45770846e-08],
       [-1.21248492e-09],
       [-2.87910293e-11]]), 2.2424552767660177), (1.7985995867308493e-05, array([[-2.83336558e-08],
       [-1.13179820e-09],
       [ 1.18327895e-10]]), 2.290564355213815), (1.7928816313319924e-05, array([[-1.66811486e-08],
       [-3.29395485e-09],
       [-1.34756424e-10]]), 2.283282387110439), (1.9327945259515115e-05, array([[-5.81630378e-08],
       [-2.46210312e-09],
       [-7.93494360e-11]]), 2.2020577495707747), (2.0759514550036045e-05, array([[-1.12710015e-07],
       [ 3.42113573e-10],
       [-5.83338297e-11]]), 2.1416154213300307), (2.2139098095709265e-05, array([[-1.79462608e-07],
       [-3.08692202e-09],
       [ 2.80962076e-10]]), 2.088633454367298), (2.3542176821678904e-05, array([[-2.55559139e-07],
       [ 5.69653106e-10],
       [-1.13414718e-11]]), 2.047940488397526), (2.4941555482155503e-05, array([[-3.45727871e-07],
       [ 2.03818446e-09],
       [ 2.21468914e-10]]), 2.014714123548417), (2.6373203806297962e-05, array([[-4.42792047e-07],
       [-2.58057723e-09],
       [-1.13824056e-10]]), 1.9902207626079509), (2.779912663037286e-05, array([[-5.54394566e-07],
       [-1.21306309e-09],
       [ 9.44094739e-11]]), 1.9702069159890325), (2.922127882297707e-05, array([[-6.72222172e-07],
       [ 4.88363249e-11],
       [ 4.50610641e-10]]), 1.9540913380491896), (3.0663151452431896e-05, array([[-8.03603237e-07],
       [ 1.36755221e-09],
       [ 2.89604087e-10]]), 1.9427979747231454), (3.2103786187195885e-05, array([[-9.40475481e-07],
       [-2.03434067e-09],
       [ 4.43795578e-10]]), 1.934407943657284), (3.3586953492146885e-05, array([[-1.08385526e-06],
       [-2.62958882e-09],
       [ 1.29059325e-09]]), 1.9310984241480125), (3.5087262418701655e-05, array([[-1.24551392e-06],
       [-2.84129413e-09],
       [-7.82589984e-11]]), 1.930880251709171), (3.657882254862503e-05, array([[-1.40633799e-06],
       [-5.49035881e-10],
       [-7.25919656e-10]]), 1.9320838287590858), (3.8092531068818784e-05, array([[-1.57074042e-06],
       [ 9.52993833e-10],
       [-3.46037875e-10]]), 1.9361933858317704), (4.0751463216068696e-05, array([[-1.64997314e-06],
       [-2.32646973e-09],
       [ 6.67462390e-10]]), 1.9505869586682794), (4.346540241191262e-05, array([[-1.71440592e-06],
       [ 3.64513394e-11],
       [-8.93573896e-11]]), 1.9655502912957168), (4.6116207262687485e-05, array([[-1.78395825e-06],
       [-3.55119144e-09],
       [-3.27317918e-10]]), 1.9781288300549242), (4.885462790798373e-05, array([[-1.82465628e-06],
       [-1.16084932e-10],
       [ 7.61939637e-10]]), 1.994961185143108), (5.1519784837884785e-05, array([[-1.87759175e-06],
       [-1.26197431e-09],
       [-5.36201857e-10]]), 2.0093269269255045), (5.414877123749004e-05, array([[-1.90514216e-06],
       [ 7.83693077e-10],
       [ 1.41531031e-10]]), 2.023057441499237), (5.6825485191876746e-05, array([[-1.93717515e-06],
       [ 3.05058657e-09],
       [ 2.78675827e-10]]), 2.0393616283563114), (5.946745005119452e-05, array([[-1.95198237e-06],
       [-7.19018417e-10],
       [-7.19286831e-10]]), 2.055220165973424), (6.204869865555354e-05, array([[-1.96094190e-06],
       [ 5.28980155e-09],
       [-2.27364505e-09]]), 2.0699335240524466), (6.459410759845856e-05, array([[-1.97964605e-06],
       [ 4.77251843e-09],
       [-1.27234482e-09]]), 2.0845319572078562), (6.718141141482604e-05, array([[-1.98903204e-06],
       [-1.81480133e-09],
       [ 6.74065556e-10]]), 2.1015662646719733), (6.968479004507413e-05, array([[-1.95516887e-06],
       [ 1.53762549e-09],
       [-4.79520492e-10]]), 2.1171083426073563), (7.217464011857554e-05, array([[-1.94768942e-06],
       [ 2.32595966e-09],
       [-1.53039851e-09]]), 2.1334690048625826), (7.44944033950212e-05, array([[-1.92273621e-06],
       [ 2.61527360e-10],
       [-2.93893897e-10]]), 2.1461770402544396), (7.684119583445911e-05, array([[-1.89582951e-06],
       [-3.59347884e-09],
       [ 6.58036584e-10]]), 2.161137931033549), (7.911438274991594e-05, array([[-1.84351484e-06],
       [-1.87015219e-09],
       [ 9.24717047e-10]]), 2.1755213628877907), (8.133037841768119e-05, array([[-1.78477149e-06],
       [ 4.82818545e-09],
       [-1.96316812e-09]]), 2.1898967453880647), (8.345615348773281e-05, array([[-1.75585594e-06],
       [ 2.73086461e-09],
       [-5.99801169e-10]]), 2.20347950753763), (8.552096864208979e-05, array([[-1.68533422e-06],
       [-1.04773140e-09],
       [-3.74673250e-10]]), 2.2171556757025512), (8.745302752739535e-05, array([[-1.61405020e-06],
       [ 4.01478814e-09],
       [ 7.81748015e-10]]), 2.2291700155476386), (8.928636813844787e-05, array([[-1.52316591e-06],
       [-3.99390986e-10],
       [-6.67754842e-11]]), 2.2405315000077093), (9.104035655660891e-05, array([[-1.43866507e-06],
       [-3.51243766e-09],
       [ 7.75352903e-10]]), 2.2518171643660887), (9.266475776808779e-05, array([[-1.35914085e-06],
       [-4.80253632e-09],
       [ 1.17764432e-09]]), 2.261869406040554), (9.426551131678281e-05, array([[-1.27803822e-06],
       [ 9.00576025e-09],
       [-4.50939543e-10]]), 2.273350464074723), (9.564714001607357e-05, array([[-1.17251709e-06],
       [ 7.40621478e-09],
       [-1.15172251e-09]]), 2.2816076980576376), (9.695239139279134e-05, array([[-1.06821872e-06],
       [-1.80877527e-10],
       [-1.04211737e-09]]), 2.29016628845894), (9.811079010849601e-05, array([[-9.61073776e-07],
       [-2.90508540e-09],
       [-1.57221764e-10]]), 2.297414979118464), (9.916845501189316e-05, array([[-8.49438837e-07],
       [ 1.25934975e-09],
       [-4.93096092e-10]]), 2.3045008559838958), (0.00010005177024080223, array([[-7.33438871e-07],
       [-2.93663375e-09],
       [-3.19827597e-11]]), 2.3097668453436477), (0.00010080619672384142, array([[-6.13578772e-07],
       [-3.71560295e-09],
       [ 1.03922302e-11]]), 2.3143232022805353), (0.00010150428324946079, array([[-4.89523717e-07],
       [ 3.49517297e-09],
       [-2.38698188e-10]]), 2.3198661974916717), (0.00010192701674497389, array([[-3.58081228e-07],
       [-2.60586924e-09],
       [ 8.24309036e-11]]), 2.321421578294611), (0.00010239014375053234, array([[-2.48036556e-07],
       [-2.74617457e-10],
       [-2.07921369e-10]]), 2.326217138567834), (0.00010259215725566038, array([[-1.16238476e-07],
       [-3.93908877e-09],
       [ 2.91530952e-11]]), 2.327409155861385), (0.00010264100867347806, array([[ 7.50041348e-10],
       [ 3.93626772e-09],
       [-2.67526037e-10]]), 2.3274682723653997)]