[(0.00010267620074017928, array([[-6.99698445e-09],
       [-9.98125624e-09],
       [-1.46713355e-11]]), 2.328266281073075), (0.00010247797820597484, array([[-1.37027750e-07],
       [-1.88399366e-09],
       [ 9.70764585e-11]]), 2.3248188860712347), (0.00010206637830511275, array([[-2.93534110e-07],
       [-3.14876497e-09],
       [-4.16005997e-10]]), 2.3188614625191106), (0.00010166201185031771, array([[-4.07223490e-07],
       [-3.80531849e-09],
       [-6.81284820e-10]]), 2.3153860040135767), (0.00010102504458826287, array([[-5.48461835e-07],
       [ 4.10488547e-09],
       [ 1.90259062e-10]]), 2.3089132649152995), (0.00010031459935314207, array([[-6.86316155e-07],
       [-5.44456460e-09],
       [-3.40246265e-10]]), 2.303037038947677), (9.939906236433226e-05, array([[-8.06496587e-07],
       [ 2.69650954e-10],
       [ 1.24897973e-09]]), 2.2946986160745753), (9.845883862272022e-05, array([[-9.40437785e-07],
       [ 2.15808680e-09],
       [-4.34183091e-11]]), 2.288010616460921), (9.726651378613305e-05, array([[-1.07077027e-06],
       [ 1.80544122e-09],
       [ 1.44634977e-10]]), 2.277644951098439), (9.612734768413103e-05, array([[-1.19893322e-06],
       [ 2.61686640e-10],
       [ 2.75559947e-10]]), 2.270677472753261), (9.474425873562051e-05, array([[-1.30595039e-06],
       [-3.40356777e-09],
       [-1.01509901e-09]]), 2.260069982663663), (9.324180980385207e-05, array([[-1.42195626e-06],
       [ 3.15999009e-09],
       [ 1.02049310e-09]]), 2.248662407149276), (9.168507094147351e-05, array([[-1.51388048e-06],
       [-6.48691178e-09],
       [-9.71822051e-10]]), 2.237956068176275), (9.003411656994749e-05, array([[-1.62796813e-06],
       [ 8.65662155e-10],
       [-1.18599919e-09]]), 2.226928548381519), (8.828790011143136e-05, array([[-1.72695843e-06],
       [-1.09610764e-09],
       [-9.78600183e-10]]), 2.2154761739492876), (8.649439828523993e-05, array([[-1.81168256e-06],
       [ 2.73437286e-09],
       [-1.81227937e-10]]), 2.2047346400888452), (8.455864055923398e-05, array([[-1.89338509e-06],
       [ 2.74811760e-09],
       [-1.43461866e-10]]), 2.192207043750998), (8.260156796733471e-05, array([[-1.97474110e-06],
       [-7.24186036e-10],
       [-8.28637586e-10]]), 2.180916022366793), (8.056355205826207e-05, array([[-2.03884359e-06],
       [-3.00827829e-10],
       [-2.57753901e-09]]), 2.1692492262022354), (7.841963929406702e-05, array([[-2.09294310e-06],
       [-3.73463501e-09],
       [ 6.23390389e-10]]), 2.156417008187791), (7.619979971627764e-05, array([[-2.15026982e-06],
       [-2.37800304e-09],
       [-6.34815703e-10]]), 2.1430988380084233), (7.393193194696354e-05, array([[-2.19130507e-06],
       [ 2.54296965e-09],
       [ 1.10669280e-09]]), 2.129972288587138), (7.173084329105478e-05, array([[-2.23287235e-06],
       [-2.14913532e-09],
       [ 3.60299723e-10]]), 2.1203504527725907), (6.939969266740453e-05, array([[-2.25725173e-06],
       [-3.98359445e-09],
       [-1.22223861e-09]]), 2.1084467388868093), (6.709704878305968e-05, array([[-2.28546712e-06],
       [ 3.16895688e-09],
       [ 2.69038223e-10]]), 2.0989272361492706), (6.469416098327883e-05, array([[-2.29667094e-06],
       [ 3.27971582e-10],
       [-3.18860194e-10]]), 2.087760804015078), (6.222918698675055e-05, array([[-2.29860355e-06],
       [ 2.73797344e-09],
       [-8.28241261e-10]]), 2.075954582600649), (5.987355760645629e-05, array([[-2.29548771e-06],
       [ 2.93224157e-09],
       [-1.38739410e-09]]), 2.0692554144397644), (5.741814935620957e-05, array([[-2.28292415e-06],
       [-6.79770070e-10],
       [-1.03329953e-09]]), 2.0606312497446915), (5.496953847039224e-05, array([[-2.26692560e-06],
       [ 4.79926999e-09],
       [ 1.27553562e-09]]), 2.0537222048967103), (5.240856016800679e-05, array([[-2.22726510e-06],
       [ 6.64559584e-10],
       [-1.40884071e-09]]), 2.0439901191034355), (4.996262839037626e-05, array([[-2.19651481e-06],
       [ 1.94038311e-09],
       [ 7.05593919e-10]]), 2.040205986918205), (4.7448261240624684e-05, array([[-2.15282699e-06],
       [ 2.69295828e-10],
       [ 6.34342546e-10]]), 2.0352665378880412), (4.4992247490004224e-05, array([[-2.09820879e-06],
       [ 3.15747082e-10],
       [-4.45726218e-11]]), 2.0345957992508863), (4.2505401220927305e-05, array([[-2.04146675e-06],
       [-5.25504990e-10],
       [ 5.20587345e-10]]), 2.0345399833842293), (4.00567611612872e-05, array([[-1.96836500e-06],
       [-1.90615032e-09],
       [ 6.93183401e-11]]), 2.0360326248263716), (3.855634393577329e-05, array([[-1.77567694e-06],
       [-9.90760682e-10],
       [ 3.95888791e-10]]), 2.0365359906091656), (3.707034543996035e-05, array([[-1.58472253e-06],
       [ 2.22512092e-09],
       [ 1.97598788e-10]]), 2.0400109042392818), (3.5540314298271384e-05, array([[-1.40234471e-06],
       [ 5.96672803e-10],
       [-3.83832601e-10]]), 2.043407865234457), (3.4049860709426866e-05, array([[-1.22531349e-06],
       [ 6.64094876e-10],
       [-2.25763612e-11]]), 2.051668318891594), (3.2432256953881137e-05, array([[-1.05933679e-06],
       [ 2.18832220e-09],
       [ 6.25798925e-11]]), 2.0548873857094567), (3.095264785426999e-05, array([[-9.00306122e-07],
       [ 2.71267050e-09],
       [-1.27740518e-10]]), 2.0698718022619937), (2.9350951324230985e-05, array([[-7.53039798e-07],
       [-2.55522768e-09],
       [ 2.35207439e-10]]), 2.0801893548222483), (2.779641477803495e-05, array([[-6.14569106e-07],
       [-1.14891271e-10],
       [-1.58132794e-10]]), 2.0976215943888037), (2.6211599367187535e-05, array([[-4.87798940e-07],
       [ 3.20738518e-10],
       [ 1.01780501e-10]]), 2.117304972564668), (2.4598597973988472e-05, array([[-3.72290327e-07],
       [-3.26017650e-10],
       [-1.67803744e-10]]), 2.13983885731225), (2.297627518364048e-05, array([[-2.68013017e-07],
       [ 1.61887440e-09],
       [ 9.38374482e-11]]), 2.1676139108214727), (2.132377190391881e-05, array([[-1.76667595e-07],
       [ 3.46159113e-11],
       [ 9.69574666e-12]]), 2.199825946810364), (1.9699690559205432e-05, array([[-9.49498557e-08],
       [-7.97573690e-10],
       [ 2.86190362e-11]]), 2.2444111713679815), (1.805209563928032e-05, array([[-2.88108785e-08],
       [ 1.93246324e-09],
       [ 4.28270228e-11]]), 2.298982336774771), (1.7871214546420162e-05, array([[-1.60023891e-08],
       [-9.20760737e-10],
       [ 1.50404218e-10]]), 2.2759466490711713), (1.932597658380233e-05, array([[-5.93709445e-08],
       [ 2.04282449e-09],
       [-3.94882788e-11]]), 2.2018334558058905), (2.0736372390707046e-05, array([[-1.13312782e-07],
       [ 1.77707543e-10],
       [-4.17441084e-11]]), 2.1392280049392283), (2.2144799255249864e-05, array([[-1.78911172e-07],
       [-9.78568774e-10],
       [-1.12096418e-11]]), 2.08917130972589), (2.3497652527705106e-05, array([[-2.55318320e-07],
       [ 8.74512539e-11],
       [ 2.71669598e-10]]), 2.04406730772112), (2.4971477566650154e-05, array([[-3.45893608e-07],
       [-1.02135207e-09],
       [-2.55648458e-10]]), 2.0171311518801307), (2.6395353640295776e-05, array([[-4.45465052e-07],
       [ 7.61246432e-10],
       [-3.73405385e-11]]), 1.991892272062568), (2.7794884944293444e-05, array([[-5.55244857e-07],
       [ 1.74272090e-09],
       [ 1.71392489e-10]]), 1.969906295060892), (2.9217749347576477e-05, array([[-6.78025600e-07],
       [ 1.08943747e-09],
       [ 2.94796254e-10]]), 1.9538553142478379), (3.069054575463251e-05, array([[-8.01566743e-07],
       [ 4.66174712e-10],
       [ 8.55042642e-11]]), 1.9445336604668915), (3.210926649826527e-05, array([[-9.42351143e-07],
       [-1.58232450e-09],
       [ 5.93499198e-10]]), 1.9347381588289312), (3.3606693819816144e-05, array([[-1.09035820e-06],
       [ 3.42515041e-09],
       [-1.32243126e-10]]), 1.9322334040044968), (3.5112547661691284e-05, array([[-1.24588480e-06],
       [ 1.51241534e-09],
       [ 6.50259883e-10]]), 1.932271718953487), (3.6646651388831784e-05, array([[-1.40584607e-06],
       [-1.53402396e-11],
       [ 4.68081736e-10]]), 1.9356665303376492), (3.8143234812806864e-05, array([[-1.57860708e-06],
       [ 8.70045896e-11],
       [-3.77905752e-10]]), 1.938770590627358), (4.075965219380419e-05, array([[-1.65237901e-06],
       [ 1.44909491e-09],
       [-3.11135650e-10]]), 1.9509789277392051), (4.342808531809799e-05, array([[-1.71507637e-06],
       [-1.06846673e-09],
       [-3.09756007e-10]]), 1.9638627738554653), (4.6082545478788797e-05, array([[-1.77066782e-06],
       [ 6.83641327e-10],
       [-2.87503112e-10]]), 1.9766849267256286), (4.883829685977753e-05, array([[-1.82884963e-06],
       [ 2.50430776e-09],
       [-3.60450091e-10]]), 1.9942943126546828), (5.1505987204866325e-05, array([[-1.87217148e-06],
       [ 1.86881548e-09],
       [ 1.25754641e-10]]), 2.0087888044228763), (5.4161739787539894e-05, array([[-1.90876890e-06],
       [ 6.63621707e-09],
       [-1.13986241e-09]]), 2.0235419607428726), (5.682426177071595e-05, array([[-1.94108978e-06],
       [ 1.62142952e-09],
       [-1.38861626e-09]]), 2.0393177220321994), (5.94926741688917e-05, array([[-1.95727310e-06],
       [-9.83023190e-10],
       [ 2.02806408e-09]]), 2.0560919221243186), (6.201389104684325e-05, array([[-1.96993058e-06],
       [-4.69093504e-10],
       [-3.68252308e-10]]), 2.068772348431964), (6.465237767740923e-05, array([[-1.97882194e-06],
       [ 5.27408954e-10],
       [ 6.14987244e-11]]), 2.0864124049179913), (6.71920924057469e-05, array([[-1.98093673e-06],
       [ 6.65165296e-09],
       [-1.72122692e-09]]), 2.101900387009087), (6.969867417541342e-05, array([[-1.96660149e-06],
       [-5.07894975e-10],
       [-5.56255645e-10]]), 2.1175301593072726), (7.214786676858079e-05, array([[-1.94580620e-06],
       [ 3.16814173e-09],
       [-7.05422978e-10]]), 2.132677589591564), (7.453451221232262e-05, array([[-1.92390097e-06],
       [ 9.84966897e-10],
       [ 6.80253184e-10]]), 2.147332571661915), (7.686902683299191e-05, array([[-1.88830826e-06],
       [ 3.06679803e-09],
       [-1.18512982e-09]]), 2.161920670369326), (7.911886843971044e-05, array([[-1.84324746e-06],
       [-2.63044203e-09],
       [ 1.11334673e-09]]), 2.1756447123172626), (8.12873059054494e-05, array([[-1.80093106e-06],
       [ 2.08597973e-09],
       [-8.27599014e-10]]), 2.1887369775843584), (8.34589441145213e-05, array([[-1.73921906e-06],
       [ 6.04103338e-10],
       [ 2.58852142e-10]]), 2.203553188011563), (8.549000459040985e-05, array([[-1.67128584e-06],
       [ 8.35648212e-10],
       [-9.61302815e-11]]), 2.2163529237691364), (8.741693795274379e-05, array([[-1.61471103e-06],
       [ 1.88660210e-09],
       [-6.41144122e-10]]), 2.228250095449253), (8.9285148116742e-05, array([[-1.53929598e-06],
       [-1.82689647e-09],
       [ 4.10332674e-10]]), 2.240500885064805), (9.107573642256035e-05, array([[-1.45062621e-06],
       [-2.57041903e-09],
       [ 3.06601775e-10]]), 2.252692259680251), (9.273334621547825e-05, array([[-1.35484141e-06],
       [ 1.80506069e-09],
       [ 1.16706388e-10]]), 2.263543592802565), (9.42432598219746e-05, array([[-1.26118039e-06],
       [-3.91469192e-09],
       [ 5.00614562e-10]]), 2.2728138367829174), (9.571318527189671e-05, array([[-1.16697886e-06],
       [ 5.85382816e-09],
       [-5.49955684e-10]]), 2.2831831697767186), (9.695898090724259e-05, array([[-1.05972600e-06],
       [ 3.74942527e-09],
       [-7.14323387e-10]]), 2.2903219430398822), (9.812116237432214e-05, array([[-9.78404053e-07],
       [-4.05590930e-09],
       [-2.44406623e-10]]), 2.2976578616683847), (9.913516287370395e-05, array([[-8.53554133e-07],
       [-1.13223860e-09],
       [ 8.36096294e-11]]), 2.30372720511936), (0.00010005819121471631, array([[-7.35760362e-07],
       [-1.13806041e-09],
       [ 9.65132848e-10]]), 2.309915078129793), (0.00010089853710794798, array([[-6.06097066e-07],
       [-3.68188267e-09],
       [ 3.94513129e-10]]), 2.3164431661358407), (0.00010144275634811224, array([[-4.96111206e-07],
       [-2.90548493e-10],
       [ 9.69679137e-10]]), 2.318460008766373), (0.00010200649711051487, array([[-3.47506261e-07],
       [ 2.56891266e-11],
       [-5.79552031e-13]]), 2.3232317699543867), (0.00010239469663786904, array([[-2.57393609e-07],
       [-6.16194259e-10],
       [-2.71691354e-10]]), 2.326320576302802), (0.00010263061625011509, array([[-1.30110720e-07],
       [-1.31573302e-09],
       [-2.70277311e-10]]), 2.3282816379127764), (0.00010266128606106553, array([[-1.10418808e-08],
       [ 1.01443795e-08],
       [ 1.51835242e-11]]), 2.3279280786052863)]