[(0.00010267932887658612, array([[-6.70153851e-09],
       [ 5.71193668e-10],
       [-3.01305868e-10]]), 2.3283372141078598), (0.00010241666656326471, array([[-1.36102908e-07],
       [-4.05340210e-10],
       [ 1.87382130e-11]]), 2.323427968067153), (0.0001021137689171849, array([[-2.77892182e-07],
       [-7.00393248e-09],
       [-1.45279177e-11]]), 2.3199381369915884), (0.00010169690472446342, array([[-4.14057072e-07],
       [-2.56387446e-09],
       [-1.25027043e-10]]), 2.316180700783455), (0.00010106522729373056, array([[-5.56017020e-07],
       [ 7.10704522e-09],
       [ 5.67160506e-10]]), 2.3098316350288957), (0.0001003127636655334, array([[-6.69178490e-07],
       [ 1.16254928e-09],
       [ 3.32730298e-10]]), 2.3029948949668206), (9.944764767751027e-05, array([[-8.08777402e-07],
       [ 3.90848385e-09],
       [-4.23916813e-11]]), 2.2958202428611787), (9.842278747243315e-05, array([[-9.49041264e-07],
       [ 3.05856511e-10],
       [ 5.62197204e-10]]), 2.2871728509972384), (9.726237350344388e-05, array([[-1.06363211e-06],
       [-5.48644114e-09],
       [-9.02190866e-10]]), 2.277548000014288), (9.607146259660579e-05, array([[-1.19629829e-06],
       [-5.17517001e-09],
       [-4.72784740e-10]]), 2.2693573800599367), (9.47275728563912e-05, array([[-1.29794834e-06],
       [ 3.77945904e-09],
       [ 1.02668664e-09]]), 2.2596719505793574), (9.326834181414e-05, array([[-1.41143872e-06],
       [ 1.75847030e-09],
       [-5.99421046e-11]]), 2.2493022653228363), (9.175456598868055e-05, array([[-1.52183090e-06],
       [-6.54554161e-09],
       [-9.79248877e-10]]), 2.2396523842832288), (9.00598955585816e-05, array([[-1.62261685e-06],
       [ 9.38411337e-10],
       [-7.62019013e-10]]), 2.227566172961231), (8.831466841058615e-05, array([[-1.72409534e-06],
       [-3.80167347e-09],
       [-2.39490577e-10]]), 2.216147891465728), (8.649115294143092e-05, array([[-1.81183032e-06],
       [-3.29319952e-09],
       [-5.27594505e-10]]), 2.204651916559269), (8.458930677793845e-05, array([[-1.90076398e-06],
       [-4.65781396e-09],
       [ 1.05220567e-10]]), 2.193002074278979), (8.253957730901272e-05, array([[-1.96609985e-06],
       [ 1.45728860e-09],
       [ 2.07979042e-11]]), 2.1792792929039217), (8.05249152020604e-05, array([[-2.03566772e-06],
       [-4.05879104e-09],
       [-1.49672973e-10]]), 2.1682088925987997), (7.838101686137461e-05, array([[-2.10616829e-06],
       [ 4.59727215e-09],
       [ 8.92669489e-10]]), 2.1553549519030994), (7.622592795980993e-05, array([[-2.15049293e-06],
       [ 1.66152362e-09],
       [-8.41670725e-10]]), 2.143833687818551), (7.396849569894047e-05, array([[-2.1949231e-06],
       [-6.9721451e-10],
       [-6.7110569e-10]]), 2.131025686982483), (7.17574320303802e-05, array([[-2.23852171e-06],
       [-5.12398445e-10],
       [ 7.18180582e-12]]), 2.1211364109863897), (6.941679118602226e-05, array([[-2.26461396e-06],
       [ 4.72300566e-10],
       [ 9.51539766e-10]]), 2.10896621259676), (6.704643003871442e-05, array([[-2.28715863e-06],
       [-4.31034199e-09],
       [ 7.75874512e-11]]), 2.097343782583236), (6.468425586842627e-05, array([[-2.30188548e-06],
       [-8.25615255e-10],
       [-4.27071771e-10]]), 2.087441153675169), (6.229559116732728e-05, array([[-2.29180610e-06],
       [ 7.99254083e-10],
       [-9.12942460e-10]]), 2.0781698142250224), (5.987846958776161e-05, array([[-2.29653842e-06],
       [-2.82812390e-09],
       [ 1.18191959e-09]]), 2.0694251745862795), (5.74047708798947e-05, array([[-2.27967642e-06],
       [ 3.54867847e-09],
       [-5.36002548e-10]]), 2.06015112095828), (5.4949084423434516e-05, array([[-2.26257135e-06],
       [ 2.43371353e-09],
       [-2.79572548e-11]]), 2.0529580192843513), (5.245958953016154e-05, array([[-2.23008297e-06],
       [-4.17889030e-10],
       [-1.97524920e-09]]), 2.045980319019138), (4.998601249350753e-05, array([[-2.19644644e-06],
       [-3.12758921e-10],
       [ 7.30986790e-11]]), 2.0411608683714864), (4.7472564403394954e-05, array([[-2.14582754e-06],
       [-1.28540812e-10],
       [ 7.83382038e-10]]), 2.036309008416104), (4.499023595131396e-05, array([[-2.10205856e-06],
       [-1.33308862e-09],
       [-9.09946533e-10]]), 2.034504835398277), (4.253091106137716e-05, array([[-2.04097614e-06],
       [-9.75447753e-10],
       [-1.28786709e-10]]), 2.0357610232726717), (4.005976015013914e-05, array([[-1.96765843e-06],
       [-1.62740176e-09],
       [-5.81961940e-11]]), 2.036185059495751), (3.852022240795276e-05, array([[-1.77390911e-06],
       [ 9.27922496e-10],
       [ 6.79048523e-10]]), 2.034628060968201), (3.712559531074139e-05, array([[-1.58262235e-06],
       [ 1.92351787e-10],
       [ 1.13474312e-10]]), 2.0430513490345343), (3.5566880446829014e-05, array([[-1.40050437e-06],
       [ 1.95661154e-09],
       [ 1.03779765e-10]]), 2.0449352990229164), (3.400011486486485e-05, array([[-1.22409440e-06],
       [ 5.44241557e-09],
       [-6.38037493e-10]]), 2.0486708918490764), (3.249905328607551e-05, array([[-1.06123707e-06],
       [-1.25093575e-09],
       [-6.38429899e-10]]), 2.0591195592715077), (3.0931188298218454e-05, array([[-8.98619068e-07],
       [-1.21230013e-09],
       [ 3.51918297e-10]]), 2.0684367544376765), (2.939004045854884e-05, array([[-7.54779728e-07],
       [-1.14117292e-09],
       [ 3.03999296e-10]]), 2.082959718215209), (2.7827590093766022e-05, array([[-6.16234467e-07],
       [-3.42300010e-09],
       [ 1.97233387e-10]]), 2.099974200507671), (2.616809526808296e-05, array([[-4.86837698e-07],
       [ 8.21712392e-10],
       [ 8.11162308e-11]]), 2.113790824340796), (2.4596393742754387e-05, array([[-3.71739192e-07],
       [ 8.29326784e-10],
       [ 1.59451262e-10]]), 2.1396471106261106), (2.298443269028402e-05, array([[-2.67540337e-07],
       [-1.00217080e-09],
       [ 1.15589900e-10]]), 2.168383501398571), (2.1349416861645648e-05, array([[-1.75804757e-07],
       [-1.97448883e-10],
       [-3.09898049e-12]]), 2.2024715595878095), (1.9670826252820465e-05, array([[-9.56271415e-08],
       [ 6.94144686e-10],
       [-1.01282162e-10]]), 2.241122623687016), (1.8023828388194575e-05, array([[-2.81810526e-08],
       [ 1.50436273e-09],
       [-3.15593535e-11]]), 2.2953824272543546), (1.790616310806477e-05, array([[-1.68252572e-08],
       [-1.95106058e-09],
       [-2.69106509e-11]]), 2.2803974412407966), (1.9291379861805773e-05, array([[-5.90281545e-08],
       [ 1.06055803e-09],
       [-2.75898877e-12]]), 2.197891806615594), (2.07395744658608e-05, array([[-1.12422179e-07],
       [ 2.87115189e-10],
       [-1.10885984e-10]]), 2.139558340868472), (2.210871932486058e-05, array([[-1.80998267e-07],
       [ 1.98884831e-09],
       [ 5.57297561e-12]]), 2.0857674786702387), (2.358292821996121e-05, array([[-2.57133512e-07],
       [-6.99025603e-10],
       [-3.95836872e-11]]), 2.0514854638317557), (2.49541659433629e-05, array([[-3.45081013e-07],
       [ 1.17293699e-09],
       [ 5.21345193e-12]]), 2.0157327638780944), (2.6392575751360532e-05, array([[-4.42796958e-07],
       [ 1.50261364e-10],
       [ 1.55212107e-11]]), 1.991682642156556), (2.783897503351397e-05, array([[-5.52598970e-07],
       [ 1.08874910e-09],
       [-3.15398189e-10]]), 1.9730310910253073), (2.9246630946961708e-05, array([[-6.74530013e-07],
       [-3.87487254e-09],
       [-1.57894589e-10]]), 1.9557866904730055), (3.068710677418147e-05, array([[-8.01960356e-07],
       [-3.07594622e-10],
       [-3.22246071e-10]]), 1.9443157688302226), (3.212758091186139e-05, array([[-9.41448282e-07],
       [ 1.71830869e-09],
       [ 9.05510402e-10]]), 1.9358416905724207), (3.363171532204492e-05, array([[-1.08949208e-06],
       [ 5.80749947e-10],
       [-4.44139680e-10]]), 1.9336720275919297), (3.505404424117595e-05, array([[-1.23960282e-06],
       [-7.05623721e-10],
       [ 3.10199944e-10]]), 1.9290522287013696), (3.6575466613567434e-05, array([[-1.40541750e-06],
       [ 5.79705524e-11],
       [ 5.78838025e-11]]), 1.9319065691481034), (3.811667319936681e-05, array([[-1.57626088e-06],
       [-4.24392534e-09],
       [ 2.59922061e-10]]), 1.9374204986587578), (4.0787733743742103e-05, array([[-1.65366544e-06],
       [ 1.00409480e-09],
       [-1.27640436e-09]]), 1.9523230636490658), (4.3413515211520296e-05, array([[-1.71549958e-06],
       [-3.15109923e-09],
       [ 1.90769855e-10]]), 1.9632038986204772), (4.6133500406084225e-05, array([[-1.77436875e-06],
       [ 6.96953635e-10],
       [-1.45094416e-09]]), 1.9788706097359916), (4.882558619226886e-05, array([[-1.83089191e-06],
       [ 1.33772137e-09],
       [-8.19887496e-11]]), 1.993775277111831), (5.153158993776679e-05, array([[-1.87659599e-06],
       [ 1.45846034e-09],
       [ 5.03672242e-10]]), 2.009787338496372), (5.418610135752421e-05, array([[-1.90910204e-06],
       [ 2.43913873e-09],
       [-1.89535752e-10]]), 2.0244521356982235), (5.6818160149086704e-05, array([[-1.93986890e-06],
       [-2.03129079e-09],
       [ 1.15527597e-09]]), 2.039098746110051), (5.9477556715019977e-05, array([[-1.95694310e-06],
       [-2.87421140e-09],
       [ 1.31136953e-10]]), 2.0555694565397244), (6.206788796183446e-05, array([[-1.96779037e-06],
       [-3.66015792e-09],
       [ 2.47948763e-10]]), 2.070573675888583), (6.467863325476862e-05, array([[-1.98286198e-06],
       [-2.72337382e-09],
       [ 6.51999404e-10]]), 2.0872597049596724), (6.717178034777095e-05, array([[-1.97219584e-06],
       [ 8.62553803e-09],
       [-6.21842269e-10]]), 2.101264986011857), (6.969332127122354e-05, array([[-1.96478299e-06],
       [-2.64277890e-09],
       [ 6.02324219e-10]]), 2.117367531593101), (7.214260345424732e-05, array([[-1.95985494e-06],
       [ 2.39245338e-09],
       [-1.35060054e-09]]), 2.132522006993925), (7.452418159208827e-05, array([[-1.91896627e-06],
       [ 3.68739345e-09],
       [ 3.89240817e-10]]), 2.1470349474250847), (7.693965819069753e-05, array([[-1.89365606e-06],
       [ 1.64335718e-09],
       [-1.03160328e-09]]), 2.1639071582759803), (7.907624265701995e-05, array([[-1.84885553e-06],
       [-2.49348867e-09],
       [ 9.75261950e-10]]), 2.1744725701905128), (8.12962975729724e-05, array([[-1.80026283e-06],
       [ 8.80947191e-10],
       [ 2.03898005e-09]]), 2.188979086668655), (8.346516830966578e-05, array([[-1.73370642e-06],
       [-2.80483197e-09],
       [-2.52562108e-10]]), 2.203717524443074), (8.545374693167337e-05, array([[-1.66845156e-06],
       [-4.28367552e-10],
       [ 4.23426575e-10]]), 2.2154129335523316), (8.742947973046444e-05, array([[-1.61964602e-06],
       [-3.15881365e-09],
       [ 4.03349305e-10]]), 2.2285697842653756), (8.928693710132309e-05, array([[-1.53412100e-06],
       [ 2.70971387e-09],
       [-3.30614873e-10]]), 2.24054577743069), (9.101494724086615e-05, array([[-1.46801475e-06],
       [ 8.21220868e-10],
       [-9.19341648e-11]]), 2.2511886833771246), (9.271777399232362e-05, array([[-1.37210804e-06],
       [ 1.92566295e-09],
       [-9.10889497e-10]]), 2.263163487830773), (9.419499900974087e-05, array([[-1.25793310e-06],
       [ 6.40150881e-09],
       [-9.53853636e-10]]), 2.271649956819232), (9.566138318360157e-05, array([[-1.17582838e-06],
       [ 6.76610471e-09],
       [-6.46663100e-10]]), 2.2819474606545245), (9.697546766483521e-05, array([[-1.07491478e-06],
       [ 4.47368571e-09],
       [-1.63264118e-10]]), 2.290711385898405), (9.81211545798177e-05, array([[-9.59164489e-07],
       [ 4.58168512e-09],
       [-2.71670541e-10]]), 2.297657679148081), (9.91825309294858e-05, array([[-8.44315038e-07],
       [-6.51406914e-09],
       [ 4.55871164e-10]]), 2.3048279556058175), (0.00010008422259374338, array([[-7.32783565e-07],
       [-2.18191656e-10],
       [-5.79389258e-10]]), 2.3105160311771065), (0.00010087548592609464, array([[-6.23075074e-07],
       [ 9.58711692e-11],
       [-3.48916091e-11]]), 2.315913953778496), (0.00010150572604102721, array([[-5.00026411e-07],
       [ 9.20531853e-11],
       [-3.82429218e-11]]), 2.3198991722911364), (0.00010201779598961748, array([[-3.79548714e-07],
       [ 8.00823842e-12],
       [-9.90363711e-11]]), 2.323489105669656), (0.0001022943699465001, array([[-2.61096256e-07],
       [-1.70384664e-09],
       [-3.47263523e-10]]), 2.3240412390505094), (0.00010257590201763958, array([[-1.35125554e-07],
       [-2.44902683e-09],
       [-1.31286614e-10]]), 2.327040388980832), (0.0001026352305675248, array([[2.26039113e-09],
       [1.16531436e-09],
       [4.25093116e-10]]), 2.327337249117924)]