[(0.0001026615098033854, array([[ 8.26367983e-09],
       [-2.02577218e-09],
       [-1.41531923e-10]]), 2.3279331521441904), (0.00010242079350582104, array([[-1.38773402e-07],
       [ 5.59704335e-09],
       [-1.46107628e-10]]), 2.3235215920258283), (0.00010213236577014363, array([[-2.77012529e-07],
       [ 3.75874042e-10],
       [ 4.62397155e-10]]), 2.3203606417024067), (0.00010162288672182772, array([[-4.15859942e-07],
       [ 2.54699617e-09],
       [-4.11584216e-10]]), 2.314494916248716), (0.00010101596706219628, array([[-5.34199579e-07],
       [ 1.97965675e-09],
       [ 2.27912977e-10]]), 2.308705799326612), (0.00010026690978703635, array([[-6.83463474e-07],
       [ 4.30485566e-09],
       [ 7.67963633e-11]]), 2.3019421750114097), (9.942487126785333e-05, array([[-8.16432059e-07],
       [ 2.37853394e-09],
       [-7.27575037e-10]]), 2.295294433115335), (9.847229322517139e-05, array([[-9.49430102e-07],
       [ 3.77164794e-09],
       [ 9.12616577e-10]]), 2.2883232778093503), (9.731156552003742e-05, array([[-1.06817944e-06],
       [-1.11248034e-09],
       [-8.43232066e-10]]), 2.2786999067072227), (9.608695474276991e-05, array([[-1.19483641e-06],
       [-5.19870548e-09],
       [ 9.81507459e-10]]), 2.2697233286494587), (9.476435734016352e-05, array([[-1.31200574e-06],
       [-2.00719694e-09],
       [-1.27366878e-09]]), 2.2605494233540786), (9.321877015721921e-05, array([[-1.42409858e-06],
       [-5.17201979e-09],
       [-1.04892283e-09]]), 2.2481067724252575), (9.172030063364104e-05, array([[-1.52809494e-06],
       [ 2.52181035e-09],
       [ 3.98962079e-10]]), 2.2388159955620175), (9.00488941464849e-05, array([[-1.63901577e-06],
       [-1.84411206e-09],
       [-7.59283147e-11]]), 2.2272940610151823), (8.83014514846433e-05, array([[-1.71918046e-06],
       [-2.10867807e-09],
       [-3.97638952e-10]]), 2.21581622897877), (8.649173622645587e-05, array([[-1.81273026e-06],
       [-4.78617371e-10],
       [ 4.74526396e-10]]), 2.2046667844434906), (8.45916263936818e-05, array([[-1.88621789e-06],
       [-3.65880885e-09],
       [-5.59227857e-10]]), 2.1930622109833737), (8.258203597914076e-05, array([[-1.97594716e-06],
       [ 6.15877654e-10],
       [-2.52451988e-10]]), 2.1804003223982678), (8.050552649131325e-05, array([[-2.03173144e-06],
       [ 3.25732817e-09],
       [ 4.65616551e-10]]), 2.1676868333708885), (7.840310592694774e-05, array([[-2.09873575e-06],
       [ 6.34068060e-09],
       [ 9.57559387e-10]]), 2.1559623665396077), (7.621448996228958e-05, array([[-2.16395566e-06],
       [-1.27059607e-09],
       [ 1.94418889e-09]]), 2.143511997219805), (7.403656509707873e-05, array([[-2.19273810e-06],
       [-9.50466473e-10],
       [ 3.06903284e-10]]), 2.1329867602010117), (7.1691063047213e-05, array([[-2.23420889e-06],
       [-2.63547317e-09],
       [ 5.90949495e-10]]), 2.1191745561265822), (6.942901263964895e-05, array([[-2.26458297e-06],
       [-3.23013004e-09],
       [-1.37625258e-10]]), 2.109337515163864), (6.707702612677056e-05, array([[-2.28444948e-06],
       [ 6.24778659e-09],
       [-4.09553107e-10]]), 2.0983008882042045), (6.468217579629454e-05, array([[-2.28700658e-06],
       [-1.45446715e-09],
       [ 5.67500063e-10]]), 2.087374027167921), (6.228591363478128e-05, array([[-2.30412482e-06],
       [-2.51779941e-10],
       [ 1.09727280e-09]]), 2.0778469734647627), (5.989963890630727e-05, array([[-2.29566101e-06],
       [ 2.60374979e-09],
       [-2.71360042e-10]]), 2.070156795167581), (5.740320225274502e-05, array([[-2.28687478e-06],
       [-3.63288673e-09],
       [ 2.00287281e-10]]), 2.0600948258292995), (5.494599327092977e-05, array([[-2.27091998e-06],
       [ 7.70910135e-09],
       [ 1.24135324e-09]]), 2.052842530438813), (5.2474594424231957e-05, array([[-2.23251986e-06],
       [-2.86235173e-09],
       [-2.99629078e-10]]), 2.0465655259990627), (4.9955415500372734e-05, array([[-2.19660204e-06],
       [ 1.81316268e-09],
       [-7.84810968e-10]]), 2.0399114511453234), (4.745677270943175e-05, array([[-2.14784549e-06],
       [ 2.20027123e-09],
       [-5.11458688e-11]]), 2.035631632565873), (4.505867855913405e-05, array([[-2.09927727e-06],
       [ 9.55451243e-11],
       [-7.75764793e-10]]), 2.03759988065894), (4.2441210817469285e-05, array([[-2.03535939e-06],
       [-7.47240102e-10],
       [ 8.20066027e-10]]), 2.031467481099023), (4.0029868572447194e-05, array([[-1.97096477e-06],
       [ 5.51315503e-10],
       [ 8.52483402e-10]]), 2.0346657098123537), (3.8543501303584744e-05, array([[-1.77207190e-06],
       [ 1.74219187e-09],
       [-6.64666366e-11]]), 2.035857646139843), (3.705088326979443e-05, array([[-1.58115073e-06],
       [ 1.89975019e-09],
       [-3.74642291e-10]]), 2.0389398853726535), (3.551548739356805e-05, array([[-1.40105276e-06],
       [ 1.52232067e-09],
       [ 1.73524779e-10]]), 2.0419804301275404), (3.4024732328654015e-05, array([[-1.22792220e-06],
       [-7.73318209e-10],
       [ 1.43492517e-10]]), 2.0501542127642103), (3.248102500794966e-05, array([[-1.05805350e-06],
       [ 2.70382271e-10],
       [-1.51971060e-10]]), 2.0579772989175784), (3.095260217301674e-05, array([[-9.02344064e-07],
       [ 4.67585925e-10],
       [ 1.65702263e-10]]), 2.0698687474558772), (2.9362030021627902e-05, array([[-7.50622622e-07],
       [ 6.59814156e-10],
       [-1.03415525e-10]]), 2.0809745351094486), (2.7762388072005516e-05, array([[-6.15637109e-07],
       [ 4.70236211e-11],
       [-8.17288245e-11]]), 2.0950538116757014), (2.6224208668325533e-05, array([[-4.87825337e-07],
       [-1.44805262e-09],
       [-1.67417244e-10]]), 2.11832351918695), (2.461859558092425e-05, array([[-3.71368707e-07],
       [ 3.22588349e-10],
       [ 1.53990078e-10]]), 2.1415784546835996), (2.295863570126987e-05, array([[-2.68530967e-07],
       [-2.84594411e-09],
       [ 3.82028955e-11]]), 2.1659497774029517), (2.1327107083133025e-05, array([[-1.74703827e-07],
       [ 2.06667659e-09],
       [ 1.95347286e-11]]), 2.2001700141641956), (1.9710539007772375e-05, array([[-9.48974747e-08],
       [ 6.23610980e-10],
       [-1.46970641e-10]]), 2.2456471491150674), (1.8050709715898608e-05, array([[-2.83621253e-08],
       [ 3.75425298e-10],
       [ 7.02254900e-11]]), 2.298805835750272), (1.79148977247346e-05, array([[-1.55188169e-08],
       [ 1.00284063e-09],
       [-1.92962944e-12]]), 2.281509817878041), (1.9307044267862173e-05, array([[-5.83048933e-08],
       [ 2.12427928e-09],
       [ 6.44461228e-11]]), 2.1996764726153044), (2.0735717380468154e-05, array([[-1.12329412e-07],
       [-1.35541283e-09],
       [-6.75777645e-11]]), 2.139160432066782), (2.2182315227505444e-05, array([[-1.79353516e-07],
       [ 2.58446326e-09],
       [-4.02678616e-10]]), 2.092710618978118), (2.353719793234969e-05, array([[-2.55277323e-07],
       [ 3.18840301e-10],
       [-1.34389070e-10]]), 2.0475073734344624), (2.4990466562345558e-05, array([[-3.44332865e-07],
       [ 2.57241169e-10],
       [ 4.43579514e-10]]), 2.0186650336721828), (2.6393901328323503e-05, array([[-4.43426237e-07],
       [-2.82200992e-09],
       [-3.07170615e-10]]), 1.9917826751602639), (2.777820969934867e-05, array([[-5.56359646e-07],
       [-2.18937277e-10],
       [ 1.00592224e-10]]), 1.968724470777243), (2.9214020569177863e-05, array([[-6.75458829e-07],
       [-1.48371416e-10],
       [-4.32739686e-11]]), 1.953605962615612), (3.0702039030052145e-05, array([[-8.06669080e-07],
       [-2.66783301e-09],
       [ 7.90078190e-10]]), 1.9452618671628936), (3.21213621265146e-05, array([[-9.41959592e-07],
       [-3.04908107e-09],
       [-3.55303673e-10]]), 1.9354669787641439), (3.360826194566971e-05, array([[-1.08763991e-06],
       [-2.26468699e-09],
       [-8.80395767e-10]]), 1.9323235641723548), (3.5066465411927184e-05, array([[-1.24451249e-06],
       [-2.41059230e-09],
       [-9.01290631e-10]]), 1.929735775711121), (3.660708708201091e-05, array([[-1.40550889e-06],
       [ 1.12623042e-09],
       [ 4.31403709e-10]]), 1.9335767540113866), (3.809738564697539e-05, array([[-1.57340582e-06],
       [ 3.91961927e-09],
       [-4.48529221e-10]]), 1.9364401376714118), (4.0710043720301476e-05, array([[-1.64993071e-06],
       [-2.92950226e-09],
       [-9.88561721e-10]]), 1.948604396033662), (4.3438676758342915e-05, array([[-1.71414018e-06],
       [-1.83653080e-09],
       [-1.13083580e-09]]), 1.9643417296985832), (4.6156967309644795e-05, array([[-1.76987035e-06],
       [ 1.53476612e-10],
       [-4.24589436e-11]]), 1.9798772093945642), (4.8815249599725456e-05, array([[-1.82783701e-06],
       [ 3.12128437e-09],
       [-9.73962375e-11]]), 1.9933531860675682), (5.1497927995199116e-05, array([[-1.87496740e-06],
       [-4.24913040e-09],
       [ 1.14072627e-09]]), 2.0084744865924544), (5.415141217674606e-05, array([[-1.90974749e-06],
       [ 1.18218808e-10],
       [ 5.91159907e-10]]), 2.0231561098843605), (5.682868493275651e-05, array([[-1.93615694e-06],
       [-1.22942584e-09],
       [-6.70674774e-10]]), 2.0394764611421445), (5.951990444487076e-05, array([[-1.95354976e-06],
       [-5.50278233e-10],
       [-1.00791240e-09]]), 2.0570330119519302), (6.209622500288512e-05, array([[-1.97399460e-06],
       [ 2.19612670e-09],
       [-1.15352075e-09]]), 2.0715189945256234), (6.463085844290232e-05, array([[-1.98244164e-06],
       [ 3.15864079e-09],
       [ 3.77713827e-10]]), 2.085717952533833), (6.719254335458084e-05, array([[-1.96999887e-06],
       [-5.84085719e-09],
       [ 1.73109556e-09]]), 2.101914493572741), (6.964717363509042e-05, array([[-1.95979659e-06],
       [ 9.91610587e-10],
       [-1.18812722e-09]]), 2.1159655105008963), (7.211558705846689e-05, array([[-1.95019132e-06],
       [ 8.58966389e-10],
       [ 6.66590684e-10]]), 2.1317234073344604), (7.452414561782684e-05, array([[-1.91716801e-06],
       [ 3.88607374e-10],
       [-1.51138581e-10]]), 2.147033911009859), (7.678685711662478e-05, array([[-1.88017984e-06],
       [-6.03826504e-09],
       [ 8.51244044e-10]]), 2.1596096692338698), (7.911359033066287e-05, array([[-1.83999668e-06],
       [-1.22835564e-09],
       [ 1.92617537e-09]]), 2.17549957260196), (8.128752937486028e-05, array([[-1.79364116e-06],
       [ 2.31235300e-09],
       [-4.61533518e-10]]), 2.1887429947079116), (8.348822405272926e-05, array([[-1.74320287e-06],
       [ 4.14210647e-09],
       [ 1.11963479e-09]]), 2.2043262615493067), (8.549638984482904e-05, array([[-1.67677662e-06],
       [-1.99004653e-09],
       [-4.57869467e-10]]), 2.2165184633239514), (8.743851784565587e-05, array([[-1.61430990e-06],
       [ 4.79287370e-09],
       [-2.67242955e-09]]), 2.2288001650303575), (8.929359947360295e-05, array([[-1.53184763e-06],
       [-7.96729884e-10],
       [ 6.09945092e-10]]), 2.2407129614619032), (9.100549687997293e-05, array([[-1.44267089e-06],
       [-2.61949326e-09],
       [-2.73280406e-10]]), 2.2509549355572154), (9.26769522366247e-05, array([[-1.36053122e-06],
       [-4.62707257e-11],
       [ 4.89268990e-10]]), 2.2621670628409474), (9.426281279105533e-05, array([[-1.27205385e-06],
       [-9.55406918e-10],
       [-9.96062812e-11]]), 2.273285385186069), (9.562138774423617e-05, array([[-1.16706913e-06],
       [-1.95855931e-09],
       [-9.85147396e-10]]), 2.2809933923747203), (9.694354547021224e-05, array([[-1.07032894e-06],
       [-5.09858176e-09],
       [ 3.71002720e-10]]), 2.2899573340083075), (9.814057494932249e-05, array([[-9.71771979e-07],
       [ 6.61118120e-09],
       [ 4.42284957e-11]]), 2.298112436955565), (9.915888019318857e-05, array([[-8.65755059e-07],
       [-3.11761095e-09],
       [ 5.99414066e-10]]), 2.3042783540008003), (0.00010009143728897653, array([[-7.19850740e-07],
       [ 4.65380530e-09],
       [-5.64670355e-10]]), 2.3106825875889387), (0.00010086071960342046, array([[-6.19736242e-07],
       [-2.41051933e-09],
       [-5.55818225e-10]]), 2.3155749464129984), (0.00010146047830956044, array([[-4.98228229e-07],
       [-3.79980108e-09],
       [ 8.14137393e-10]]), 2.318865041716715), (0.00010201104020361173, array([[-3.70813902e-07],
       [ 1.23606939e-09],
       [-1.66834310e-12]]), 2.3233352404049508), (0.00010233970363199404, array([[-2.61331303e-07],
       [ 1.47951135e-10],
       [ 7.55337873e-11]]), 2.325071181897424), (0.00010257985497508145, array([[-1.18917790e-07],
       [ 9.43879303e-10],
       [-9.84531407e-11]]), 2.3271300659073058), (0.00010269383617310935, array([[-6.85382893e-09],
       [-3.60305439e-09],
       [-3.15167875e-10]]), 2.328666178844392)]