[(0.00010264475563900684, array([[-1.20596791e-09],
       [ 5.25922215e-10],
       [ 1.07152310e-10]]), 2.327553237853352), (0.00010243846823140182, array([[-1.41451624e-07],
       [ 1.14119733e-09],
       [-3.18877550e-11]]), 2.3239225614492662), (0.00010210581640596911, array([[-2.76263296e-07],
       [-1.34670916e-09],
       [ 2.24818065e-10]]), 2.319757462688308), (0.00010166753757142368, array([[-3.99913546e-07],
       [ 4.05197571e-10],
       [-1.05583336e-10]]), 2.3155118541426267), (0.00010105802722142391, array([[-5.35612558e-07],
       [-3.75251306e-10],
       [-1.80683633e-10]]), 2.3096670783833138), (0.0001003043951486916, array([[-6.86396489e-07],
       [-4.17873651e-09],
       [-1.59671650e-10]]), 2.30280276935029), (9.943435125430941e-05, array([[-8.11537373e-07],
       [ 3.09209349e-09],
       [ 4.75094840e-10]]), 2.2955132853990863), (9.838327322288049e-05, array([[-9.43608268e-07],
       [ 2.16512028e-09],
       [ 6.74022611e-10]]), 2.286254609184287), (9.734163824320011e-05, array([[-1.05540281e-06],
       [-1.57373777e-09],
       [ 1.25659833e-10]]), 2.279404105751797), (9.610550145280741e-05, array([[-1.18002793e-06],
       [-7.80860357e-10],
       [ 6.79203361e-10]]), 2.270161430788865), (9.468885211200498e-05, array([[-1.32074577e-06],
       [ 2.35388711e-09],
       [-3.38401087e-10]]), 2.258748289417599), (9.330652914229606e-05, array([[-1.41365158e-06],
       [-1.76460677e-09],
       [-5.49702232e-10]]), 2.250223208507387), (9.175737507278648e-05, array([[-1.52390748e-06],
       [-1.71411260e-09],
       [ 5.39806250e-10]]), 2.239720951682003), (9.005252368610415e-05, array([[-1.62836893e-06],
       [-2.19793887e-09],
       [-6.91859351e-10]]), 2.227383835044223), (8.827930754419424e-05, array([[-1.71066835e-06],
       [-1.22883472e-10],
       [-3.13608061e-10]]), 2.215260554051625), (8.648380653254934e-05, array([[-1.81599879e-06],
       [ 4.44793656e-10],
       [-3.44946743e-10]]), 2.2044646572400235), (8.460221690634445e-05, array([[-1.90254132e-06],
       [ 2.12153883e-10],
       [ 9.29917569e-10]]), 2.1933367730660005), (8.25921671463569e-05, array([[-1.97537580e-06],
       [ 1.40829337e-09],
       [ 1.27916823e-10]]), 2.180667813990143), (8.05135159517725e-05, array([[-2.03936838e-06],
       [-4.57970399e-09],
       [-7.61692865e-10]]), 2.1679019570896947), (7.837366575525934e-05, array([[-2.09856014e-06],
       [-1.58431994e-09],
       [-6.67463076e-11]]), 2.1551528080218136), (7.622465777464979e-05, array([[-2.15651781e-06],
       [ 3.86296571e-09],
       [ 1.15471721e-09]]), 2.1437979642031224), (7.400461164070597e-05, array([[-2.19485104e-06],
       [-6.76174106e-09],
       [-6.71479459e-10]]), 2.1320661840060415), (7.170593769804456e-05, array([[-2.23480729e-06],
       [-3.46033263e-11],
       [-1.13705699e-09]]), 2.1196142480523767), (6.938079387053186e-05, array([[-2.27552141e-06],
       [-4.30520973e-09],
       [ 1.14875843e-09]]), 2.1078725705424906), (6.709114085475215e-05, array([[-2.29844518e-06],
       [-6.87317313e-09],
       [-1.11304506e-09]]), 2.0987424245687496), (6.463737574596338e-05, array([[-2.29751981e-06],
       [ 3.84328439e-09],
       [ 1.95640046e-09]]), 2.085928273985907), (6.226244101477973e-05, array([[-2.30168844e-06],
       [-2.21885494e-09],
       [-5.87178301e-10]]), 2.0770639310466086), (5.982645708965042e-05, array([[-2.30050040e-06],
       [ 3.22560917e-09],
       [-4.21038078e-10]]), 2.0676276007049585), (5.734562997021739e-05, array([[-2.28004217e-06],
       [ 1.23240353e-09],
       [ 7.78517225e-11]]), 2.0580286630249294), (5.4918281671818646e-05, array([[-2.25957785e-06],
       [-6.18797564e-09],
       [-1.14101833e-10]]), 2.0518071947235903), (5.244653543911341e-05, array([[-2.23092353e-06],
       [-3.64842495e-09],
       [-6.86442071e-10]]), 2.045471195451715), (4.999310248672912e-05, array([[-2.19748954e-06],
       [-3.05161441e-09],
       [-7.58326750e-10]]), 2.0414503856984143), (4.751071807317314e-05, array([[-2.15350169e-06],
       [ 1.19338744e-09],
       [-1.39766966e-09]]), 2.037945588669348), (4.496888963646031e-05, array([[-2.10313211e-06],
       [ 5.43203695e-09],
       [-6.98183848e-11]]), 2.033539533041679), (4.2525388833691865e-05, array([[-2.04562385e-06],
       [-7.47780778e-10],
       [ 1.72390497e-09]]), 2.035496699382051), (4.005142024969434e-05, array([[-1.96780524e-06],
       [ 8.77488625e-10],
       [-3.25142735e-10]]), 2.0357611532961197), (3.853714476206892e-05, array([[-1.77065904e-06],
       [ 3.66485628e-10],
       [-2.94564550e-10]]), 2.035521895281454), (3.700152095686109e-05, array([[-1.58118373e-06],
       [ 4.64858039e-09],
       [-7.10496985e-10]]), 2.0362234376177875), (3.554053191361522e-05, array([[-1.40361991e-06],
       [ 5.12346160e-09],
       [ 1.72877817e-10]]), 2.0434203771357717), (3.4009466751933e-05, array([[-1.22211258e-06],
       [-3.21778545e-09],
       [ 1.67723573e-10]]), 2.049234388145972), (3.245931777311514e-05, array([[-1.05828204e-06],
       [-2.49654038e-10],
       [-3.92199591e-11]]), 2.0566019421823527), (3.091930242821869e-05, array([[-9.02312043e-07],
       [ 9.65759485e-10],
       [-3.47070929e-10]]), 2.06764192010642), (2.938494434376684e-05, array([[-7.50256157e-07],
       [-1.10400865e-10],
       [ 1.85358220e-10]]), 2.0825985413796313), (2.780314819891508e-05, array([[-6.14554961e-07],
       [-7.65873245e-10],
       [ 2.05767172e-10]]), 2.0981297235542034), (2.6213309726178906e-05, array([[-4.87324731e-07],
       [ 2.04010089e-09],
       [-1.99371636e-10]]), 2.1174431309252695), (2.458406195610563e-05, array([[-3.71596212e-07],
       [-2.55588407e-10],
       [ 7.44623265e-11]]), 2.138574365086751), (2.2932591714719123e-05, array([[-2.67867623e-07],
       [-4.18411967e-09],
       [ 1.89415606e-10]]), 2.1634927513145437), (2.130381014177214e-05, array([[-1.75530803e-07],
       [-6.81653574e-10],
       [ 5.81013293e-11]]), 2.1977666299825453), (1.9708389797412787e-05, array([[-9.62440510e-08],
       [-1.29554728e-09],
       [-1.37490536e-10]]), 2.2454022868048606), (1.8047738557572862e-05, array([[-2.86884504e-08],
       [-1.18891893e-09],
       [-3.80871361e-11]]), 2.298427450844323), (1.7893404040918313e-05, array([[-1.69224837e-08],
       [ 8.20711482e-10],
       [-9.22513092e-12]]), 2.278772540144018), (1.9336314488811555e-05, array([[-5.82484711e-08],
       [-2.68020242e-09],
       [-2.94545265e-11]]), 2.2030112666664983), (2.071926329697443e-05, array([[-1.12675456e-07],
       [ 2.13015999e-09],
       [ 1.97656544e-10]]), 2.1374629781658694), (2.2171284694688395e-05, array([[-1.79262514e-07],
       [ 2.09492740e-09],
       [ 5.16091284e-11]]), 2.0916699830966747), (2.354734961066742e-05, array([[-2.56544411e-07],
       [-2.84681789e-09],
       [-1.28259530e-10]]), 2.0483904707457072), (2.497787749339715e-05, array([[-3.46514269e-07],
       [ 1.71533176e-09],
       [-2.64383098e-11]]), 2.0176481213536697), (2.6395486666184494e-05, array([[-4.41459628e-07],
       [ 4.69386341e-09],
       [-5.18655538e-10]]), 1.9919023106944926), (2.7811863480062732e-05, array([[-5.53199532e-07],
       [ 1.20154157e-09],
       [-5.53145055e-11]]), 1.971109614468757), (2.9224810954049725e-05, array([[-6.74065185e-07],
       [ 8.70727378e-11],
       [ 1.11206341e-10]]), 1.954327539441187), (3.0640156784474e-05, array([[-8.01518573e-07],
       [-1.82797824e-09],
       [-2.03428057e-10]]), 1.9413410470356136), (3.213139616454303e-05, array([[-9.40566546e-07],
       [-2.17966981e-09],
       [-2.80122237e-10]]), 1.9360715779461837), (3.357754119308131e-05, array([[-1.08958183e-06],
       [-2.01977075e-10],
       [-1.24651087e-10]]), 1.93055725938005), (3.512346242032707e-05, array([[-1.24595425e-06],
       [-1.82278958e-10],
       [-1.19570470e-11]]), 1.9328723668937717), (3.6572427355508174e-05, array([[-1.40602274e-06],
       [ 4.06991798e-09],
       [-8.84211056e-10]]), 1.931746036333251), (3.809488309453724e-05, array([[-1.57134928e-06],
       [ 2.01507475e-09],
       [-7.02544509e-10]]), 1.9363129362137377), (4.0711366871221455e-05, array([[-1.64553776e-06],
       [-8.31546217e-10],
       [-4.92706785e-10]]), 1.9486677292424643), (4.3378261035852456e-05, array([[-1.71604215e-06],
       [ 1.15869777e-09],
       [-1.03932261e-10]]), 1.9616096684648094), (4.618102850206686e-05, array([[-1.77529997e-06],
       [ 2.67709663e-10],
       [-5.50248898e-10]]), 1.9809093007403349), (4.882814135221066e-05, array([[-1.83197332e-06],
       [-3.14362676e-09],
       [ 1.34243960e-09]]), 1.9938796161504029), (5.1463732327125474e-05, array([[-1.87487086e-06],
       [ 3.64946327e-09],
       [-9.10169126e-10]]), 2.0071408188207274), (5.418354047521776e-05, array([[-1.90172320e-06],
       [ 3.58089009e-09],
       [-4.69937147e-10]]), 2.0243564583284797), (5.686866350902222e-05, array([[-1.93755720e-06],
       [ 1.20237975e-10],
       [ 4.80777212e-10]]), 2.0409112183486564), (5.9501329748784855e-05, array([[-1.95731368e-06],
       [-5.52895205e-10],
       [-7.34067008e-10]]), 2.0563910626176356), (6.206384552712503e-05, array([[-1.96581551e-06],
       [ 2.30291279e-09],
       [-1.33543959e-09]]), 2.0704388209874303), (6.460932521550136e-05, array([[-1.98505589e-06],
       [ 9.45720375e-10],
       [ 6.52920440e-10]]), 2.085023048581631), (6.718979900896947e-05, array([[-1.97281020e-06],
       [-4.81533665e-09],
       [ 2.04267368e-09]]), 2.1018286450614645), (6.96937613860463e-05, array([[-1.95526930e-06],
       [-6.41202588e-09],
       [ 1.27613156e-09]]), 2.117380902814602), (7.213597714457284e-05, array([[-1.94674258e-06],
       [-2.32308157e-09],
       [ 2.94855934e-09]]), 2.1323261345062487), (7.45180871228549e-05, array([[-1.92799138e-06],
       [-1.05231912e-08],
       [ 3.31075257e-09]]), 2.1468593663163693), (7.683921801336063e-05, array([[-1.88776733e-06],
       [-2.52908225e-10],
       [-1.08801327e-10]]), 2.1610823053479997), (7.905604590674546e-05, array([[-1.83269808e-06],
       [ 3.68180170e-11],
       [-1.18877996e-09]]), 2.1739171912549033), (8.130690983379515e-05, array([[-1.79317239e-06],
       [-2.47808366e-09],
       [ 1.17962181e-09]]), 2.1892648317480345), (8.348833316869775e-05, array([[-1.73494683e-06],
       [ 3.02000467e-09],
       [-9.23844269e-10]]), 2.204329142520816), (8.55014935496362e-05, array([[-1.68874777e-06],
       [ 4.63858037e-10],
       [ 5.47914812e-10]]), 2.216650778336982), (8.747240903917892e-05, array([[-1.59865322e-06],
       [ 4.52823324e-09],
       [-1.84391170e-09]]), 2.229664048586236), (8.93481933057523e-05, array([[-1.52652355e-06],
       [-1.67526102e-09],
       [-3.24147902e-10]]), 2.242082926476575), (9.104900872318972e-05, array([[-1.43858410e-06],
       [-4.54813998e-09],
       [-9.88239618e-11]]), 2.2520311694288155), (9.272535016214427e-05, array([[-1.37360108e-06],
       [ 1.92682326e-09],
       [ 1.17274708e-09]]), 2.2633484158135904), (9.421500876514172e-05, array([[-1.27622252e-06],
       [ 5.75047916e-09],
       [-4.11090169e-10]]), 2.2721325212915517), (9.564316465523032e-05, array([[-1.16529570e-06],
       [ 3.42232010e-09],
       [-1.60295572e-09]]), 2.2815128681034857), (9.694110172937787e-05, array([[-1.06711040e-06],
       [-9.14805437e-11],
       [-9.34518792e-10]]), 2.2898996090487045), (9.81492766086531e-05, array([[-9.64360100e-07],
       [-4.99513496e-09],
       [-7.67249779e-10]]), 2.2983161996861194), (9.91738124066497e-05, array([[-8.47870387e-07],
       [ 3.82385151e-09],
       [-3.70040837e-10]]), 2.304625352435926), (0.00010006248040711656, array([[-7.35939256e-07],
       [ 2.82377718e-10],
       [-5.01359526e-10]]), 2.31001409721137), (0.00010081495006134856, array([[-6.31896361e-07],
       [ 1.42890891e-09],
       [-7.53816389e-10]]), 2.314524162665398), (0.0001014842124835838, array([[-5.06351830e-07],
       [ 6.91562121e-09],
       [ 1.05530964e-10]]), 2.319407482944608), (0.00010201137896981652, array([[-3.73796077e-07],
       [ 2.84582120e-09],
       [-2.68960290e-10]]), 2.32334295591751), (0.0001024146503424907, array([[-2.60294138e-07],
       [ 1.85985210e-09],
       [ 2.82422979e-10]]), 2.3267739075314595), (0.00010255561065655673, array([[-1.14354219e-07],
       [ 2.94710585e-09],
       [-1.97366769e-11]]), 2.326580058475729), (0.00010264102482004925, array([[-1.14735223e-09],
       [-4.86601270e-09],
       [ 7.96251324e-11]]), 2.327468638502021)]