[(0.00010261633684271822, array([[ 3.62094964e-09],
       [-3.06495960e-09],
       [ 1.74494360e-10]]), 2.326908818555886), (0.00010241367575076713, array([[-1.32925089e-07],
       [-3.52206175e-09],
       [ 1.71761087e-10]]), 2.323360118393489), (0.000102122681574227, array([[-2.71329210e-07],
       [ 3.96718046e-09],
       [ 6.66037900e-10]]), 2.320140624992894), (0.00010162467833123785, array([[-4.05488231e-07],
       [ 1.34388738e-09],
       [-4.98162620e-10]]), 2.3145357207466533), (0.00010101788321516535, array([[-5.47629298e-07],
       [-7.94277721e-09],
       [-8.64818785e-10]]), 2.308749592734731), (0.00010027781592981711, array([[-6.78697190e-07],
       [ 5.30815469e-09],
       [ 3.86765100e-10]]), 2.3021925598102135), (9.939716863267217e-05, array([[-8.20457434e-07],
       [-1.97345657e-09],
       [-1.05339782e-10]]), 2.2946548979215438), (9.847137001453323e-05, array([[-9.50409923e-07],
       [-2.34810895e-09],
       [ 8.57273540e-10]]), 2.288301824014334), (9.727855818506359e-05, array([[-1.06157612e-06],
       [ 1.67798146e-09],
       [ 1.42457300e-09]]), 2.2779269892156218), (9.604564143411399e-05, array([[-1.17986771e-06],
       [ 4.92806256e-10],
       [ 4.55880501e-10]]), 2.2687474440385764), (9.481212198449366e-05, array([[-1.32048013e-06],
       [ 3.35511725e-11],
       [ 6.67128273e-10]]), 2.2616888215648383), (9.32798503291474e-05, array([[-1.41945853e-06],
       [-3.17890281e-09],
       [-1.05060699e-09]]), 2.2495798099684596), (9.17070587302254e-05, array([[-1.52521944e-06],
       [ 1.75553405e-09],
       [ 2.21782638e-10]]), 2.238492771750345), (9.005714389102221e-05, array([[-1.61152314e-06],
       [ 2.63661471e-09],
       [-9.63884029e-11]]), 2.227498112460644), (8.837250073048046e-05, array([[-1.72026251e-06],
       [ 2.00364684e-09],
       [-1.78032170e-10]]), 2.2175991223438936), (8.646917014454848e-05, array([[-1.80187241e-06],
       [ 2.50349985e-09],
       [-6.78940163e-10]]), 2.204091576991232), (8.45775162239925e-05, array([[-1.88937109e-06],
       [-9.65405354e-09],
       [-6.48188746e-10]]), 2.192696400781402), (8.259857351747198e-05, array([[-1.97214985e-06],
       [-1.70185530e-09],
       [-3.11164109e-10]]), 2.180836960384745), (8.054275731103348e-05, array([[-2.03263427e-06],
       [-8.37315584e-11],
       [ 1.10138636e-09]]), 2.168689308122878), (7.841253191276501e-05, array([[-2.10078099e-06],
       [ 8.78071931e-10],
       [ 9.46519648e-10]]), 2.1562215663563657), (7.627788502720083e-05, array([[-2.15074238e-06],
       [-5.31157636e-09],
       [ 5.68216191e-10]]), 2.14529496634115), (7.398166472726442e-05, array([[-2.19401607e-06],
       [ 3.86360220e-09],
       [ 1.15840740e-11]]), 2.1314050855002677), (7.177045244128742e-05, array([[-2.23342572e-06],
       [-2.20040923e-09],
       [ 1.98818335e-09]]), 2.121521291923177), (6.943702674779657e-05, array([[-2.26158879e-06],
       [-2.77697025e-11],
       [ 4.07134678e-11]]), 2.109580993478241), (6.70750804845814e-05, array([[-2.29140589e-06],
       [-1.20110399e-10],
       [ 3.09391298e-10]]), 2.098240024701909), (6.469274223603759e-05, array([[-2.28337779e-06],
       [ 6.90973960e-10],
       [-1.39794423e-09]]), 2.087715019282174), (6.22718149187998e-05, array([[-2.29744985e-06],
       [-1.75257587e-09],
       [-4.03283325e-10]]), 2.0773766428133795), (5.984551990753253e-05, array([[-2.30298464e-06],
       [ 2.16474857e-09],
       [ 1.66048591e-09]]), 2.0682864197344935), (5.7411190809906276e-05, array([[-2.28157091e-06],
       [-1.21562885e-09],
       [-6.92215371e-10]]), 2.060381520379915), (5.495518791168417e-05, array([[-2.26499860e-06],
       [ 8.39243623e-10],
       [ 7.25121231e-10]]), 2.053186052294896), (5.245789441709877e-05, array([[-2.22870255e-06],
       [ 5.15318201e-09],
       [ 1.34772303e-09]]), 2.045914207789599), (4.994761403976801e-05, array([[-2.18651707e-06],
       [-4.03360987e-09],
       [-5.08410561e-11]]), 2.0395928813033186), (4.7493991045055266e-05, array([[-2.15492757e-06],
       [ 1.12114054e-09],
       [ 1.68656251e-10]]), 2.0372280921854626), (4.498918914631124e-05, array([[-2.09719318e-06],
       [ 8.69787511e-10],
       [-4.02814092e-10]]), 2.0344574977972463), (4.246304242894705e-05, array([[-2.04046025e-06],
       [ 2.59991716e-10],
       [ 1.64885343e-10]]), 2.032512460917526), (4.004983339636953e-05, array([[-1.97019641e-06],
       [ 2.01398213e-09],
       [-2.85003060e-11]]), 2.0356804956231964), (3.8615414158231326e-05, array([[-1.76983228e-06],
       [ 7.42146064e-10],
       [ 3.53130575e-10]]), 2.0396560642917083), (3.701911284709307e-05, array([[-1.58307849e-06],
       [-2.39534294e-09],
       [-1.68411809e-10]]), 2.0371915334764448), (3.5544569606288125e-05, array([[-1.40043936e-06],
       [ 2.04383591e-09],
       [ 1.11703204e-10]]), 2.043652526263547), (3.400727506827569e-05, array([[-1.22681184e-06],
       [ 1.24234462e-09],
       [-2.78892770e-10]]), 2.0491023286358576), (3.2467672365107925e-05, array([[-1.05875637e-06],
       [ 8.01741671e-10],
       [-3.43505110e-10]]), 2.0571312838721134), (3.0951076891148405e-05, array([[-9.01008463e-07],
       [-9.64734009e-10],
       [-3.16996481e-10]]), 2.0697667484946045), (2.9352015040321662e-05, array([[-7.53500631e-07],
       [-4.36558102e-10],
       [ 1.06058829e-11]]), 2.0802647435503316), (2.779891168267069e-05, array([[-6.16648037e-07],
       [ 9.69223464e-10],
       [-6.01687527e-10]]), 2.0978100201669077), (2.621765821990422e-05, array([[-4.88266413e-07],
       [-3.29191961e-09],
       [ 3.84824326e-10]]), 2.1177943909631938), (2.4561663501845437e-05, array([[-3.71355847e-07],
       [ 8.50327492e-10],
       [-6.31174390e-11]]), 2.136625917341055), (2.296770204334718e-05, array([[-2.66764330e-07],
       [-2.40249998e-09],
       [ 1.24746968e-10]]), 2.1668051087849958), (2.1369630538257042e-05, array([[-1.75386897e-07],
       [-1.15219949e-09],
       [ 1.01677697e-11]]), 2.204556864687233), (1.9701408127728055e-05, array([[-9.53444977e-08],
       [-3.35012273e-09],
       [-2.09663215e-10]]), 2.2446068561665915), (1.7994169927397183e-05, array([[-2.80426907e-08],
       [-1.33898737e-09],
       [-1.09845248e-10]]), 2.2916053434812795), (1.7936377017400554e-05, array([[-1.72804894e-08],
       [-2.33692166e-09],
       [-1.73149301e-10]]), 2.2842452628608383), (1.9361364161300757e-05, array([[-5.84784607e-08],
       [ 2.75236414e-09],
       [-1.23311298e-10]]), 2.2058652081842554), (2.0708415519833994e-05, array([[-1.12768157e-07],
       [ 9.47817648e-10],
       [ 6.64607383e-11]]), 2.136343888085265), (2.213036516530038e-05, array([[-1.79704505e-07],
       [-3.65011854e-10],
       [ 8.17393393e-11]]), 2.0878095775080054), (2.35526260061887e-05, array([[-2.54689037e-07],
       [ 1.00589380e-09],
       [ 1.83901713e-10]]), 2.0488494658548966), (2.4971962040532204e-05, array([[-3.45214398e-07],
       [ 3.72739612e-09],
       [ 1.72335009e-11]]), 2.0171702864230165), (2.642407303856004e-05, array([[-4.45944800e-07],
       [ 1.47432426e-09],
       [ 5.46188691e-10]]), 1.9940595454486512), (2.7804629385541683e-05, array([[-5.52820365e-07],
       [-2.52773486e-09],
       [ 6.39044000e-10]]), 1.970596912640178), (2.9229685673628533e-05, array([[-6.72741072e-07],
       [-1.63072893e-09],
       [-3.96041247e-11]]), 1.9546535226865496), (3.062297329393795e-05, array([[-8.03162253e-07],
       [-1.21778572e-11],
       [ 3.65429980e-10]]), 1.9402523118916117), (3.217114357736507e-05, array([[-9.44570289e-07],
       [ 3.42041496e-09],
       [-1.31198499e-09]]), 1.9384665512572585), (3.360976226797821e-05, array([[-1.08857321e-06],
       [ 2.02718033e-09],
       [-4.54279083e-11]]), 1.932409825942013), (3.509611849838089e-05, array([[-1.24572120e-06],
       [-2.75595555e-09],
       [-1.96435813e-11]]), 1.9313676088918474), (3.6610142220627816e-05, array([[-1.40559079e-06],
       [-2.14274686e-10],
       [ 1.04616558e-09]]), 1.9337381256331356), (3.809449700413261e-05, array([[-1.57911186e-06],
       [-1.41657425e-09],
       [-5.68350703e-10]]), 1.9362933117449297), (4.073618850063122e-05, array([[-1.64888481e-06],
       [-6.71799957e-11],
       [ 4.55662783e-10]]), 1.9498558276025864), (4.3382561417253777e-05, array([[-1.71847470e-06],
       [ 1.28603144e-09],
       [-6.57955480e-11]]), 1.96180413614363), (4.619154791934797e-05, array([[-1.77777229e-06],
       [ 3.74935182e-10],
       [ 2.91325881e-10]]), 1.9813605252410966), (4.884545150858213e-05, array([[-1.83449761e-06],
       [-3.32920383e-09],
       [-3.10821295e-10]]), 1.9945864701691234), (5.146722699815089e-05, array([[-1.87202483e-06],
       [ 4.38531950e-09],
       [-1.00959880e-09]]), 2.0072771147430455), (5.419405489297903e-05, array([[-1.90973043e-06],
       [-4.56490631e-09],
       [ 1.91118348e-09]]), 2.024749288500039), (5.6834695711038216e-05, array([[-1.93447295e-06],
       [-7.49424102e-10],
       [ 9.29675370e-10]]), 2.0396921768644627), (5.9469284213359874e-05, array([[-1.95648835e-06],
       [ 1.76268481e-09],
       [-1.93507813e-09]]), 2.055283555391781), (6.211926374987407e-05, array([[-1.97236980e-06],
       [ 1.92940174e-09],
       [ 4.98533325e-10]]), 2.072287563017435), (6.46482350004333e-05, array([[-1.98294405e-06],
       [-4.99905298e-09],
       [-6.32655450e-10]]), 2.086278715594525), (6.719182492767245e-05, array([[-1.97233554e-06],
       [ 1.51404438e-09],
       [-9.51868893e-11]]), 2.1018920197705016), (6.96792604296854e-05, array([[-1.96758756e-06],
       [-8.95595266e-10],
       [ 1.05139861e-09]]), 2.116940346192883), (7.215030331802568e-05, array([[-1.95014749e-06],
       [ 2.33342728e-09],
       [ 3.69369358e-10]]), 2.132749613542233), (7.450801016698523e-05, array([[-1.91403757e-06],
       [ 4.34193349e-09],
       [-1.26196096e-09]]), 2.146569050126998), (7.686558298017214e-05, array([[-1.88546306e-06],
       [-4.99593426e-10],
       [ 2.09866288e-10]]), 2.1618238129365794), (7.911051116825367e-05, array([[-1.84904866e-06],
       [ 2.23903448e-09],
       [ 5.41129626e-11]]), 2.1754149004681693), (8.135365757784354e-05, array([[-1.80994309e-06],
       [ 1.45015657e-09],
       [-2.81085173e-10]]), 2.1905235586166114), (8.346508951513223e-05, array([[-1.74065611e-06],
       [-3.81406973e-10],
       [ 6.19355742e-10]]), 2.203715444043574), (8.546910918093299e-05, array([[-1.68303441e-06],
       [ 3.07212196e-09],
       [ 4.36973632e-10]]), 2.2158112042767906), (8.744905685484696e-05, array([[-1.61346225e-06],
       [-2.52031266e-09],
       [-5.34049943e-10]]), 2.229068803451995), (8.928557332228512e-05, array([[-1.53298538e-06],
       [-2.72001054e-09],
       [ 2.49440359e-10]]), 2.2405115550744967), (9.105131477083263e-05, array([[-1.44112795e-06],
       [ 3.13929364e-09],
       [ 3.09178641e-10]]), 2.2520882078440922), (9.264858129530364e-05, array([[-1.36746081e-06],
       [ 5.63463012e-09],
       [-8.55491310e-10]]), 2.2614745518395676), (9.427399479898231e-05, array([[-1.27245995e-06],
       [-1.30407398e-10],
       [ 1.19427395e-10]]), 2.2735550556366397), (9.56308532708645e-05, array([[-1.17471976e-06],
       [-3.41033039e-10],
       [-1.26354228e-10]]), 2.281219187086593), (9.698381217005631e-05, array([[-1.06267376e-06],
       [-1.45365434e-09],
       [ 2.54537061e-10]]), 2.2909084960911157), (9.81461298823543e-05, array([[-9.60203685e-07],
       [ 2.95365819e-09],
       [-3.03548650e-11]]), 2.298242514252274), (9.916389442865856e-05, array([[-8.38434546e-07],
       [-2.45190530e-09],
       [ 6.92548051e-10]]), 2.304394876033249), (0.00010001358767496446, array([[-7.39673336e-07],
       [ 6.19296827e-09],
       [-5.85705548e-10]]), 2.308885373437354), (0.00010082927960735163, array([[-6.10327219e-07],
       [ 6.42141454e-10],
       [-2.56002615e-10]]), 2.3148531424490906), (0.00010150558040141342, array([[-4.90124105e-07],
       [ 9.33844274e-10],
       [-1.06888688e-10]]), 2.3198958437181316), (0.00010201302789595207, array([[-3.85617411e-07],
       [-6.60521028e-10],
       [ 1.54673945e-10]]), 2.323380510756593), (0.00010233127667021122, array([[-2.54928531e-07],
       [ 2.72533977e-09],
       [-2.66761720e-10]]), 2.3248797284800613), (0.00010257335691930006, array([[-1.32308951e-07],
       [ 6.69050061e-09],
       [ 6.53772286e-11]]), 2.326982650793661), (0.00010265409728413562, array([[-6.30283299e-10],
       [ 9.74614120e-09],
       [ 2.28124752e-10]]), 2.327765067247178)]