[(0.00010262251423685916, array([[8.59914281e-09],
       [5.23495598e-09],
       [5.20620636e-11]]), 2.3270488959874576), (0.00010246983698534045, array([[-1.33169012e-07],
       [-4.95100486e-09],
       [-4.75257103e-10]]), 2.3246341940640556), (0.00010205143988405122, array([[-2.69492989e-07],
       [ 3.00147934e-09],
       [ 1.00139623e-09]]), 2.3185220742750516), (0.00010166266795036898, array([[-4.05651445e-07],
       [ 5.78795541e-09],
       [ 2.01929596e-10]]), 2.3154009469096333), (0.00010098702665569405, array([[-5.43604180e-07],
       [ 1.57441297e-09],
       [ 3.12753893e-10]]), 2.308044370383547), (0.00010034384457094527, array([[-6.84387820e-07],
       [-7.94409392e-10],
       [ 1.08724680e-10]]), 2.3037084548756392), (9.940706291747566e-05, array([[-8.15792652e-07],
       [-2.39359624e-09],
       [ 7.24057909e-10]]), 2.2948833145796645), (9.841572693080826e-05, array([[-9.39518196e-07],
       [-1.55176351e-09],
       [-4.87818856e-10]]), 2.2870087764009734), (9.73838648930777e-05, array([[-1.07066780e-06],
       [ 2.65904826e-09],
       [-2.02269427e-10]]), 2.280392907675005), (9.612620516536001e-05, array([[-1.19280699e-06],
       [-5.09165419e-10],
       [ 1.49167985e-10]]), 2.2706504846827684), (9.474871695516365e-05, array([[-1.29778921e-06],
       [ 3.89257034e-09],
       [ 1.57860295e-10]]), 2.260176330935316), (9.327083294685329e-05, array([[-1.40226653e-06],
       [ 6.03668075e-09],
       [-1.49788107e-10]]), 2.249362342626091), (9.171581206086015e-05, array([[-1.52844695e-06],
       [-1.34325941e-09],
       [-9.29089300e-10]]), 2.2387064332462634), (9.007864388045316e-05, array([[-1.62544087e-06],
       [-6.35423739e-09],
       [-2.85104477e-09]]), 2.228029899099729), (8.833520601664969e-05, array([[-1.72733144e-06],
       [-1.17794997e-09],
       [-1.01437899e-09]]), 2.2166632574088108), (8.65096282962178e-05, array([[-1.81862134e-06],
       [-4.94443869e-09],
       [-5.73411780e-10]]), 2.205122851735351), (8.452476152243857e-05, array([[-1.89523980e-06],
       [ 2.48435264e-10],
       [ 6.11373938e-11]]), 2.1913287199912115), (8.255248206641739e-05, array([[-1.96987963e-06],
       [ 4.07083943e-09],
       [ 1.11092152e-09]]), 2.179620015155099), (8.045325471440026e-05, array([[-2.03729446e-06],
       [ 2.94532662e-09],
       [-2.51517787e-10]]), 2.1662793667346274), (7.838808001740223e-05, array([[-2.10618609e-06],
       [-2.76662011e-09],
       [-3.04703417e-11]]), 2.1555491776088864), (7.623060637021304e-05, array([[-2.14803597e-06],
       [-9.36634262e-10],
       [ 1.02775912e-09]]), 2.143965266850726), (7.397290367038207e-05, array([[-2.20498459e-06],
       [ 3.31457127e-09],
       [ 7.18174954e-10]]), 2.1311526802419882), (7.180331310194936e-05, array([[-2.24333942e-06],
       [ 2.99037323e-09],
       [-3.24564648e-10]]), 2.122492646970966), (6.944407745241945e-05, array([[-2.26032969e-06],
       [-2.49461243e-10],
       [-1.23373095e-10]]), 2.1097952024264015), (6.704297573029535e-05, array([[-2.27939389e-06],
       [-4.69223595e-09],
       [-2.23103599e-09]]), 2.0972357250433835), (6.469259180671398e-05, array([[-2.29666094e-06],
       [-8.71432509e-10],
       [-6.42305719e-10]]), 2.0877101647413494), (6.220620163811662e-05, array([[-2.29965195e-06],
       [-2.49274626e-09],
       [-6.65396078e-10]]), 2.07518779546844), (5.981814624200001e-05, array([[-2.29289471e-06],
       [-2.96873810e-09],
       [-1.12083847e-09]]), 2.0673403743034107), (5.734622527762413e-05, array([[-2.28113498e-06],
       [ 5.37576915e-09],
       [-2.22351555e-10]]), 2.058050027507402), (5.493160445775329e-05, array([[-2.25814675e-06],
       [-5.04870540e-10],
       [-1.49318334e-09]]), 2.0523049486081315), (5.247692418871551e-05, array([[-2.23302614e-06],
       [ 1.89574633e-09],
       [-3.38226890e-11]]), 2.046656389315456), (4.998582604122463e-05, array([[-2.20364359e-06],
       [ 2.51589458e-09],
       [ 8.37632174e-10]]), 2.041153254659476), (4.745352374791343e-05, array([[-2.15319315e-06],
       [-2.50824504e-09],
       [-5.53970802e-10]]), 2.0354922701848657), (4.4994432606120844e-05, array([[-2.10030442e-06],
       [ 5.98459055e-11],
       [ 5.37573072e-10]]), 2.034694612453599), (4.248114502329735e-05, array([[-2.04102631e-06],
       [-2.76375402e-09],
       [-1.16651700e-09]]), 2.0333789496683847), (4.0069782339064034e-05, array([[-1.96841303e-06],
       [ 2.28481274e-09],
       [ 4.17796384e-10]]), 2.036694474212061), (3.859493302338674e-05, array([[-1.77752381e-06],
       [ 3.29279615e-09],
       [-1.04807241e-09]]), 2.0385742561122555), (3.702694604523662e-05, array([[-1.58230648e-06],
       [ 2.19430262e-09],
       [-1.51526554e-11]]), 2.0376226006660882), (3.5543525793006365e-05, array([[-1.39927546e-06],
       [-2.16954687e-10],
       [-4.27533863e-10]]), 2.0435925117050973), (3.397681125120898e-05, array([[-1.22074484e-06],
       [-1.08660653e-10],
       [ 4.88182091e-10]]), 2.0472667367407356), (3.251316053465816e-05, array([[-1.05996073e-06],
       [-2.33609160e-09],
       [ 6.53655761e-11]]), 2.0600133856617213), (3.0966290402953734e-05, array([[-9.00423596e-07],
       [ 4.04749024e-09],
       [ 4.55716678e-11]]), 2.070784109569738), (2.9345349605359732e-05, array([[-7.51205262e-07],
       [ 6.53924723e-10],
       [ 7.32511677e-11]]), 2.0797923443187054), (2.7772375204846926e-05, array([[-6.14617832e-07],
       [ 1.98436374e-09],
       [ 2.41952061e-10]]), 2.0958074781352596), (2.6201255029371358e-05, array([[-4.86438620e-07],
       [ 4.98746606e-09],
       [-2.01024802e-10]]), 2.116469383801493), (2.456232051225904e-05, array([[-3.70345787e-07],
       [-3.68387575e-09],
       [ 7.80547081e-11]]), 2.1366830708590796), (2.2968583671542638e-05, array([[-2.66867056e-07],
       [ 8.34797716e-10],
       [ 1.39775923e-11]]), 2.166888282821056), (2.129702230035584e-05, array([[-1.75306783e-07],
       [ 1.00074525e-10],
       [ 1.58617366e-10]]), 2.197066375368226), (1.968535740499808e-05, array([[-9.53395256e-08],
       [-1.27605488e-09],
       [-6.07956483e-11]]), 2.2427781766096504), (1.8028698572044416e-05, array([[-2.84774707e-08],
       [ 7.34153787e-10],
       [ 3.08965007e-11]]), 2.2960026581057393), (1.7876923753485878e-05, array([[-1.58837867e-08],
       [-3.77230573e-09],
       [-2.89107079e-12]]), 2.2766737317580428), (1.9362256541035192e-05, array([[-5.89085711e-08],
       [-2.91821920e-10],
       [-5.57520803e-11]]), 2.2059668781591744), (2.0751186185188515e-05, array([[-1.13646106e-07],
       [ 2.79492326e-10],
       [ 1.33910451e-10]]), 2.140756241576625), (2.2144689010570732e-05, array([[-1.81569163e-07],
       [-2.27576392e-10],
       [-1.65955570e-11]]), 2.089160909088791), (2.3567199777145944e-05, array([[-2.58140557e-07],
       [-2.62997329e-10],
       [ 2.24006594e-10]]), 2.0501172422308045), (2.499371193121816e-05, array([[-3.44045842e-07],
       [ 1.65894953e-09],
       [-8.03889130e-11]]), 2.0189271861473337), (2.6350927024896727e-05, array([[-4.43436259e-07],
       [-2.13217228e-10],
       [ 9.08772843e-11]]), 1.9885396732266813), (2.7767595797922463e-05, array([[-5.53715037e-07],
       [-2.93207581e-10],
       [-5.56039944e-10]]), 1.967972231965082), (2.9252539674497105e-05, array([[-6.71982549e-07],
       [-2.38468664e-09],
       [-5.74292226e-11]]), 1.9561818201100674), (3.066490728496367e-05, array([[-8.04361617e-07],
       [ 3.04643520e-09],
       [ 7.12382810e-11]]), 1.9429092231671274), (3.213715658825422e-05, array([[-9.39500028e-07],
       [ 1.90669794e-09],
       [ 2.55355179e-10]]), 1.9364186712553897), (3.3580569344352656e-05, array([[-1.08938283e-06],
       [-4.51219838e-10],
       [ 4.79243234e-10]]), 1.9307313644279975), (3.506696322985175e-05, array([[-1.24311335e-06],
       [ 1.91913013e-09],
       [-1.36106591e-09]]), 1.9297631710316228), (3.65789594141581e-05, array([[-1.40697784e-06],
       [ 5.91813787e-09],
       [-1.10632271e-09]]), 1.9320910579607038), (3.812525676450181e-05, array([[-1.57412644e-06],
       [-3.27980927e-09],
       [-4.52125976e-10]]), 1.937856790014962), (4.075151745066197e-05, array([[-1.64999363e-06],
       [-5.67740061e-09],
       [-3.45741779e-10]]), 1.9505895546312706), (4.345502863258639e-05, array([[-1.71260278e-06],
       [ 8.56045171e-10],
       [ 3.12110316e-10]]), 1.965081178303658), (4.6151310126226734e-05, array([[-1.77407770e-06],
       [ 1.24732808e-09],
       [-1.71703813e-11]]), 1.9796345476866655), (4.882165289568884e-05, array([[-1.82495463e-06],
       [-2.53961040e-09],
       [-1.39199281e-09]]), 1.993614662358576), (5.1512967841485447e-05, array([[-1.87314812e-06],
       [ 1.23362321e-09],
       [-6.58839077e-10]]), 2.009061056746329), (5.417193234302001e-05, array([[-1.90827821e-06],
       [-5.17634955e-09],
       [-6.52437417e-10]]), 2.0239227657868413), (5.680167064001409e-05, array([[-1.93754372e-06],
       [-4.61043366e-09],
       [-2.73305782e-10]]), 2.03850696810834), (5.946045547318606e-05, array([[-1.95589068e-06],
       [-1.52618824e-09],
       [-1.02476548e-09]]), 2.0549784304061003), (6.208540069621133e-05, array([[-1.97828844e-06],
       [-1.44336375e-09],
       [-4.29228487e-10]]), 2.071157897584927), (6.463399416098342e-05, array([[-1.97255685e-06],
       [-7.85848478e-10],
       [ 1.73048404e-09]]), 2.0858191460450044), (6.724058271010032e-05, array([[-1.97368327e-06],
       [ 1.22820595e-09],
       [-1.14805139e-09]]), 2.103417258799166), (6.971363028027464e-05, array([[-1.96634911e-06],
       [ 7.77389524e-09],
       [-9.67670481e-10]]), 2.1179845438918297), (7.210540710814363e-05, array([[-1.95362340e-06],
       [-1.56337306e-10],
       [-4.01632595e-11]]), 2.1314224898868632), (7.45367980388922e-05, array([[-1.91613322e-06],
       [ 4.15313353e-09],
       [ 1.14723553e-10]]), 2.147398426119137), (7.68317193511925e-05, array([[-1.87275431e-06],
       [ 2.56309452e-09],
       [-7.44021088e-10]]), 2.160871407494738), (7.912607756132753e-05, array([[-1.83421670e-06],
       [-2.11366566e-09],
       [ 2.30274949e-09]]), 2.17584295184768), (8.137212520100986e-05, array([[-1.80377017e-06],
       [-4.09507111e-09],
       [-9.12518891e-10]]), 2.191020816697218), (8.340419716376047e-05, array([[-1.74475689e-06],
       [-3.16547267e-09],
       [ 2.02779146e-09]]), 2.2021077130039064), (8.548696490136369e-05, array([[-1.68667999e-06],
       [ 4.31570309e-09],
       [ 7.98919086e-11]]), 2.2162741189575437), (8.741969882347123e-05, array([[-1.61194498e-06],
       [ 4.96447629e-09],
       [-3.63332495e-10]]), 2.2283204698023935), (8.93101819834077e-05, array([[-1.52466034e-06],
       [-6.25156428e-10],
       [-5.51503527e-11]]), 2.241129079132958), (9.105685869004574e-05, array([[-1.45719934e-06],
       [-1.76612058e-10],
       [ 1.48442213e-09]]), 2.252225332663393), (9.270495794242189e-05, array([[-1.36045710e-06],
       [ 2.06187569e-09],
       [-3.34463065e-10]]), 2.2628506587479893), (9.425204489744209e-05, array([[-1.27139978e-06],
       [ 1.50158730e-10],
       [ 5.57394004e-10]]), 2.2730257017069175), (9.572210427706272e-05, array([[-1.17309974e-06],
       [-2.10313678e-09],
       [ 8.86268083e-10]]), 2.2833959275323856), (9.696020420455861e-05, array([[-1.08116286e-06],
       [ 3.39938810e-10],
       [-2.01750229e-10]]), 2.290350839225254), (9.819507791099785e-05, array([[-9.49859169e-07],
       [-3.53032021e-09],
       [-1.22068730e-10]]), 2.299388707592269), (9.916599743888843e-05, array([[-8.39070901e-07],
       [ 1.15258805e-09],
       [ 1.59822923e-11]]), 2.304443746300253), (0.00010013096148005954, array([[-7.45058267e-07],
       [ 6.17137554e-10],
       [ 5.43061117e-10]]), 2.31159503187586), (0.00010088336160660935, array([[-5.95487923e-07],
       [ 1.42957273e-09],
       [ 2.07569238e-10]]), 2.316094764787554), (0.00010148591558650687, array([[-5.08242108e-07],
       [-6.84363317e-09],
       [ 1.68403279e-10]]), 2.319446407123722), (0.00010194371945492933, array([[-3.79089195e-07],
       [-1.53334006e-09],
       [ 7.31655077e-10]]), 2.321801988048029), (0.00010239105695512709, array([[-2.49114591e-07],
       [ 1.86588916e-09],
       [ 3.47254132e-10]]), 2.326237885800932), (0.00010258992860989772, array([[-1.18870609e-07],
       [-6.88087556e-09],
       [ 1.54652689e-10]]), 2.3273585967280948), (0.00010258979355315849, array([[ 4.67721475e-10],
       [-5.02853078e-09],
       [ 5.59320188e-10]]), 2.326306927897436)]