[(0.00010268763926619152, array([[-1.05292397e-08],
       [ 3.04857306e-09],
       [-3.53744400e-10]]), 2.3285256589447485), (0.00010241813388897808, array([[-1.41141711e-07],
       [-2.89400539e-09],
       [ 5.71171374e-10]]), 2.3234612558680072), (0.00010212802538136733, array([[-2.78549944e-07],
       [ 3.24152534e-09],
       [-4.56514604e-10]]), 2.3202620317543237), (0.00010162170621504964, array([[-4.20508262e-07],
       [-8.88169627e-10],
       [ 7.86706878e-11]]), 2.3144680298157025), (0.00010100184522376712, array([[-5.35825668e-07],
       [-1.66955085e-09],
       [ 6.92934697e-10]]), 2.3083830466843636), (0.00010028216329317809, array([[-6.88769128e-07],
       [-5.05752885e-09],
       [-2.24439819e-10]]), 2.302292367205216), (9.941483954039503e-05, array([[-7.96140466e-07],
       [ 1.67168322e-09],
       [-3.59537318e-10]]), 2.295062843494992), (9.845020166250724e-05, array([[-9.51136464e-07],
       [ 3.73744152e-09],
       [-3.93902700e-10]]), 2.2878099086632497), (9.72495821565041e-05, array([[-1.06166336e-06],
       [-1.29329855e-09],
       [-8.34838822e-10]]), 2.277248470961163), (9.608002093507914e-05, array([[-1.18757411e-06],
       [-3.61452889e-10],
       [ 1.13755139e-09]]), 2.2695595413266716), (9.468395174590067e-05, array([[-1.30896579e-06],
       [ 2.73760956e-10],
       [ 2.32133930e-10]]), 2.2586313939931775), (9.32929931606337e-05, array([[-1.42436586e-06],
       [-5.34320786e-09],
       [-1.01946750e-09]]), 2.249896768542611), (9.168748455738826e-05, array([[-1.53535853e-06],
       [ 1.90666597e-10],
       [ 5.80011600e-10]]), 2.2380149825265314), (9.008124111739431e-05, array([[-1.62453222e-06],
       [ 4.65429576e-09],
       [ 1.61683321e-09]]), 2.2280941398710223), (8.83266861313429e-05, array([[-1.72805031e-06],
       [-4.58286298e-10],
       [ 6.18660353e-10]]), 2.2164494613747205), (8.649712948852325e-05, array([[-1.81542468e-06],
       [ 1.02316374e-10],
       [ 7.49264688e-10]]), 2.204804258221432), (8.458966759263177e-05, array([[-1.88793471e-06],
       [-8.30418361e-10],
       [-4.27386846e-10]]), 2.193011428503538), (8.252672189470122e-05, array([[-1.97222767e-06],
       [ 1.94831355e-09],
       [ 7.68317493e-11]]), 2.1789398734505623), (8.053565047116192e-05, array([[-2.03556823e-06],
       [ 9.58373419e-10],
       [ 2.51888073e-10]]), 2.168497949791495), (7.843573789530053e-05, array([[-2.09150696e-06],
       [-1.98929323e-09],
       [-6.21657552e-10]]), 2.156859694456441), (7.618828160448436e-05, array([[-2.14441711e-06],
       [-2.09195573e-09],
       [-8.79937913e-10]]), 2.142774894217335), (7.396588514718305e-05, array([[-2.19573307e-06],
       [ 2.16010200e-09],
       [-2.12633526e-10]]), 2.1309504772218992), (7.17071040267652e-05, array([[-2.23328749e-06],
       [ 6.82433671e-10],
       [ 2.09957794e-09]]), 2.1196487245135116), (6.939279733396735e-05, array([[-2.26454703e-06],
       [-2.60225940e-10],
       [-1.21890631e-09]]), 2.1082372503034983), (6.707075861770778e-05, array([[-2.28340397e-06],
       [-1.40285383e-09],
       [ 4.13096280e-10]]), 2.098104828232666), (6.464827561069625e-05, array([[-2.28978084e-06],
       [ 2.59060127e-09],
       [-2.55129763e-11]]), 2.0862800261380716), (6.229149163533839e-05, array([[-2.30087668e-06],
       [-1.17523133e-09],
       [ 6.25965484e-11]]), 2.0780330545688073), (5.983049977904435e-05, array([[-2.30104768e-06],
       [ 2.66293551e-09],
       [ 1.20285267e-09]]), 2.06776731775622), (5.737701079456036e-05, array([[-2.28104013e-06],
       [-3.84551933e-10],
       [-7.25345368e-10]]), 2.059154862806861), (5.489281509643304e-05, array([[-2.26035933e-06],
       [-4.19131972e-10],
       [ 1.15160875e-09]]), 2.0508557355553405), (5.244452568994256e-05, array([[-2.23717789e-06],
       [-6.14511263e-10],
       [-4.68712619e-10]]), 2.0453928130761274), (5.0014028935123055e-05, array([[-2.19530945e-06],
       [-1.92765079e-09],
       [-7.89056261e-11]]), 2.04230490970313), (4.7494310005242617e-05, array([[-2.14945016e-06],
       [-7.36601522e-09],
       [-7.42579384e-10]]), 2.0372417738036983), (4.50200965856806e-05, array([[-2.10528955e-06],
       [ 8.83368634e-11],
       [ 2.53370278e-10]]), 2.0358551640578715), (4.251219313458145e-05, array([[-2.03980887e-06],
       [-1.55060326e-09],
       [ 9.15605654e-10]]), 2.034865081359925), (4.005612193457927e-05, array([[-1.97173159e-06],
       [ 1.29543820e-09],
       [ 2.13429118e-09]]), 2.036000133771322), (3.8539022778041224e-05, array([[-1.77368661e-06],
       [-7.98514249e-10],
       [ 1.06935823e-10]]), 2.035621091593348), (3.709253574217005e-05, array([[-1.58430372e-06],
       [ 3.48417305e-09],
       [ 4.81426297e-10]]), 2.0412320544049707), (3.5553478593075615e-05, array([[-1.40282165e-06],
       [-2.77190067e-09],
       [ 2.72606304e-12]]), 2.0441647528443263), (3.4016234034781214e-05, array([[-1.22609821e-06],
       [-2.63296202e-09],
       [ 4.00039217e-10]]), 2.04964214957393), (3.245962496714926e-05, array([[-1.05780521e-06],
       [-1.96080398e-10],
       [-7.37829341e-10]]), 2.0566214058029875), (3.0962043722682693e-05, array([[-9.01485125e-07],
       [ 1.08595166e-09],
       [-4.17406395e-10]]), 2.070500124697502), (2.938355383894562e-05, array([[-7.52657135e-07],
       [-5.29650102e-11],
       [-4.12695396e-10]]), 2.082499992160733), (2.7787046848183376e-05, array([[-6.14023929e-07],
       [ 4.01881818e-09],
       [ 8.30254933e-11]]), 2.096914655306613), (2.619881913831096e-05, array([[-4.87185809e-07],
       [-3.85182675e-11],
       [-2.63740879e-11]]), 2.116272618843256), (2.4608436050179426e-05, array([[-3.71451831e-07],
       [-2.20538387e-09],
       [ 1.07369912e-10]]), 2.1406946742875452), (2.2957965563400648e-05, array([[-2.67395863e-07],
       [-9.19508871e-10],
       [ 2.81408376e-10]]), 2.165886555659833), (2.1336032306967093e-05, array([[-1.75679556e-07],
       [-3.40943097e-10],
       [ 4.70581785e-12]]), 2.2010907677278584), (1.9721093987113387e-05, array([[-9.51817333e-08],
       [ 2.87683616e-09],
       [-8.58750067e-12]]), 2.246849691534469), (1.8067284488459613e-05, array([[-2.86062508e-08],
       [ 1.04379875e-09],
       [-9.35019443e-11]]), 2.300916677068379), (1.7897940729566855e-05, array([[-1.63863220e-08],
       [ 2.97576243e-09],
       [-1.57315523e-11]]), 2.2793502994955555), (1.9329623784014433e-05, array([[-5.92551390e-08],
       [ 3.25853761e-09],
       [ 1.57672245e-10]]), 2.2022489860334167), (2.0734817056686003e-05, array([[-1.12354917e-07],
       [-7.75139702e-10],
       [ 2.15726333e-11]]), 2.1390675518941076), (2.2154396242708802e-05, array([[-1.79273535e-07],
       [-8.13059707e-10],
       [-1.45740224e-10]]), 2.090076702934829), (2.3567215974887093e-05, array([[-2.55588496e-07],
       [-9.13836007e-10],
       [-3.83378060e-10]]), 2.0501186512767977), (2.499406643021577e-05, array([[-3.46836629e-07],
       [-5.00848750e-10],
       [ 3.61622695e-11]]), 2.018955821656365), (2.6364295473167018e-05, array([[-4.45568939e-07],
       [ 1.68266361e-10],
       [-2.05883619e-10]]), 1.9895485064161111), (2.7807491795154225e-05, array([[-5.55616206e-07],
       [-3.03326614e-09],
       [-2.02080724e-10]]), 1.9707997801363408), (2.9247795519246116e-05, array([[-6.75304028e-07],
       [ 1.88639160e-10],
       [-5.59445821e-10]]), 1.9558645679891566), (3.066323686287928e-05, array([[-8.04925987e-07],
       [ 3.09368655e-09],
       [ 4.17858223e-10]]), 1.942803386275329), (3.2144913745047104e-05, array([[-9.39511903e-07],
       [ 2.33852554e-09],
       [ 4.61255737e-10]]), 1.9368860773623469), (3.359410377306846e-05, array([[-1.08401106e-06],
       [-7.29861986e-10],
       [ 2.81726185e-10]]), 1.931509533069311), (3.5105622825314655e-05, array([[-1.24549176e-06],
       [ 3.17559414e-09],
       [-4.96507626e-11]]), 1.9318906396419582), (3.6585723979504686e-05, array([[-1.40068034e-06],
       [-4.06018381e-10],
       [-3.00376821e-10]]), 1.9324483605309917), (3.812551971177701e-05, array([[-1.57538369e-06],
       [ 1.23764875e-09],
       [-6.58231509e-10]]), 1.9378701552800357), (4.076197961128798e-05, array([[-1.64835888e-06],
       [ 1.60156473e-09],
       [ 5.92423438e-10]]), 1.9510903306149054), (4.3486128594553805e-05, array([[-1.71899225e-06],
       [ 2.84806208e-09],
       [-7.46663549e-10]]), 1.966487550634576), (4.616748529936227e-05, array([[-1.77978384e-06],
       [ 1.19274734e-09],
       [-6.35254322e-10]]), 1.9803283726607852), (4.8832476382197046e-05, array([[-1.81762339e-06],
       [ 4.02416646e-09],
       [-8.66052766e-10]]), 1.9940566355430298), (5.148311744950089e-05, array([[-1.87074212e-06],
       [-1.19190090e-09],
       [ 7.21692627e-10]]), 2.0078968594077224), (5.421691828530001e-05, array([[-1.90636511e-06],
       [ 1.10824538e-09],
       [-5.02278032e-10]]), 2.025603489895857), (5.6850355211813325e-05, array([[-1.93685772e-06],
       [-2.19794066e-09],
       [ 8.85489421e-10]]), 2.0402541674025487), (5.9492366930900275e-05, array([[-1.95734036e-06],
       [ 1.51865480e-09],
       [-2.70453630e-10]]), 2.0560813038496963), (6.207096767446303e-05, array([[-1.97741978e-06],
       [-2.47524687e-09],
       [-7.27354945e-11]]), 2.0706764145527683), (6.465402599952291e-05, array([[-1.97845338e-06],
       [ 6.44700869e-10],
       [ 4.03447290e-10]]), 2.086465598316731), (6.717637874847455e-05, array([[-1.98003058e-06],
       [ 4.95649477e-09],
       [-1.74545152e-09]]), 2.1014088330014724), (6.970613942817171e-05, array([[-1.97429668e-06],
       [ 5.70750491e-10],
       [-6.71409427e-10]]), 2.1177569627299997), (7.216618129867274e-05, array([[-1.94453248e-06],
       [ 1.30172196e-09],
       [ 6.01231821e-10]]), 2.1332189637116925), (7.452158091669855e-05, array([[-1.91963439e-06],
       [ 6.87204271e-10],
       [ 3.58494866e-10]]), 2.1469600222017635), (7.690814255889559e-05, array([[-1.88480878e-06],
       [-7.97929323e-09],
       [-4.09610090e-10]]), 2.1630207896221867), (7.91466968985119e-05, array([[-1.85431319e-06],
       [ 3.08235390e-09],
       [-7.66898472e-10]]), 2.1764099512601005), (8.135102796679369e-05, array([[-1.80113349e-06],
       [ 1.84786575e-09],
       [ 4.51912577e-12]]), 2.1904527538719174), (8.349267094015496e-05, array([[-1.73740681e-06],
       [ 4.95936102e-09],
       [-5.93077971e-10]]), 2.2044436720086362), (8.54599868162293e-05, array([[-1.67313224e-06],
       [ 4.23804676e-09],
       [ 7.41028617e-10]]), 2.215574704351687), (8.741182419093738e-05, array([[-1.61292245e-06],
       [-2.71017117e-09],
       [-6.58753683e-10]]), 2.2281197461084945), (8.93256998214365e-05, array([[-1.53166627e-06],
       [-2.32519954e-09],
       [-1.11063494e-09]]), 2.2415184801763695), (9.101992533662523e-05, array([[-1.45102496e-06],
       [ 8.29094864e-09],
       [ 4.60099048e-10]]), 2.2513118129638277), (9.266342257958057e-05, array([[-1.36590889e-06],
       [-2.14204826e-10],
       [-5.78341462e-10]]), 2.261836815203341), (9.421168178377462e-05, array([[-1.26876244e-06],
       [ 1.39834842e-10],
       [ 3.79079665e-10]]), 2.2720522862773964), (9.570756638382538e-05, array([[-1.15491237e-06],
       [-9.22984220e-09],
       [-4.42472907e-10]]), 2.283049134422646), (9.692315101430713e-05, array([[-1.06917147e-06],
       [ 1.96860399e-09],
       [-4.07751050e-10]]), 2.289475585237449), (9.817278993316083e-05, array([[-9.49761452e-07],
       [ 4.56644564e-09],
       [ 9.63700117e-11]]), 2.2988668003272235), (9.917855528527108e-05, array([[-8.46710773e-07],
       [-6.08276014e-10],
       [ 1.30279018e-10]]), 2.3047355686114375), (0.00010007129819422185, array([[-7.32689514e-07],
       [ 2.06424724e-09],
       [-5.57938024e-11]]), 2.310217662148363), (0.00010083464066167656, array([[-6.07541724e-07],
       [ 5.93812594e-09],
       [ 2.18942057e-10]]), 2.3149762223074335), (0.00010153487507244352, array([[-4.91498364e-07],
       [-3.66743950e-09],
       [ 4.23563011e-10]]), 2.3205653693274337), (0.00010198275764774534, array([[-3.78546156e-07],
       [ 7.38020127e-10],
       [-2.54933958e-11]]), 2.32269109582411), (0.0001023879723434812, array([[-2.51305441e-07],
       [-1.09834705e-10],
       [-1.97367851e-10]]), 2.326167806043119), (0.00010250555251682942, array([[-1.17536776e-07],
       [-1.00657170e-09],
       [ 2.07634590e-10]]), 2.3254444378216435), (0.000102648832053625, array([[-3.67277712e-09],
       [ 8.78808973e-10],
       [-3.35960182e-11]]), 2.3276456738670994)]