[(0.00010259094353919311, array([[ 9.98526802e-10],
       [-1.32995665e-09],
       [-4.13640911e-10]]), 2.326333004765189), (0.00010245324935522786, array([[-1.46089256e-07],
       [ 3.75224718e-09],
       [ 4.76658731e-12]]), 2.3242578865252455), (0.00010213714649649571, array([[-2.90902214e-07],
       [ 2.12710378e-10],
       [ 1.23194698e-10]]), 2.3204692557463726), (0.00010157953198837208, array([[-4.02044030e-07],
       [ 3.22636206e-09],
       [-1.00172982e-10]]), 2.313507497829349), (0.00010101331510551445, array([[-5.52513147e-07],
       [-1.62787429e-09],
       [ 4.13636985e-10]]), 2.3086451892275455), (0.00010028115925917979, array([[-6.93821921e-07],
       [ 1.09657025e-09],
       [ 1.69219208e-10]]), 2.3022693164478847), (9.944143132814875e-05, array([[-8.15141935e-07],
       [-1.38238910e-09],
       [-2.12446938e-10]]), 2.295676733979529), (9.846391796484244e-05, array([[-9.54868794e-07],
       [-2.66613762e-09],
       [-3.75867206e-10]]), 2.288128651457706), (9.734402358400386e-05, array([[-1.05832808e-06],
       [ 1.21722855e-09],
       [-6.07787603e-10]]), 2.279459962173774), (9.610228098953394e-05, array([[-1.17718416e-06],
       [ 3.09846430e-09],
       [ 9.86588842e-11]]), 2.2700853584371035), (9.47790440937084e-05, array([[-1.30006683e-06],
       [ 7.11486938e-09],
       [ 6.42897176e-10]]), 2.260899767441124), (9.321372652704747e-05, array([[-1.42893673e-06],
       [-1.01491425e-09],
       [-1.12667392e-10]]), 2.247985137918306), (9.170603254271205e-05, array([[-1.53199651e-06],
       [ 6.40954865e-09],
       [-7.51937991e-10]]), 2.238467723369523), (9.004970707052082e-05, array([[-1.62107052e-06],
       [ 4.51707422e-09],
       [-3.19181214e-10]]), 2.2273141681013873), (8.828240444727216e-05, array([[-1.71650107e-06],
       [-3.89226338e-09],
       [ 2.69255130e-11]]), 2.2153382670221844), (8.644808496647241e-05, array([[-1.81727041e-06],
       [-1.89404883e-09],
       [-1.31983451e-09]]), 2.2035541176479874), (8.456243504370777e-05, array([[-1.90012009e-06],
       [-2.21581836e-10],
       [-9.33900559e-10]]), 2.192305416850847), (8.257653981953214e-05, array([[-1.96950271e-06],
       [ 4.26528255e-09],
       [ 2.01969148e-09]]), 2.180255208172874), (8.054730091639297e-05, array([[-2.03490326e-06],
       [-5.69937301e-09],
       [-1.88443719e-09]]), 2.1688116489601232), (7.841933566936437e-05, array([[-2.10504815e-06],
       [-4.45394617e-10],
       [ 1.72102644e-10]]), 2.1564086589849794), (7.623041408840534e-05, array([[-2.15419960e-06],
       [ 1.60350357e-09],
       [ 9.42840061e-10]]), 2.1439598589766873), (7.399162280106715e-05, array([[-2.20345668e-06],
       [-5.83586264e-10],
       [ 2.43559413e-10]]), 2.131691976708017), (7.173523538488837e-05, array([[-2.23623265e-06],
       [ 8.85654166e-10],
       [ 1.73534270e-10]]), 2.1204802822534865), (6.937702403091454e-05, array([[-2.27443210e-06],
       [-3.69220474e-09],
       [-1.48182784e-09]]), 2.107758038247869), (6.704967460267193e-05, array([[-2.27967618e-06],
       [-6.52843009e-10],
       [-5.81273731e-10]]), 2.0974452789051066), (6.470294441704657e-05, array([[-2.29433391e-06],
       [-1.50242470e-09],
       [-5.23622189e-10]]), 2.0880442563153507), (6.228685362481148e-05, array([[-2.31160719e-06],
       [-4.76870716e-10],
       [-1.45750003e-09]]), 2.077878331364573), (5.9900797234760886e-05, array([[-2.29782987e-06],
       [ 1.74112230e-09],
       [-6.10079348e-10]]), 2.0701968274876927), (5.740603431820698e-05, array([[-2.28483201e-06],
       [ 4.29469300e-09],
       [ 2.03800107e-10]]), 2.0601964634239915), (5.4949907619150286e-05, array([[-2.25929538e-06],
       [ 6.20669656e-09],
       [ 9.40833935e-10]]), 2.0529887747785303), (5.2449858498285914e-05, array([[-2.23310694e-06],
       [ 1.38872026e-09],
       [ 1.41669048e-10]]), 2.045600798327505), (4.9976691750180206e-05, array([[-2.19489857e-06],
       [-7.07031411e-10],
       [ 5.64026550e-10]]), 2.040780259165134), (4.751452027394389e-05, array([[-2.15500701e-06],
       [ 2.29724143e-09],
       [ 5.05778554e-11]]), 2.038108681937609), (4.5036441425850985e-05, array([[-2.10900990e-06],
       [ 2.63844563e-09],
       [ 9.60447289e-10]]), 2.036594294574912), (4.2479349756461794e-05, array([[-2.03793841e-06],
       [ 2.35105878e-09],
       [-2.52121436e-11]]), 2.033293018420758), (4.0079416914546994e-05, array([[-1.97035125e-06],
       [-3.08750537e-09],
       [-2.34590976e-11]]), 2.0371841870455745), (3.853627617183273e-05, array([[-1.77214934e-06],
       [ 3.75463452e-09],
       [ 6.07140104e-11]]), 2.035476016572621), (3.7094071194701435e-05, array([[-1.58431159e-06],
       [-5.42819562e-09],
       [ 2.53171463e-10]]), 2.0413165515918674), (3.5561304187517616e-05, array([[-1.40388906e-06],
       [ 7.06358049e-10],
       [ 3.28534736e-10]]), 2.0446146892489043), (3.4027872465722794e-05, array([[-1.22387345e-06],
       [ 8.25131765e-11],
       [-1.39932927e-10]]), 2.05034342116644), (3.248545435708746e-05, array([[-1.05727303e-06],
       [-2.25592005e-09],
       [-2.92471762e-10]]), 2.0582579396908405), (3.092365966962388e-05, array([[-8.99291116e-07],
       [ 2.00513765e-09],
       [ 8.19374978e-11]]), 2.067933298445447), (2.9372960495958816e-05, array([[-7.54344296e-07],
       [-1.73555126e-09],
       [-3.21840568e-10]]), 2.081749210386415), (2.7802475370291988e-05, array([[-6.14618161e-07],
       [ 1.42804875e-10],
       [-3.41578215e-10]]), 2.0980789493856498), (2.621979891162636e-05, array([[-4.87802112e-07],
       [ 6.08774993e-10],
       [-1.42290658e-10]]), 2.117967310484987), (2.4574002652129532e-05, array([[-3.71561631e-07],
       [ 6.78916539e-10],
       [ 7.24472853e-12]]), 2.1376993034450944), (2.2980013295182077e-05, array([[-2.66849530e-07],
       [-1.35408521e-09],
       [-6.58813713e-11]]), 2.1679665694884243), (2.1346254546235176e-05, array([[-1.75109889e-07],
       [ 1.40175912e-09],
       [-3.51259826e-11]]), 2.202145325396068), (1.969603997364616e-05, array([[-9.60189619e-08],
       [ 9.33033077e-10],
       [-3.41753441e-11]]), 2.243995255443483), (1.8021001650328788e-05, array([[-2.84010161e-08],
       [-2.99349802e-09],
       [ 1.28461363e-10]]), 2.295022434677648), (1.7906671897483622e-05, array([[-1.64604572e-08],
       [-8.41659217e-10],
       [ 5.63879634e-11]]), 2.2804622369249357), (1.9338445852598585e-05, array([[-5.77001055e-08],
       [-1.11751555e-09],
       [ 1.94507797e-10]]), 2.203254095693659), (2.076515554601843e-05, array([[-1.12246004e-07],
       [-6.66942561e-10],
       [ 2.68808870e-11]]), 2.142197363839256), (2.212865485323974e-05, array([[-1.78284564e-07],
       [ 3.28114706e-09],
       [-1.04003247e-10]]), 2.0876482242779955), (2.351098526161565e-05, array([[-2.55045566e-07],
       [ 3.37285565e-09],
       [-3.47769342e-10]]), 2.045227125940279), (2.49796437659482e-05, array([[-3.44358039e-07],
       [ 1.99105510e-09],
       [-3.77868750e-10]]), 2.0177907962665147), (2.636421431673756e-05, array([[-4.46153827e-07],
       [-5.09364780e-10],
       [ 1.33656859e-10]]), 1.9895423820479035), (2.780720062757741e-05, array([[-5.51799194e-07],
       [-2.22772865e-11],
       [-7.32662152e-10]]), 1.9707791442228035), (2.9233197547310358e-05, array([[-6.74252090e-07],
       [-8.04231488e-10],
       [-4.22429701e-10]]), 1.9548883694221615), (3.066324366320133e-05, array([[-8.04650159e-07],
       [-5.23235791e-10],
       [ 5.69417458e-10]]), 1.9428038171394533), (3.209814868448605e-05, array([[-9.37994668e-07],
       [-9.34575074e-10],
       [-1.67177443e-10]]), 1.9340682569312169), (3.360334485566804e-05, array([[-1.09011567e-06],
       [ 2.62217977e-10],
       [ 1.36297204e-10]]), 1.9320408536622802), (3.503718767191766e-05, array([[-1.24534889e-06],
       [ 1.33291093e-09],
       [-7.19503757e-10]]), 1.9281245981468969), (3.6573103824057353e-05, array([[-1.40613515e-06],
       [ 3.51467405e-10],
       [-1.14972625e-10]]), 1.9317817672248838), (3.812979618749742e-05, array([[-1.57434474e-06],
       [ 9.98109423e-10],
       [ 4.66605806e-10]]), 1.9380875229311785), (4.076023540359887e-05, array([[-1.65432408e-06],
       [ 6.32325997e-10],
       [ 3.91598488e-11]]), 1.9510068433360916), (4.341564298338045e-05, array([[-1.70972667e-06],
       [-5.35757297e-10],
       [-7.60785586e-10]]), 1.963300118656816), (4.6152226856122776e-05, array([[-1.77282499e-06],
       [ 3.11069057e-09],
       [ 1.30241965e-09]]), 1.9796738703010863), (4.880098426229095e-05, array([[-1.82385189e-06],
       [ 4.38319186e-09],
       [ 3.25389771e-10]]), 1.9927706661366336), (5.1444617356090515e-05, array([[-1.86638138e-06],
       [ 3.60901148e-10],
       [-9.73079736e-10]]), 2.00639531442608), (5.4214481177508584e-05, array([[-1.90565109e-06],
       [ 4.75751641e-09],
       [ 6.24421147e-11]]), 2.0255124368776536), (5.6835814303399443e-05, array([[-1.93797367e-06],
       [-3.36285253e-09],
       [ 7.67117995e-10]]), 2.039732321076722), (5.9441315121556123e-05, array([[-1.96233538e-06],
       [-1.07957705e-09],
       [-6.23754488e-10]]), 2.054316931777526), (6.207417981736947e-05, array([[-1.97622271e-06],
       [-1.78721881e-09],
       [ 1.66794565e-10]]), 2.0707835710674116), (6.457585150802217e-05, array([[-1.98795157e-06],
       [ 1.71394128e-09],
       [-6.00804780e-11]]), 2.0839428105295728), (6.721327532028584e-05, array([[-1.98500763e-06],
       [-1.01978694e-09],
       [-9.20868611e-10]]), 2.1025630301070053), (6.967757528999461e-05, array([[-1.96482417e-06],
       [ 8.21260829e-10],
       [ 1.09507331e-09]]), 2.1168891496075806), (7.214673912377577e-05, array([[-1.95475211e-06],
       [-3.52314933e-12],
       [ 7.62025557e-10]]), 2.1326442566198156), (7.4541357426448e-05, array([[-1.92371816e-06],
       [ 1.27669990e-09],
       [-7.90331522e-11]]), 2.14752978166323), (7.685631153613865e-05, array([[-1.88433333e-06],
       [-2.29394675e-09],
       [-1.19186789e-09]]), 2.16156305607096), (7.914285024815077e-05, array([[-1.84336325e-06],
       [-1.77791538e-09],
       [ 1.18558574e-09]]), 2.1763041744121328), (8.132835928386323e-05, array([[-1.80565293e-06],
       [ 2.75686117e-09],
       [-1.21580812e-09]]), 2.189842378315607), (8.341408068889777e-05, array([[-1.73555342e-06],
       [-6.33484729e-09],
       [ 7.19909194e-10]]), 2.202368666141478), (8.550984261220788e-05, array([[-1.67508495e-06],
       [ 9.01475203e-11],
       [-2.73253341e-10]]), 2.2168672301822023), (8.750115112068336e-05, array([[-1.61175024e-06],
       [-6.66277300e-09],
       [ 1.44982808e-10]]), 2.2303966817275422), (8.9378533135142e-05, array([[-1.53735335e-06],
       [-2.59719344e-09],
       [ 4.98601725e-10]]), 2.2428442671478304), (9.102789342750661e-05, array([[-1.45630271e-06],
       [ 1.88355240e-09],
       [-3.17029815e-10]]), 2.2515088979104663), (9.272976164684806e-05, array([[-1.37427952e-06],
       [-1.29049000e-09],
       [-6.47676978e-10]]), 2.2634560964737145), (9.425722661188026e-05, array([[-1.27202247e-06],
       [-2.72099034e-10],
       [-6.01398393e-11]]), 2.273150666317602), (9.565108933290099e-05, array([[-1.17514655e-06],
       [ 4.07140946e-09],
       [ 4.68079321e-10]]), 2.2817019067467217), (9.693631534829105e-05, array([[-1.07094293e-06],
       [ 2.21846386e-09],
       [-8.22316139e-10]]), 2.2897865472824988), (9.805686140294981e-05, array([[-9.62367752e-07],
       [-6.75627432e-09],
       [ 6.00988636e-10]]), 2.296152155571846), (9.918736257277052e-05, array([[-8.64081280e-07],
       [ 9.25442274e-09],
       [-1.36524470e-09]]), 2.3049402345163252), (0.0001000853440392823, array([[-7.18684727e-07],
       [ 9.10700544e-09],
       [-1.31838717e-09]]), 2.3105419205513615), (0.00010091203147966172, array([[-6.12696162e-07],
       [ 7.97233611e-10],
       [ 1.00530578e-09]]), 2.3167529718677526), (0.00010153092502523314, array([[-5.03214163e-07],
       [ 5.46663029e-09],
       [-5.92314706e-10]]), 2.320475091550886), (0.00010197375516375139, array([[-3.74106547e-07],
       [-3.42506052e-09],
       [ 2.91144024e-10]]), 2.322486061268315), (0.00010240151385920043, array([[-2.53050835e-07],
       [ 3.25887846e-10],
       [ 8.43941865e-12]]), 2.3264754577837494), (0.00010264319643178653, array([[-1.31884057e-07],
       [-3.02549515e-09],
       [-5.49678790e-10]]), 2.328567032340457), (0.00010261063660674183, array([[ 4.24439983e-09],
       [-5.99980206e-09],
       [ 7.58254426e-10]]), 2.326779561073409)]