[(0.00010265729308771908, array([[-9.92409518e-09],
       [-6.55725957e-09],
       [-3.78822295e-10]]), 2.3278375346901745), (0.00010245493467974124, array([[-1.28501766e-07],
       [ 6.90597706e-09],
       [ 1.90802383e-11]]), 2.3242961198542638), (0.00010212373158075421, array([[-2.80569505e-07],
       [-4.34910091e-09],
       [ 2.19053124e-10]]), 2.320164480249755), (0.0001016352337091024, array([[-4.03390540e-07],
       [-4.09519502e-09],
       [-2.29196832e-10]]), 2.3147761229748784), (0.00010104589701105191, array([[-5.58611210e-07],
       [ 1.23318704e-09],
       [ 1.51844182e-10]]), 2.309389844121768), (0.00010025436824315126, array([[-6.79515532e-07],
       [-4.24274286e-09],
       [-6.11342273e-10]]), 2.3016542444382013), (9.941371516113533e-05, array([[-8.05221288e-07],
       [-3.14426509e-09],
       [ 8.41687222e-11]]), 2.295036886393689), (9.844627939271575e-05, array([[-9.44763642e-07],
       [-2.52540993e-09],
       [-5.72822998e-10]]), 2.287718761996794), (9.732685965094568e-05, array([[-1.07495123e-06],
       [-2.13519564e-09],
       [-6.27515249e-10]]), 2.279058042294576), (9.612091328547242e-05, array([[-1.20952636e-06],
       [-2.77144439e-09],
       [-7.28871583e-10]]), 2.2705254822486145), (9.48210950942712e-05, array([[-1.30810084e-06],
       [-3.60693881e-09],
       [-2.65372861e-10]]), 2.2619028699549997), (9.327003363976447e-05, array([[-1.38824128e-06],
       [ 8.40624226e-10],
       [ 6.06897935e-10]]), 2.2493430661683926), (9.173219406708411e-05, array([[-1.52793230e-06],
       [ 1.28800201e-10],
       [-2.82268792e-10]]), 2.239106304346993), (9.005654602693331e-05, array([[-1.62423757e-06],
       [ 2.31409413e-10],
       [ 9.23510389e-10]]), 2.227483324726191), (8.829713924402108e-05, array([[-1.71945447e-06],
       [ 7.00549652e-09],
       [-1.26302650e-10]]), 2.215708018608574), (8.643398371329212e-05, array([[-1.82548434e-06],
       [ 9.82069650e-10],
       [ 9.04720419e-10]]), 2.203194677938924), (8.45942927596601e-05, array([[-1.89416445e-06],
       [-8.56111013e-09],
       [-5.02773073e-10]]), 2.193131337287205), (8.256914773320484e-05, array([[-1.97384526e-06],
       [-2.69633219e-09],
       [ 2.19462942e-10]]), 2.180060036096766), (8.052807994418434e-05, array([[-2.04883334e-06],
       [ 7.45941518e-10],
       [-1.15817881e-09]]), 2.1682941062497387), (7.834620222123677e-05, array([[-2.09691092e-06],
       [-1.82306752e-09],
       [-1.56120159e-09]]), 2.1543976039376793), (7.623110617654356e-05, array([[-2.16260885e-06],
       [-1.03401993e-10],
       [-1.28185835e-10]]), 2.143979323769119), (7.399003443947733e-05, array([[-2.18855945e-06],
       [-1.17242704e-09],
       [-1.28674685e-09]]), 2.1316462161539307), (7.176256342598826e-05, array([[-2.24736057e-06],
       [ 1.44748413e-09],
       [-3.82600419e-10]]), 2.121288094090919), (6.942415004302543e-05, array([[-2.27202249e-06],
       [ 1.97260834e-09],
       [ 2.42097874e-10]]), 2.109189783587551), (6.707842409094815e-05, array([[-2.28570427e-06],
       [-2.39049225e-09],
       [ 8.68365577e-10]]), 2.0983446192645223), (6.471045684053565e-05, array([[-2.31041843e-06],
       [-5.67015362e-09],
       [-9.45665899e-10]]), 2.0882866915377156), (6.226337933362911e-05, array([[-2.30427107e-06],
       [ 2.69946905e-09],
       [-7.91501453e-10]]), 2.077095233196125), (5.9832432426270985e-05, array([[-2.30382398e-06],
       [-5.24002851e-10],
       [-1.05340578e-09]]), 2.0678341108598506), (5.7425940316751506e-05, array([[-2.28809909e-06],
       [ 2.67953490e-09],
       [ 6.86256074e-10]]), 2.0609108529178735), (5.49635397191152e-05, array([[-2.26732370e-06],
       [-4.40075439e-09],
       [-4.70546154e-10]]), 2.0534980849742563), (5.243382952850566e-05, array([[-2.22999636e-06],
       [-4.23650411e-09],
       [-8.77778766e-11]]), 2.044975651295317), (4.99168180862064e-05, array([[-2.19812107e-06],
       [-2.50243144e-09],
       [-1.30674995e-09]]), 2.038335339599581), (4.751783619557189e-05, array([[-2.15626774e-06],
       [-3.63443182e-10],
       [-6.11737435e-11]]), 2.0382509165349427), (4.497979237007701e-05, array([[-2.09688958e-06],
       [ 1.72979562e-09],
       [ 1.39404091e-10]]), 2.034032565891879), (4.2493212598134194e-05, array([[-2.03966974e-06],
       [-2.28834145e-09],
       [ 6.01691654e-10]]), 2.0339565695191046), (4.0039751610902925e-05, array([[-1.97501540e-06],
       [ 6.41573747e-10],
       [ 5.17651001e-10]]), 2.035168051692848), (3.858749203022779e-05, array([[-1.77304008e-06],
       [ 1.07204971e-10],
       [ 1.15328941e-09]]), 2.038181224802043), (3.7051090536671355e-05, array([[-1.58192530e-06],
       [-2.87548389e-09],
       [ 1.33508635e-10]]), 2.038951291435478), (3.5569908440668486e-05, array([[-1.39806670e-06],
       [-1.72109132e-10],
       [-1.35000876e-10]]), 2.0451093950192414), (3.399583837604893e-05, array([[-1.22296861e-06],
       [-1.08431669e-09],
       [ 8.32996468e-10]]), 2.0484132127738346), (3.246206220380309e-05, array([[-1.05834000e-06],
       [ 1.40151987e-09],
       [-8.88363791e-10]]), 2.0567758275832255), (3.090852466042598e-05, array([[-9.01262964e-07],
       [ 1.92661512e-09],
       [-5.15521710e-11]]), 2.0669211870127446), (2.935535543572919e-05, array([[-7.52295558e-07],
       [-1.99936527e-09],
       [-1.27775944e-10]]), 2.0805014873236725), (2.7786007382013987e-05, array([[-6.14869469e-07],
       [-1.08239518e-09],
       [-2.16095196e-10]]), 2.096836213295261), (2.6204264224945053e-05, array([[-4.88903550e-07],
       [ 7.76007453e-12],
       [ 4.14897871e-10]]), 2.1167124588104747), (2.4581234899146308e-05, array([[-3.72029487e-07],
       [ 2.21722082e-09],
       [-1.69981067e-10]]), 2.138328438618105), (2.2973168249570968e-05, array([[-2.67778864e-07],
       [ 1.84709638e-10],
       [ 9.41006259e-11]]), 2.1673207983193263), (2.1328442613894347e-05, array([[-1.75517314e-07],
       [-1.43506692e-09],
       [ 1.08932946e-10]]), 2.200307791628462), (1.9675517901340043e-05, array([[-9.59311985e-08],
       [ 5.30541995e-09],
       [ 9.46327609e-11]]), 2.2416571492582595), (1.7985132630108005e-05, array([[-2.93708358e-08],
       [-4.06554632e-09],
       [ 6.05010629e-11]]), 2.2904544196630607), (1.7875867057553e-05, array([[-1.68675413e-08],
       [ 5.95774726e-10],
       [-6.54371960e-11]]), 2.2765391587237773), (1.9349927677101326e-05, array([[-5.86123071e-08],
       [ 2.65971780e-09],
       [-1.60059042e-11]]), 2.204562234778595), (2.0704313754494276e-05, array([[-1.11340539e-07],
       [-1.63774696e-11],
       [ 1.24093392e-10]]), 2.1359207373470794), (2.214583906109664e-05, array([[-1.79570134e-07],
       [-1.81424501e-09],
       [ 1.54307464e-10]]), 2.0892694064626336), (2.357939790831101e-05, array([[-2.55514969e-07],
       [-1.53455799e-09],
       [-1.98562195e-10]]), 2.051178361042584), (2.4951791306962042e-05, array([[-3.43963223e-07],
       [ 4.05743273e-10],
       [-7.22480315e-10]]), 2.015540946912287), (2.6410780824548342e-05, array([[-4.44504682e-07],
       [ 4.01332602e-10],
       [-2.75997602e-10]]), 1.9930564651819758), (2.7793752688521102e-05, array([[-5.53454920e-07],
       [ 6.87031516e-10],
       [ 3.38548216e-12]]), 1.9698260487213939), (2.921935311862205e-05, array([[-6.72096836e-07],
       [ 1.78265817e-09],
       [ 2.42409989e-11]]), 1.9539625619534347), (3.068692276936204e-05, array([[-8.06765698e-07],
       [ 9.45389607e-10],
       [-2.58035912e-10]]), 1.9443041104006873), (3.213265480289421e-05, array([[-9.42137975e-07],
       [ 2.77194865e-09],
       [-5.10257488e-10]]), 1.936147416976836), (3.360630680000863e-05, array([[-1.08615157e-06],
       [-2.68769493e-09],
       [ 6.09029829e-10]]), 1.9322111521101544), (3.505931393201428e-05, array([[-1.24022621e-06],
       [-1.84432537e-10],
       [-8.75538907e-11]]), 1.92934222402363), (3.6588887240131065e-05, array([[-1.40510537e-06],
       [ 1.13132878e-09],
       [ 7.84408483e-10]]), 1.932615443128969), (3.811221452954907e-05, array([[-1.57377109e-06],
       [ 4.51316662e-10],
       [-6.47104706e-10]]), 1.9371938703206433), (4.0745777658396503e-05, array([[-1.65463706e-06],
       [ 8.00310569e-10],
       [ 6.15778487e-10]]), 1.9503148169150044), (4.339766171845039e-05, array([[-1.71141054e-06],
       [-3.70232162e-10],
       [ 7.13153992e-10]]), 1.9624869873256894), (4.6189127337841404e-05, array([[-1.77234644e-06],
       [ 4.90658185e-09],
       [-5.66189924e-10]]), 1.9812566957558064), (4.877185202246557e-05, array([[-1.82184840e-06],
       [-1.00365828e-09],
       [ 4.01505383e-10]]), 1.9915810615858147), (5.1475071085589446e-05, array([[-1.87811404e-06],
       [-2.38867490e-09],
       [-2.88950536e-10]]), 2.0075830425755674), (5.421058074521507e-05, array([[-1.91641304e-06],
       [ 2.65955952e-09],
       [-4.01349831e-10]]), 2.0253667124522208), (5.677169082361216e-05, array([[-1.93996297e-06],
       [-1.68748608e-10],
       [-9.71389594e-10]]), 2.0374310479118147), (5.9458244957397566e-05, array([[-1.95774361e-06],
       [-1.76706565e-09],
       [ 9.53541920e-12]]), 2.0549020340477258), (6.210553817077547e-05, array([[-1.97815765e-06],
       [ 6.37666560e-10],
       [-2.22302164e-09]]), 2.0718296801459357), (6.468173394226517e-05, array([[-1.97907838e-06],
       [ 1.54763167e-09],
       [-8.27811784e-10]]), 2.087359767990438), (6.715032073331442e-05, array([[-1.96643151e-06],
       [-2.27343993e-09],
       [ 1.05961000e-09]]), 2.1005936871980193), (6.963130743091286e-05, array([[-1.96748939e-06],
       [-5.49317323e-09],
       [ 1.52450212e-09]]), 2.1154834759965504), (7.213073774559178e-05, array([[-1.93918107e-06],
       [-6.82809727e-11],
       [ 1.36191793e-09]]), 2.132171258842001), (7.460224774781237e-05, array([[-1.93547560e-06],
       [ 3.40355387e-10],
       [-1.39549940e-10]]), 2.1492840263276642), (7.690986311193902e-05, array([[-1.89146610e-06],
       [-1.80331813e-09],
       [ 2.18021193e-09]]), 2.163069179712999), (7.914679177677333e-05, array([[-1.85263385e-06],
       [-3.33497425e-09],
       [ 1.29774998e-09]]), 2.176412560263387), (8.134340907711598e-05, array([[-1.79051698e-06],
       [ 4.39730889e-10],
       [-6.14998062e-10]]), 2.1902476081190847), (8.343778576951896e-05, array([[-1.74569028e-06],
       [ 7.88776025e-10],
       [-2.42412970e-09]]), 2.202994547603664), (8.546589477131476e-05, array([[-1.68455559e-06],
       [ 4.56480563e-10],
       [-1.40171384e-09]]), 2.215727869784183), (8.741290488981353e-05, array([[-1.61733092e-06],
       [-2.31582334e-09],
       [-1.11563780e-09]]), 2.2281472930282376), (8.929439730533405e-05, array([[-1.53459963e-06],
       [-3.19528100e-09],
       [-6.88738408e-10]]), 2.240732982067092), (9.109925564658988e-05, array([[-1.44398566e-06],
       [ 9.45589626e-10],
       [-6.29158156e-10]]), 2.25327399062206), (9.27203853331625e-05, array([[-1.35153199e-06],
       [ 3.14246434e-09],
       [ 3.90748556e-10]]), 2.263227228481421), (9.425507352997833e-05, array([[-1.27916253e-06],
       [-2.28671631e-09],
       [-2.31716039e-10]]), 2.273098741603329), (9.562084695284951e-05, array([[-1.17849839e-06],
       [ 5.57111687e-09],
       [ 7.12971449e-10]]), 2.280980492106185), (9.69493806403341e-05, array([[-1.06821988e-06],
       [-5.12309663e-09],
       [ 1.69187381e-09]]), 2.290095169802851), (9.813935657129617e-05, array([[-9.64721778e-07],
       [ 3.42734179e-09],
       [-8.06990573e-10]]), 2.298083906761029), (9.916053097929919e-05, array([[-8.33545961e-07],
       [-1.71926151e-09],
       [ 5.91346242e-10]]), 2.304316715372917), (0.00010009628929376697, array([[-7.23716346e-07],
       [ 1.56507466e-10],
       [ 4.65955887e-11]]), 2.310794599598036), (0.00010084971323592789, array([[-6.18768472e-07],
       [ 5.50005258e-09],
       [ 1.12706939e-10]]), 2.315322260640806), (0.00010149116278727754, array([[-4.91733340e-07],
       [-3.72525043e-09],
       [ 1.00170297e-10]]), 2.3195663311634735), (0.000101946984995014, array([[-3.66323162e-07],
       [ 5.54376041e-10],
       [-1.70028475e-10]]), 2.3218763618054425), (0.0001023377387998607, array([[-2.54049379e-07],
       [-1.99832049e-09],
       [ 3.00396293e-10]]), 2.325026542579463), (0.00010251557805435936, array([[-1.23638136e-07],
       [-6.55178946e-09],
       [-2.64770261e-10]]), 2.3256718775057657), (0.00010264426440491862, array([[ 1.09866217e-08],
       [ 5.78967850e-09],
       [-2.37583932e-10]]), 2.327542098721251)]